"ResDensity","N_TraitValue"
19.4007,0.0563457907794684
20.7986582,0.0601686707172209
22.1966164,0.0639616406390981
23.5945746,0.0677250501989006
24.9925328,0.0714592436215574
26.390491,0.0751645598080824
27.7884492,0.0788413324381049
29.1864074,0.08248989007004
30.5843656,0.0861105562389618
31.9823238,0.08970364955224
33.380282,0.0932694837830006
34.7782402,0.0968083679614671
36.1761984,0.100320606464238
37.5741566,0.103806499101558
38.9721148,0.107266341202625
40.370073,0.110700423699005
41.7680312,0.114109033206176
43.1659894,0.117492452103273
44.5639476,0.120850958611073
45.9619058,0.124184826868253
47.359864,0.127494327005988
48.7578222,0.130779725220915
50.1557804,0.134041283846503
51.5537386,0.137279261422883
52.9516968,0.140493912765164
54.349655,0.143685489030281
55.7476132,0.146854237782406
57.1455714,0.150000403056963
58.5435296,0.153124225423273
59.9414878,0.156225942045881
61.339446,0.159305786744573
62.7374042,0.162363990053134
64.1353624,0.165400779276872
65.5333206,0.168416378548937
66.9312788,0.171411008885464
68.329237,0.174384888239571
69.7271952,0.177338231554239
71.1251534,0.180271250814095
72.5231116,0.18318415509614
73.9210698,0.186077150619427
75.319028,0.188950440793726
76.7169862,0.191804226267205
78.1149444,0.194638704973132
79.5129026,0.197454072175641
80.9108608,0.200250520514574
82.308819,0.203028240049415
83.7067772,0.205787418302358
85.1047354,0.208528240300498
86.5026936,0.2112508886172
87.9006518,0.213955543412633
89.29861,0.216642382473515
90.6965682,0.219311581252068
92.0945264,0.221963312904208
93.4924846,0.224597748326993
94.8904428,0.227215056195336
96.288401,0.229815402998004
97.6863592,0.232398953072926
99.0843174,0.234965868641809
100.4822756,0.237516309844093
101.8802338,0.240050434770259
103.278192,0.242568399494487
104.6761502,0.245070358106708
106.0741084,0.247556462744027
107.4720666,0.250026863621572
108.8700248,0.252481709062739
110.267983,0.254921145528888
111.6659412,0.257345317648462
113.0638994,0.259754368245578
114.4618576,0.262148438368072
115.8598158,0.26452766731503
117.257774,0.266892192663806
118.6557322,0.26924215029654
120.0536904,0.271577674426189
121.4516486,0.273898897622077
122.8496068,0.276205950834983
124.247565,0.278498963421761
125.6455232,0.280778063169524
127.0434814,0.28304337631938
128.4414396,0.28529502758974
129.8393978,0.28753314019921
131.237356,0.289757835889068
132.6353142,0.291969234945335
134.0332724,0.29416745622046
135.4312306,0.29635261715461
136.8291888,0.298524833796583
138.227147,0.300684220824359
139.6251052,0.302830891565274
141.0230634,0.30496495801585
142.4210216,0.307086530861273
143.8189798,0.309195719494528
145.216938,0.3112926320352
146.6148962,0.313377375347952
148.0128544,0.315450055060681
149.4108126,0.317510775582352
150.8087708,0.319559640120535
152.206729,0.321596750698634
153.6046872,0.323622208172823
155.0026454,0.325636112248689
156.4006036,0.327638561497593
157.7985618,0.329629653372756
159.19652,0.331609484225065
160.5944782,0.333578149318614
161.9924364,0.335535742845992
163.3903946,0.337482357943294
164.7883528,0.339418086704902
166.186311,0.341343020198005
167.5842692,0.34325724847688
168.9822274,0.345160860596933
170.3801856,0.347053944628518
171.7781438,0.348936587670512
173.176102,0.350808875863674
174.5740602,0.352670894403787
175.9720184,0.354522727554578
177.3699766,0.35636445866043
178.7679348,0.358196170158886
180.165893,0.360017943592947
181.5638512,0.361829859623177
182.9618094,0.363631998039604
184.3597676,0.365424437773435
185.7577258,0.367207256908577
187.155684,0.368980532692981
188.5536422,0.370744341549792
189.9516004,0.372498759088334
191.3495586,0.374243860114913
192.7475168,0.375979718643447
194.145475,0.377706407905933
195.5434332,0.379424000362742
196.9413914,0.38113256771276
198.3393496,0.382832180903361
199.7373078,0.38452291014023
201.135266,0.386204824897027
202.5332242,0.387877993924907
203.9311824,0.389542485261882
205.3291406,0.391198366242052
206.7270988,0.392845703504677
208.125057,0.394484563003121
209.5230152,0.396115010013653
210.9209734,0.397737109144113
212.3189316,0.399350924342447
213.7168898,0.400956518905111
215.114848,0.402553955485346
216.5128062,0.404143296101325
217.9107644,0.405724602144185
219.3087226,0.407297934385927
220.7066808,0.408863352987201
222.104639,0.410420917504979
223.5025972,0.411970686900103
224.9005554,0.413512719544728
226.2985136,0.415047073229649
227.6964718,0.416573805171522
229.09443,0.418092972019975
230.4923882,0.419604629864616
231.8903464,0.421108834241936
233.2883046,0.422605640142109
234.6862628,0.424095102015696
236.084221,0.425577273780244
237.4821792,0.427052208826796
238.8801374,0.428519960026298
240.2780956,0.42998057973592
241.6760538,0.43143411980528
243.074012,0.432880631582582
244.4719702,0.434320165920656
245.8699284,0.435752773182925
247.2678866,0.437178503249275
248.6658448,0.438597405521844
250.063803,0.440009528930727
251.4617612,0.441414921939605
252.8597194,0.442813632551284
254.2576776,0.444205708313165
255.6556358,0.445591196322626
257.053594,0.446970143232342
258.4515522,0.448342595255513
259.8495104,0.449708598171032
261.2474686,0.451068197328573
262.6454268,0.45242143765361
264.043385,0.453768363652365
265.4413432,0.455109019416689
266.8393014,0.456443448628869
268.2372596,0.457771694566379
269.6352178,0.459093800106553
271.033176,0.4604098077312
272.4311342,0.461719759531157
273.8290924,0.463023697210773
275.2270506,0.464321662092338
276.6250088,0.465613695120443
278.022967,0.466899836866293
279.4209252,0.468180127531947
280.8188834,0.469454606954511
282.2168416,0.470723314610267
283.6147998,0.471986289618751
285.012758,0.473243570746774
286.4107162,0.474495196412386
287.8086744,0.475741204688792
289.2066326,0.476981633308212
290.6045908,0.478216519665688
292.002549,0.479445900822842
293.4005072,0.480669813511589
294.7984654,0.481888294137787
296.1964236,0.483101378784854
297.5943818,0.484309103217325
298.99234,0.485511502884369
300.3902982,0.486708612923258
301.7882564,0.487900468162788
303.1862146,0.489087103126659
304.5841728,0.490268552036807
305.982131,0.491444848816692
307.3800892,0.492616027094549
308.7780474,0.493782120206589
310.1760056,0.494943161200166
311.5739638,0.496099182836895
312.971922,0.497250217595734
314.3698802,0.498396297676029
315.7678384,0.499537455000512
317.1657966,0.500673721218271
318.5637548,0.501805127707669
319.961713,0.502931705579236
321.3596712,0.504053485678523
322.7576294,0.505170498588911
324.1555876,0.506282774634397
325.5535458,0.507390343882333
326.951504,0.508493236146138
328.3494622,0.509591480987973
329.7474204,0.510685107721382
331.1453786,0.511774145413897
332.5433368,0.512858622889622
333.941295,0.513938568731764
335.3392532,0.515014011285155
336.7372114,0.516084978658725
338.1351696,0.517151498727955
339.5331278,0.518213599137294
340.931086,0.519271307302545
342.3290442,0.520324650413229
343.7270024,0.521373655434913
345.1249606,0.522418349111507
346.5229188,0.523458757967544
347.920877,0.524494908310419
349.3188352,0.525526826232607
350.7167934,0.526554537613859
352.1147516,0.527578068123358
353.5127098,0.528597443221859
354.910668,0.529612688163803
356.3086262,0.530623827999399
357.7065844,0.531630887576684
359.1045426,0.532633891543563
360.5025008,0.533632864349814
361.900459,0.534627830249078
363.2984172,0.535618813300824
364.6963754,0.536605837372283
366.0943336,0.537588926140367
367.4922918,0.538568103093564
368.89025,0.539543391533805
370.2882082,0.540514814578314
371.6861664,0.541482395161436
373.0841246,0.542446156036441
374.4820828,0.543406119777304
375.880041,0.544362308780476
377.2779992,0.545314745266616
378.6759574,0.546263451282318
380.0739156,0.547208448701812
381.4718738,0.548149759228643
382.869832,0.549087404397333
384.2677902,0.550021405575025
385.6657484,0.550951783963106
387.0637066,0.551878560598807
388.4616648,0.552801756356794
389.859623,0.553721391950732
391.2575812,0.554637487934838
392.6555394,0.555550064705404
394.0534976,0.556459142502322
395.4514558,0.557364741410572
396.849414,0.558266881361704
398.2473722,0.5591655821353
399.6453304,0.560060863360421
401.0432886,0.560952744517032
402.4412468,0.561841244937421
403.839205,0.562726383807592
405.2371632,0.563608180168644
406.6351214,0.564486652918141
408.0330796,0.56536182081146
409.4310378,0.566233702463126
410.828996,0.56710231634813
412.2269542,0.567967680803236
413.6249124,0.568829814028271
415.0228706,0.569688734087402
416.4208288,0.570544458910394
417.818787,0.571397006293861
419.2167452,0.5722463939025
420.6147034,0.573092639270306
422.0126616,0.573935759801787
423.4106198,0.57477577277315
424.808578,0.575612695333484
426.2065362,0.576446544505925
427.6044944,0.577277337188814
429.0024526,0.578105090156837
430.4004108,0.578929820062149
431.798369,0.5797515434355
433.1963272,0.58057027668733
434.5942854,0.58138603610887
435.9922436,0.582198837873216
437.3902018,0.5830086980364
438.78816,0.583815632538449
440.1861182,0.584619657204428
441.5840764,0.585420787745478
442.9820346,0.586219039759833
444.3799928,0.587014428733842
445.777951,0.587806970042961
447.1759092,0.588596678952748
448.5738674,0.589383570619847
449.9718256,0.590167660092948
451.3697838,0.590948962313755
452.767742,0.591727492117933
454.1657002,0.592503264236043
455.5636584,0.593276293294477
456.9616166,0.594046593816372
458.3595748,0.594814180222524
459.757533,0.595579066832285
461.1554912,0.596341267864454
462.5534494,0.597100797438157
463.9514076,0.597857669573724
465.3493658,0.598611898193543
466.747324,0.599363497122922
468.1452822,0.60011248009093
469.5432404,0.600858860731231
470.9411986,0.601602652582915
472.3391568,0.602343869091315
473.737115,0.603082523608818
475.1350732,0.603818629395664
476.5330314,0.604552199620743
477.9309896,0.60528324736238
479.3289478,0.606011785609109
480.726906,0.606737827260445
482.1248642,0.607461385127645
483.5228224,0.60818247193446
484.9207806,0.608901100317885
486.3187388,0.609617282828891
487.716697,0.610331031933161
489.1146552,0.611042360011809
490.5126134,0.611751279362101
491.9105716,0.612457802198159
493.3085298,0.613161940651665
494.706488,0.613863706772554
496.1044462,0.614563112529701
497.5024044,0.615260169811606
498.9003626,0.615954890427059
500.2983208,0.616647286105817
501.696279,0.617337368499256
503.0942372,0.618025149181028
504.4921954,0.618710639647708
505.8901536,0.619393851319434
507.2881118,0.620074795540542
508.68607,0.620753483580194
510.0840282,0.621429926632996
511.4819864,0.62210413581962
512.8799446,0.622776122187408
514.2779028,0.623445896710978
515.675861,0.624113470292819
517.0738192,0.624778853763888
518.4717774,0.625442057884188
519.8697356,0.626103093343355
521.2676938,0.626761970761228
522.665652,0.62741870068842
524.0636102,0.628073293606879
525.4615684,0.628725759930449
526.8595266,0.629376110005418
528.2574848,0.630024354111069
529.655443,0.630670502460218
531.0534012,0.631314565199754
532.4513594,0.631956552411166
533.8493176,0.632596474111073
535.2472758,0.633234340251742
536.645234,0.633870160721605
538.0431922,0.634503945345772
539.4411504,0.635135703886532
540.8391086,0.635765446043861
542.2370668,0.636393181455912
543.635025,0.637018919699511
545.0329832,0.637642670290641
546.4309414,0.638264442684929
547.8288996,0.638884246278117
549.2268578,0.639502090406542
550.624816,0.640117984347601
552.0227742,0.640731937320215
553.4207324,0.641343958485292
554.8186906,0.64195405694618
556.2166488,0.642562241749119
557.614607,0.643168521883689
559.0125652,0.643772906283251
560.4105234,0.644375403825387
561.8084816,0.644976023332338
563.2064398,0.645574773571426
564.604398,0.64617166325549
566.0023562,0.646766701043303
567.4003144,0.647359895539992
568.7982726,0.647951255297453
570.1962308,0.648540788814763
571.594189,0.649128504538585
572.9921472,0.649714410863572
574.3901054,0.65029851613277
575.7880636,0.650880828638008
577.1860218,0.651461356620295
578.58398,0.652040108270209
579.9819382,0.652617091728278
581.3798964,0.653192315085365
582.7778546,0.653765786383047
584.1758128,0.654337513613986
585.573771,0.654907504722304
586.9717292,0.655475767603948
588.3696874,0.656042310107058
589.7676456,0.656607140032325
591.1656038,0.657170265133351
592.563562,0.657731693117003
593.9615202,0.658291431643765
595.3594784,0.658849488328086
596.7574366,0.659405870738725
598.1553948,0.659960586399094
599.553353,0.660513642787597
600.9513112,0.661065047337966
602.3492694,0.661614807439594
603.7472276,0.662162930437864
605.1451858,0.662709423634477
606.543144,0.663254294287779
607.9411022,0.663797549613076
609.3390604,0.664339196782959
610.7370186,0.664879242927615
612.1349768,0.665417695135144
613.532935,0.665954560451864
614.9308932,0.666489845882624
616.3288514,0.667023558391103
617.7268096,0.667555704900118
619.1247678,0.668086292291918
620.522726,0.668615327408483
621.9206842,0.669142817051819
623.3186424,0.669668767984247
624.7166006,0.670193186928695
626.1145588,0.670716080568983
627.512517,0.671237455550105
628.9104752,0.671757318478514
630.3084334,0.672275675922399
631.7063916,0.672792534411962
633.1043498,0.673307900439692
634.502308,0.673821780460637
635.9002662,0.674334180892675
637.2982244,0.674845108116779
638.6961826,0.67535456847728
640.0941408,0.675862568282137
641.492099,0.676369113803189
642.8900572,0.676874211276419
644.2880154,0.677377866902205
645.6859736,0.67788008684558
647.0839318,0.678380877236476
648.48189,0.67888024416998
649.8798482,0.679378193706579
651.2778064,0.6798747318724
652.6757646,0.680369864659465
654.0737228,0.680863598025919
655.471681,0.681355937896277
656.8696392,0.68184689016166
658.2675974,0.682336460680026
659.6655556,0.682824655276409
661.0635138,0.683311479743145
662.461472,0.683796939840102
663.8594302,0.68428104129491
665.2573884,0.684763789803184
666.6553466,0.685245191028746
668.0533048,0.685725250603851
669.451263,0.686203974129401
670.8492212,0.686681367175167
672.2471794,0.687157435280004
673.6451376,0.687632183952065
675.0430958,0.688105618669012
676.441054,0.68857774487823
677.8390122,0.689048567997031
679.2369704,0.689518093412867
680.6349286,0.689986326483532
682.0328868,0.690453272537365
683.430845,0.690918936873455
684.8288032,0.69138332476184
686.2267614,0.691846441443704
687.6247196,0.692308292131578
689.0226778,0.692768882009533
690.420636,0.693228216233374
691.8185942,0.693686299930833
693.2165524,0.694143138201761
694.6145106,0.694598736118314
696.0124688,0.695053098725143
697.410427,0.695506231039581
698.8083852,0.695958138051826
700.2063434,0.696408824725125
701.6043016,0.696858295995955
703.0022598,0.697306556774203
704.400218,0.697753611943347
705.7981762,0.698199466360631
707.1961344,0.698644124857242
708.5940926,0.699087592238483
709.9920508,0.69952987328395
711.390009,0.699970972747697
712.7879672,0.700410895358414
714.1859254,0.700849645819592
715.5838836,0.701287228809688
716.9818418,0.701723648982297
718.3798,0.702158910966314
