"ResDensity","N_TraitValue"
10,0.000817661030290952
10.3,0.000838628964841756
10.6,0.00085942028605245
10.9,0.000880037215991416
11.2,0.000900481939606647
11.5,0.000920756605497659
11.8,0.00094086332666822
12.1,0.000960804181260452
12.4,0.000980581213270839
12.7,0.00100019643324866
13,0.00101965181897734
13.3,0.00103894931613925
13.6,0.00105809083896431
13.9,0.00107707827086303
14.2,0.00109591346504423
14.5,0.00111459824511803
14.8,0.0011331344056844
15.1,0.00115152371290776
15.4,0.00116976790507795
15.7,0.001187868693158
16,0.00120582776131901
16.3,0.00122364676746251
16.6,0.00124132734373068
16.9,0.00125887109700467
17.2,0.00127627960939149
17.5,0.00129355443869956
17.8,0.00131069711890343
18.1,0.00132770916059787
18.4,0.00134459205144159
18.7,0.00136134725659089
19,0.00137797621912357
19.3,0.00139448036045319
19.6,0.00141086108073411
19.9,0.00142711975925749
20.2,0.00144325775483842
20.5,0.00145927640619447
20.8,0.00147517703231591
21.1,0.00149096093282773
21.4,0.00150662938834377
21.7,0.00152218366081303
22,0.00153762499385855
22.3,0.00155295461310878
22.6,0.00156817372652197
22.9,0.00158328352470339
23.2,0.00159828518121586
23.5,0.00161317985288359
23.8,0.00162796868008957
24.1,0.00164265278706657
24.4,0.00165723328218208
24.7,0.00167171125821719
25,0.00168608779263957
25.3,0.00170036394787081
25.6,0.00171454077154813
25.9,0.00172861929678066
26.2,0.00174260054240039
26.5,0.00175648551320797
26.8,0.00177027520021342
27.1,0.00178397058087193
27.4,0.00179757261931477
27.7,0.00181108226657563
28,0.00182450046081218
28.3,0.00183782812752333
28.6,0.00185106617976197
28.9,0.00186421551834351
29.2,0.00187727703205019
29.5,0.00189025159783138
29.8,0.00190314008099979
30.1,0.00191594333542391
30.4,0.00192866220371654
30.7,0.00194129751741964
31,0.0019538500971856
31.3,0.00196632075295487
31.6,0.0019787102841302
31.9,0.00199101947974744
32.2,0.00200324911864306
32.5,0.00201539996961842
32.8,0.00202747279160086
33.1,0.00203946833380173
33.4,0.00205138733587139
33.7,0.00206323052805119
34,0.00207499863132268
34.3,0.00208669235755384
34.6,0.0020983124096427
34.9,0.00210985948165812
35.2,0.00212133425897805
35.5,0.00213273741842505
35.8,0.00214406962839947
36.1,0.00215533154900995
36.4,0.00216652383220168
36.7,0.00217764712188215
37,0.00218870205404466
37.3,0.00219968925688955
37.6,0.00221060935094318
37.9,0.00222146294917475
38.2,0.00223225065711101
38.5,0.00224297307294886
38.8,0.00225363078766593
39.1,0.00226422438512916
39.4,0.00227475444220143
39.7,0.00228522152884624
40,0.00229562620823061
40.3,0.00230596903682603
40.6,0.00231625056450767
40.9,0.00232647133465189
41.2,0.00233663188423188
41.5,0.00234673274391178
41.8,0.00235677443813903
42.1,0.00236675748523513
42.4,0.00237668239748484
42.7,0.00238654968122383
43,0.00239635983692473
43.3,0.00240611335928181
43.6,0.0024158107372941
43.9,0.00242545245434713
44.2,0.00243503898829322
44.5,0.00244457081153047
44.8,0.00245404839108033
45.1,0.00246347218866388
45.4,0.0024728426607768
45.7,0.00248216025876311
46,0.00249142542888763
46.3,0.0025006386124072
46.6,0.00250980024564078
46.9,0.00251891076003829
47.2,0.00252797058224834
47.5,0.00253698013418487
47.8,0.00254593983309261
48.1,0.00255485009161151
48.4,0.00256371131784009
48.7,0.00257252391539771
49,0.00258128828348594
49.3,0.00259000481694872
49.6,0.00259867390633177
49.9,0.00260729593794086
50.2,0.00261587129389917
50.5,0.00262440035220381
50.8,0.00263288348678131
51.1,0.0026413210675423
51.4,0.00264971346043524
51.7,0.00265806102749936
52,0.00266636412691671
52.3,0.0026746231130634
52.6,0.00268283833656
52.9,0.00269101014432116
53.2,0.00269913887960447
53.5,0.00270722488205849
53.8,0.00271526848777007
54.1,0.00272327002931092
54.4,0.00273122983578346
54.7,0.00273914823286589
55,0.00274702554285668
55.3,0.00275486208471822
55.6,0.00276265817411995
55.9,0.00277041412348069
56.2,0.00277813024201039
56.5,0.00278580683575126
56.8,0.00279344420761815
57.1,0.00280104265743848
57.4,0.00280860248199143
57.7,0.00281612397504657
58,0.00282360742740197
58.3,0.00283105312692159
58.6,0.0028384613585723
58.9,0.00284583240446012
59.2,0.00285316654386613
59.5,0.00286046405328166
59.8,0.00286772520644312
60.1,0.00287495027436615
60.4,0.00288213952537938
60.7,0.00288929322515764
61,0.0028964116367547
61.3,0.00290349502063549
61.6,0.00291054363470789
61.9,0.002917557734354
62.2,0.00292453757246104
62.5,0.00293148339945169
62.8,0.00293839546331405
63.1,0.0029452740096312
63.4,0.0029521192816102
63.7,0.00295893152011084
64,0.00296571096367385
64.3,0.00297245784854873
64.6,0.00297917240872123
64.9,0.00298585487594036
65.2,0.00299250547974509
65.5,0.00299912444749061
65.8,0.00300571200437425
66.1,0.003012268373461
66.4,0.00301879377570872
66.7,0.00302528842999293
67,0.00303175255313131
67.3,0.00303818635990781
67.6,0.00304459006309644
67.9,0.00305096387348473
68.2,0.00305730799989688
68.5,0.00306362264921652
68.8,0.00306990802640924
69.1,0.00307616433454474
69.4,0.00308239177481872
69.7,0.00308859054657444
70,0.00309476084732398
70.3,0.00310090287276923
70.6,0.0031070168168226
70.9,0.00311310287162737
71.2,0.00311916122757789
71.5,0.00312519207333937
71.8,0.00313119559586751
72.1,0.00313717198042781
72.4,0.00314312141061459
72.7,0.00314904406836986
73,0.0031549401340018
73.3,0.0031608097862031
73.6,0.003166653202069
73.9,0.00317247055711509
74.2,0.00317826202529489
74.5,0.00318402777901722
74.8,0.00318976798916325
75.1,0.00319548282510343
75.4,0.00320117245471412
75.7,0.00320683704439404
76,0.00321247675908051
76.3,0.00321809176226543
76.6,0.00322368221601108
76.9,0.00322924828096573
77.2,0.00323479011637901
77.5,0.00324030788011713
77.8,0.00324580172867783
78.1,0.00325127181720519
78.4,0.00325671829950425
78.7,0.00326214132805541
79,0.00326754105402866
79.3,0.00327291762729763
79.6,0.00327827119645346
79.9,0.00328360190881849
80.2,0.00328890991045975
80.5,0.00329419534620234
80.8,0.00329945835964258
81.1,0.00330469909316102
81.4,0.00330991768793525
81.7,0.00331511428395264
82,0.0033202890200228
82.3,0.00332544203378997
82.6,0.00333057346174521
82.9,0.00333568343923845
83.2,0.00334077210049042
83.5,0.00334583957860436
83.8,0.00335088600557765
84.1,0.00335591151231325
84.4,0.00336091622863107
84.7,0.00336590028327907
85,0.00337086380394438
85.3,0.00337580691726415
85.6,0.00338072974883633
85.9,0.00338563242323033
86.2,0.00339051506399751
86.5,0.00339537779368156
86.8,0.00340022073382874
87.1,0.00340504400499806
87.4,0.00340984772677119
87.7,0.00341463201776245
88,0.00341939699562848
88.3,0.00342414277707796
88.6,0.00342886947788107
88.9,0.00343357721287897
89.2,0.00343826609599304
89.5,0.00344293624023413
89.8,0.00344758775771157
90.1,0.00345222075964222
90.4,0.00345683535635925
90.7,0.00346143165732098
91,0.00346600977111947
91.3,0.00347056980548912
91.6,0.00347511186731507
91.9,0.00347963606264161
92.2,0.00348414249668038
92.5,0.00348863127381856
92.8,0.00349310249762693
93.1,0.00349755627086781
93.4,0.00350199269550295
93.7,0.0035064118727013
94,0.00351081390284674
94.3,0.00351519888554562
94.6,0.00351956691963431
94.9,0.00352391810318663
95.2,0.00352825253352117
95.5,0.00353257030720856
95.8,0.00353687152007864
96.1,0.00354115626722752
96.4,0.00354542464302465
96.7,0.0035496767411197
97,0.00355391265444942
97.3,0.00355813247524441
97.6,0.00356233629503582
97.9,0.00356652420466198
98.2,0.0035706962942749
98.5,0.0035748526533468
98.8,0.00357899337067644
99.1,0.00358311853439551
99.4,0.00358722823197483
99.7,0.00359132255023055
100,0.00359540157533028
100.3,0.00359946539279911
100.6,0.0036035140875256
100.9,0.00360754774376771
101.2,0.00361156644515859
101.5,0.00361557027471242
101.8,0.00361955931483009
102.1,0.00362353364730486
102.4,0.00362749335332796
102.7,0.00363143851349413
103,0.00363536920780703
103.3,0.00363928551568473
103.6,0.003643187515965
103.9,0.00364707528691061
104.2,0.00365094890621459
104.5,0.00365480845100537
104.8,0.00365865399785192
105.1,0.00366248562276882
105.4,0.00366630340122125
105.7,0.00367010740812993
106,0.00367389771787609
106.3,0.00367767440430622
106.6,0.00368143754073695
106.9,0.00368518719995976
107.2,0.00368892345424565
107.5,0.00369264637534984
107.8,0.0036963560345163
108.1,0.00370005250248236
108.4,0.00370373584948313
108.7,0.00370740614525604
109,0.00371106345904516
109.3,0.00371470785960558
109.6,0.00371833941520776
109.9,0.00372195819364172
110.2,0.00372556426222131
110.5,0.00372915768778839
110.8,0.00373273853671692
111.1,0.00373630687491707
111.4,0.00373986276783925
111.7,0.00374340628047814
112,0.00374693747737663
112.3,0.00375045642262974
112.6,0.00375396317988848
112.9,0.00375745781236374
113.2,0.00376094038283004
113.5,0.00376441095362929
113.8,0.00376786958667454
114.1,0.00377131634345365
114.4,0.0037747512850329
114.7,0.00377817447206067
115,0.00378158596477094
115.3,0.00378498582298683
115.6,0.00378837410612416
115.9,0.00379175087319482
116.2,0.00379511618281028
116.5,0.00379847009318492
116.8,0.00380181266213941
117.1,0.00380514394710406
117.4,0.00380846400512204
117.7,0.00381177289285272
118,0.00381507066657481
118.3,0.00381835738218963
118.6,0.00382163309522421
118.9,0.00382489786083444
119.2,0.00382815173380817
119.5,0.00383139476856825
119.8,0.0038346270191756
120.1,0.0038378485393322
120.4,0.00384105938238404
120.7,0.00384425960132411
121,0.00384744924879526
121.3,0.00385062837709315
121.6,0.00385379703816905
121.9,0.00385695528363271
122.2,0.00386010316475515
122.5,0.0038632407324714
122.8,0.00386636803738331
123.1,0.00386948512976224
123.4,0.00387259205955174
123.7,0.00387568887637023
124,0.00387877562951365
124.3,0.00388185236795805
124.6,0.00388491914036223
124.9,0.00388797599507024
125.2,0.00389102298011396
125.5,0.00389406014321563
125.8,0.0038970875317903
126.1,0.00390010519294833
126.4,0.00390311317349779
126.7,0.00390611151994697
127,0.00390910027850666
127.3,0.00391207949509262
127.6,0.00391504921532787
127.9,0.00391800948454507
128.2,0.00392096034778878
128.5,0.00392390184981776
128.8,0.00392683403510726
129.1,0.00392975694785122
129.4,0.00393267063196451
129.7,0.00393557513108513
130,0.00393847048857641
130.3,0.0039413567475291
130.6,0.00394423395076361
130.9,0.00394710214083201
131.2,0.00394996136002023
131.5,0.00395281165035009
131.8,0.00395565305358135
132.1,0.00395848561121378
132.4,0.00396130936448915
132.7,0.00396412435439327
133,0.00396693062165793
133.3,0.00396972820676288
133.6,0.0039725171499378
133.9,0.00397529749116419
134.2,0.00397806927017732
134.5,0.00398083252646808
134.8,0.00398358729928489
135.1,0.00398633362763555
135.4,0.00398907155028907
135.7,0.00399180110577751
136,0.00399452233239776
136.3,0.00399723526821337
136.6,0.0039999399510563
136.9,0.00400263641852869
137.2,0.00400532470800457
137.5,0.00400800485663165
137.8,0.00401067690133297
138.1,0.00401334087880862
138.4,0.00401599682553744
138.7,0.00401864477777864
139,0.00402128477157348
139.3,0.00402391684274692
139.6,0.00402654102690921
139.9,0.00402915735945748
140.2,0.00403176587557741
140.5,0.00403436661024472
140.8,0.00403695959822676
141.1,0.00403954487408411
141.4,0.00404212247217203
141.7,0.00404469242664205
142,0.00404725477144345
142.3,0.00404980954032476
142.6,0.00405235676683524
142.9,0.00405489648432633
143.2,0.00405742872595315
143.5,0.00405995352467591
143.8,0.00406247091326134
144.1,0.00406498092428413
144.4,0.0040674835901283
144.7,0.00406997894298863
145,0.00407246701487202
145.3,0.00407494783759884
145.6,0.00407742144280434
145.9,0.00407988786193995
146.2,0.00408234712627463
146.5,0.00408479926689616
146.8,0.00408724431471252
147.1,0.00408968230045313
147.4,0.00409211325467013
147.7,0.00409453720773971
148,0.00409695418986333
148.3,0.004099364231069
148.6,0.0041017673612125
148.9,0.00410416360997863
149.2,0.00410655300688243
149.5,0.00410893558127039
149.8,0.00411131136232165
150.1,0.00411368037904919
150.4,0.00411604266030102
150.7,0.00411839823476133
151,0.00412074713095168
151.3,0.00412308937723214
151.6,0.0041254250018024
151.9,0.00412775403270297
152.2,0.00413007649781623
152.5,0.00413239242486758
152.8,0.00413470184142655
153.1,0.00413700477490788
153.4,0.00413930125257259
153.7,0.00414159130152908
154,0.00414387494873421
154.3,0.0041461522209943
154.6,0.00414842314496624
154.9,0.0041506877471585
155.2,0.00415294605393217
155.5,0.00415519809150197
155.8,0.00415744388593728
156.1,0.00415968346316315
156.4,0.00416191684896127
156.7,0.00416414406897099
157,0.00416636514869028
157.3,0.00416858011347671
157.6,0.00417078898854844
157.9,0.00417299179898511
158.2,0.00417518856972888
158.5,0.00417737932558528
158.8,0.00417956409122423
159.1,0.00418174289118088
159.4,0.00418391574985661
159.7,0.00418608269151989
160,0.00418824374030718
