"ResDensity","N_TraitValue"
0.2445,0.268604507124975
0.2560154,0.278131673773452
0.2675308,0.287449555261337
0.2790462,0.296564972780383
0.2905616,0.305484454279127
0.302077,0.314214250053499
0.3135924,0.322760347353224
0.3251078,0.331128484075747
0.3366232,0.339324161613508
0.3481386,0.347352656915004
0.359654,0.355219033815209
0.3711694,0.362928153686476
0.3826848,0.370484685456992
0.3942002,0.377893115040171
0.4057156,0.385157754214997
0.417231,0.392282748994269
0.4287464,0.399272087514856
0.4402618,0.406129607481526
0.4517772,0.412859003193544
0.4632926,0.419463832181051
0.474808,0.425947521476309
0.4863234,0.432313373542997
0.4978388,0.438564571885145
0.5093542,0.444704186355711
0.5208696,0.45073517818339
0.532385,0.456660404734967
0.5439004,0.46248262402929
0.5554158,0.468204499017853
0.5669312,0.473828601645951
0.5784466,0.479357416707406
0.589962,0.484793345505019
0.6014774,0.490138709328058
0.6129928,0.495395752757381
0.6245082,0.500566646808068
0.6360236,0.505653491918809
0.647539,0.510658320796698
0.6590544,0.515583101125527
0.6705698,0.520429738145153
0.6820852,0.525200077109061
0.6936006,0.529895905626753
0.705116,0.53451895589724
0.7166314,0.539070906839477
0.7281468,0.543553386125258
0.7396622,0.54796797211974
0.7511776,0.552316195734445
0.762693,0.556599542197333
0.7742084,0.560819452744217
0.7857238,0.564977326235595
0.7972392,0.569074520702684
0.8087546,0.573112354826261
0.82027,0.577092109351694
0.8317854,0.58101502844334
0.8433008,0.584882320981333
0.8548162,0.588695161803596
0.8663316,0.592454692895753
0.877847,0.596162024531478
0.8893624,0.599818236365675
0.9008778,0.603424378482742
0.9123932,0.606981472402064
0.9239086,0.610490512042757
0.935424,0.61395246464957
0.9469394,0.617368271681768
0.9584548,0.620738849666698
0.9699702,0.624065091019683
0.9814856,0.627347864831757
0.993001,0.630588017626735
1.0045164,0.633786374088972
1.0160318,0.636943737763146
1.0275472,0.640060891727304
1.0390626,0.643138599240358
1.050578,0.64617760436515
1.0620934,0.649178632568161
1.0736088,0.652142391296881
1.0851242,0.655069570535792
1.0966396,0.657960843341898
1.108155,0.660816866360666
1.1196704,0.663638280323208
1.1311858,0.666425710525504
1.1427012,0.669179767290401
1.1542166,0.67190104641313
1.165732,0.674590129590999
1.1772474,0.67724758483793
1.1887628,0.679873966884451
1.2002782,0.682469817563743
1.2117936,0.685035666184299
1.223309,0.687572029889734
1.2348244,0.690079414006266
1.2463398,0.692558312378353
1.2578552,0.695009207692948
1.2693706,0.697432571792842
1.280886,0.699828865979492
1.2924014,0.702198541305765
1.3039168,0.704542038858975
1.3154322,0.706859790034601
1.3269476,0.709152216801019
1.338463,0.711419731955615
1.3499784,0.71366273937259
1.3614938,0.715881634242771
1.3730092,0.71807680330573
1.3845246,0.720248625074502
1.39604,0.722397470053162
1.4075554,0.72452370094754
1.4190708,0.726627672869317
1.4305862,0.728709733533738
1.4421016,0.730770223451191
1.453617,0.732809476112851
1.4651324,0.734827818170624
1.4766478,0.736825569611572
1.4881632,0.738803043927039
1.4996786,0.740760548276642
1.511194,0.742698383647328
1.5227094,0.744616845007653
1.5342248,0.746516221457462
1.5457402,0.74839679637312
1.5572556,0.750258847548456
1.568771,0.752102647331555
1.5802864,0.753928462757559
1.5918018,0.755736555677587
1.6033172,0.75752718288393
1.6148326,0.759300596231629
1.626348,0.761057042756569
1.6378634,0.76279676479019
1.6493788,0.764520000070952
1.6608942,0.766226981852628
1.6724096,0.767917939009562
1.683925,0.769593096138969
1.6954404,0.771252673660383
1.7069558,0.772896887912341
1.7184712,0.774525951246397
1.7299866,0.776140072118547
1.741502,0.777739455178151
1.7530174,0.77932430135443
1.7645328,0.780894807940615
1.7760482,0.782451168675822
1.7875636,0.783993573824723
1.799079,0.785522210255087
1.8105944,0.787037261513253
1.8221098,0.788538907897595
1.8336252,0.79002732653005
1.8451406,0.791502691425766
1.856656,0.792965173560917
1.8681714,0.794414940938759
1.8796868,0.795852158653967
1.8912022,0.797276988955304
1.9027176,0.798689591306683
1.914233,0.800090122446661
1.9257484,0.801478736446413
1.9372638,0.802855584766234
1.9487792,0.80422081631061
1.9602946,0.805574577481904
1.97181,0.806917012232689
1.9833254,0.808248262116775
1.9948408,0.809568466338971
2.0063562,0.810877761803603
2.0178716,0.812176283161846
2.029387,0.813464162857884
2.0409024,0.814741531173942
2.0524178,0.816008516274221
2.0639332,0.817265244247765
2.0754486,0.818511839150292
2.086964,0.819748423045015
2.0984794,0.820975116042486
2.1099948,0.822192036339486
2.1215102,0.823399300256993
2.1330256,0.82459702227724
2.144541,0.825785315079911
2.1560564,0.826964289577476
2.1675718,0.828134054949701
2.1790872,0.829294718677351
2.1906026,0.830446386575115
2.202118,0.831589162823758
2.2136334,0.832723150001543
2.2251488,0.833848449114921
2.2366642,0.834965159628522
2.2481796,0.836073379494469
2.259695,0.837173205181008
2.2712104,0.83826473170051
2.2827258,0.839348052636829
2.2942412,0.84042326017205
2.3057566,0.841490445112633
2.317272,0.842549696914984
2.3287874,0.843601103710448
2.3403028,0.844644752329754
2.3518182,0.845680728326919
2.3633336,0.846709116002625
2.374849,0.847729998427091
2.3863644,0.848743457462438
2.3978798,0.849749573784573
2.4093952,0.850748426904595
2.4209106,0.851740095189743
2.432426,0.852724655883893
2.4439414,0.853702185127613
2.4554568,0.854672757977793
2.4669722,0.855636448426855
2.4784876,0.856593329421557
2.490003,0.857543472881402
2.5015184,0.858486949716651
2.5130338,0.859423829845974
2.5245492,0.860354182213713
2.5360646,0.861278074806801
2.54758,0.86219557467132
2.5590954,0.86310674792872
2.5706108,0.86401165979171
2.5821262,0.864910374579807
2.5936416,0.865802955734581
2.605157,0.866689465834584
2.6166724,0.867569966609973
2.6281878,0.868444518956842
2.6397032,0.869313182951257
2.6512186,0.870176017863018
2.662734,0.871033082169133
2.6742494,0.871884433567036
2.6857648,0.872730128987532
2.6972802,0.873570224607486
2.7087956,0.874404775862264
2.720311,0.875233837457929
2.7318264,0.87605746338319
2.7433418,0.876875706921126
2.7548572,0.877688620660676
2.7663726,0.878496256507904
2.777888,0.879298665697049
2.7894034,0.880095898801358
2.8009188,0.880888005743713
2.8124342,0.88167503580705
2.8239496,0.882457037644582
2.835465,0.883234059289824
2.8469804,0.884006148166429
2.8584958,0.884773351097835
2.8700112,0.885535714316731
2.8815266,0.886293283474347
2.893042,0.887046103649562
2.9045574,0.887794219357848
2.9160728,0.888537674560047
2.9275882,0.889276512670976
2.9391036,0.890010776567885
2.950619,0.890740508598746
2.9621344,0.8914657505904
2.9736498,0.892186543856543
2.9851652,0.892902929205574
2.9966806,0.8936149469483
3.008196,0.89432263690549
3.0197114,0.895026038415304
3.0312268,0.895725190340581
3.0427422,0.896420131075996
3.0542576,0.897110898555089
3.065773,0.897797530257167
3.0772884,0.898480063214083
3.0888038,0.899158534016892
3.1003192,0.899832978822394
3.1118346,0.900503433359552
3.12335,0.901169932935807
3.1348654,0.90183251244327
3.1463808,0.902491206364817
3.1578962,0.903146048780066
3.1694116,0.903797073371258
3.180927,0.904444313429032
3.1924424,0.905087801858098
3.2039578,0.905727571182814
3.2154732,0.906363653552664
3.2269886,0.906996080747649
3.238504,0.907624884183574
3.2500194,0.908250094917251
3.2615348,0.908871743651616
3.2730502,0.909489860740751
3.2845656,0.910104476194827
3.296081,0.910715619684958
3.3075964,0.91132332054798
3.3191118,0.911927607791142
3.3306272,0.912528510096723
3.3421426,0.913126055826569
3.353658,0.913720273026558
3.3651734,0.914311189430983
3.3766888,0.914898832466873
3.3882042,0.915483229258231
3.3997196,0.916064406630211
3.411235,0.916642391113221
3.4227504,0.917217208946962
3.4342658,0.917788886084395
3.4457812,0.918357448195651
3.4572966,0.918922920671871
3.468812,0.919485328628988
3.4803274,0.920044696911443
3.4918428,0.920601050095846
3.5033582,0.921154412494573
3.5148736,0.921704808159309
3.526389,0.922252260884533
3.5379044,0.922796794210948
3.5494198,0.92333843142885
3.5609352,0.923877195581456
3.5724506,0.924413109468167
3.583966,0.924946195647785
3.5954814,0.925476476441681
3.6069968,0.926003973936907
3.6185122,0.926528709989263
3.6300276,0.927050706226318
3.641543,0.927569984050381
3.6530584,0.928086564641424
3.6645738,0.928600468959963
3.6760892,0.929111717749893
3.6876046,0.92962033154128
3.69912,0.930126330653106
3.7106354,0.930629735195981
3.7221508,0.931130565074799
3.7336662,0.931628839991369
3.7451816,0.932124579446995
3.756697,0.93261780274502
3.7682124,0.933108528993333
3.7797278,0.933596777106835
3.7912432,0.934082565809872
3.8027586,0.934565913638625
3.814274,0.935046838943471
3.8257894,0.935525359891301
3.8373048,0.936001494467814
3.8488202,0.936475260479764
3.8603356,0.936946675557185
3.871851,0.937415757155573
3.8833664,0.937882522558046
3.8948818,0.938346988877461
3.9063972,0.938809173058511
3.9179126,0.939269091879779
3.929428,0.939726761955776
3.9409434,0.940182199738937
3.9524588,0.940635421521591
3.9639742,0.94108644343791
3.9754896,0.941535281465818
3.987005,0.941981951428878
3.9985204,0.942426468998156
4.0100358,0.94286884969405
4.0215512,0.943309108888096
4.0330666,0.943747261804752
4.044582,0.944183323523148
4.0560974,0.944617308978822
4.0676128,0.945049232965418
4.0791282,0.945479110136372
4.0906436,0.945906955006571
4.102159,0.946332781953979
4.1136744,0.946756605221255
4.1251898,0.947178438917337
4.1367052,0.94759829701901
4.1482206,0.948016193372447
4.159736,0.948432141694735
4.1712514,0.94884615557537
4.1827668,0.949258248477745
4.1942822,0.9496684337406
4.2057976,0.950076724579469
4.217313,0.950483134088097
4.2288284,0.950887675239837
4.2403438,0.951290360889035
4.2518592,0.951691203772387
4.2633746,0.952090216510285
4.27489,0.95248741160814
4.2864054,0.952882801457691
4.2979208,0.95327639833829
4.3094362,0.953668214418174
4.3209516,0.954058261755722
4.332467,0.954446552300688
4.3439824,0.954833097895426
4.3554978,0.955217910276088
4.3670132,0.955601001073817
4.3785286,0.955982381815917
4.390044,0.956362063927008
4.4015594,0.956740058730168
4.4130748,0.95711637744806
4.4245902,0.957491031204041
4.4361056,0.957864031023256
4.447621,0.958235387833724
4.4591364,0.958605112467403
4.4706518,0.958973215661241
4.4821672,0.95933970805822
4.4936826,0.959704600208379
4.505198,0.960067902569824
4.5167134,0.960429625509733
4.5282288,0.960789779305338
4.5397442,0.961148374144898
4.5512596,0.961505420128663
4.562775,0.961860927269818
4.5742904,0.962214905495424
4.5858058,0.962567364647337
4.5973212,0.962918314483124
4.6088366,0.963267764676961
4.620352,0.963615724820525
4.6318674,0.963962204423866
4.6433828,0.96430721291628
4.6548982,0.96465075964716
4.6664136,0.964992853886842
4.677929,0.965333504827439
4.6894444,0.965672721583663
4.7009598,0.966010513193641
4.7124752,0.966346888619713
4.7239906,0.96668185674923
4.735506,0.967015426395333
4.7470214,0.967347606297727
4.7585368,0.967678405123443
4.7700522,0.968007831467596
4.7815676,0.968335893854123
4.793083,0.968662600736526
4.8045984,0.96898796049859
4.8161138,0.969311981455106
4.8276292,0.969634671852577
4.8391446,0.969956039869918
4.85066,0.970276093619146
4.8621754,0.970594841146065
4.8736908,0.970912290430937
4.8852062,0.971228449389152
4.8967216,0.971543325871881
4.908237,0.971856927666731
4.9197524,0.972169262498382
4.9312678,0.972480338029227
4.9427832,0.972790161859992
4.9542986,0.973098741530361
4.965814,0.973406084519584
4.9773294,0.973712198247083
4.9888448,0.974017090073047
5.0003602,0.974320767299024
5.0118756,0.974623237168505
5.023391,0.974924506867496
5.0349064,0.975224583525089
5.0464218,0.975523474214025
5.0579372,0.975821185951251
5.0694526,0.976117725698464
5.080968,0.976413100362661
5.0924834,0.976707316796667
5.1039988,0.977000381799672
5.1155142,0.977292302117751
5.1270296,0.977583084444384
5.138545,0.977872735420964
5.1500604,0.978161261637306
5.1615758,0.978448669632145
5.1730912,0.978734965893633
5.1846066,0.979020156859821
5.196122,0.979304248919148
5.2076374,0.979587248410915
5.2191528,0.979869161625756
5.2306682,0.980149994806106
5.2421836,0.98042975414666
5.253699,0.980708445794831
5.2652144,0.980986075851196
5.2767298,0.981262650369945
5.2882452,0.98153817535932
5.2997606,0.981812656782051
5.311276,0.982086100555782
5.3227914,0.982358512553503
5.3343068,0.982629898603963
5.3458222,0.982900264492092
5.3573376,0.983169615959409
5.368853,0.983437958704429
5.3803684,0.983705298383064
5.3918838,0.983971640609022
5.4033992,0.984236990954201
5.4149146,0.984501354949071
5.42643,0.984764738083068
5.4379454,0.985027145804965
5.4494608,0.985288583523254
5.4609762,0.985549056606515
5.4724916,0.985808570383782
5.484007,0.986067130144911
5.4955224,0.986324741140935
5.5070378,0.986581408584419
5.5185532,0.986837137649818
5.5300686,0.987091933473816
5.541584,0.987345801155678
5.5530994,0.987598745757583
5.5646148,0.987850772304968
5.5761302,0.988101885786853
5.5876456,0.988352091156176
5.599161,0.988601393330116
5.6106764,0.988849797190415
5.6221918,0.9890973075837
5.6337072,0.989343929321792
5.6452226,0.989589667182024
5.656738,0.989834525907546
5.6682534,0.990078510207631
5.6797688,0.990321624757978
5.6912842,0.990563874201009
5.7027996,0.990805263146163
5.714315,0.991045796170194
5.7258304,0.991285477817455
5.7373458,0.991524312600186
5.7488612,0.991762304998798
5.7603766,0.991999459462152
5.771892,0.992235780407836
5.7834074,0.992471272222438
5.7949228,0.992705939261824
5.8064382,0.992939785851398
5.8179536,0.993172816286373
5.829469,0.993405034832032
5.8409844,0.993636445723989
5.8524998,0.993867053168446
5.8640152,0.994096861342448
5.8755306,0.994325874394138
5.887046,0.994554096442999
5.8985614,0.99478153158011
5.9100768,0.995008183868385
5.9215922,0.995234057342816
5.9331076,0.995459156010714
5.944623,0.995683483851943
5.9561384,0.995907044819159
5.9676538,0.996129842838036
5.9791692,0.996351881807501
5.9906846,0.996573165599962
6.0022,0.996793698061526
