"ResDensity","N_TraitValue"
10,0.00111729750192959
10.3,0.00114640073696361
10.6,0.00117528148707411
10.9,0.00120394229378564
11.2,0.00123238566005927
11.5,0.00126061405102125
11.8,0.00128862989467521
12.1,0.00131643558259833
12.4,0.00134403347062189
12.7,0.00137142587949666
13,0.00139861509554343
13.3,0.00142560337128916
13.6,0.00145239292608905
13.9,0.00147898594673492
14.2,0.00150538458805028
14.5,0.00153159097347235
14.8,0.00155760719562146
15.1,0.00158343531685806
15.4,0.00160907736982774
15.7,0.00163453535799441
16,0.0016598112561622
16.3,0.00168490701098604
16.6,0.00170982454147146
16.9,0.00173456573946376
17.2,0.00175913247012682
17.5,0.0017835265724118
17.8,0.00180774985951606
18.1,0.00183180411933236
18.4,0.00185569111488882
18.7,0.00187941258477965
19,0.00190297024358695
19.3,0.00192636578229387
19.6,0.0019496008686892
19.9,0.00197267714776371
20.2,0.00199559624209836
20.5,0.00201835975224463
20.8,0.0020409692570971
21.1,0.00206342631425854
21.4,0.00208573246039758
21.7,0.00210788921159925
22,0.00212989806370845
22.3,0.00215176049266662
22.6,0.00217347795484165
22.9,0.00219505188735133
23.2,0.00221648370838029
23.5,0.00223777481749083
23.8,0.00225892659592757
24.1,0.00227994040691611
24.4,0.00230081759595597
24.7,0.00232155949110774
25,0.0023421674032747
25.3,0.002362642626479
25.6,0.00238298643813254
25.9,0.0024032000993026
26.2,0.00242328485497243
26.5,0.00244324193429688
26.8,0.00246307255085314
27.1,0.00248277790288672
27.4,0.00250235917355283
27.7,0.00252181753115319
28,0.00254115412936834
28.3,0.00256037010748574
28.6,0.00257946659062345
28.9,0.00259844468994976
29.2,0.00261730550289875
29.5,0.00263605011338176
29.8,0.0026546795919951
30.1,0.00267319499622386
30.4,0.00269159737064201
30.7,0.00270988774710881
31,0.00272806714496174
31.3,0.00274613657120584
31.6,0.00276409702069962
31.9,0.00278194947633772
32.2,0.00279969490923014
32.5,0.00281733427887838
32.8,0.00283486853334837
33.1,0.00285229860944029
33.4,0.00286962543285549
33.7,0.0028868499183603
34,0.00290397296994705
34.3,0.00292099548099223
34.6,0.00293791833441183
34.9,0.00295474240281405
35.2,0.00297146854864924
35.5,0.00298809762435729
35.8,0.00300463047251247
36.1,0.00302106792596571
36.4,0.00303741080798449
36.7,0.00305365993239026
37,0.00306981610369352
37.3,0.00308588011722666
37.6,0.00310185275927439
37.9,0.00311773480720211
38.2,0.00313352702958195
38.5,0.00314923018631682
38.8,0.00316484502876225
39.1,0.00318037229984626
39.4,0.00319581273418715
39.7,0.0032111670582094
40,0.00322643599025758
40.3,0.00324162024070835
40.6,0.00325672051208068
40.9,0.00327173749914414
41.2,0.00328667188902551
41.5,0.00330152436131356
41.8,0.00331629558816211
42.1,0.0033309862343915
42.4,0.00334559695758826
42.7,0.00336012840820326
43,0.00337458122964825
43.3,0.0033889560583908
43.6,0.00340325352404775
43.9,0.00341747424947711
44.2,0.00343161885086856
44.5,0.00344568793783239
44.8,0.00345968211348712
45.1,0.00347360197454569
45.4,0.00348744811140023
45.7,0.0035012211082056
46,0.00351492154296147
46.3,0.00352854998759323
46.6,0.00354210700803156
46.9,0.00355559316429074
47.2,0.00356900901054581
47.5,0.00358235509520846
47.8,0.00359563196100173
48.1,0.00360884014503362
48.4,0.0036219801788695
48.7,0.00363505258860344
49,0.00364805789492838
49.3,0.00366099661320532
49.6,0.00367386925353135
49.9,0.00368667632080671
50.2,0.00369941831480082
50.5,0.00371209573021723
50.8,0.00372470905675772
51.1,0.00373725877918529
51.4,0.0037497453773863
51.7,0.00376216932643164
52,0.00377453109663697
52.3,0.00378683115362206
52.6,0.00379906995836927
52.9,0.00381124796728113
53.2,0.00382336563223708
53.5,0.00383542340064935
53.8,0.00384742171551804
54.1,0.00385936101548539
54.4,0.00387124173488918
54.7,0.00388306430381547
55,0.00389482914815045
55.3,0.00390653668963157
55.6,0.00391818734589801
55.9,0.00392978153054026
56.2,0.00394131965314909
56.5,0.0039528021193638
56.8,0.00396422933091975
57.1,0.00397560168569518
57.4,0.00398691957775745
57.7,0.00399818339740851
58,0.00400939353122978
58.3,0.00402055036212637
58.6,0.00403165426937069
58.9,0.00404270562864544
59.2,0.00405370481208594
59.5,0.00406465218832194
59.8,0.00407554812251877
60.1,0.00408639297641798
60.4,0.00409718710837734
60.7,0.00410793087341032
61,0.00411862462322503
61.3,0.00412926870626257
61.6,0.00413986346773492
61.9,0.00415040924966219
62.2,0.00416090639090951
62.5,0.00417135522722326
62.8,0.00418175609126689
63.1,0.00419210931265623
63.4,0.0042024152179943
63.7,0.00421267413090567
64,0.00422288637207032
64.3,0.00423305225925704
64.6,0.00424317210735644
64.9,0.00425324622841341
65.2,0.00426327493165922
65.5,0.00427325852354316
65.8,0.00428319730776374
66.1,0.00429309158529953
66.4,0.00430294165443946
66.7,0.00431274781081288
67,0.0043225103474191
67.3,0.00433222955465656
67.6,0.00434190572035165
67.9,0.0043515391297871
68.2,0.00436113006573004
68.5,0.00437067880845966
68.8,0.0043801856357945
69.1,0.0043896508231194
69.4,0.0043990746434121
69.7,0.00440845736726948
70,0.00441779926293347
70.3,0.00442710059631656
70.6,0.00443636163102711
70.9,0.0044455826283942
71.2,0.00445476384749223
71.5,0.00446390554516517
71.8,0.00447300797605053
72.1,0.00448207139260299
72.4,0.00449109604511775
72.7,0.00450008218175354
73,0.00450903004855544
73.3,0.00451793988947723
73.6,0.00452681194640366
73.9,0.00453564645917227
74.2,0.00454444366559506
74.5,0.00455320380147978
74.8,0.00456192710065101
75.1,0.00457061379497099
75.4,0.00457926411436013
75.7,0.00458787828681734
76,0.00459645653843999
76.3,0.00460499909344378
76.6,0.0046135061741822
76.9,0.00462197800116585
77.2,0.00463041479308153
77.5,0.00463881676681099
77.8,0.00464718413744955
78.1,0.00465551711832447
78.4,0.00466381592101305
78.7,0.00467208075536056
79,0.0046803118294979
79.3,0.00468850934985911
79.6,0.00469667352119859
79.9,0.00470480454660817
80.2,0.00471290262753395
80.5,0.00472096796379293
80.8,0.00472900075358943
81.1,0.00473700119353138
81.4,0.00474496947864628
81.7,0.00475290580239712
82,0.004760810356698
82.3,0.00476868333192962
82.6,0.00477652491695452
82.9,0.00478433529913225
83.2,0.00479211466433424
83.5,0.00479986319695857
83.8,0.00480758107994452
84.1,0.00481526849478699
84.4,0.00482292562155071
84.7,0.00483055263888431
85,0.00483814972403421
85.3,0.00484571705285833
85.6,0.00485325479983971
85.9,0.00486076313809987
86.2,0.00486824223941209
86.5,0.0048756922742145
86.8,0.00488311341162303
87.1,0.00489050581944421
87.4,0.00489786966418781
87.7,0.00490520511107935
88,0.00491251232407246
88.3,0.00491979146586108
88.6,0.00492704269789155
88.9,0.00493426618037455
89.2,0.00494146207229686
89.5,0.00494863053143308
89.8,0.00495577171435714
90.1,0.00496288577645367
90.4,0.00496997287192931
90.7,0.00497703315382386
91,0.00498406677402122
91.3,0.00499107388326039
91.6,0.00499805463114614
91.9,0.00500500916615974
92.2,0.00501193763566942
92.5,0.00501884018594082
92.8,0.00502571696214727
93.1,0.00503256810837996
93.4,0.00503939376765803
93.7,0.00504619408193848
94,0.00505296919212606
94.3,0.00505971923808297
94.6,0.00506644435863847
94.9,0.00507314469159846
95.2,0.00507982037375482
95.5,0.00508647154089477
95.8,0.00509309832781005
96.1,0.00509970086830604
96.4,0.00510627929521076
96.7,0.00511283374038377
97,0.005119364334725
97.3,0.00512587120818343
97.6,0.00513235448976577
97.9,0.00513881430754492
98.2,0.00514525078866842
98.5,0.00515166405936684
98.8,0.00515805424496196
99.1,0.00516442146987498
99.4,0.0051707658576346
99.7,0.00517708753088497
100,0.00518338661139363
100.3,0.00518966322005929
100.6,0.00519591747691963
100.9,0.00520214950115888
101.2,0.00520835941111541
101.5,0.00521454732428927
101.8,0.00522071335734953
102.1,0.00522685762614167
102.4,0.00523298024569479
102.7,0.00523908133022883
103,0.00524516099316162
103.3,0.00525121934711597
103.6,0.00525725650392659
103.9,0.00526327257464696
104.2,0.00526926766955616
104.5,0.00527524189816562
104.8,0.00528119536922576
105.1,0.00528712819073259
105.4,0.00529304046993426
105.7,0.00529893231333753
106,0.00530480382671412
106.3,0.00531065511510709
106.6,0.00531648628283707
106.9,0.00532229743350848
107.2,0.00532808867001565
107.5,0.00533386009454891
107.8,0.0053396118086006
108.1,0.00534534391297098
108.4,0.00535105650777419
108.7,0.00535674969244401
109,0.00536242356573967
109.3,0.00536807822575155
109.6,0.00537371376990683
109.9,0.00537933029497507
110.2,0.0053849278970738
110.5,0.00539050667167393
110.8,0.00539606671360525
111.1,0.00540160811706175
111.4,0.00540713097560696
111.7,0.00541263538217923
112,0.0054181214290969
112.3,0.00542358920806353
112.6,0.00542903881017293
112.9,0.00543447032591429
113.2,0.00543988384517712
113.5,0.00544527945725628
113.8,0.00545065725085683
114.1,0.00545601731409894
114.4,0.00546135973452266
114.7,0.00546668459909272
115,0.00547199199420321
115.3,0.00547728200568231
115.6,0.00548255471879685
115.9,0.00548781021825695
116.2,0.00549304858822051
116.5,0.00549826991229775
116.8,0.0055034742735556
117.1,0.00550866175452215
117.4,0.00551383243719101
117.7,0.0055189864030256
118,0.00552412373296346
118.3,0.00552924450742047
118.6,0.00553434880629504
118.9,0.0055394367089723
119.2,0.00554450829432816
119.5,0.00554956364073344
119.8,0.00555460282605788
120.1,0.00555962592767412
120.4,0.00556463302246173
120.7,0.00556962418681102
121,0.00557459949662705
121.3,0.00557955902733338
121.6,0.00558450285387593
121.9,0.00558943105072674
122.2,0.00559434369188772
122.5,0.00559924085089434
122.8,0.0056041226008193
123.1,0.00560898901427619
123.4,0.00561384016342305
123.7,0.00561867611996598
124,0.00562349695516262
124.3,0.00562830273982572
124.6,0.00563309354432653
124.9,0.0056378694385983
125.2,0.00564263049213963
125.5,0.0056473767740179
125.8,0.00565210835287255
126.1,0.00565682529691841
126.4,0.00566152767394902
126.7,0.0056662155513398
127,0.00567088899605133
127.3,0.00567554807463252
127.6,0.00568019285322376
127.9,0.00568482339756005
128.2,0.00568943977297413
128.5,0.00569404204439949
128.8,0.00569863027637351
129.1,0.00570320453304036
129.4,0.0057077648781541
129.7,0.00571231137508156
130,0.00571684408680532
130.3,0.00572136307592662
130.6,0.00572586840466819
130.9,0.00573036013487718
131.2,0.00573483832802794
131.5,0.00573930304522483
131.8,0.00574375434720501
132.1,0.00574819229434121
132.4,0.00575261694664442
132.7,0.00575702836376662
133,0.00576142660500346
133.3,0.00576581172929692
133.6,0.00577018379523792
133.9,0.00577454286106895
134.2,0.00577888898468667
134.5,0.00578322222364443
134.8,0.00578754263515485
135.1,0.00579185027609234
135.4,0.00579614520299553
135.7,0.00580042747206986
136,0.0058046971391899
136.3,0.00580895425990189
136.6,0.00581319888942608
136.9,0.00581743108265917
137.2,0.00582165089417661
137.5,0.005825858378235
137.8,0.00583005358877442
138.1,0.00583423657942069
138.4,0.00583840740348768
138.7,0.00584256611397959
139,0.00584671276359317
139.3,0.00585084740471996
139.6,0.00585497008944848
139.9,0.00585908086956644
140.2,0.0058631797965629
140.5,0.00586726692163043
140.8,0.00587134229566719
141.1,0.00587540596927912
141.4,0.00587945799278198
141.7,0.00588349841620345
142,0.00588752728928517
142.3,0.00589154466148481
142.6,0.00589555058197806
142.9,0.00589954509966068
143.2,0.00590352826315043
143.5,0.0059075001207891
143.8,0.00591146072064443
144.1,0.00591541011051206
144.4,0.00591934833791746
144.7,0.00592327545011783
145,0.00592719149410399
145.3,0.00593109651660223
145.6,0.00593499056407623
145.9,0.00593887368272884
146.2,0.00594274591850394
146.5,0.00594660731708825
146.8,0.00595045792391311
147.1,0.00595429778415628
147.4,0.0059581269427437
147.7,0.00596194544435124
148,0.00596575333340644
148.3,0.00596955065409023
148.6,0.00597333745033866
148.9,0.00597711376584454
149.2,0.00598087964405918
149.5,0.00598463512819405
149.8,0.00598838026122237
150.1,0.00599211508588083
150.4,0.00599583964467118
150.7,0.00599955397986182
151,0.00600325813348944
151.3,0.00600695214736057
151.6,0.00601063606305321
151.9,0.00601430992191829
152.2,0.00601797376508134
152.5,0.00602162763344391
152.8,0.00602527156768517
153.1,0.0060289056082634
153.4,0.00603252979541746
153.7,0.0060361441691683
154,0.00603974876932046
154.3,0.00604334363546345
154.6,0.00604692880697329
154.9,0.0060505043230139
155.2,0.00605407022253851
155.5,0.00605762654429113
155.8,0.0060611733268079
156.1,0.00606471060841852
156.4,0.00606823842724759
156.7,0.00607175682121603
157,0.0060752658280424
157.3,0.00607876548524426
157.6,0.0060822558301395
157.9,0.0060857368998477
158.2,0.0060892087312914
158.5,0.00609267136119742
158.8,0.00609612482609817
159.1,0.00609956916233293
159.4,0.00610300440604911
159.7,0.00610643059320354
160,0.00610984775956368
