"ResDensity","N_TraitValue"
2,3.14495449851215e-05
2.06,3.22045740780212e-05
2.12,3.29508687196915e-05
2.18,3.36885796034589e-05
2.24,3.44178539759719e-05
2.3,3.5138835735182e-05
2.36,3.58516655250006e-05
2.42,3.65564808267639e-05
2.48,3.72534160476295e-05
2.54,3.79426026060248e-05
2.6,3.86241690142607e-05
2.66,3.92982409584206e-05
2.72,3.99649413756282e-05
2.78,4.06243905287937e-05
2.84,4.12767060789351e-05
2.9,4.19220031551645e-05
2.96,4.25603944224277e-05
3.02,4.31919901470804e-05
3.08,4.38168982603819e-05
3.14,4.44352244199817e-05
3.2,4.50470720694741e-05
3.26,4.56525424960901e-05
3.32,4.62517348865954e-05
3.38,4.68447463814577e-05
3.44,4.74316721273469e-05
3.5,4.80126053280272e-05
3.56,4.85876372936978e-05
3.62,4.91568574888384e-05
3.68,4.97203535786106e-05
3.74,5.02782114738665e-05
3.8,5.08305153748132e-05
3.86,5.13773478133799e-05
3.92,5.19187896943314e-05
3.98,5.24549203351719e-05
4.04,5.29858175048807e-05
4.1,5.35115574615185e-05
4.16,5.40322149887434e-05
4.22,5.45478634312724e-05
4.28,5.50585747293253e-05
4.34,5.55644194520831e-05
4.4,5.60654668301947e-05
4.46,5.65617847873631e-05
4.52,5.70534399710417e-05
4.58,5.75404977822691e-05
4.64,5.80230224046706e-05
4.7,5.85010768326546e-05
4.76,5.8974722898828e-05
4.82,5.94440213006572e-05
4.88,5.99090316263981e-05
4.94,6.03698123803186e-05
5,6.0826421007236e-05
5.06,6.12789139163907e-05
5.12,6.17273465046776e-05
5.18,6.21717731792542e-05
5.24,6.26122473795466e-05
5.3,6.304882159867e-05
5.36,6.34815474042831e-05
5.42,6.39104754588934e-05
5.48,6.43356555396304e-05
5.54,6.47571365575024e-05
5.6,6.5174966576153e-05
5.66,6.55891928301326e-05
5.72,6.59998617426984e-05
5.78,6.64070189431586e-05
5.84,6.68107092837729e-05
5.9,6.72109768562238e-05
5.96,6.76078650076697e-05
6.02,6.80014163563943e-05
6.08,6.83916728070622e-05
6.14,6.87786755655925e-05
6.2,6.91624651536635e-05
6.26,6.95430814228557e-05
6.32,6.99205635684469e-05
6.38,7.02949501428672e-05
6.44,7.06662790688242e-05
6.5,7.10345876521087e-05
6.56,7.13999125940884e-05
6.62,7.17622900038994e-05
6.68,7.21217554103442e-05
6.74,7.24783437735034e-05
6.8,7.28320894960702e-05
6.86,7.31830264344146e-05
6.92,7.35311879093852e-05
6.98,7.38766067168558e-05
7.04,7.42193151380236e-05
7.1,7.4559344949466e-05
7.16,7.48967274329624e-05
7.22,7.52314933850878e-05
7.28,7.55636731265835e-05
7.34,7.58932965115122e-05
7.4,7.62203929362018e-05
7.46,7.65449913479846e-05
7.52,7.68671202537374e-05
7.58,7.71868077282267e-05
7.64,7.75040814222656e-05
7.7,7.78189685706861e-05
7.76,7.81314960001321e-05
7.82,7.84416901366788e-05
7.88,7.87495770132808e-05
7.94,7.90551822770552e-05
8,7.93585311964039e-05
8.06,7.96596486679776e-05
8.12,7.99585592234878e-05
8.18,8.02552870363687e-05
8.24,8.05498559282942e-05
8.3,8.0842289375553e-05
8.36,8.11326105152857e-05
8.42,8.14208421515869e-05
8.48,8.17070067614763e-05
8.54,8.19911265007417e-05
8.6,8.22732232096573e-05
8.66,8.25533184185801e-05
8.72,8.28314333534276e-05
8.78,8.31075889410401e-05
8.84,8.33818058144294e-05
8.9,8.36541043179182e-05
8.96,8.3924504512171e-05
9.02,8.41930261791211e-05
9.08,8.44596888267946e-05
9.14,8.47245116940349e-05
9.2,8.49875137551299e-05
9.26,8.52487137243433e-05
9.32,8.5508130060354e-05
9.38,8.57657809706045e-05
9.44,8.60216844155607e-05
9.5,8.62758581128853e-05
9.56,8.6528319541527e-05
9.62,8.67790859457276e-05
9.68,8.70281743389482e-05
9.74,8.72756015077167e-05
9.8,8.75213840153994e-05
9.86,8.7765538205897e-05
9.92,8.80080802072671e-05
9.98,8.82490259352761e-05
10.04,8.84883910968807e-05
10.1,8.87261911936405e-05
10.16,8.89624415250653e-05
10.22,8.91971571918956e-05
10.28,8.94303530993207e-05
10.34,8.96620439601336e-05
10.4,8.98922442978254e-05
10.46,9.01209684496201e-05
10.52,9.03482305694514e-05
10.58,9.0574044630882e-05
10.64,9.07984244299679e-05
10.7,9.10213835880683e-05
10.76,9.12429355546016e-05
10.82,9.14630936097501e-05
10.88,9.16818708671138e-05
10.94,9.18992802763135e-05
11,9.21153346255467e-05
11.06,9.23300465440946e-05
11.12,9.25434285047828e-05
11.18,9.27554928263972e-05
11.24,9.29662516760543e-05
11.3,9.31757170715281e-05
11.36,9.33839008835348e-05
11.42,9.3590814837975e-05
11.48,9.37964705181354e-05
11.54,9.40008793668506e-05
11.6,9.42040526886251e-05
11.66,9.44060016517176e-05
11.72,9.46067372901871e-05
11.78,9.48062705059031e-05
11.84,9.50046120705186e-05
11.9,9.52017726274092e-05
11.96,9.53977626935763e-05
12.02,9.55925926615177e-05
12.08,9.57862728010643e-05
12.14,9.59788132611845e-05
12.2,9.61702240717576e-05
12.26,9.63605151453145e-05
12.32,9.65496962787497e-05
12.38,9.67377771550023e-05
12.44,9.6924767344708e-05
12.5,9.71106763078229e-05
12.56,9.7295513395218e-05
12.62,9.74792878502481e-05
12.68,9.76620088102921e-05
12.74,9.78436853082671e-05
12.8,9.80243262741176e-05
12.86,9.82039405362786e-05
12.92,9.83825368231131e-05
12.98,9.8560123764327e-05
13.04,9.87367098923585e-05
13.1,9.89123036437449e-05
13.16,9.90869133604659e-05
13.22,9.92605472912651e-05
13.28,9.94332135929484e-05
13.34,9.96049203316619e-05
13.4,9.97756754841477e-05
13.46,9.99454869389791e-05
13.52,0.000100114362497775
13.58,0.000100282309876397
13.64,0.00010044933670612
13.7,0.000100615450534793
13.76,0.000100780658827973
13.82,0.000100944968970044
13.88,0.000101108388265319
13.94,0.00010127092393912
14,0.000101432583138843
14.06,0.000101593372935009
14.12,0.000101753300322289
14.18,0.000101912372220525
14.24,0.000102070595475723
14.3,0.000102227976861037
14.36,0.000102384523077736
14.42,0.000102540240756154
14.48,0.000102695136456628
14.54,0.000102849216670416
14.6,0.000103002487820607
14.66,0.000103154956263013
14.72,0.000103306628287044
14.78,0.000103457510116579
14.84,0.000103607607910812
14.9,0.000103756927765094
14.96,0.000103905475711755
15.02,0.000104053257720916
15.08,0.000104200279701295
15.14,0.000104346547500986
15.2,0.000104492066908239
15.26,0.000104636843652224
15.32,0.000104780883403782
15.38,0.000104924191776164
15.44,0.000105066774325762
15.5,0.000105208636552827
15.56,0.000105349783902176
15.62,0.000105490221763887
15.68,0.000105629955473988
15.74,0.00010576899031513
15.8,0.000105907331517257
15.86,0.000106044984258255
15.92,0.000106181953664605
15.98,0.000106318244812015
16.04,0.000106453862726048
16.1,0.000106588812382742
16.16,0.000106723098709215
16.22,0.000106856726584266
16.28,0.000106989700838968
16.34,0.000107122026257246
16.4,0.000107253707576455
16.46,0.000107384749487943
16.52,0.000107515156637609
16.58,0.00010764493362645
16.64,0.000107774085011106
16.7,0.000107902615304389
16.76,0.000108030528975812
16.82,0.000108157830452106
16.88,0.000108284524117729
16.94,0.000108410614315372
17,0.000108536105346455
17.06,0.000108661001471613
17.12,0.000108785306911181
17.18,0.00010890902584567
17.24,0.000109032162416234
17.3,0.00010915472072513
17.36,0.000109276704836179
17.42,0.000109398118775212
17.48,0.000109518966530512
17.54,0.000109639252053251
17.6,0.000109758979257923
17.66,0.000109878152022767
17.72,0.000109996774190185
17.78,0.000110114849567156
17.84,0.000110232381925643
17.9,0.000110349375002996
17.96,0.000110465832502345
18.02,0.000110581758092994
18.08,0.000110697155410804
18.14,0.000110812028058574
18.2,0.000110926379606417
18.26,0.000111040213592128
18.32,0.000111153533521552
18.38,0.000111266342868937
18.44,0.000111378645077299
18.5,0.000111490443558763
18.56,0.000111601741694915
18.62,0.000111712542837139
18.68,0.000111822850306957
18.74,0.000111932667396356
18.8,0.000112041997368121
18.86,0.000112150843456154
18.92,0.000112259208865794
18.98,0.000112367096774133
19.04,0.000112474510330326
19.1,0.000112581452655894
19.16,0.000112687926845033
19.22,0.000112793935964907
19.28,0.000112899483055943
19.34,0.000113004571132125
19.4,0.000113109203181278
19.46,0.000113213382165351
19.52,0.0001133171110207
19.58,0.000113420392658357
19.64,0.000113523229964312
19.7,0.000113625625799772
19.76,0.000113727583001434
19.82,0.000113829104381741
19.88,0.000113930192729146
19.94,0.000114030850808363
20,0.000114131081360621
20.06,0.000114230887103914
20.12,0.000114330270733243
20.18,0.000114429234920863
20.24,0.000114527782316518
20.3,0.000114625915547683
20.36,0.000114723637219791
20.42,0.00011482094991647
20.48,0.000114917856199765
20.54,0.000115014358610368
20.6,0.000115110459667835
20.66,0.000115206161870811
20.72,0.00011530146769724
20.78,0.000115396379604585
20.84,0.000115490900030034
20.9,0.000115585031390713
20.96,0.00011567877608389
21.02,0.000115772136487177
21.08,0.000115865114958735
21.14,0.000115957713837469
21.2,0.000116049935443225
21.26,0.000116141782076984
21.32,0.000116233256021054
21.38,0.000116324359539259
21.44,0.000116415094877124
21.5,0.000116505464262062
21.56,0.000116595469903554
21.62,0.00011668511399333
21.68,0.000116774398705547
21.74,0.000116863326196967
21.8,0.000116951898607124
21.86,0.000117040118058505
21.92,0.000117127986656711
21.98,0.000117215506490628
22.04,0.000117302679632596
22.1,0.000117389508138565
22.16,0.000117475994048264
22.22,0.000117562139385356
22.28,0.000117647946157597
22.34,0.000117733416356994
22.4,0.000117818551959955
22.46,0.000117903354927447
22.52,0.000117987827205141
22.58,0.000118071970723563
22.64,0.000118155787398243
22.7,0.000118239279129858
22.76,0.000118322447804376
22.82,0.000118405295293198
22.88,0.0001184878234533
22.94,0.000118570034127369
23,0.000118651929143942
23.06,0.000118733510317542
23.12,0.000118814779448809
23.18,0.000118895738324637
23.24,0.000118976388718302
23.3,0.000119056732389591
23.36,0.000119136771084932
23.42,0.00011921650653752
23.48,0.00011929594046744
23.54,0.000119375074581795
23.6,0.000119453910574822
23.66,0.000119532450128021
23.72,0.000119610694910268
23.78,0.000119688646577934
23.84,0.000119766306775005
23.9,0.000119843677133196
23.96,0.000119920759272064
24.02,0.000119997554799123
24.08,0.000120074065309954
24.14,0.000120150292388318
24.2,0.000120226237606262
24.26,0.000120301902524229
24.32,0.000120377288691165
24.38,0.000120452397644625
24.44,0.000120527230910874
24.5,0.000120601790004997
24.56,0.000120676076430995
24.62,0.000120750091681889
24.68,0.00012082383723982
24.74,0.000120897314576148
24.8,0.000120970525151547
24.86,0.000121043470416108
24.92,0.000121116151809428
24.98,0.000121188570760709
25.04,0.000121260728688849
25.1,0.000121332627002537
25.16,0.000121404267100345
25.22,0.000121475650370814
25.28,0.00012154677819255
25.34,0.000121617651934308
25.4,0.000121688272955083
25.46,0.000121758642604194
25.52,0.000121828762221373
25.58,0.000121898633136848
25.64,0.000121968256671425
25.7,0.000122037634136579
25.76,0.000122106766834525
25.82,0.000122175656058311
25.88,0.00012224430309189
25.94,0.000122312709210204
26,0.000122380875679261
26.06,0.000122448803756216
26.12,0.000122516494689444
26.18,0.000122583949718621
26.24,0.000122651170074796
26.3,0.000122718156980467
26.36,0.000122784911649656
26.42,0.000122851435287983
26.48,0.000122917729092736
26.54,0.000122983794252944
26.6,0.000123049631949449
26.66,0.000123115243354976
26.72,0.0001231806296342
26.78,0.000123245791943821
26.84,0.000123310731432625
26.9,0.000123375449241557
26.96,0.000123439946503785
27.02,0.000123504224344766
27.08,0.000123568283882313
27.14,0.000123632126226661
27.2,0.000123695752480526
27.26,0.000123759163739174
27.32,0.000123822361090481
27.38,0.000123885345614995
27.44,0.000123948118386
27.5,0.000124010680469574
27.56,0.000124073032924652
27.62,0.000124135176803084
27.68,0.000124197113149692
27.74,0.000124258843002336
27.8,0.000124320367391964
27.86,0.000124381687342673
27.92,0.000124442803871765
27.98,0.000124503717989805
28.04,0.000124564430700675
28.1,0.000124624943001627
28.16,0.000124685255883344
28.22,0.000124745370329987
28.28,0.000124805287319254
28.34,0.000124865007822428
28.4,0.000124924532804434
28.46,0.00012498386322389
28.52,0.000125043000033155
28.58,0.000125101944178385
28.64,0.000125160696599579
28.7,0.000125219258230632
28.76,0.000125277629999383
28.82,0.000125335812827666
28.88,0.000125393807631354
28.94,0.000125451615320413
29,0.000125509236798946
29.06,0.000125566672965238
29.12,0.000125623924711809
29.18,0.000125680992925456
29.24,0.000125737878487297
29.3,0.000125794582272822
29.36,0.000125851105151932
29.42,0.000125907447988989
29.48,0.000125963611642855
29.54,0.000126019596966938
29.6,0.000126075404809237
29.66,0.000126131036012381
29.72,0.000126186491413675
29.78,0.000126241771845138
29.84,0.000126296878133549
29.9,0.000126351811100487
29.96,0.000126406571562368
30.02,0.000126461160330491
30.08,0.000126515578211074
30.14,0.000126569826005297
30.2,0.000126623904509337
30.26,0.000126677814514413
30.32,0.000126731556806818
30.38,0.000126785132167961
30.44,0.000126838541374405
30.5,0.000126891785197903
30.56,0.000126944864405436
30.62,0.000126997779759251
30.68,0.000127050532016894
30.74,0.00012710312193125
30.8,0.000127155550250576
30.86,0.000127207817718538
30.92,0.000127259925074248
30.98,0.000127311873052292
31.04,0.000127363662382774
31.1,0.000127415293791343
31.16,0.000127466767999228
31.22,0.000127518085723276
31.28,0.00012756924767598
31.34,0.000127620254565515
31.4,0.000127671107095768
31.46,0.000127721805966375
31.52,0.000127772351872749
31.58,0.000127822745506112
31.64,0.000127872987553529
31.7,0.000127923078697937
31.76,0.000127973019618177
31.82,0.000128022810989023
31.88,0.000128072453481218
31.94,0.000128121947761494
32,0.000128171294492612
