"ResDensity","N_TraitValue"
4.8105,0.0003789472788006
5.0525616,0.000397408397392425
5.2946232,0.000415813265979488
5.5366848,0.00043416214125669
5.7787464,0.000452455278359413
6.020808,0.000470692930875348
6.2628696,0.000488875350856208
6.5049312,0.000507002788829343
6.7469928,0.000525075493809248
6.9890544,0.00054309371330896
7.231116,0.000561057693351364
7.4731776,0.000578967678480385
7.7152392,0.000596823911772088
7.9573008,0.000614626634845672
8.1993624,0.000632376087874372
8.441424,0.000650072509596258
8.6834856,0.000667716137324936
8.9255472,0.000685307206960161
9.1676088,0.000702845952998347
9.4096704,0.000720332608542988
9.651732,0.000737767405314987
9.8937936,0.000755150573662888
10.1358552,0.000772482342573023
10.3779168,0.000789762939679565
10.6199784,0.000806992591274498
10.86204,0.000824171522317489
11.1041016,0.000841299956445682
11.3461632,0.000858378115983403
11.5882248,0.000875406221951778
11.8302864,0.000892384494078269
12.072348,0.000909313150806122
12.3144096,0.00092619240930374
12.5564712,0.000943022485473965
12.7985328,0.000959803593963287
13.0405944,0.000976535948170968
13.282656,0.000993219760258086
13.5247176,0.00100985524115651
13.7667792,0.00102644260057777
14.0088408,0.00104298204702189
14.2509024,0.00105947378778613
14.492964,0.00107591802897361
14.7350256,0.00109231497550194
14.9770872,0.00110866483111169
15.2191488,0.00112496779837486
15.4612104,0.00114122407870325
15.703272,0.00115743387235672
15.9453336,0.00117359737845144
16.1873952,0.00118971479496803
16.4294568,0.00120578631875968
16.6715184,0.00122181214556009
16.91358,0.00123779246999149
17.1556416,0.00125372748557249
17.3977032,0.00126961738472588
17.6397648,0.00128546235878638
17.8818264,0.00130126259800834
18.123888,0.00131701829157334
18.3659496,0.00133272962759773
18.6080112,0.00134839679314014
18.8500728,0.00136401997420889
19.0921344,0.00137959935576935
19.334196,0.00139513512175124
19.5762576,0.00141062745505588
19.8183192,0.00142607653756334
20.0603808,0.00144148255013961
20.3024424,0.00145684567264359
20.544504,0.00147216608393414
20.7865656,0.00148744396187701
21.0286272,0.0015026794833517
21.2706888,0.00151787282425832
21.5127504,0.00153302415952434
21.754812,0.00154813366311131
21.9968736,0.0015632015080215
22.2389352,0.00157822786630455
22.4809968,0.00159321290906395
22.7230584,0.00160815680646359
22.96512,0.00162305972773418
23.2071816,0.00163792184117964
23.4492432,0.00165274331418343
23.6913048,0.00166752431321486
23.9333664,0.00168226500383528
24.175428,0.00169696555070429
24.4174896,0.00171162611758586
24.6595512,0.00172624686735444
24.9016128,0.00174082796200094
25.1436744,0.00175536956263875
25.385736,0.00176987182950966
25.6277976,0.00178433492198978
25.8698592,0.0017987589985953
26.1119208,0.00181314421698836
26.3539824,0.00182749073398277
26.596044,0.00184179870554969
26.8381056,0.00185606828682329
27.0801672,0.00187029963210637
27.3222288,0.00188449289487592
27.5642904,0.00189864822778862
27.806352,0.00191276578268633
28.0484136,0.00192684571060151
28.2904752,0.00194088816176261
28.5325368,0.00195489328559941
28.7745984,0.00196886123074834
29.01666,0.00198279214505769
29.2587216,0.00199668617559288
29.5007832,0.0020105434686416
29.7428448,0.00202436416971898
29.9849064,0.00203814842357264
30.226968,0.00205189637418776
30.4690296,0.00206560816479211
30.7110912,0.00207928393786101
30.9531528,0.00209292383512226
31.1952144,0.00210652799756103
31.437276,0.00212009656542477
31.6793376,0.00213362967822794
31.9213992,0.00214712747475687
32.1634608,0.00216059009307448
32.4055224,0.00217401767052495
32.647584,0.00218741034373845
32.8896456,0.00220076824863575
33.1317072,0.00221409152043279
33.3737688,0.00222738029364529
33.6158304,0.00224063470209325
33.857892,0.00225385487890545
34.0999536,0.00226704095652388
34.3420152,0.00228019306670822
34.5840768,0.00229331134054018
34.8261384,0.00230639590842787
35.0682,0.00231944690011012
35.3102616,0.00233246444466077
35.5523232,0.00234544867049294
35.7943848,0.00235839970536321
36.0364464,0.00237131767637585
36.278508,0.00238420270998698
36.5205696,0.00239705493200867
36.7626312,0.00240987446761303
37.0046928,0.00242266144133633
37.2467544,0.00243541597708295
37.488816,0.00244813819812945
37.7308776,0.00246082822712852
37.9729392,0.0024734861861129
38.2150008,0.00248611219649933
38.4570624,0.00249870637909241
38.699124,0.00251126885408843
38.9411856,0.00252379974107926
39.1832472,0.00253629915905607
39.4253088,0.00254876722641315
39.6673704,0.00256120406095162
39.909432,0.00257360977988314
40.1514936,0.00258598449983363
40.3935552,0.00259832833684688
40.6356168,0.00261064140638817
40.8776784,0.00262292382334793
41.11974,0.00263517570204526
41.3618016,0.0026473971562315
41.6038632,0.00265958829909372
41.8459248,0.00267174924325828
42.0879864,0.00268388010079422
42.330048,0.00269598098321675
42.5721096,0.00270805200149066
42.8141712,0.00272009326603372
43.0562328,0.00273210488672001
43.2982944,0.0027440869728833
43.540356,0.00275603963332035
43.7824176,0.00276796297629422
44.0244792,0.0027798571095375
44.2665408,0.00279172214025561
44.5086024,0.00280355817512997
44.750664,0.00281536532032122
44.9927256,0.00282714368147241
45.2347872,0.00283889336371212
45.4768488,0.00285061447165759
45.7189104,0.00286230710941787
45.960972,0.00287397138059683
46.2030336,0.00288560738829629
46.4450952,0.00289721523511901
46.6871568,0.00290879502317172
46.9292184,0.00292034685406813
47.17128,0.00293187082893187
47.4133416,0.00294336704839947
47.6554032,0.00295483561262329
47.8974648,0.00296627662127439
48.1395264,0.00297769017354547
48.381588,0.0029890763681537
48.6236496,0.00300043530334357
48.8657112,0.00301176707688973
49.1077728,0.0030230717860998
49.3498344,0.00303434952781712
49.591896,0.00304560039842355
49.8339576,0.00305682449384221
50.0760192,0.0030680219095402
50.3180808,0.0030791927405313
50.5601424,0.00309033708137866
50.802204,0.0031014550261975
51.0442656,0.0031125466686577
51.2863272,0.00312361210198647
51.5283888,0.00313465141897099
51.7704504,0.00314566471196091
52.012512,0.00315665207287104
52.2545736,0.0031676135931838
52.4966352,0.00317854936395186
52.7386968,0.00318945947580058
52.9807584,0.00320034401893055
53.22282,0.00321120308312006
53.4648816,0.00322203675772761
53.7069432,0.00323284513169429
53.9490048,0.00324362829354629
54.1910664,0.00325438633139725
54.433128,0.00326511933295072
54.6751896,0.00327582738550248
54.9172512,0.00328651057594298
55.1593128,0.00329716899075961
55.4013744,0.00330780271603912
55.643436,0.00331841183746984
55.8854976,0.00332899644034408
56.1275592,0.00333955660956035
56.3696208,0.00335009242962565
56.6116824,0.00336060398465772
56.853744,0.0033710913583873
57.0958056,0.00338155463416032
57.3378672,0.00339199389494012
57.5799288,0.00340240922330967
57.8219904,0.00341280070147369
58.064052,0.00342316841126089
58.3061136,0.00343351243412604
58.5481752,0.00344383285115214
58.7902368,0.00345412974305256
59.0322984,0.00346440319017311
59.27436,0.00347465327249412
59.5164216,0.00348488006963257
59.7584832,0.00349508366084409
60.0005448,0.00350526412502506
60.2426064,0.00351542154071459
60.484668,0.00352555598609659
60.7267296,0.00353566753900175
60.9687912,0.00354575627690953
61.2108528,0.00355582227695015
61.4529144,0.00356586561590656
61.694976,0.00357588637021636
61.9370376,0.00358588461597378
62.1790992,0.00359586042893159
62.4211608,0.003605813884503
62.6632224,0.0036157450577636
62.905284,0.00362565402345317
63.1473456,0.00363554085597766
63.3894072,0.00364540562941096
63.6314688,0.0036552484174968
63.8735304,0.00366506929365057
64.115592,0.00367486833096116
64.3576536,0.00368464560219276
64.5997152,0.00369440117978665
64.8417768,0.00370413513586302
65.0838384,0.00371384754222272
65.3259,0.00372353847034904
65.5679616,0.00373320799140947
65.8100232,0.00374285617625741
66.0520848,0.00375248309543395
66.2941464,0.00376208881916953
66.536208,0.00377167341738571
66.7782696,0.0037812369596968
67.0203312,0.00379077951541163
67.2623928,0.00380030115353513
67.5044544,0.00380980194277006
67.746516,0.00381928195151864
67.9885776,0.0038287412478842
68.2306392,0.00383817989967278
68.4727008,0.00384759797439481
68.7147624,0.00385699553926665
68.956824,0.00386637266121224
69.1988856,0.00387572940686466
69.4409472,0.00388506584256774
69.6830088,0.00389438203437759
69.9250704,0.00390367804806417
70.167132,0.00391295394911287
70.4091936,0.003922209802726
70.6512552,0.00393144567382434
70.8933168,0.00394066162704866
71.1353784,0.00394985772676122
71.37744,0.00395903403704728
71.6195016,0.00396819062171659
71.8615632,0.00397732754430484
72.1036248,0.00398644486807516
72.3456864,0.00399554265601957
72.587748,0.00400462097086044
72.8298096,0.0040136798750519
73.0718712,0.00402271943078131
73.3139328,0.00403173969997067
73.5559944,0.00404074074427804
73.798056,0.0040497226250989
74.0401176,0.00405868540356762
74.2821792,0.00406762914055879
74.5242408,0.00407655389668863
74.7663024,0.00408545973231633
75.008364,0.00409434670754545
75.2504256,0.00410321488222523
75.4924872,0.00411206431595197
75.7345488,0.00412089506807032
75.9766104,0.00412970719767467
76.218672,0.00413850076361042
76.4607336,0.00414727582447528
76.7027952,0.00415603243862064
76.9448568,0.00416477066415278
77.1869184,0.0041734905589342
77.42898,0.00418219218058491
77.6710416,0.00419087558648366
77.9131032,0.00419954083376923
78.1551648,0.00420818797934166
78.3972264,0.00421681707986353
78.639288,0.00422542819176116
78.8813496,0.00423402137122588
79.1234112,0.00424259667421519
79.3654728,0.00425115415645406
79.6075344,0.00425969387343605
79.849596,0.00426821588042459
80.0916576,0.00427672023245409
80.3337192,0.00428520698433121
80.5757808,0.00429367619063595
80.8178424,0.00430212790572291
81.059904,0.00431056218372238
81.3019656,0.00431897907854153
81.5440272,0.00432737864386555
81.7860888,0.00433576093315879
82.0281504,0.00434412599966591
82.270212,0.00435247389641297
82.5122736,0.00436080467620862
82.7543352,0.00436911839164512
82.9963968,0.00437741509509952
83.2384584,0.00438569483873473
83.48052,0.00439395767450062
83.7225816,0.00440220365413512
83.9646432,0.00441043282916526
84.2067048,0.00441864525090827
84.4487664,0.00442684097047267
84.690828,0.00443502003875928
84.9328896,0.00444318250646231
85.1749512,0.0044513284240704
85.4170128,0.00445945784186765
85.6590744,0.00446757080993466
85.901136,0.00447566737814957
86.1431976,0.00448374759618906
86.3852592,0.0044918115135294
86.6273208,0.0044998591794474
86.8693824,0.0045078906430215
87.111444,0.00451590595313269
87.3535056,0.00452390515846554
87.5955672,0.00453188830750916
87.8376288,0.00453985544855823
88.0796904,0.00454780662971392
88.321752,0.00455574189888487
88.5638136,0.00456366130378819
88.8058752,0.00457156489195035
89.0479368,0.00457945271070821
89.2899984,0.00458732480720989
89.53206,0.00459518122841576
89.7741216,0.00460302202109935
90.0161832,0.00461084723184828
90.2582448,0.0046186569070652
90.5003064,0.00462645109296869
90.742368,0.00463422983559417
90.9844296,0.00464199318079482
91.2264912,0.00464974117424248
91.4685528,0.00465747386142852
91.7106144,0.00466519128766476
91.952676,0.00467289349808435
92.1947376,0.00468058053764264
92.4367992,0.00468825245111806
92.6788608,0.00469590928311298
92.9209224,0.0047035510780546
93.162984,0.00471117788019579
93.4050456,0.00471878973361592
93.6471072,0.00472638668222177
93.8891688,0.00473396876974833
94.1312304,0.00474153603975964
94.373292,0.00474908853564963
94.6153536,0.00475662630064297
94.8574152,0.00476414937779587
95.0994768,0.00477165780999691
95.3415384,0.00477915163996784
95.5836,0.00478663091026442
95.8256616,0.0047940956632772
96.0677232,0.00480154594123233
96.3097848,0.00480898178619235
96.5518464,0.004816403240057
96.793908,0.00482381034456398
97.0359696,0.00483120314128976
97.2780312,0.00483858167165032
97.5200928,0.00484594597690199
97.7621544,0.00485329609814214
98.004216,0.00486063207630998
98.2462776,0.00486795395218736
98.4883392,0.00487526176639944
98.7304008,0.00488255555941552
98.9724624,0.00488983537154973
99.214524,0.00489710124296183
99.4565856,0.0049043532136579
99.6986472,0.00491159132349107
99.9407088,0.00491881561216232
100.1827704,0.0049260261192211
100.424832,0.00493322288406616
100.6668936,0.00494040594594618
100.9089552,0.00494757534396053
101.1510168,0.00495473111705998
101.3930784,0.00496187330404737
101.63514,0.00496900194357838
101.8772016,0.00497611707416213
102.1192632,0.00498321873416195
102.3613248,0.00499030696179607
102.6033864,0.00499738179513824
102.845448,0.00500444327211847
103.0875096,0.00501149143052371
103.3295712,0.00501852630799848
103.5716328,0.00502554794204557
103.8136944,0.00503255637002671
104.055756,0.00503955162916322
104.2978176,0.00504653375653668
104.5398792,0.00505350278908957
104.7819408,0.00506045876362593
105.0240024,0.00506740171681201
105.266064,0.00507433168517692
105.5081256,0.00508124870511326
105.7501872,0.00508815281287774
105.9922488,0.00509504404459187
106.2343104,0.00510192243624252
106.476372,0.00510878802368259
106.7184336,0.00511564084263165
106.9604952,0.00512248092867649
107.2025568,0.0051293083172718
107.4446184,0.00513612304374076
107.68668,0.00514292514327565
107.9287416,0.00514971465093845
108.1708032,0.00515649160166146
108.4128648,0.00516325603024788
108.6549264,0.0051700079713724
108.896988,0.00517674745958184
109.1390496,0.00518347452929566
109.3811112,0.00519018921480664
109.6231728,0.00519689155028137
109.8652344,0.0052035815697609
110.107296,0.00521025930716128
110.3493576,0.00521692479627414
110.5914192,0.00522357807076727
110.8334808,0.00523021916418518
111.0755424,0.00523684810994965
111.317604,0.00524346494136031
111.5596656,0.0052500696915952
111.8017272,0.00525666239371131
112.0437888,0.00526324308064514
112.2858504,0.00526981178521324
112.527912,0.00527636854011276
112.7699736,0.005282913377922
113.0120352,0.00528944633110095
113.2540968,0.00529596743199181
113.4961584,0.00530247671281952
113.73822,0.00530897420569234
113.9802816,0.00531545994260232
114.2223432,0.00532193395542585
114.4644048,0.00532839627592418
114.7064664,0.00533484693574394
114.948528,0.00534128596641765
115.1905896,0.00534771339936426
115.4326512,0.00535412926588962
115.6747128,0.00536053359718701
115.9167744,0.00536692642433766
116.158836,0.00537330777831122
116.4008976,0.00537967768996629
116.6429592,0.0053860361900509
116.8850208,0.00539238330920301
117.1270824,0.005398719077951
117.369144,0.00540504352671417
117.6112056,0.00541135668580319
117.8532672,0.00541765858542066
118.0953288,0.00542394925566149
118.3373904,0.00543022872651348
118.579452,0.00543649702785773
118.8215136,0.00544275418946911
119.0635752,0.0054490002410168
119.3056368,0.00545523521206468
119.5476984,0.00546145913207185
119.78976,0.00546767203039305
120.0318216,0.00547387393627918
120.2738832,0.00548006487887769
120.5159448,0.0054862448872331
120.7580064,0.00549241399028741
121.000068,0.00549857221688056
121.2421296,0.00550471959575091
121.4841912,0.00551085615553565
121.7262528,0.00551698192477125
121.9683144,0.00552309693189392
122.210376,0.00552920120524006
122.4524376,0.00553529477304664
122.6944992,0.00554137766345169
122.9365608,0.00554744990449475
123.1786224,0.00555351152411721
123.420684,0.00555956255016283
123.6627456,0.00556560301037815
123.9048072,0.00557163293241284
124.1468688,0.00557765234382024
124.3889304,0.00558366127205768
124.630992,0.00558965974448696
124.8730536,0.00559564778837472
125.1151152,0.00560162543089288
125.3571768,0.00560759269911905
125.5992384,0.00561354962003695
125.8413,0.00561949622053676
