"ResDensity","N_TraitValue"
10.5922,3.12723304618105e-06
10.9539118,3.21140369311492e-06
11.3156236,3.29440503057927e-06
11.6773354,3.37626125678842e-06
12.0390472,3.45699590683936e-06
12.400759,3.53663187527195e-06
12.7624708,3.61519143771423e-06
13.1241826,3.69269627165602e-06
13.4858944,3.76916747639129e-06
13.8476062,3.84462559216795e-06
14.209318,3.91909061858164e-06
14.5710298,3.99258203224796e-06
14.9327416,4.06511880378602e-06
15.2944534,4.13671941414451e-06
15.6561652,4.20740187029957e-06
16.017877,4.27718372035274e-06
16.3795888,4.34608206805535e-06
16.7413006,4.41411358678481e-06
17.1030124,4.48129453299656e-06
17.4647242,4.54764075917469e-06
17.826436,4.61316772630277e-06
18.1881478,4.67789051587553e-06
18.5498596,4.74182384147104e-06
18.9115714,4.80498205990195e-06
19.2732832,4.8673791819636e-06
19.634995,4.92902888279594e-06
19.9967068,4.98994451187523e-06
20.3584186,5.050139102651e-06
20.7201304,5.10962538184279e-06
21.0818422,5.16841577841061e-06
21.443554,5.22652243221244e-06
21.8052658,5.28395720236142e-06
22.1669776,5.34073167529474e-06
22.5286894,5.39685717256593e-06
22.8904012,5.45234475837138e-06
23.252113,5.50720524682168e-06
23.6138248,5.56144920896783e-06
23.9755366,5.61508697959193e-06
24.3372484,5.66812866377137e-06
24.6989602,5.72058414322549e-06
25.060672,5.77246308245288e-06
25.4223838,5.82377493466751e-06
25.7840956,5.87452894754115e-06
26.1458074,5.92473416875965e-06
26.5075192,5.97439945139979e-06
26.869231,6.02353345913374e-06
27.2309428,6.07214467126726e-06
27.5926546,6.12024138761802e-06
27.9543664,6.16783173323981e-06
28.3160782,6.21492366299828e-06
28.67779,6.26152496600373e-06
29.0395018,6.30764326990603e-06
29.4012136,6.35328604505667e-06
29.7629254,6.39846060854278e-06
30.1246372,6.44317412809759e-06
30.486349,6.48743362589179e-06
30.8480608,6.53124598220996e-06
31.2097726,6.57461793901615e-06
31.5714844,6.6175561034125e-06
31.9331962,6.66006695099456e-06
32.294908,6.70215682910692e-06
32.6566198,6.74383196000267e-06
33.0183316,6.78509844390985e-06
33.3800434,6.82596226200813e-06
33.7417552,6.86642927931885e-06
34.103467,6.90650524751122e-06
34.4651788,6.94619580762756e-06
34.8268906,6.9855064927303e-06
35.1886024,7.02444273047335e-06
35.5503142,7.06300984560034e-06
35.912026,7.1012130623721e-06
36.2737378,7.13905750692581e-06
36.6354496,7.17654820956798e-06
36.9971614,7.21369010700339e-06
37.3588732,7.25048804450213e-06
37.720585,7.28694677800675e-06
38.0822968,7.32307097618136e-06
38.4440086,7.35886522240456e-06
38.8057204,7.39433401670809e-06
39.1674322,7.42948177766277e-06
39.529144,7.46431284421349e-06
39.8908558,7.4988314774648e-06
40.2525676,7.53304186241869e-06
40.6142794,7.56694810966601e-06
40.9759912,7.60055425703298e-06
41.337703,7.63386427118416e-06
41.6994148,7.66688204918326e-06
42.0611266,7.69961142001301e-06
42.4228384,7.73205614605544e-06
42.7845502,7.76421992453361e-06
43.146262,7.79610638891613e-06
43.5079738,7.82771911028549e-06
43.8696856,7.85906159867123e-06
44.2313974,7.89013730434922e-06
44.5931092,7.92094961910773e-06
44.954821,7.95150187748154e-06
45.3165328,7.98179735795493e-06
45.6782446,8.01183928413443e-06
46.0399564,8.04163082589228e-06
46.4016682,8.07117510048141e-06
46.76338,8.10047517362274e-06
47.1250918,8.12953406056569e-06
47.4868036,8.15835472712253e-06
47.8485154,8.1869400906775e-06
48.2102272,8.2152930211712e-06
48.571939,8.24341634206113e-06
48.9336508,8.27131283125902e-06
49.2953626,8.29898522204547e-06
49.6570744,8.3264362039627e-06
50.0187862,8.35366842368599e-06
50.380498,8.3806844858743e-06
50.7422098,8.40748695400072e-06
51.1039216,8.43407835116338e-06
51.4656334,8.46046116087715e-06
51.8273452,8.48663782784693e-06
52.189057,8.51261075872272e-06
52.5507688,8.53838232283731e-06
52.9124806,8.56395485292668e-06
53.2741924,8.58933064583398e-06
53.6359042,8.61451196319712e-06
53.997616,8.6395010321208e-06
54.3593278,8.66430004583304e-06
54.7210396,8.68891116432695e-06
55.0827514,8.7133365149878e-06
55.4444632,8.73757819320609e-06
55.806175,8.76163826297674e-06
56.1678868,8.7855187574849e-06
56.5295986,8.80922167967875e-06
56.8913104,8.83274900282944e-06
57.2530222,8.85610267107874e-06
57.614734,8.87928459997457e-06
57.9764458,8.90229667699478e-06
58.3381576,8.9251407620594e-06
58.6998694,8.94781868803177e-06
59.0615812,8.97033226120878e-06
59.423293,8.99268326180043e-06
59.7850048,9.01487344439911e-06
60.1467166,9.03690453843872e-06
60.5084284,9.058778248644e-06
60.8701402,9.08049625547026e-06
61.231852,9.10206021553371e-06
61.5935638,9.12347176203271e-06
61.9552756,9.14473250516011e-06
62.3169874,9.1658440325069e-06
62.6786992,9.1868079094574e-06
63.040411,9.20762567957615e-06
63.4021228,9.22829886498683e-06
63.7638346,9.24882896674317e-06
64.1255464,9.26921746519237e-06
64.4872582,9.2894658203308e-06
64.84897,9.30957547215263e-06
65.2106818,9.32954784099114e-06
65.5723936,9.34938432785313e-06
65.9341054,9.36908631474653e-06
66.2958172,9.3886551650014e-06
66.657529,9.40809222358434e-06
67.0192408,9.42739881740669e-06
67.3809526,9.44657625562648e-06
67.7426644,9.46562582994431e-06
68.1043762,9.48454881489347e-06
68.466088,9.50334646812407e-06
68.8277998,9.52202003068178e-06
69.1895116,9.54057072728091e-06
69.5512234,9.55899976657217e-06
69.9129352,9.57730834140517e-06
70.274647,9.59549762908583e-06
70.6363588,9.6135687916287e-06
70.9980706,9.63152297600442e-06
71.3597824,9.64936131438244e-06
71.7214942,9.66708492436895e-06
72.083206,9.68469490924031e-06
72.4449178,9.70219235817201e-06
72.8066296,9.71957834646318e-06
73.1683414,9.73685393575692e-06
73.5300532,9.75402017425639e-06
73.891765,9.77107809693678e-06
74.2534768,9.78802872575339e-06
74.6151886,9.80487306984564e-06
74.9769004,9.82161212573742e-06
75.3386122,9.83824687753355e-06
75.700324,9.8547782971127e-06
76.0620358,9.8712073443166e-06
76.4237476,9.8875349671359e-06
76.7854594,9.90376210189243e-06
77.1471712,9.91988967341823e-06
77.508883,9.93591859523127e-06
77.8705948,9.9518497697079e-06
78.2323066,9.9676840882522e-06
78.5940184,9.98342243146228e-06
78.9557302,9.99906566929347e-06
79.317442,1.00146146612187e-05
79.6791538,1.00300702563857e-05
80.0408656,1.00454332937721e-05
80.4025774,1.00607046023364e-05
80.7642892,1.00758850011679e-05
81.126001,1.00909752996328e-05
81.4877128,1.01059762975179e-05
81.8494246,1.01208887851721e-05
82.2111364,1.01357135436452e-05
82.5728482,1.01504513448241e-05
82.93456,1.01651029515672e-05
83.2962718,1.01796691178353e-05
83.6579836,1.01941505888217e-05
84.0196954,1.02085481010788e-05
84.3814072,1.0222862382643e-05
84.743119,1.02370941531579e-05
85.1048308,1.0251244123994e-05
85.4665426,1.02653129983684e-05
85.8282544,1.02793014714601e-05
86.1899662,1.02932102305253e-05
86.551678,1.03070399550099e-05
86.9133898,1.03207913166597e-05
87.2751016,1.03344649796295e-05
87.6368134,1.034806160059e-05
87.9985252,1.03615818288329e-05
88.360237,1.03750263063742e-05
88.7219488,1.03883956680558e-05
89.0836606,1.04016905416457e-05
89.4453724,1.04149115479358e-05
89.8070842,1.04280593008389e-05
90.168796,1.04411344074836e-05
90.5305078,1.04541374683078e-05
90.8922196,1.04670690771505e-05
91.2539314,1.04799298213423e-05
91.6156432,1.04927202817943e-05
91.977355,1.05054410330855e-05
92.3390668,1.0518092643549e-05
92.7007786,1.05306756753565e-05
93.0624904,1.05431906846018e-05
93.4242022,1.05556382213821e-05
93.785914,1.05680188298795e-05
94.1476258,1.05803330484396e-05
94.5093376,1.05925814096498e-05
94.8710494,1.06047644404161e-05
95.2327612,1.06168826620387e-05
95.594473,1.0628936590286e-05
95.9561848,1.06409267354683e-05
96.3178966,1.06528536025096e-05
96.6796084,1.06647176910181e-05
97.0413202,1.06765194953567e-05
97.403032,1.06882595047111e-05
97.7647438,1.06999382031574e-05
98.1264556,1.07115560697292e-05
98.4881674,1.07231135784823e-05
98.8498792,1.07346111985598e-05
99.211591,1.07460493942553e-05
99.5733028,1.07574286250753e-05
99.9350146,1.07687493458012e-05
100.2967264,1.07800120065494e-05
100.6584382,1.07912170528311e-05
101.02015,1.08023649256111e-05
101.3818618,1.08134560613656e-05
101.7435736,1.08244908921393e-05
102.1052854,1.08354698456014e-05
102.4669972,1.08463933451006e-05
102.828709,1.085726180972e-05
103.1904208,1.08680756543305e-05
103.5521326,1.08788352896433e-05
103.9138444,1.08895411222623e-05
104.2755562,1.09001935547351e-05
104.637268,1.09107929856036e-05
104.9989798,1.09213398094535e-05
105.3606916,1.09318344169636e-05
105.7224034,1.09422771949535e-05
106.0841152,1.09526685264318e-05
106.445827,1.09630087906423e-05
106.8075388,1.09732983631105e-05
107.1692506,1.09835376156891e-05
107.5309624,1.09937269166025e-05
107.8926742,1.10038666304912e-05
108.254386,1.10139571184553e-05
108.6160978,1.10239987380971e-05
108.9778096,1.10339918435635e-05
109.3395214,1.1043936785588e-05
109.7012332,1.1053833911531e-05
110.062945,1.10636835654208e-05
110.4246568,1.10734860879933e-05
110.7863686,1.10832418167314e-05
111.1480804,1.10929510859033e-05
111.5097922,1.11026142266014e-05
111.871504,1.11122315667792e-05
112.2332158,1.11218034312889e-05
112.5949276,1.11313301419178e-05
112.9566394,1.11408120174244e-05
113.3183512,1.11502493735739e-05
113.680063,1.11596425231732e-05
114.0417748,1.11689917761057e-05
114.4034866,1.1178297439365e-05
114.7651984,1.1187559817089e-05
115.1269102,1.11967792105925e-05
115.488622,1.12059559184003e-05
115.8503338,1.12150902362792e-05
116.2120456,1.12241824572698e-05
116.5737574,1.12332328717178e-05
116.9354692,1.12422417673052e-05
117.297181,1.12512094290803e-05
117.6588928,1.12601361394881e-05
118.0206046,1.12690221784001e-05
118.3823164,1.12778678231429e-05
118.7440282,1.12866733485278e-05
119.10574,1.12954390268788e-05
119.4674518,1.13041651280608e-05
119.8291636,1.13128519195075e-05
120.1908754,1.13214996662481e-05
120.5525872,1.13301086309351e-05
120.914299,1.13386790738702e-05
121.2760108,1.1347211253031e-05
121.6377226,1.13557054240966e-05
121.9994344,1.1364161840473e-05
122.3611462,1.1372580753319e-05
122.722858,1.13809624115702e-05
123.0845698,1.13893070619641e-05
123.4462816,1.1397614949064e-05
123.8079934,1.14058863152833e-05
124.1697052,1.14141214009086e-05
124.531417,1.14223204441232e-05
124.8931288,1.143048368103e-05
125.2548406,1.14386113456744e-05
125.6165524,1.14467036700663e-05
125.9782642,1.14547608842024e-05
126.339976,1.1462783216088e-05
126.7016878,1.14707708917584e-05
127.0633996,1.14787241353001e-05
127.4251114,1.14866431688719e-05
127.7868232,1.14945282127257e-05
128.148535,1.15023794852263e-05
128.5102468,1.15101972028725e-05
128.8719586,1.15179815803162e-05
129.2336704,1.15257328303824e-05
129.5953822,1.15334511640885e-05
129.957094,1.15411367906636e-05
130.3188058,1.15487899175672e-05
130.6805176,1.1556410750508e-05
131.0422294,1.15639994934624e-05
131.4039412,1.15715563486923e-05
131.765653,1.15790815167637e-05
132.1273648,1.15865751965639e-05
132.4890766,1.15940375853193e-05
132.8507884,1.16014688786125e-05
133.2125002,1.16088692703998e-05
133.574212,1.16162389530275e-05
133.9359238,1.16235781172491e-05
134.2976356,1.16308869522413e-05
134.6593474,1.16381656456206e-05
135.0210592,1.16454143834593e-05
135.382771,1.1652633350301e-05
135.7444828,1.16598227291768e-05
136.1061946,1.16669827016204e-05
136.4679064,1.16741134476837e-05
136.8296182,1.16812151459512e-05
137.19133,1.16882879735559e-05
137.5530418,1.16953321061933e-05
137.9147536,1.17023477181362e-05
138.2764654,1.17093349822489e-05
138.6381772,1.17162940700018e-05
138.999889,1.17232251514849e-05
139.3616008,1.17301283954222e-05
139.7233126,1.17370039691848e-05
140.0850244,1.17438520388049e-05
140.4467362,1.17506727689892e-05
140.808448,1.17574663231315e-05
141.1701598,1.17642328633265e-05
141.5318716,1.17709725503822e-05
141.8935834,1.17776855438327e-05
142.2552952,1.17843720019512e-05
142.617007,1.17910320817617e-05
142.9787188,1.1797665939052e-05
143.3404306,1.18042737283854e-05
143.7021424,1.1810855603113e-05
144.0638542,1.18174117153853e-05
144.425566,1.18239422161641e-05
144.7872778,1.1830447255234e-05
145.1489896,1.1836926981214e-05
145.5107014,1.18433815415685e-05
145.8724132,1.18498110826188e-05
146.234125,1.18562157495541e-05
146.5958368,1.18625956864423e-05
146.9575486,1.18689510362409e-05
147.3192604,1.18752819408076e-05
147.6809722,1.18815885409111e-05
148.042684,1.18878709762411e-05
148.4043958,1.1894129385419e-05
148.7661076,1.1900363906008e-05
149.1278194,1.19065746745229e-05
149.4895312,1.19127618264406e-05
149.851243,1.19189254962093e-05
150.2129548,1.1925065817259e-05
150.5746666,1.19311829220105e-05
150.9363784,1.1937276941885e-05
151.2980902,1.19433480073138e-05
151.659802,1.19493962477475e-05
152.0215138,1.19554217916651e-05
152.3832256,1.1961424766583e-05
152.7449374,1.19674052990645e-05
153.1066492,1.1973363514728e-05
153.468361,1.19792995382562e-05
153.8300728,1.19852134934049e-05
154.1917846,1.19911055030112e-05
154.5534964,1.19969756890026e-05
154.9152082,1.20028241724045e-05
155.27692,1.20086510733496e-05
155.6386318,1.20144565110853e-05
156.0003436,1.20202406039822e-05
156.3620554,1.2026003469542e-05
156.7237672,1.20317452244058e-05
157.085479,1.20374659843612e-05
157.4471908,1.20431658643511e-05
157.8089026,1.20488449784805e-05
158.1706144,1.20545034400248e-05
158.5323262,1.20601413614368e-05
158.894038,1.20657588543543e-05
159.2557498,1.2071356029608e-05
159.6174616,1.20769329972277e-05
159.9791734,1.20824898664507e-05
160.3408852,1.2088026745728e-05
160.702597,1.2093543742732e-05
161.0643088,1.20990409643629e-05
161.4260206,1.21045185167562e-05
161.7877324,1.21099765052892e-05
162.1494442,1.21154150345876e-05
162.511156,1.21208342085325e-05
162.8728678,1.21262341302671e-05
163.2345796,1.21316149022028e-05
163.5962914,1.21369766260259e-05
163.9580032,1.21423194027043e-05
164.319715,1.21476433324932e-05
164.6814268,1.2152948514942e-05
165.0431386,1.21582350489001e-05
165.4048504,1.21635030325233e-05
165.7665622,1.21687525632797e-05
166.128274,1.21739837379557e-05
166.4899858,1.21791966526621e-05
166.8516976,1.21843914028398e-05
167.2134094,1.21895680832659e-05
167.5751212,1.21947267880591e-05
167.936833,1.21998676106857e-05
168.2985448,1.2204990643965e-05
168.6602566,1.22100959800753e-05
169.0219684,1.22151837105589e-05
169.3836802,1.2220253926328e-05
169.745392,1.22253067176696e-05
170.1071038,1.22303421742517e-05
170.4688156,1.22353603851277e-05
170.8305274,1.22403614387422e-05
171.1922392,1.22453454229362e-05
171.553951,1.22503124249517e-05
171.9156628,1.22552625314376e-05
172.2773746,1.2260195828454e-05
172.6390864,1.22651124014777e-05
173.0007982,1.2270012335407e-05
173.36251,1.22748957145663e-05
173.7242218,1.22797626227112e-05
174.0859336,1.22846131430335e-05
174.4476454,1.22894473581656e-05
174.8093572,1.2294265350185e-05
175.171069,1.22990672006196e-05
175.5327808,1.23038529904518e-05
175.8944926,1.23086228001232e-05
176.2562044,1.2313376709539e-05
176.6179162,1.23181147980727e-05
176.979628,1.23228371445703e-05
177.3413398,1.23275438273547e-05
177.7030516,1.23322349242302e-05
178.0647634,1.23369105124865e-05
178.4264752,1.23415706689033e-05
178.788187,1.23462154697541e-05
179.1498988,1.23508449908107e-05
179.5116106,1.23554593073473e-05
179.8733224,1.23600584941442e-05
180.2350342,1.23646426254923e-05
180.596746,1.23692117751969e-05
180.9584578,1.23737660165816e-05
181.3201696,1.23783054224924e-05
181.6818814,1.23828300653013e-05
182.0435932,1.23873400169106e-05
182.405305,1.23918353487562e-05
182.7670168,1.23963161318116e-05
183.1287286,1.24007824365919e-05
183.4904404,1.24052343331569e-05
183.8521522,1.24096718911154e-05
184.213864,1.24140951796283e-05
184.5755758,1.24185042674126e-05
184.9372876,1.24228992227446e-05
185.2989994,1.24272801134638e-05
185.6607112,1.24316470069762e-05
186.022423,1.24359999702575e-05
186.3841348,1.2440339069857e-05
186.7458466,1.24446643719008e-05
187.1075584,1.2448975942095e-05
187.4692702,1.24532738457292e-05
187.830982,1.24575581476797e-05
188.1926938,1.24618289124129e-05
188.5544056,1.24660862039886e-05
188.9161174,1.24703300860626e-05
189.2778292,1.24745606218908e-05
189.639541,1.24787778743316e-05
190.0012528,1.24829819058494e-05
190.3629646,1.24871727785175e-05
190.7246764,1.24913505540212e-05
191.0863882,1.2495515293661e-05
191.4481,1.24996670583552e-05
