"ResDensity","N_TraitValue"
1.3927,0.00181902266093356
1.500006,0.00194884795922261
1.607312,0.00207731160891802
1.714618,0.00220443492036358
1.821924,0.00233023876152371
1.92923,0.00245474356940333
2.036536,0.00257796936111578
2.143842,0.0026999357446114
2.251148,0.00282066192907886
2.358454,0.00294016673503071
2.46576,0.0030584686040845
2.573066,0.00317558560844986
2.680372,0.00329153546013209
2.787678,0.00340633551986182
2.894984,0.00352000280576047
3.00229,0.00363255400175029
3.109596,0.00374400546571804
3.216902,0.00385437323744044
3.324208,0.00396367304627955
3.431514,0.0040719203186559
3.53882,0.00417913018530667
3.646126,0.00428531748833625
3.753432,0.004390496788066
3.860738,0.00449468236968986
3.968044,0.0045978882497422
4.07535,0.00470012818238405
4.182656,0.00480141566551368
4.289962,0.00490176394670717
4.397268,0.00500118602899451
4.504574,0.00509969467647645
4.61188,0.00519730241978732
4.719186,0.00529402156140859
4.826492,0.00538986418083797
4.933798,0.00548484213961867
5.041104,0.00557896708623306
5.14841,0.00567225046086517
5.255716,0.00576470350003591
5.363022,0.00585633724111513
5.470328,0.00594716252671427
5.577634,0.00603719000896318
5.68494,0.00612643015367478
5.792246,0.00621489324440094
5.899552,0.00630258938638284
6.006858,0.00638952851039905
6.114164,0.00647572037651437
6.22147,0.00656117457773242
6.328776,0.00664590054355487
6.436082,0.00672990754345002
6.543388,0.00681320469023349
6.650694,0.00689580094336356
6.758,0.00697770511215366
6.865306,0.00705892585890447
6.972612,0.0071394717019579
7.079918,0.00721935101867532
7.187224,0.00729857204834206
7.29453,0.00737714289500052
7.401836,0.0074550715302137
7.509142,0.0075323657957613
7.616448,0.00760903340627022
7.723754,0.00768508195178139
7.83106,0.00776051890025455
7.938366,0.00783535160001303
8.045672,0.0079095872821298
8.152978,0.00798323306275682
8.260284,0.00805629594539898
8.36759,0.00812878282313428
8.474896,0.00820070048078172
8.582202,0.00827205559701832
8.689508,0.00834285474644662
8.796814,0.0084131044016141
8.90412,0.0084828109349857
9.011426,0.0085519806208708
9.118732,0.00862061963730585
9.226038,0.00868873406789382
9.333344,0.00875632990360166
9.44065,0.0088234130445168
9.547956,0.00888998930156395
9.655262,0.00895606439818296
9.762568,0.00902164397196913
9.869874,0.00908673357627656
9.97718,0.00915133868178586
10.084486,0.00921546467803686
10.191792,0.00927911687492742
10.299098,0.00934230050417911
10.406404,0.00940502072077064
10.51371,0.0094672826043399
10.621016,0.00952909116055529
10.728322,0.00959045132245733
10.835628,0.00965136795177104
10.942934,0.00971184584019011
11.05024,0.00977188971063327
11.157546,0.00983150421847382
11.264852,0.00989069395274285
11.372158,0.00994946343730678
11.479464,0.01000781713202
11.58677,0.0100657594338531
11.694076,0.0101232946779971
11.801382,0.010180427138945
11.908688,0.0102371610315502
12.015994,0.010293500512063
12.1233,0.0103494496791458
12.230606,0.0104050125748667
12.337912,0.0104601931856734
12.445218,0.0105149954433463
12.552524,0.0105694232259323
12.65983,0.01062348035866
12.767136,0.0106771706148356
12.874442,0.010730497716721
12.981748,0.0107834653363937
13.089054,0.0108360770965904
13.19636,0.0108883365715322
13.303666,0.0109402472877344
13.410972,0.0109918127248
13.518278,0.0110430363161967
13.625584,0.0110939214500192
13.73289,0.0111444714697366
13.840196,0.0111946896749239
13.947502,0.0112445793219808
14.054808,0.011294143624835
14.162114,0.011343385755633
14.26942,0.0113923088454159
14.376726,0.0114409159847841
14.484032,0.0114892102245473
14.591338,0.0115371945763635
14.698644,0.0115848720133643
14.80595,0.0116322454707698
14.913256,0.0116793178464903
15.020562,0.0117260920017175
15.127868,0.0117725707615042
15.235174,0.0118187569153333
15.34248,0.0118646532176755
15.449786,0.0119102623885369
15.557092,0.0119555871139969
15.664398,0.0120006300467347
15.771704,0.0120453938065476
15.87901,0.0120898809808584
15.986316,0.0121340941252142
16.093622,0.0121780357637757
16.200928,0.0122217083897976
16.308234,0.0122651144661001
16.41554,0.0123082564255318
16.522846,0.0123511366714245
16.630152,0.0123937575780394
16.737458,0.0124361214910051
16.844764,0.0124782307277481
16.95207,0.0125200875779157
17.059376,0.0125616943037902
17.166682,0.0126030531406972
17.273988,0.0126441662974058
17.381294,0.0126850359565216
17.4886,0.0127256642748728
17.595906,0.0127660533838904
17.703212,0.0128062053899799
17.810518,0.0128461223748883
17.917824,0.0128858063960636
18.02513,0.0129252594870081
18.132436,0.0129644836576261
18.239742,0.0130034808945651
18.347048,0.013042253161551
18.454354,0.0130808023997181
18.56166,0.0131191305279327
18.668966,0.0131572394431119
18.776272,0.013195131020536
18.883578,0.0132328071141566
18.990884,0.0132702695568988
19.09819,0.0133075201609583
19.205496,0.013344560718094
19.312802,0.0133813929999147
19.420108,0.0134180187581622
19.527414,0.0134544397249886
19.63472,0.0134906576132294
19.742026,0.0135266741166722
19.849332,0.0135624909103208
19.956638,0.0135981096506545
20.063944,0.0136335319758837
20.17125,0.0136687595062013
20.278556,0.0137037938440292
20.385862,0.0137386365742618
20.493168,0.0137732892645046
20.600474,0.0138077534653096
20.70778,0.0138420307104063
20.815086,0.0138761225169296
20.922392,0.0139100303856432
21.029698,0.01394375580116
21.137004,0.013977300232159
21.24431,0.0140106651315981
21.351616,0.0140438519369243
21.458922,0.0140768620702797
21.566228,0.014109696938705
21.673534,0.0141423579343394
21.78084,0.014174846434617
21.888146,0.0142071638024609
21.995452,0.0142393113864736
22.102758,0.0142712905211243
22.210064,0.0143031025269342
22.31737,0.0143347487106577
22.424676,0.0143662303654616
22.531982,0.014397548771101
22.639288,0.0144287051940931
22.746594,0.0144597008878878
22.8539,0.0144905370930355
22.961206,0.0145212150373529
23.068512,0.014551735936086
23.175818,0.0145821009920704
23.283124,0.0146123113958893
23.39043,0.0146423683260293
23.497736,0.0146722729490335
23.605042,0.0147020264196525
23.712348,0.0147316298809929
23.819654,0.0147610844646639
23.92696,0.0147903912909214
24.034266,0.0148195514688097
24.141572,0.0148485660963022
24.248878,0.0148774362604383
24.356184,0.0149061630374599
24.46349,0.0149347474929445
24.570796,0.0149631906819375
24.678102,0.0149914936490817
24.785408,0.0150196574287453
24.892714,0.0150476830451479
25.00002,0.0150755715124845
25.107326,0.0151033238350483
25.214632,0.0151309410073505
25.321938,0.01515842401424
25.429244,0.0151857738310197
25.53655,0.0152129914235623
25.643856,0.0152400777484239
25.751162,0.015267033752956
25.858468,0.0152938603754161
25.965774,0.0153205585450762
26.07308,0.0153471291823307
26.180386,0.0153735731988017
26.287692,0.0153998914974433
26.394998,0.0154260849726446
26.502304,0.0154521545103308
26.60961,0.0154781009880631
26.716916,0.0155039252751376
26.824222,0.0155296282326815
26.931528,0.0155552107137497
27.038834,0.0155806735634187
27.14614,0.0156060176188798
27.253446,0.0156312437095309
27.360752,0.0156563526570667
27.468058,0.0156813452755683
27.575364,0.0157062223715909
27.68267,0.0157309847442508
27.789976,0.0157556331853106
27.897282,0.0157801684792642
28.004588,0.0158045914034193
28.111894,0.01582890272798
28.2192,0.0158531032161276
28.326506,0.0158771936241005
28.433812,0.0159011747012729
28.541118,0.0159250471902325
28.648424,0.0159488118268572
28.75573,0.015972469340391
28.863036,0.0159960204535179
28.970342,0.0160194658824361
29.077648,0.0160428063369304
29.184954,0.0160660425204438
29.29226,0.0160891751301481
29.399566,0.016112204857014
29.506872,0.0161351323858792
29.614178,0.0161579583955171
29.721484,0.0161806835587033
29.82879,0.0162033085422815
29.936096,0.0162258340072294
30.043402,0.0162482606087225
30.150708,0.0162705889961978
30.258014,0.0162928198134166
30.36532,0.0163149536985261
30.472626,0.0163369912841209
30.579932,0.0163589331973027
30.687238,0.0163807800597403
30.794544,0.016402532487728
30.90185,0.0164241910922436
31.009156,0.0164457564790058
31.116462,0.0164672292485304
31.223768,0.0164886099961862
31.331074,0.01650989931225
31.43838,0.0165310977819608
31.545686,0.0165522059855737
31.652992,0.0165732244984127
31.760298,0.0165941538909227
31.867604,0.0166149947287216
31.97491,0.016635747572651
32.082216,0.0166564129788263
32.189522,0.016676991498687
32.296828,0.0166974836790449
32.404134,0.0167178900621333
32.51144,0.0167382111856543
32.618746,0.0167584475828264
32.726052,0.016778599782431
32.833358,0.0167986683088583
32.940664,0.0168186536821529
33.04797,0.0168385564180588
33.155276,0.0168583770280638
33.262582,0.0168781160194432
33.369888,0.0168977738953029
33.477194,0.0169173511546226
33.5845,0.0169368482922976
33.691806,0.0169562657991807
33.799112,0.0169756041621234
33.906418,0.0169948638640165
34.013724,0.0170140453838305
34.12103,0.0170331491966548
34.228336,0.0170521757737377
34.335642,0.0170711255825245
34.442948,0.0170899990866959
34.550254,0.0171087967462062
34.65756,0.0171275190173201
34.764866,0.0171461663526501
34.872172,0.0171647392011928
34.979478,0.0171832380083647
35.086784,0.0172016632160382
35.19409,0.0172200152625766
35.301396,0.0172382945828689
35.408702,0.0172565016083639
35.516008,0.0172746367671047
35.623314,0.0172927004837617
35.73062,0.017310693179666
35.837926,0.0173286152728421
35.945232,0.0173464671780404
36.052538,0.0173642493067689
36.159844,0.0173819620673253
36.26715,0.0173996058648277
36.374456,0.0174171811012458
36.481762,0.0174346881754315
36.589068,0.0174521274831488
36.696374,0.0174694994171038
36.80368,0.0174868043669742
36.910986,0.0175040427194384
37.018292,0.0175212148582041
37.125598,0.0175383211640372
37.232904,0.0175553620147895
37.34021,0.0175723377854269
37.447516,0.0175892488480566
37.554822,0.0176060955719543
37.662128,0.0176228783235915
37.769434,0.0176395974666615
37.87674,0.0176562533621061
37.984046,0.0176728463681412
38.091352,0.0176893768402828
38.198658,0.0177058451313725
38.305964,0.017722251591602
38.41327,0.0177385965685386
38.520576,0.0177548804071493
38.627882,0.0177711034498252
38.735188,0.0177872660364057
38.842494,0.0178033685042019
38.9498,0.0178194111880202
39.057106,0.0178353944201857
39.164412,0.0178513185305647
39.271718,0.0178671838465878
39.379024,0.0178829906932723
39.48633,0.0178987393932442
39.593636,0.0179144302667602
39.700942,0.0179300636317295
39.808248,0.0179456398037353
39.915554,0.0179611590960558
40.02286,0.0179766218196855
40.130166,0.0179920282833558
40.237472,0.0180073787935557
40.344778,0.0180226736545518
40.452084,0.0180379131684086
40.55939,0.0180530976350088
40.666696,0.0180682273520721
40.774002,0.0180833026151753
40.881308,0.0180983237177715
40.988614,0.0181132909512088
41.09592,0.0181282046047496
41.203226,0.0181430649655888
41.310532,0.0181578723188725
41.417838,0.0181726269477161
41.525144,0.0181873291332225
41.63245,0.0182019791544998
41.739756,0.0182165772886791
41.847062,0.0182311238109319
41.954368,0.0182456189944871
42.061674,0.0182600631106488
42.16898,0.0182744564288127
42.276286,0.0182887992164828
42.383592,0.0183030917392882
42.490898,0.0183173342609997
42.598204,0.0183315270435454
42.70551,0.0183456703470274
42.812816,0.0183597644297372
42.920122,0.0183738095481719
43.027428,0.0183878059570492
43.134734,0.0184017539093232
43.24204,0.0184156536561998
43.349346,0.018429505447151
43.456652,0.0184433095299309
43.563958,0.0184570661505895
43.671264,0.0184707755534878
43.77857,0.0184844379813125
43.885876,0.0184980536750896
43.993182,0.0185116228741992
44.100488,0.0185251458163894
44.207794,0.01853862273779
44.3151,0.0185520538729264
44.422406,0.018565439454733
44.529712,0.0185787797145671
44.637018,0.0185920748822218
44.744324,0.0186053251859393
44.85163,0.018618530852424
44.958936,0.0186316921068556
45.066242,0.0186448091729017
45.173548,0.0186578822727303
45.280854,0.0186709116270228
45.38816,0.018683897454986
45.495466,0.0186968399743647
45.602772,0.0187097394014536
45.710078,0.0187225959511095
45.817384,0.0187354098367634
45.92469,0.0187481812704318
46.031996,0.018760910462729
46.139302,0.0187735976228783
46.246608,0.0187862429587234
46.353914,0.0187988466767401
46.46122,0.0188114089820474
46.568526,0.0188239300784183
46.675832,0.0188364101682913
46.783138,0.018848849452781
46.890444,0.0188612481316891
46.99775,0.018873606403515
47.105056,0.0188859244654662
47.212362,0.0188982025134691
47.319668,0.0189104407421795
47.426974,0.0189226393449922
47.53428,0.0189347985140521
47.641586,0.0189469184402635
47.748892,0.0189589993133006
47.856198,0.0189710413216171
47.963504,0.0189830446524563
48.07081,0.0189950094918604
48.178116,0.0190069360246805
48.285422,0.0190188244345859
48.392728,0.0190306749040736
48.500034,0.0190424876144776
48.60734,0.0190542627459781
48.714646,0.019066000477611
48.821952,0.0190777009872763
48.929258,0.0190893644517478
49.036564,0.0191009910466817
49.14387,0.0191125809466251
49.251176,0.0191241343250255
49.358482,0.0191356513542386
49.465788,0.0191471322055376
49.573094,0.0191585770491211
49.6804,0.0191699860541218
49.787706,0.0191813593886151
49.895012,0.0191926972196267
50.002318,0.0192039997131414
50.109624,0.0192152670341107
50.21693,0.0192264993464612
50.324236,0.0192376968131024
50.431542,0.0192488595959345
50.538848,0.0192599878558565
50.646154,0.0192710817527735
50.75346,0.0192821414456047
50.860766,0.0192931670922908
50.968072,0.0193041588498016
51.075378,0.0193151168741434
51.182684,0.0193260413203665
51.28999,0.0193369323425724
51.397296,0.0193477900939211
51.504602,0.0193586147266382
51.611908,0.019369406392022
51.719214,0.0193801652404509
51.82652,0.0193908914213896
51.933826,0.0194015850833971
52.041132,0.0194122463741326
52.148438,0.0194228754403627
52.255744,0.0194334724279684
52.36305,0.0194440374819512
52.470356,0.01945457074644
52.577662,0.0194650723646979
52.684968,0.0194755424791282
52.792274,0.0194859812312811
52.89958,0.0194963887618604
53.006886,0.019506765210729
53.114192,0.019517110716916
53.221498,0.0195274254186225
53.328804,0.0195377094532277
53.43611,0.0195479629572951
53.543416,0.0195581860665788
53.650722,0.019568378916029
53.758028,0.0195785416397983
53.865334,0.0195886743712476
53.97264,0.0195987772429515
54.079946,0.0196088503867046
54.187252,0.019618893933527
54.294558,0.01962890801367
54.401864,0.0196388927566217
54.50917,0.0196488482911126
54.616476,0.0196587747451213
54.723782,0.0196686722458797
54.831088,0.0196785409198784
54.938394,0.0196883808928726
55.0457,0.0196981922898869
