"ResDensity","N_TraitValue"
4,2.74769407353081e-05
4.056,2.77877377668916e-05
4.112,2.80968908880807e-05
4.168,2.84044131072678e-05
4.224,2.87103172959579e-05
4.28,2.90146161905643e-05
4.336,2.93173223941762e-05
4.392,2.9618448378299e-05
4.448,2.99180064845669e-05
4.504,3.02160089264287e-05
4.56,3.05124677908084e-05
4.616,3.08073950397388e-05
4.672,3.11008025119707e-05
4.728,3.1392701924557e-05
4.784,3.16831048744124e-05
4.84,3.19720228398491e-05
4.896,3.22594671820895e-05
4.952,3.25454491467552e-05
5.008,3.28299798653332e-05
5.064,3.31130703566211e-05
5.12,3.33947315281486e-05
5.176,3.36749741775792e-05
5.232,3.39538089940892e-05
5.288,3.42312465597277e-05
5.344,3.45072973507546e-05
5.4,3.47819717389594e-05
5.456,3.50552799929606e-05
5.512,3.53272322794849e-05
5.568,3.55978386646279e-05
5.624,3.58671091150964e-05
5.68,3.61350534994319e-05
5.736,3.6401681589216e-05
5.792,3.66670030602585e-05
5.848,3.6931027493768e-05
5.904,3.71937643775049e-05
5.96,3.74552231069179e-05
6.016,3.77154129862646e-05
6.072,3.79743432297142e-05
6.128,3.82320229624362e-05
6.184,3.84884612216715e-05
6.24,3.87436669577897e-05
6.296,3.89976490353298e-05
6.352,3.9250416234027e-05
6.408,3.95019772498242e-05
6.464,3.97523406958693e-05
6.52,4.00015151034982e-05
6.576,4.02495089232039e-05
6.632,4.04963305255919e-05
6.688,4.07419882023219e-05
6.744,4.09864901670361e-05
6.8,4.12298445562751e-05
6.856,4.14720594303802e-05
6.912,4.17131427743835e-05
6.968,4.19531024988849e-05
7.024,4.21919464409181e-05
7.08,4.24296823648033e-05
7.136,4.26663179629885e-05
7.192,4.29018608568796e-05
7.248,4.31363185976584e-05
7.304,4.33696986670895e-05
7.36,4.36020084783161e-05
7.416,4.38332553766452e-05
7.472,4.40634466403216e-05
7.528,4.42925894812915e-05
7.584,4.45206910459557e-05
7.64,4.47477584159127e-05
7.696,4.4973798608691e-05
7.752,4.5198818578473e-05
7.808,4.54228252168071e-05
7.864,4.56458253533122e-05
7.92,4.58678257563712e-05
7.976,4.6088833133816e-05
8.032,4.63088541336029e-05
8.088,4.65278953444796e-05
8.144,4.67459632966426e-05
8.2,4.69630644623861e-05
8.256,4.71792052567426e-05
8.312,4.73943920381146e-05
8.368,4.7608631108898e-05
8.424,4.78219287160977e-05
8.48,4.80342910519345e-05
8.536,4.82457242544447e-05
8.592,4.84562344080709e-05
8.648,4.86658275442462e-05
8.704,4.887450964197e-05
8.76,4.90822866283767e-05
8.816,4.92891643792966e-05
8.872,4.94951487198099e-05
8.928,4.97002454247937e-05
8.984,4.99044602194614e-05
9.04,5.01077987798954e-05
9.096,5.03102667335732e-05
9.152,5.05118696598863e-05
9.208,5.07126130906531e-05
9.264,5.09125025106244e-05
9.32,5.11115433579834e-05
9.376,5.13097410248383e-05
9.432,5.150710085771e-05
9.488,5.1703628158012e-05
9.544,5.18993281825257e-05
9.6,5.2094206143869e-05
9.656,5.22882672109589e-05
9.712,5.24815165094688e-05
9.768,5.26739591222795e-05
9.824,5.2865600089925e-05
9.88,5.30564444110326e-05
9.936,5.32464970427574e-05
9.992,5.34357629012117e-05
10.048,5.36242468618886e-05
10.104,5.38119537600811e-05
10.16,5.3998888391295e-05
10.216,5.41850555116578e-05
10.272,5.43704598383217e-05
10.328,5.45551060498625e-05
10.384,5.47389987866724e-05
10.44,5.49221426513496e-05
10.496,5.51045422090816e-05
10.552,5.52862019880249e-05
10.608,5.54671264796794e-05
10.664,5.56473201392592e-05
10.72,5.58267873860574e-05
10.776,5.60055326038083e-05
10.832,5.61835601410437e-05
10.888,5.63608743114457e-05
10.944,5.65374793941953e-05
11,5.67133796343165e-05
11.056,5.68885792430163e-05
11.112,5.7063082398021e-05
11.168,5.72368932439083e-05
11.224,5.74100158924351e-05
11.28,5.75824544228621e-05
11.336,5.77542128822739e-05
11.392,5.79252952858959e-05
11.448,5.8095705617407e-05
11.504,5.82654478292489e-05
11.56,5.84345258429316e-05
11.616,5.86029435493354e-05
11.672,5.87707048090094e-05
11.728,5.89378134524666e-05
11.784,5.91042732804752e-05
11.84,5.9270088064347e-05
11.896,5.94352615462219e-05
11.952,5.95997974393498e-05
12.008,5.97636994283686e-05
12.064,5.99269711695794e-05
12.12,6.00896162912182e-05
12.176,6.02516383937248e-05
12.232,6.04130410500085e-05
12.288,6.05738278057106e-05
12.344,6.07340021794643e-05
12.4,6.08935676631511e-05
12.456,6.10525277221544e-05
12.512,6.1210885795611e-05
12.568,6.13686452966586e-05
12.624,6.15258096126811e-05
12.68,6.16823821055512e-05
12.736,6.18383661118699e-05
12.792,6.19937649432038e-05
12.848,6.21485818863191e-05
12.904,6.23028202034138e-05
12.96,6.24564831323463e-05
13.016,6.26095738868623e-05
13.072,6.27620956568188e-05
13.128,6.29140516084056e-05
13.184,6.30654448843644e-05
13.24,6.32162786042056e-05
13.296,6.33665558644223e-05
13.352,6.35162797387024e-05
13.408,6.36654532781381e-05
13.464,6.38140795114331e-05
13.52,6.39621614451078e-05
13.576,6.41097020637017e-05
13.632,6.42567043299741e-05
13.688,6.44031711851025e-05
13.744,6.45491055488786e-05
13.8,6.46945103199023e-05
13.856,6.48393883757738e-05
13.912,6.49837425732833e-05
13.968,6.51275757485986e-05
14.024,6.52708907174514e-05
14.08,6.54136902753203e-05
14.136,6.55559771976133e-05
14.192,6.56977542398469e-05
14.248,6.58390241378246e-05
14.304,6.59797896078126e-05
14.36,6.61200533467136e-05
14.416,6.62598180322396e-05
14.472,6.63990863230821e-05
14.528,6.65378608590804e-05
14.584,6.66761442613887e-05
14.64,6.6813939132641e-05
14.696,6.69512480571145e-05
14.752,6.70880736008911e-05
14.808,6.72244183120172e-05
14.864,6.73602847206618e-05
14.92,6.74956753392732e-05
14.976,6.76305926627339e-05
15.032,6.77650391685137e-05
15.088,6.78990173168212e-05
15.144,6.80325295507543e-05
15.2,6.81655782964483e-05
15.256,6.82981659632231e-05
15.312,6.84302949437284e-05
15.368,6.85619676140879e-05
15.424,6.86931863340416e-05
15.48,6.88239534470868e-05
15.536,6.89542712806175e-05
15.592,6.90841421460625e-05
15.648,6.92135683390223e-05
15.704,6.93425521394042e-05
15.76,6.94710958115559e-05
15.816,6.95992016043986e-05
15.872,6.97268717515575e-05
15.928,6.98541084714922e-05
15.984,6.99809139676248e-05
16.04,7.01072904284672e-05
16.096,7.02332400277472e-05
16.152,7.03587649245326e-05
16.208,7.04838672633555e-05
16.264,7.06085491743333e-05
16.32,7.07328127732906e-05
16.376,7.08566601618781e-05
16.432,7.09800934276918e-05
16.488,7.11031146443896e-05
16.544,7.12257258718079e-05
16.6,7.13479291560765e-05
16.656,7.14697265297323e-05
16.712,7.15911200118319e-05
16.768,7.17121116080634e-05
16.824,7.18327033108569e-05
16.88,7.19528970994935e-05
16.936,7.20726949402139e-05
16.992,7.21920987863256e-05
17.048,7.2311110578309e-05
17.104,7.24297322439225e-05
17.16,7.25479656983065e-05
17.216,7.26658128440868e-05
17.272,7.27832755714762e-05
17.328,7.29003557583761e-05
17.384,7.30170552704759e-05
17.44,7.31333759613528e-05
17.496,7.32493196725695e-05
17.552,7.33648882337713e-05
17.608,7.3480083462783e-05
17.664,7.35949071657033e-05
17.72,7.37093611369998e-05
17.776,7.38234471596025e-05
17.832,7.39371670049959e-05
17.888,7.40505224333113e-05
17.944,7.4163515193417e-05
18,7.42761470230089e-05
18.056,7.43884196486989e-05
18.112,7.45003347861037e-05
18.168,7.46118941399318e-05
18.224,7.47230994040702e-05
18.28,7.48339522616703e-05
18.336,7.49444543852324e-05
18.392,7.50546074366902e-05
18.448,7.51644130674941e-05
18.504,7.52738729186934e-05
18.56,7.53829886210185e-05
18.616,7.54917617949614e-05
18.672,7.56001940508563e-05
18.728,7.57082869889589e-05
18.784,7.58160421995253e-05
18.84,7.59234612628897e-05
18.896,7.60305457495419e-05
18.952,7.61372972202035e-05
19.008,7.62437172259045e-05
19.064,7.63498073080572e-05
19.12,7.6455568998532e-05
19.176,7.65610038197299e-05
19.232,7.66661132846563e-05
19.288,7.67708988969933e-05
19.344,7.6875362151171e-05
19.4,7.6979504532439e-05
19.456,7.70833275169366e-05
19.512,7.71868325717624e-05
19.568,7.72900211550437e-05
19.624,7.73928947160048e-05
19.68,7.74954546950348e-05
19.736,7.7597702523755e-05
19.792,7.76996396250854e-05
19.848,7.78012674133106e-05
19.904,7.79025872941454e-05
19.96,7.80036006647995e-05
20.016,7.8104308914042e-05
20.072,7.82047134222645e-05
20.128,7.83048155615445e-05
20.184,7.84046166957082e-05
20.24,7.85041181803917e-05
20.296,7.86033213631031e-05
20.352,7.87022275832829e-05
20.408,7.88008381723644e-05
20.464,7.88991544538335e-05
20.52,7.8997177743288e-05
20.576,7.90949093484959e-05
20.632,7.91923505694539e-05
20.688,7.92895026984451e-05
20.744,7.93863670200957e-05
20.8,7.94829448114321e-05
20.856,7.95792373419368e-05
20.912,7.96752458736041e-05
20.968,7.9770971660995e-05
21.024,7.98664159512921e-05
21.08,7.99615799843537e-05
21.136,8.00564649927676e-05
21.192,8.01510722019039e-05
21.248,8.02454028299684e-05
21.304,8.03394580880542e-05
21.36,8.0433239180194e-05
21.416,8.05267473034114e-05
21.472,8.06199836477716e-05
21.528,8.07129493964323e-05
21.584,8.08056457256932e-05
21.64,8.08980738050462e-05
21.696,8.0990234797224e-05
21.752,8.10821298582495e-05
21.808,8.11737601374835e-05
21.864,8.1265126777673e-05
21.92,8.13562309149987e-05
21.976,8.14470736791218e-05
22.032,8.15376561932312e-05
22.088,8.16279795740892e-05
22.144,8.17180449320779e-05
22.2,8.18078533712443e-05
22.256,8.18974059893459e-05
22.312,8.19867038778947e-05
22.368,8.20757481222023e-05
22.424,8.21645398014235e-05
22.48,8.22530799885999e-05
22.536,8.2341369750703e-05
22.592,8.24294101486776e-05
22.648,8.25172022374836e-05
22.704,8.26047470661386e-05
22.76,8.26920456777595e-05
22.816,8.2779099109604e-05
22.872,8.28659083931116e-05
22.928,8.29524745539445e-05
22.984,8.30387986120278e-05
23.04,8.31248815815897e-05
23.096,8.3210724471201e-05
23.152,8.32963282838149e-05
23.208,8.33816940168056e-05
23.264,8.34668226620075e-05
23.32,8.3551715205753e-05
23.376,8.36363726289113e-05
23.432,8.37207959069257e-05
23.488,8.38049860098511e-05
23.544,8.38889439023914e-05
23.6,8.39726705439362e-05
23.656,8.40561668885971e-05
23.712,8.41394338852446e-05
23.768,8.42224724775432e-05
23.824,8.43052836039878e-05
23.88,8.43878681979386e-05
23.936,8.44702271876563e-05
23.992,8.45523614963369e-05
24.048,8.46342720421462e-05
24.104,8.47159597382539e-05
24.16,8.47974254928677e-05
24.216,8.48786702092669e-05
24.272,8.49596947858357e-05
24.328,8.50405001160965e-05
24.384,8.51210870887425e-05
24.44,8.52014565876704e-05
24.496,8.52816094920129e-05
24.552,8.53615466761703e-05
24.608,8.54412690098428e-05
24.664,8.55207773580619e-05
24.72,8.56000725812212e-05
24.776,8.56791555351082e-05
24.832,8.57580270709346e-05
24.888,8.5836688035367e-05
24.944,8.59151392705571e-05
25,8.5993381614172e-05
25.056,8.60714158994236e-05
25.112,8.61492429550984e-05
25.168,8.6226863605587e-05
25.224,8.63042786709131e-05
25.28,8.63814889667622e-05
25.336,8.64584953045104e-05
25.392,8.65352984912528e-05
25.448,8.66118993298318e-05
25.504,8.66882986188648e-05
25.56,8.67644971527724e-05
25.616,8.68404957218053e-05
25.672,8.69162951120724e-05
25.728,8.69918961055671e-05
25.784,8.70672994801948e-05
25.84,8.71425060097994e-05
25.896,8.72175164641897e-05
25.952,8.72923316091654e-05
26.008,8.7366952206544e-05
26.064,8.74413790141857e-05
26.12,8.75156127860197e-05
26.176,8.75896542720693e-05
26.232,8.76635042184774e-05
26.288,8.77371633675313e-05
26.344,8.78106324576879e-05
26.4,8.78839122235982e-05
26.456,8.79570033961317e-05
26.512,8.80299067024007e-05
26.568,8.81026228657848e-05
26.624,8.81751526059543e-05
26.68,8.82474966388942e-05
26.736,8.83196556769278e-05
26.792,8.83916304287399e-05
26.848,8.84634215994003e-05
26.904,8.85350298903863e-05
26.96,8.86064559996064e-05
27.016,8.86777006214219e-05
27.072,8.87487644466703e-05
27.128,8.88196481626872e-05
27.184,8.88903524533285e-05
27.24,8.89608779989924e-05
27.296,8.90312254766415e-05
27.352,8.9101395559824e-05
27.408,8.91713889186953e-05
27.464,8.92412062200399e-05
27.52,8.93108481272917e-05
27.576,8.93803153005555e-05
27.632,8.94496083966282e-05
27.688,8.95187280690184e-05
27.744,8.95876749679684e-05
27.8,8.96564497404732e-05
27.856,8.97250530303018e-05
27.912,8.97934854780166e-05
27.968,8.98617477209937e-05
28.024,8.99298403934426e-05
28.08,8.99977641264257e-05
28.136,9.00655195478782e-05
28.192,9.01331072826268e-05
28.248,9.02005279524095e-05
28.304,9.02677821758945e-05
28.36,9.03348705686989e-05
28.416,9.04017937434076e-05
28.472,9.04685523095923e-05
28.528,9.05351468738294e-05
28.584,9.06015780397188e-05
28.64,9.06678464079019e-05
28.696,9.07339525760801e-05
28.752,9.0799897139032e-05
28.808,9.08656806886323e-05
28.864,9.09313038138684e-05
28.92,9.09967671008589e-05
28.976,9.10620711328703e-05
29.032,9.11272164903351e-05
29.088,9.11922037508682e-05
29.144,9.12570334892844e-05
29.2,9.13217062776156e-05
29.256,9.1386222685127e-05
29.312,9.14505832783341e-05
29.368,9.15147886210197e-05
29.424,9.15788392742495e-05
29.48,9.16427357963892e-05
29.536,9.17064787431202e-05
29.592,9.17700686674562e-05
29.648,9.18335061197588e-05
29.704,9.18967916477535e-05
29.76,9.19599257965456e-05
29.816,9.20229091086355e-05
29.872,9.20857421239346e-05
29.928,9.21484253797808e-05
29.984,9.22109594109532e-05
30.04,9.2273344749688e-05
30.096,9.23355819256932e-05
30.152,9.2397671466164e-05
30.208,9.24596138957968e-05
30.264,9.25214097368052e-05
30.32,9.25830595089336e-05
30.376,9.26445637294727e-05
30.432,9.27059229132729e-05
30.488,9.27671375727598e-05
30.544,9.28282082179475e-05
30.6,9.28891353564536e-05
30.656,9.29499194935125e-05
30.712,9.30105611319899e-05
30.768,9.30710607723965e-05
30.824,9.31314189129016e-05
30.88,9.3191636049347e-05
30.936,9.32517126752607e-05
30.992,9.33116492818698e-05
31.048,9.33714463581147e-05
31.104,9.34311043906618e-05
31.16,9.34906238639167e-05
31.216,9.35500052600378e-05
31.272,9.36092490589487e-05
31.328,9.36683557383517e-05
31.384,9.37273257737403e-05
31.44,9.37861596384118e-05
31.496,9.38448578034806e-05
31.552,9.39034207378901e-05
31.608,9.39618489084255e-05
31.664,9.40201427797261e-05
31.72,9.40783028142978e-05
31.776,9.41363294725251e-05
31.832,9.41942232126833e-05
31.888,9.42519844909509e-05
31.944,9.4309613761421e-05
32,9.43671114761136e-05
