"ResDensity","N_TraitValue"
0.5,0.0115072469964805
0.699,0.0151603877239006
0.898,0.0184155562398294
1.097,0.0213344257009329
1.296,0.0239665519998471
1.495,0.0263522103663445
1.694,0.028524470763623
1.893,0.0305107401924764
2.092,0.0323339250984536
2.291,0.0340133187482432
2.49,0.0355652866141702
2.689,0.0370038014483335
2.888,0.0383408651485721
3.087,0.0395868444084367
3.286,0.0407507400304941
3.485,0.0418404047108348
3.684,0.0428627204417324
3.883,0.0438237440061773
4.082,0.0447288270650057
4.281,0.045582715866547
4.48,0.0463896345019784
4.679,0.0471533547894664
4.878,0.0478772552271744
5.077,0.0485643709592524
5.276,0.0492174363135536
5.475,0.0498389211683203
5.674,0.0504310621676309
5.873,0.0509958896172453
6.072,0.0515352507424969
6.271,0.0520508298696626
6.47,0.0525441659953502
6.669,0.0530166681299784
6.868,0.0534696287375493
7.067,0.0539042355416977
7.266,0.0543215819251074
7.465,0.0547226761140128
7.664,0.0551084493102126
7.863,0.055479762908668
8.062,0.0558374149184383
8.261,0.0561821456876905
8.46,0.0565146430192201
8.659,0.0568355467508637
8.858,0.057145452864989
9.057,0.0574449171825967
9.256,0.0577344586902076
9.455,0.0580145625414286
9.654,0.0582856827697156
9.853,0.058548244744241
10.052,0.0588026473968074
10.251,0.059049265244328
10.45,0.0592884502284393
10.649,0.05952053339125
10.848,0.0597458264040058
11.047,0.0599646229635141
11.246,0.0601772000694855
11.445,0.0603838191944742
11.644,0.060584727356806
11.843,0.0607801581057525
12.042,0.060970332427211
12.241,0.0611554595772755
12.44,0.0613357378503082
12.639,0.0615113552874394
12.838,0.0616824903308167
13.037,0.0618493124283883
13.236,0.0620119825935316
13.435,0.0621706539234091
13.634,0.0623254720795621
13.833,0.0624765757339117
14.032,0.0626240969830379
14.231,0.0627681617333393
14.43,0.0629088900594316
14.629,0.0630463965379313
14.828,0.0631807905585738
15.027,0.0633121766144408
15.226,0.063440654572917
15.425,0.0635663199288508
15.624,0.0636892640412693
15.823,0.0638095743548794
16.022,0.063927334607485
16.221,0.0640426250243532
16.42,0.0641555225004774
16.619,0.0642661007716086
16.818,0.064374430574853
17.017,0.0644805797995723
17.216,0.0645846136292615
17.415,0.0646865946750287
17.614,0.0647865831012506
17.813,0.0648846367439334
18.012,0.064980811222269
18.211,0.0650751600438382
18.41,0.0651677347038786
18.609,0.0652585847790056
18.808,0.065347758015743
19.007,0.0654353004141972
19.206,0.0655212563071812
19.405,0.0656056684350761
19.604,0.0656885780166953
19.803,0.0657700248163966
20.002,0.0658500472076747
20.201,0.065928682233445
20.4,0.0660059656632195
20.599,0.0660819320473593
20.798,0.0661566147685771
20.997,0.0662300460908504
21.196,0.0663022572058966
21.395,0.0663732782773503
21.594,0.0664431384827743
21.793,0.0665118660536272
21.992,0.0665794883133026
22.191,0.0666460317133481
22.39,0.0667115218679638
22.589,0.0667759835868758
22.788,0.0668394409066735
22.987,0.0669019171206927
23.186,0.0669634348075239
23.385,0.0670240158582177
23.584,0.0670836815022578
23.783,0.0671424523323651
23.982,0.0672003483281934
24.181,0.0672573888789761
24.38,0.0673135928051756
24.579,0.0673689783791867
24.778,0.0674235633451432
24.977,0.0674773649378707
25.176,0.0675303999010301
25.375,0.0675826845044903
25.574,0.0676342345609691
25.773,0.0676850654419774
25.972,0.0677351920931009
26.171,0.0677846290486508
26.37,0.0678333904457144
26.569,0.0678814900376326
26.768,0.0679289412069334
26.967,0.0679757569777454
27.166,0.0680219500277157
27.365,0.0680675326994557
27.564,0.0681125170115362
27.763,0.0681569146690521
27.962,0.0682007370737763
28.161,0.068243995333922
28.36,0.0682867002735301
28.559,0.0683288624414984
28.758,0.068370492120269
28.957,0.0684115993341886
29.156,0.0684521938575559
29.355,0.06849228522237
29.554,0.0685318827257918
29.753,0.0685709954373324
29.952,0.0686096322057778
30.151,0.0686478016658638
30.35,0.0686855122447088
30.549,0.0687227721680167
30.748,0.0687595894660587
30.947,0.0687959719794432
31.146,0.068831927364682
31.345,0.0688674630995624
31.544,0.0689025864883314
31.743,0.0689373046667015
31.942,0.0689716246066831
32.141,0.0690055531212525
32.34,0.0690390968688607
32.539,0.0690722623577895
32.738,0.0691050559503614
32.937,0.0691374838670086
33.136,0.0691695521902064
33.335,0.0692012668682764
33.534,0.0692326337190656
33.733,0.0692636584335032
33.932,0.0692943465790437
34.131,0.069324703602997
34.33,0.0693547348357522
34.529,0.0693844454938976
34.728,0.0694138406832418
34.927,0.0694429254017386
35.126,0.0694717045423201
35.325,0.0695001828956406
35.524,0.0695283651527353
35.723,0.0695562559075965
35.922,0.0695838596596696
36.121,0.0696111808162732
36.32,0.069638223694945
36.519,0.0696649925257164
36.718,0.0696914914533181
36.917,0.0697177245393197
37.116,0.0697436957642046
37.315,0.0697694090293839
37.514,0.0697948681591501
37.713,0.0698200769025729
37.912,0.0698450389353402
38.111,0.069869757861544
38.31,0.0698942372154162
38.509,0.0699184804630119
38.708,0.0699424910038466
38.907,0.0699662721724844
39.106,0.0699898272400824
39.305,0.0700131594158906
39.504,0.0700362718487093
39.703,0.0700591676283057
39.902,0.0700818497867913
40.101,0.0701043212999599
40.3,0.0701265850885897
40.499,0.0701486440197082
40.698,0.0701705009078236
40.897,0.0701921585161215
41.096,0.0702136195576297
41.295,0.0702348866963507
41.494,0.0702559625483647
41.693,0.070276849682902
41.892,0.0702975506233871
42.091,0.070318067848455
42.29,0.0703384037929408
42.489,0.0703585608488424
42.688,0.0703785413662591
42.887,0.0703983476543044
43.086,0.0704179819819958
43.285,0.0704374465791217
43.484,0.0704567436370848
43.683,0.0704758753097254
43.882,0.0704948437141222
44.081,0.0705136509313735
44.28,0.070532299007358
44.479,0.0705507899534775
44.678,0.0705691257473792
44.877,0.0705873083336614
45.076,0.0706053396245608
45.275,0.0706232215006228
45.474,0.0706409558113555
45.673,0.0706585443758674
45.872,0.0706759889834892
46.071,0.0706932913943807
46.27,0.070710453340123
46.469,0.0707274765242962
46.668,0.0707443626230427
46.867,0.0707611132856179
47.066,0.0707777301349267
47.265,0.0707942147680482
47.464,0.0708105687567468
47.663,0.0708267936479722
47.862,0.0708428909643471
48.061,0.0708588622046432
48.26,0.070874708844247
48.459,0.0708904323356136
48.658,0.0709060341087107
48.857,0.0709215155714523
49.056,0.0709368781101217
49.255,0.070952123089786
49.454,0.0709672518546998
49.653,0.0709822657287007
49.852,0.0709971660155955
50.051,0.0710119539995374
50.25,0.0710266309453949
50.449,0.0710411980991128
50.648,0.0710556566880646
50.847,0.0710700079213969
51.046,0.0710842529903672
51.245,0.0710983930686727
51.444,0.0711124293127735
51.643,0.071126362862207
51.842,0.0711401948398973
52.041,0.0711539263524558
52.24,0.0711675584904773
52.439,0.071181092328828
52.638,0.0711945289269287
52.837,0.0712078693290305
53.036,0.0712211145644859
53.235,0.0712342656480134
53.434,0.0712473235799565
53.633,0.0712602893465376
53.832,0.0712731639201061
54.031,0.0712859482593815
54.23,0.0712986433096916
54.429,0.0713112500032052
54.628,0.0713237692591605
54.827,0.0713362019840883
55.026,0.0713485490720313
55.225,0.0713608114047577
55.424,0.0713729898519717
55.623,0.0713850852715191
55.822,0.0713970985095882
56.021,0.0714090304009076
56.22,0.0714208817689398
56.419,0.0714326534260697
56.618,0.0714443461737912
56.817,0.0714559608028887
57.016,0.0714674980936152
57.215,0.0714789588158674
57.414,0.0714903437293568
57.613,0.0715016535837775
57.812,0.0715128891189709
58.011,0.0715240510650868
58.21,0.0715351401427419
58.409,0.0715461570631746
58.608,0.0715571025283975
58.807,0.0715679772313457
59.006,0.0715787818560238
59.205,0.0715895170776492
59.404,0.0716001835627922
59.603,0.0716107819695149
59.802,0.0716213129475056
60.001,0.0716317771382121
60.2,0.0716421751749719
60.399,0.0716525076831398
60.598,0.0716627752802133
60.797,0.0716729785759559
60.996,0.0716831181725174
61.195,0.0716931946645527
61.394,0.0717032086393378
61.593,0.0717131606768839
61.792,0.0717230513500497
61.991,0.0717328812246511
62.19,0.0717426508595689
62.389,0.0717523608068551
62.588,0.0717620116118367
62.787,0.0717716038132178
62.986,0.0717811379431797
63.185,0.0717906145274797
63.384,0.0718000340855474
63.583,0.0718093971305797
63.782,0.071818704169634
63.981,0.0718279557037199
64.18,0.0718371522278888
64.379,0.0718462942313225
64.578,0.0718553821974196
64.777,0.0718644166038813
64.976,0.0718733979227942
65.175,0.0718823266207135
65.374,0.0718912031587431
65.573,0.0719000279926152
65.772,0.0719088015727684
65.971,0.0719175243444243
66.17,0.0719261967476625
66.369,0.0719348192174952
66.568,0.0719433921839395
66.767,0.0719519160720888
66.966,0.0719603913021835
67.165,0.0719688182896798
67.364,0.0719771974453175
67.563,0.071985529175187
67.762,0.0719938138807945
67.961,0.0720020519591272
68.16,0.0720102438027157
68.359,0.0720183897996973
68.558,0.0720264903338769
68.757,0.0720345457847871
68.956,0.0720425565277478
69.155,0.0720505229339244
69.354,0.0720584453703849
69.553,0.0720663242001566
69.752,0.0720741597822815
69.951,0.0720819524718705
70.15,0.0720897026201576
70.349,0.0720974105745522
70.548,0.0721050766786913
70.747,0.0721127012724902
70.946,0.0721202846921933
71.145,0.0721278272704232
71.344,0.0721353293362291
71.543,0.0721427912151352
71.742,0.0721502132291873
71.941,0.0721575956969995
72.14,0.0721649389337994
72.339,0.0721722432514734
72.538,0.0721795089586105
72.737,0.0721867363605461
72.936,0.0721939257594043
73.135,0.0722010774541404
73.334,0.0722081917405823
73.533,0.0722152689114712
73.732,0.0722223092565015
73.931,0.072229313062361
74.13,0.072236280612769
74.329,0.0722432121885154
74.528,0.0722501080674977
74.727,0.0722569685247586
74.926,0.0722637938325225
75.125,0.0722705842602313
75.324,0.0722773400745803
75.523,0.0722840615395525
75.722,0.0722907489164535
75.921,0.072297402463945
76.12,0.0723040224380786
76.319,0.072310609092328
76.518,0.072317162677622
76.717,0.0723236834423759
76.916,0.0723301716325234
77.115,0.0723366274915467
77.314,0.0723430512605078
77.513,0.0723494431780781
77.712,0.072355803480568
77.911,0.0723621324019559
78.11,0.0723684301739171
78.309,0.0723746970258522
78.508,0.0723809331849145
78.707,0.0723871388760378
78.906,0.0723933143219633
79.105,0.0723994597432664
79.304,0.0724055753583827
79.503,0.0724116613836341
79.702,0.0724177180332543
79.901,0.0724237455194138
80.1,0.0724297440522448
80.299,0.0724357138398656
80.498,0.0724416550884047
80.697,0.0724475680020242
80.896,0.0724534527829437
81.095,0.0724593096314631
81.294,0.0724651387459853
81.493,0.0724709403230386
81.692,0.0724767145572988
81.891,0.0724824616416112
82.09,0.0724881817670115
82.289,0.0724938751227478
82.488,0.0724995418963006
82.687,0.0725051822734041
82.886,0.072510796438066
83.085,0.0725163845725877
83.284,0.0725219468575841
83.483,0.0725274834720029
83.682,0.072532994593144
83.881,0.0725384803966782
84.08,0.0725439410566659
84.279,0.0725493767455758
84.478,0.0725547876343026
84.677,0.0725601738921852
84.876,0.0725655356870245
85.075,0.0725708731851004
85.274,0.0725761865511893
85.473,0.072581475948581
85.672,0.0725867415390954
85.871,0.072591983483099
86.07,0.0725972019395212
86.269,0.0726023970658704
86.468,0.0726075690182497
86.667,0.0726127179513727
86.866,0.0726178440185789
87.065,0.0726229473718488
87.264,0.072628028161819
87.463,0.0726330865377972
87.662,0.0726381226477764
87.861,0.0726431366384498
88.06,0.0726481286552248
88.259,0.0726530988422368
88.458,0.0726580473423639
88.657,0.0726629742972395
88.856,0.0726678798472667
89.055,0.0726727641316311
89.254,0.0726776272883145
89.453,0.072682469454107
89.652,0.0726872907646211
89.851,0.0726920913543029
90.05,0.0726968713564459
90.249,0.0727016309032024
90.448,0.0727063701255964
90.647,0.0727110891535351
90.846,0.0727157881158208
91.045,0.0727204671401631
91.244,0.0727251263531898
91.443,0.0727297658804589
91.642,0.0727343858464697
91.841,0.0727389863746736
92.04,0.0727435675874855
92.239,0.0727481296062946
92.438,0.0727526725514751
92.637,0.0727571965423965
92.836,0.0727617016974344
93.035,0.0727661881339809
93.234,0.0727706559684545
93.433,0.0727751053163101
93.632,0.0727795362920494
93.831,0.0727839490092304
94.03,0.072788343580477
94.229,0.0727927201174889
94.428,0.0727970787310509
94.627,0.0728014195310421
94.826,0.0728057426264455
95.025,0.0728100481253567
95.224,0.0728143361349931
95.423,0.0728186067617032
95.622,0.0728228601109744
95.821,0.0728270962874428
96.02,0.0728313153949011
96.219,0.0728355175363071
96.418,0.0728397028137925
96.617,0.0728438713286707
96.816,0.0728480231814451
97.015,0.0728521584718176
97.214,0.0728562772986958
97.413,0.0728603797602017
97.612,0.0728644659536788
97.811,0.0728685359757004
98.01,0.0728725899220766
98.209,0.0728766278878624
98.408,0.0728806499673647
98.607,0.0728846562541499
98.806,0.072888646841051
99.005,0.0728926218201749
99.204,0.0728965812829094
99.403,0.0729005253199302
99.602,0.0729044540212078
99.801,0.0729083674760144
100,0.0729122657729308
