"ResDensity","N_TraitValue"
1,9.71409266794638e-06
1.058,1.0067950397228e-05
1.116,1.04076660825456e-05
1.174,1.07340709021032e-05
1.232,1.10479321505942e-05
1.29,1.13499592610206e-05
1.348,1.16408091579581e-05
1.406,1.19210910272891e-05
1.464,1.21913705752875e-05
1.522,1.24521738397203e-05
1.58,1.27039906069916e-05
1.638,1.29472774820354e-05
1.696,1.31824606514416e-05
1.754,1.34099383749911e-05
1.812,1.3630083236244e-05
1.87,1.38432441789334e-05
1.928,1.40497483525759e-05
1.986,1.42499027878325e-05
2.044,1.44439959196632e-05
2.102,1.46322989741686e-05
2.16,1.48150672331407e-05
2.218,1.49925411887216e-05
2.276,1.51649475991537e-05
2.334,1.53325004553646e-05
2.392,1.54954018670531e-05
2.45,1.56538428759886e-05
2.508,1.58080042034064e-05
2.566,1.59580569376453e-05
2.624,1.61041631675298e-05
2.682,1.62464765664251e-05
2.74,1.638514293139e-05
2.798,1.65203006814033e-05
2.856,1.66520813182448e-05
2.914,1.67806098532536e-05
2.972,1.69060052028782e-05
3.03,1.70283805556463e-05
3.088,1.71478437129369e-05
3.146,1.72644974057098e-05
3.204,1.73784395891484e-05
3.262,1.74897637169936e-05
3.32,1.7598558997181e-05
3.378,1.77049106302533e-05
3.436,1.78089000318863e-05
3.494,1.79106050407491e-05
3.552,1.80101001128153e-05
3.61,1.81074565031438e-05
3.668,1.82027424360612e-05
3.726,1.82960232646016e-05
3.784,1.83873616199855e-05
3.842,1.84768175518569e-05
3.9,1.85644486599378e-05
3.958,1.86503102177077e-05
4.016,1.87344552886653e-05
4.074,1.88169348356866e-05
4.132,1.88977978239526e-05
4.19,1.89770913178841e-05
4.248,1.90548605724864e-05
4.306,1.91311491194763e-05
4.364,1.92059988485361e-05
4.422,1.9279450084013e-05
4.48,1.93515416573593e-05
4.538,1.94223109755865e-05
4.596,1.94917940859874e-05
4.654,1.95600257373602e-05
4.712,1.96270394379552e-05
4.77,1.96928675103448e-05
4.828,1.97575411434073e-05
4.886,1.98210904415996e-05
4.944,1.98835444716814e-05
5.002,1.99449313070455e-05
5.06,2.00052780697937e-05
5.118,2.00646109706929e-05
5.176,2.01229553471329e-05
5.234,2.01803356992043e-05
5.292,2.02367757240014e-05
5.35,2.02922983482527e-05
5.408,2.03469257593735e-05
5.466,2.04006794350281e-05
5.524,2.04535801712845e-05
5.582,2.05056481094405e-05
5.64,2.05569027615909e-05
5.698,2.0607363035008e-05
5.756,2.06570472553958e-05
5.814,2.070597318908e-05
5.872,2.07541580641896e-05
5.93,2.08016185908831e-05
5.988,2.08483709806699e-05
6.046,2.08944309648726e-05
6.104,2.09398138122751e-05
6.162,2.09845343459987e-05
6.22,2.10286069596439e-05
6.278,2.1072045632736e-05
6.336,2.11148639455091e-05
6.394,2.11570750930606e-05
6.452,2.11986918989089e-05
6.51,2.12397268279809e-05
6.568,2.12801919990602e-05
6.626,2.13200991967186e-05
6.684,2.13594598827593e-05
6.742,2.13982852071912e-05
6.8,2.14365860187603e-05
6.858,2.14743728750554e-05
6.916,2.15116560522114e-05
6.974,2.15484455542255e-05
7.032,2.15847511219071e-05
7.09,2.16205822414761e-05
7.148,2.16559481528264e-05
7.206,2.16908578574695e-05
7.264,2.17253201261734e-05
7.322,2.17593435063085e-05
7.38,2.17929363289156e-05
7.438,2.18261067155066e-05
7.496,2.18588625846107e-05
7.554,2.18912116580764e-05
7.612,2.19231614671403e-05
7.67,2.19547193582725e-05
7.728,2.19858924988082e-05
7.786,2.2016687882375e-05
7.844,2.20471123341229e-05
7.902,2.20771725157681e-05
7.96,2.21068749304551e-05
8.018,2.21362259274476e-05
8.076,2.21652317066528e-05
8.134,2.21938983229876e-05
8.192,2.22222316905924e-05
8.25,2.22502375868987e-05
8.308,2.22779216565567e-05
8.366,2.23052894152278e-05
8.424,2.23323462532485e-05
8.482,2.23590974391695e-05
8.54,2.23855481231761e-05
8.598,2.24117033403933e-05
8.656,2.24375680140816e-05
8.714,2.24631469587261e-05
8.772,2.24884448830243e-05
8.83,2.25134663927757e-05
8.888,2.25382159936774e-05
8.946,2.25626980940287e-05
9.004,2.25869170073489e-05
9.062,2.26108769549111e-05
9.12,2.26345820681945e-05
9.178,2.26580363912598e-05
9.236,2.26812438830491e-05
9.294,2.27042084196133e-05
9.352,2.27269337962706e-05
9.41,2.27494237296975e-05
9.468,2.2771681859955e-05
9.526,2.27937117524529e-05
9.584,2.28155168998534e-05
9.642,2.28371007239176e-05
9.7,2.2858466577295e-05
9.758,2.287961774526e-05
9.816,2.29005574473958e-05
9.874,2.29212888392279e-05
9.932,2.29418150138098e-05
9.99,2.29621390032609e-05
10.048,2.29822637802602e-05
10.106,2.30021922594951e-05
10.164,2.30219272990695e-05
10.222,2.30414717018693e-05
10.28,2.30608282168905e-05
10.338,2.30799995405273e-05
10.396,2.30989883178247e-05
10.454,2.3117797143695e-05
10.512,2.31364285640998e-05
10.57,2.31548850771992e-05
10.628,2.31731691344678e-05
10.686,2.3191283141781e-05
10.744,2.32092294604696e-05
10.802,2.32270104083462e-05
10.86,2.32446282607035e-05
10.918,2.32620852512842e-05
10.976,2.32793835732259e-05
11.034,2.32965253799789e-05
11.092,2.33135127862002e-05
11.15,2.33303478686232e-05
11.208,2.33470326669039e-05
11.266,2.33635691844448e-05
11.324,2.33799593891966e-05
11.382,2.33962052144392e-05
11.44,2.34123085595418e-05
11.498,2.34282712907031e-05
11.556,2.34440952416721e-05
11.614,2.34597822144508e-05
11.672,2.34753339799778e-05
11.73,2.34907522787951e-05
11.788,2.35060388216973e-05
11.846,2.35211952903646e-05
11.904,2.35362233379791e-05
11.962,2.35511245898265e-05
12.02,2.35659006438816e-05
12.078,2.35805530713796e-05
12.136,2.35950834173734e-05
12.194,2.36094932012764e-05
12.252,2.36237839173922e-05
12.31,2.36379570354311e-05
12.368,2.36520140010143e-05
12.426,2.3665956236165e-05
12.484,2.36797851397882e-05
12.542,2.36935020881387e-05
12.6,2.37071084352772e-05
12.658,2.37206055135165e-05
12.716,2.3733994633856e-05
12.774,2.37472770864063e-05
12.832,2.37604541408035e-05
12.89,2.37735270466138e-05
12.948,2.37864970337288e-05
13.006,2.37993653127508e-05
13.064,2.38121330753696e-05
13.122,2.38248014947304e-05
13.18,2.38373717257934e-05
13.238,2.38498449056844e-05
13.296,2.38622221540377e-05
13.354,2.38745045733316e-05
13.412,2.38866932492154e-05
13.47,2.38987892508291e-05
13.528,2.39107936311166e-05
13.586,2.39227074271307e-05
13.644,2.3934531660332e-05
13.702,2.39462673368809e-05
13.76,2.39579154479228e-05
13.818,2.39694769698673e-05
13.876,2.39809528646609e-05
13.934,2.39923440800541e-05
13.992,2.4003651549862e-05
14.05,2.40148761942195e-05
14.108,2.40260189198311e-05
14.166,2.40370806202151e-05
14.224,2.4048062175942e-05
14.282,2.40589644548686e-05
14.34,2.40697883123666e-05
14.398,2.40805345915461e-05
14.456,2.40912041234747e-05
14.514,2.41017977273915e-05
14.572,2.41123162109173e-05
14.63,2.41227603702592e-05
14.688,2.4133130990412e-05
14.746,2.41434288453546e-05
14.804,2.41536546982429e-05
14.862,2.41638093015977e-05
14.92,2.417389339749e-05
14.978,2.41839077177214e-05
15.036,2.41938529840011e-05
15.094,2.42037299081195e-05
15.152,2.42135391921178e-05
15.21,2.42232815284545e-05
15.268,2.42329576001682e-05
15.326,2.42425680810374e-05
15.384,2.42521136357369e-05
15.442,2.42615949199907e-05
15.5,2.42710125807226e-05
15.558,2.42803672562032e-05
15.616,2.42896595761939e-05
15.674,2.42988901620886e-05
15.732,2.43080596270517e-05
15.79,2.43171685761545e-05
15.848,2.43262176065076e-05
15.906,2.43352073073922e-05
15.964,2.43441382603872e-05
16.022,2.43530110394952e-05
16.08,2.43618262112651e-05
16.138,2.43705843349131e-05
16.196,2.43792859624406e-05
16.254,2.43879316387501e-05
16.312,2.43965219017594e-05
16.37,2.44050572825129e-05
16.428,2.44135383052908e-05
16.486,2.4421965487717e-05
16.544,2.44303393408639e-05
16.602,2.44386603693559e-05
16.66,2.4446929071471e-05
16.718,2.44551459392397e-05
16.776,2.44633114585433e-05
16.834,2.44714261092091e-05
16.892,2.44794903651048e-05
16.95,2.44875046942303e-05
17.008,2.44954695588088e-05
17.066,2.4503385415375e-05
17.124,2.45112527148632e-05
17.182,2.45190719026918e-05
17.24,2.45268434188484e-05
17.298,2.45345676979719e-05
17.356,2.45422451694334e-05
17.414,2.45498762574159e-05
17.472,2.45574613809926e-05
17.53,2.45650009542032e-05
17.588,2.45724953861297e-05
17.646,2.457994508097e-05
17.704,2.4587350438111e-05
17.762,2.45947118521993e-05
17.82,2.46020297132121e-05
17.878,2.46093044065256e-05
17.936,2.46165363129825e-05
17.994,2.46237258089591e-05
18.052,2.46308732664299e-05
18.11,2.46379790530321e-05
18.168,2.46450435321287e-05
18.226,2.46520670628703e-05
18.284,2.46590500002559e-05
18.342,2.46659926951927e-05
18.4,2.46728954945554e-05
18.458,2.46797587412432e-05
18.516,2.46865827742369e-05
18.574,2.46933679286551e-05
18.632,2.47001145358082e-05
18.69,2.47068229232534e-05
18.748,2.47134934148467e-05
18.806,2.47201263307956e-05
18.864,2.47267219877103e-05
18.922,2.47332806986539e-05
18.98,2.4739802773192e-05
19.038,2.47462885174414e-05
19.096,2.4752738234118e-05
19.154,2.47591522225841e-05
19.212,2.47655307788942e-05
19.27,2.47718741958412e-05
19.328,2.47781827630007e-05
19.386,2.47844567667752e-05
19.444,2.47906964904377e-05
19.502,2.47969022141739e-05
19.56,2.48030742151245e-05
19.618,2.48092127674263e-05
19.676,2.48153181422526e-05
19.734,2.48213906078538e-05
19.792,2.48274304295957e-05
19.85,2.48334378699991e-05
19.908,2.48394131887771e-05
19.966,2.48453566428731e-05
20.024,2.48512684864973e-05
20.082,2.48571489711628e-05
20.14,2.48629983457218e-05
20.198,2.48688168564003e-05
20.256,2.48746047468326e-05
20.314,2.48803622580957e-05
20.372,2.48860896287423e-05
20.43,2.4891787094834e-05
20.488,2.48974548899739e-05
20.546,2.49030932453381e-05
20.604,2.49087023897074e-05
20.662,2.49142825494983e-05
20.72,2.49198339487934e-05
20.778,2.49253568093711e-05
20.836,2.49308513507357e-05
20.894,2.49363177901461e-05
20.952,2.49417563426445e-05
21.01,2.49471672210845e-05
21.068,2.49525506361591e-05
21.126,2.49579067964281e-05
21.184,2.49632359083444e-05
21.242,2.49685381762816e-05
21.3,2.4973813802559e-05
21.358,2.49790629874681e-05
21.416,2.49842859292977e-05
21.474,2.49894828243589e-05
21.532,2.49946538670094e-05
21.59,2.49997992496784e-05
21.648,2.50049191628898e-05
21.706,2.5010013795286e-05
21.764,2.50150833336512e-05
21.822,2.5020127962934e-05
21.88,2.50251478662698e-05
21.938,2.50301432250033e-05
21.996,2.50351142187103e-05
22.054,2.50400610252189e-05
22.112,2.50449838206309e-05
22.17,2.50498827793428e-05
22.228,2.50547580740661e-05
22.286,2.5059609875848e-05
22.344,2.50644383540911e-05
22.402,2.50692436765731e-05
22.46,2.50740260094665e-05
22.518,2.50787855173576e-05
22.576,2.50835223632652e-05
22.634,2.50882367086595e-05
22.692,2.50929287134803e-05
22.75,2.50975985361552e-05
22.808,2.51022463336172e-05
22.866,2.51068722613227e-05
22.924,2.51114764732682e-05
22.982,2.51160591220081e-05
23.04,2.5120620358671e-05
23.098,2.51251603329765e-05
23.156,2.51296791932518e-05
23.214,2.51341770864474e-05
23.272,2.51386541581535e-05
23.33,2.51431105526154e-05
23.388,2.51475464127489e-05
23.446,2.51519618801562e-05
23.504,2.51563570951401e-05
23.562,2.51607321967195e-05
23.62,2.51650873226438e-05
23.678,2.51694226094075e-05
23.736,2.51737381922641e-05
23.794,2.51780342052408e-05
23.852,2.51823107811517e-05
23.91,2.51865680516118e-05
23.968,2.51908061470508e-05
24.026,2.51950251967258e-05
24.084,2.51992253287349e-05
24.142,2.520340667003e-05
24.2,2.52075693464295e-05
24.258,2.52117134826313e-05
24.316,2.52158392022246e-05
24.374,2.52199466277029e-05
24.432,2.52240358804756e-05
24.49,2.52281070808804e-05
24.548,2.52321603481945e-05
24.606,2.52361958006468e-05
24.664,2.52402135554292e-05
24.722,2.52442137287081e-05
24.78,2.52481964356351e-05
24.838,2.52521617903586e-05
24.896,2.52561099060346e-05
24.954,2.52600408948371e-05
25.012,2.52639548679693e-05
25.07,2.52678519356734e-05
25.128,2.52717322072416e-05
25.186,2.52755957910259e-05
25.244,2.52794427944486e-05
25.302,2.52832733240115e-05
25.36,2.52870874853067e-05
25.418,2.52908853830254e-05
25.476,2.52946671209683e-05
25.534,2.52984328020543e-05
25.592,2.53021825283303e-05
25.65,2.53059164009803e-05
25.708,2.53096345203347e-05
25.766,2.53133369858787e-05
25.824,2.5317023896262e-05
25.882,2.53206953493067e-05
25.94,2.53243514420167e-05
25.998,2.53279922705858e-05
26.056,2.53316179304062e-05
26.114,2.5335228516077e-05
26.172,2.53388241214123e-05
26.23,2.53424048394492e-05
26.288,2.53459707624562e-05
26.346,2.53495219819408e-05
26.404,2.53530585886572e-05
26.462,2.53565806726145e-05
26.52,2.53600883230841e-05
26.578,2.53635816286072e-05
26.636,2.5367060677002e-05
26.694,2.53705255553718e-05
26.752,2.53739763501115e-05
26.81,2.53774131469152e-05
26.868,2.5380836030783e-05
26.926,2.53842450860285e-05
26.984,2.53876403962852e-05
27.042,2.53910220445136e-05
27.1,2.53943901130078e-05
27.158,2.53977446834026e-05
27.216,2.54010858366795e-05
27.274,2.54044136531735e-05
27.332,2.54077282125796e-05
27.39,2.54110295939592e-05
27.448,2.54143178757461e-05
27.506,2.5417593135753e-05
27.564,2.54208554511776e-05
27.622,2.54241048986084e-05
27.68,2.5427341554031e-05
27.738,2.5430565492834e-05
27.796,2.54337767898146e-05
27.854,2.54369755191848e-05
27.912,2.54401617545765e-05
27.97,2.54433355690478e-05
28.028,2.54464970350882e-05
28.086,2.54496462246244e-05
28.144,2.54527832090253e-05
28.202,2.54559080591078e-05
28.26,2.54590208451419e-05
28.318,2.54621216368564e-05
28.376,2.54652105034434e-05
28.434,2.54682875135638e-05
28.492,2.54713527353528e-05
28.55,2.54744062364242e-05
28.608,2.54774480838757e-05
28.666,2.5480478344294e-05
28.724,2.54834970837594e-05
28.782,2.54865043678507e-05
28.84,2.54895002616498e-05
28.898,2.54924848297467e-05
28.956,2.54954581362439e-05
29.014,2.5498420244761e-05
29.072,2.55013712184395e-05
29.13,2.55043111199468e-05
29.188,2.55072400114811e-05
29.246,2.55101579547756e-05
29.304,2.55130650111028e-05
29.362,2.55159612412789e-05
29.42,2.55188467056677e-05
29.478,2.55217214641854e-05
29.536,2.55245855763043e-05
29.594,2.5527439101057e-05
29.652,2.55302820970405e-05
29.71,2.553311462242e-05
29.768,2.55359367349334e-05
29.826,2.55387484918945e-05
29.884,2.55415499501975e-05
29.942,2.55443411663206e-05
30,2.55471221963295e-05
