"ResDensity","N_TraitValue"
0.25,0.120529250990721
0.2595,0.12437924223522
0.269,0.128184558204947
0.2785,0.131945972031617
0.288,0.135664239109932
0.2975,0.13934009760333
0.307,0.142974268932527
0.3165,0.146567458247529
0.326,0.150120354883764
0.3355,0.153633632802962
0.345,0.157107951019358
0.3545,0.160543954011801
0.364,0.163942272122302
0.3735,0.167303521941541
0.383,0.170628306681822
0.3925,0.173917216537963
0.402,0.177170829036562
0.4115,0.180389709374077
0.421,0.18357441074414
0.4305,0.186725474654497
0.44,0.18984343123396
0.4495,0.192928799529729
0.459,0.195982087795448
0.4685,0.199003793770319
0.478,0.201994404949594
0.4875,0.204954398846766
0.497,0.207884243247748
0.5065,0.210784396457319
0.516,0.213655307538122
0.5255,0.216497416542464
0.535,0.219311154737175
0.5445,0.222096944821769
0.554,0.224855201140135
0.5635,0.22758632988598
0.573,0.230290729302243
0.5825,0.232968789874683
0.592,0.235620894519834
0.6015,0.238247418767524
0.611,0.240848730938142
0.6205,0.243425192314816
0.63,0.245977157310686
0.6395,0.248504973631428
0.649,0.251008982433182
0.6585,0.253489518476047
0.668,0.255946910273267
0.6775,0.258381480236274
0.687,0.260793544815699
0.6965,0.263183414638492
0.706,0.26555139464128
0.7155,0.267897784200071
0.725,0.270222877256428
0.7345,0.272526962440224
0.744,0.274810323189084
0.7535,0.277073237864618
0.763,0.279315979865546
0.7725,0.281538817737812
0.782,0.283742015281776
0.7915,0.285925831656581
0.801,0.288090521481776
0.8105,0.290236334936281
0.82,0.292363517854771
0.8295,0.294472311821568
0.839,0.296562954262098
0.8485,0.298635678532009
0.858,0.300690714003992
0.8675,0.302728286152407
0.877,0.304748616635742
0.8865,0.306751923377001
0.896,0.308738420642064
0.9055,0.310708319116082
0.915,0.312661825977963
0.9245,0.314599144973013
0.934,0.31652047648377
0.9435,0.318426017599102
0.953,0.320315962181594
0.9625,0.322190500933305
0.972,0.324049821459905
0.9815,0.32589410833327
0.991,0.327723543152562
1.0005,0.329538304603829
1.01,0.331338568518194
1.0195,0.333124507928641
1.029,0.334896293125455
1.0385,0.336654091710353
1.048,0.338398068649332
1.0575,0.340128386324278
1.067,0.34184520458337
1.0765,0.343548680790304
1.086,0.345238969872375
1.0955,0.346916224367448
1.105,0.348580594469849
1.1145,0.350232228075195
1.124,0.351871270824205
1.1335,0.353497866145513
1.143,0.355112155297504
1.1525,0.35671427740921
1.162,0.358304369520281
1.1715,0.359882566620061
1.181,0.361449001685787
1.1905,0.363003805719944
1.2,0.364547107786782
1.2095,0.366079035048033
1.219,0.367599712797836
1.2285,0.3691092644969
1.238,0.370607811805917
1.2475,0.372095474618245
1.257,0.373572371091887
1.2665,0.375038617680773
1.276,0.376494329165373
1.2855,0.377939618682643
1.295,0.379374597755344
1.3045,0.38079937632072
1.314,0.382214062758583
1.3235,0.38361876391879
1.333,0.385013585148145
1.3425,0.386398630316739
1.352,0.38777400184373
1.3615,0.389139800722595
1.371,0.390496126545847
1.3805,0.391843077529242
1.39,0.393180750535493
1.3995,0.394509241097486
1.409,0.395828643441022
1.4185,0.3971390505071
1.428,0.398440553973736
1.4375,0.399733244277346
1.447,0.401017210633696
1.4565,0.402292541058424
1.466,0.403559322387154
1.4755,0.404817640295203
1.485,0.406067579316901
1.4945,0.407309222864518
1.504,0.408542653246823
1.5135,0.409767951687266
1.523,0.410985198341817
1.5325,0.412194472316437
1.542,0.413395851684219
1.5515,0.414589413502192
1.561,0.415775233827793
1.5705,0.416953387735025
1.58,0.418123949330301
1.5895,0.419286991767982
1.599,0.420442587265616
1.6085,0.421590807118888
1.618,0.422731721716281
1.6275,0.423865400553461
1.637,0.424991912247387
1.6465,0.426111324550158
1.656,0.427223704362592
1.6655,0.428329117747557
1.675,0.429427629943049
1.6845,0.430519305375025
1.694,0.431604207670002
1.7035,0.432682399667415
1.713,0.43375394343175
1.7225,0.434818900264456
1.732,0.435877330715634
1.7415,0.436929294595512
1.751,0.437974850985714
1.7605,0.439014058250317
1.77,0.440046974046716
1.7795,0.441073655336284
1.789,0.442094158394844
1.7985,0.443108538822954
1.808,0.444116851556
1.8175,0.445119150874118
1.827,0.446115490411933
1.8365,0.447105923168126
1.846,0.448090501514831
1.8555,0.449069277206869
1.865,0.450042301390812
1.8745,0.451009624613897
1.884,0.451971296832778
1.8935,0.452927367422124
1.903,0.453877885183071
1.9125,0.454822898351527
1.922,0.455762454606329
1.9315,0.456696601077262
1.941,0.457625384352942
1.9505,0.458548850488559
1.96,0.459467045013492
1.9695,0.460380012938787
1.979,0.461287798764519
1.9885,0.462190446487016
1.998,0.46308799960597
2.0075,0.463980501131427
2.017,0.464867993590651
2.0265,0.465750519034885
2.036,0.46662811904599
2.0455,0.467500834742976
2.055,0.468368706788426
2.0645,0.469231775394807
2.074,0.470090080330687
2.0835,0.470943660926838
2.093,0.471792556082249
2.1025,0.472636804270029
2.112,0.473476443543224
2.1215,0.474311511540535
2.131,0.475142045491938
2.1405,0.475968082224219
2.15,0.47678965816642
2.1595,0.47760680935519
2.169,0.478419571440057
2.1785,0.47922797968861
2.188,0.480032068991603
2.1975,0.480831873867974
2.207,0.481627428469781
2.2165,0.482418766587071
2.226,0.483205921652655
2.2355,0.483988926746823
2.245,0.484767814601975
2.2545,0.485542617607185
2.264,0.486313367812687
2.2735,0.487080096934296
2.283,0.487842836357759
2.2925,0.488601617143039
2.302,0.489356470028527
2.3115,0.490107425435196
2.321,0.490854513470688
2.3305,0.491597763933334
2.34,0.492337206316122
2.3495,0.493072869810593
2.359,0.493804783310684
2.3685,0.494532975416511
2.378,0.495257474438096
2.3875,0.495978308399032
2.397,0.496695505040101
2.4065,0.497409091822828
2.416,0.49811909593299
2.4255,0.498825544284066
2.435,0.499528463520638
2.4445,0.500227880021743
2.454,0.500923819904169
2.4635,0.501616309025711
2.473,0.502305372988367
2.4825,0.502991037141499
2.492,0.503673326584941
2.5015,0.504352266172057
2.511,0.505027880512764
2.5205,0.505700193976503
2.53,0.50636923069517
2.5395,0.507035014566004
2.549,0.507697569254428
2.5585,0.50835691819686
2.568,0.509013084603473
2.5775,0.509666091460915
2.587,0.510315961535
2.5965,0.510962717373349
2.606,0.511606381308
2.6155,0.512246975457975
2.625,0.512884521731819
2.6345,0.513519041830095
2.644,0.514150557247843
2.6535,0.514779089277015
2.663,0.515404659008858
2.6725,0.516027287336283
2.682,0.516646994956185
2.6915,0.517263802371736
2.701,0.517877729894652
2.7105,0.518488797647416
2.72,0.519097025565479
2.7295,0.519702433399429
2.739,0.52030504071713
2.7485,0.520904866905825
2.758,0.52150193117422
2.7675,0.522096252554534
2.777,0.522687849904519
2.7865,0.523276741909457
2.796,0.523862947084125
2.8055,0.524446483774737
2.815,0.525027370160858
2.8245,0.52560562425729
2.834,0.526181263915937
2.8435,0.526754306827641
2.853,0.527324770523994
2.8625,0.527892672379124
2.872,0.528458029611465
2.8815,0.52902085928549
2.891,0.529581178313432
2.9005,0.530139003456977
2.91,0.530694351328935
2.9195,0.531247238394891
2.929,0.531797680974831
2.9385,0.532345695244745
2.948,0.532891297238219
2.9575,0.53343450284799
2.967,0.533975327827496
2.9765,0.534513787792394
2.986,0.535049898222068
2.9955,0.535583674461107
3.005,0.536115131720772
3.0145,0.536644285080441
3.024,0.537171149489036
3.0335,0.537695739766426
3.043,0.538218070604824
3.0525,0.538738156570151
3.062,0.539256012103396
3.0715,0.539771651521951
3.081,0.540285089020926
3.0905,0.540796338674459
3.1,0.541305414436997
3.1095,0.541812330144568
3.119,0.542317099516031
3.1285,0.542819736154319
3.138,0.543320253547656
3.1475,0.543818665070767
3.157,0.544314983986068
3.1665,0.544809223444841
3.176,0.545301396488399
3.1855,0.545791516049229
3.195,0.546279594952128
3.2045,0.546765645915319
3.214,0.54724968155156
3.2235,0.54773171436923
3.233,0.548211756773408
3.2425,0.54868982106694
3.252,0.549165919451485
3.2615,0.549640064028559
3.271,0.550112266800555
3.2805,0.550582539671759
3.29,0.551050894449349
3.2995,0.551517342844384
3.309,0.551981896472779
3.3185,0.552444566856271
3.328,0.552905365423369
3.3375,0.553364303510298
3.347,0.553821392361927
3.3565,0.554276643132685
3.366,0.554730066887474
3.3755,0.555181674602562
3.385,0.555631477166467
3.3945,0.556079485380836
3.404,0.556525709961308
3.4135,0.556970161538366
3.423,0.557412850658186
3.4325,0.557853787783467
3.442,0.558292983294258
3.4515,0.558730447488769
3.461,0.559166190584181
3.4705,0.559600222717437
3.48,0.56003255394603
3.4895,0.560463194248781
3.499,0.560892153526604
3.5085,0.561319441603266
3.518,0.561745068226137
3.5275,0.562169043066933
3.537,0.562591375722446
3.5465,0.563012075715269
3.556,0.563431152494511
3.5655,0.563848615436506
3.575,0.564264473845512
3.5845,0.564678736954401
3.594,0.565091413925342
3.6035,0.565502513850479
3.613,0.565912045752598
3.6225,0.566320018585785
3.632,0.566726441236079
3.6415,0.56713132252212
3.651,0.567534671195784
3.6605,0.567936495942815
3.67,0.568336805383448
3.6795,0.568735608073025
3.689,0.569132912502605
3.6985,0.569528727099567
3.708,0.569923060228205
3.7175,0.570315920190318
3.727,0.570707315225793
3.7365,0.571097253513177
3.746,0.571485743170255
3.7555,0.571872792254604
3.765,0.572258408764157
3.7745,0.572642600637749
3.784,0.573025375755667
3.7935,0.573406741940184
3.803,0.573786706956093
3.8125,0.574165278511236
3.822,0.574542464257025
3.8315,0.574918271788954
3.841,0.575292708647112
3.8505,0.575665782316688
3.86,0.576037500228467
3.8695,0.576407869759325
3.879,0.576776898232716
3.8885,0.577144592919156
3.898,0.577510961036701
3.9075,0.577876009751416
3.917,0.578239746177845
3.9265,0.578602177379475
3.936,0.578963310369187
3.9455,0.579323152109715
3.955,0.57968170951409
3.9645,0.580038989446083
3.974,0.580394998720643
3.9835,0.580749744104331
3.993,0.581103232315748
4.0025,0.581455470025961
4.012,0.58180646385892
4.0215,0.582156220391874
4.031,0.582504746155783
4.0405,0.582852047635722
4.05,0.583198131271289
4.0595,0.583543003456994
4.069,0.583886670542662
4.0785,0.584229138833815
4.088,0.584570414592065
4.0975,0.584910504035488
4.107,0.585249413339007
4.1165,0.585587148634767
4.126,0.585923716012496
4.1355,0.586259121519884
4.145,0.586593371162931
4.1545,0.58692647090632
4.164,0.587258426673759
4.1735,0.58758924434834
4.183,0.587918929772886
4.1925,0.588247488750289
4.202,0.588574927043859
4.2115,0.588901250377654
4.221,0.589226464436818
4.2305,0.589550574867908
4.24,0.589873587279224
4.2495,0.590195507241127
4.259,0.590516340286369
4.2685,0.590836091910398
4.278,0.591154767571681
4.2875,0.59147237269201
4.297,0.591788912656811
4.3065,0.59210439281545
4.316,0.592418818481528
4.3255,0.592732194933189
4.335,0.593044527413407
4.3445,0.593355821130282
4.354,0.59366608125733
4.3635,0.593975312933768
4.373,0.594283521264797
4.3825,0.594590711321888
4.392,0.594896888143053
4.4015,0.595202056733126
4.411,0.595506222064032
4.4205,0.59580938907506
4.43,0.59611156267313
4.4395,0.596412747733053
4.449,0.596712949097801
4.4585,0.59701217157876
4.468,0.597310419955991
4.4775,0.597607698978482
4.487,0.597904013364402
4.4965,0.598199367801349
4.506,0.598493766946599
4.5155,0.598787215427347
4.525,0.599079717840957
4.5345,0.599371278755193
4.544,0.599661902708462
4.5535,0.599951594210051
4.563,0.600240357740353
4.5725,0.600528197751108
4.582,0.600815118665623
4.5915,0.601101124879002
4.601,0.601386220758374
4.6105,0.601670410643107
4.62,0.601953698845036
4.6295,0.602236089648678
4.639,0.602517587311446
4.6485,0.602798196063867
4.658,0.603077920109792
4.6675,0.603356763626603
4.677,0.603634730765427
4.6865,0.603911825651336
4.696,0.604188052383558
4.7055,0.60446341503567
4.715,0.604737917655807
4.7245,0.605011564266855
4.734,0.605284358866648
4.7435,0.605556305428166
4.753,0.605827407899724
4.7625,0.606097670205166
4.772,0.606367096244053
4.7815,0.60663568989185
4.791,0.606903455000113
4.8005,0.607170395396671
4.81,0.607436514885812
4.8195,0.607701817248461
4.829,0.60796630624236
4.8385,0.608229985602244
4.848,0.608492859040019
4.8575,0.608754930244934
4.867,0.609016202883757
4.8765,0.609276680600943
4.886,0.609536367018801
4.8955,0.609795265737669
4.905,0.610053380336075
4.9145,0.610310714370904
4.924,0.61056727137756
4.9335,0.610823054870128
4.943,0.611078068341537
4.9525,0.611332315263716
4.962,0.611585799087752
4.9715,0.611838523244048
4.981,0.612090491142477
4.9905,0.612341706172533
5,0.612592171703485
