"ResDensity","N_TraitValue"
3000,213.782362464908
3034,216.20522923951
3068,218.628096014113
3102,221.050962788715
3136,223.473829563317
3170,225.896696337919
3204,228.319563112522
3238,230.742429887124
3272,233.165296661726
3306,235.588163436329
3340,238.011030210931
3374,240.433896985533
3408,242.856763760135
3442,245.279630534738
3476,247.70249730934
3510,250.125364083942
3544,252.548230858545
3578,254.971097633147
3612,257.393964407749
3646,259.816831182351
3680,262.239697956954
3714,264.662564731556
3748,267.085431506158
3782,269.508298280761
3816,271.931165055363
3850,274.354031829965
3884,276.776898604568
3918,279.19976537917
3952,281.622632153772
3986,284.045498928374
4020,286.468365702977
4054,288.891232477579
4088,291.314099252181
4122,293.736966026784
4156,296.159832801386
4190,298.582699575988
4224,301.00556635059
4258,303.428433125193
4292,305.851299899795
4326,308.274166674397
4360,310.697033449
4394,313.119900223602
4428,315.542766998204
4462,317.965633772806
4496,320.388500547409
4530,322.811367322011
4564,325.234234096613
4598,327.657100871216
4632,330.079967645818
4666,332.50283442042
4700,334.925701195022
4734,337.348567969625
4768,339.771434744227
4802,342.194301518829
4836,344.617168293432
4870,347.040035068034
4904,349.462901842636
4938,351.885768617239
4972,354.308635391841
5006,356.731502166443
5040,359.154368941045
5074,361.577235715648
5108,364.00010249025
5142,366.422969264852
5176,368.845836039455
5210,371.268702814057
5244,373.691569588659
5278,376.114436363261
5312,378.537303137864
5346,380.960169912466
5380,383.383036687068
5414,385.805903461671
5448,388.228770236273
5482,390.651637010875
5516,393.074503785477
5550,395.49737056008
5584,397.920237334682
5618,400.343104109284
5652,402.765970883887
5686,405.188837658489
5720,407.611704433091
5754,410.034571207693
5788,412.457437982296
5822,414.880304756898
5856,417.3031715315
5890,419.726038306103
5924,422.148905080705
5958,424.571771855307
5992,426.99463862991
6026,429.417505404512
6060,431.840372179114
6094,434.263238953716
6128,436.686105728319
6162,439.108972502921
6196,441.531839277523
6230,443.954706052126
6264,446.377572826728
6298,448.80043960133
6332,451.223306375932
6366,453.646173150535
6400,456.069039925137
6434,458.491906699739
6468,460.914773474342
6502,463.337640248944
6536,465.760507023546
6570,468.183373798148
6604,470.606240572751
6638,473.029107347353
6672,475.451974121955
6706,477.874840896558
6740,480.29770767116
6774,482.720574445762
6808,485.143441220364
6842,487.566307994967
6876,489.989174769569
6910,492.412041544171
6944,494.834908318774
6978,497.257775093376
7012,499.680641867978
7046,502.10350864258
7080,504.526375417183
7114,506.949242191785
7148,509.372108966387
7182,511.79497574099
7216,514.217842515592
7250,516.640709290194
7284,519.063576064797
7318,521.486442839399
7352,523.909309614001
7386,526.332176388603
7420,528.755043163206
7454,531.177909937808
7488,533.60077671241
7522,536.023643487013
7556,538.446510261615
7590,540.869377036217
7624,543.292243810819
7658,545.715110585422
7692,548.137977360024
7726,550.560844134626
7760,552.983710909229
7794,555.406577683831
7828,557.829444458433
7862,560.252311233035
7896,562.675178007638
7930,565.09804478224
7964,567.520911556842
7998,569.943778331445
8032,572.366645106047
8066,574.789511880649
8100,577.212378655252
8134,579.635245429854
8168,582.058112204456
8202,584.480978979058
8236,586.903845753661
8270,589.326712528263
8304,591.749579302865
8338,594.172446077467
8372,596.59531285207
8406,599.018179626672
8440,601.441046401274
8474,603.863913175877
8508,606.286779950479
8542,608.709646725081
8576,611.132513499684
8610,613.555380274286
8644,615.978247048888
8678,618.40111382349
8712,620.823980598093
8746,623.246847372695
8780,625.669714147297
8814,628.0925809219
8848,630.515447696502
8882,632.938314471104
8916,635.361181245706
8950,637.784048020309
8984,640.206914794911
9018,642.629781569513
9052,645.052648344116
9086,647.475515118718
9120,649.89838189332
9154,652.321248667923
9188,654.744115442525
9222,657.166982217127
9256,659.589848991729
9290,662.012715766332
9324,664.435582540934
9358,666.858449315536
9392,669.281316090138
9426,671.704182864741
9460,674.127049639343
9494,676.549916413945
9528,678.972783188548
9562,681.39564996315
9596,683.818516737752
9630,686.241383512355
9664,688.664250286957
9698,691.087117061559
9732,693.509983836161
9766,695.932850610764
9800,698.355717385366
9834,700.778584159968
9868,703.201450934571
9902,705.624317709173
9936,708.047184483775
9970,710.470051258377
10004,712.89291803298
10038,715.315784807582
10072,717.738651582184
10106,720.161518356787
10140,722.584385131389
10174,725.007251905991
10208,727.430118680594
10242,729.852985455196
10276,732.275852229798
10310,734.6987190044
10344,737.121585779003
10378,739.544452553605
10412,741.967319328207
10446,744.390186102809
10480,746.813052877412
10514,749.235919652014
10548,751.658786426616
10582,754.081653201219
10616,756.504519975821
10650,758.927386750423
10684,761.350253525026
10718,763.773120299628
10752,766.19598707423
10786,768.618853848832
10820,771.041720623435
10854,773.464587398037
10888,775.887454172639
10922,778.310320947242
10956,780.733187721844
10990,783.156054496446
11024,785.578921271048
11058,788.001788045651
11092,790.424654820253
11126,792.847521594855
11160,795.270388369458
11194,797.69325514406
11228,800.116121918662
11262,802.538988693265
11296,804.961855467867
11330,807.384722242469
11364,809.807589017071
11398,812.230455791674
11432,814.653322566276
11466,817.076189340878
11500,819.49905611548
11534,821.921922890083
11568,824.344789664685
11602,826.767656439287
11636,829.19052321389
11670,831.613389988492
11704,834.036256763094
11738,836.459123537697
11772,838.881990312299
11806,841.304857086901
11840,843.727723861503
11874,846.150590636106
11908,848.573457410708
11942,850.99632418531
11976,853.419190959913
12010,855.842057734515
12044,858.264924509117
12078,860.687791283719
12112,863.110658058322
12146,865.533524832924
12180,867.956391607526
12214,870.379258382129
12248,872.802125156731
12282,875.224991931333
12316,877.647858705936
12350,880.070725480538
12384,882.49359225514
12418,884.916459029742
12452,887.339325804345
12486,889.762192578947
12520,892.185059353549
12554,894.607926128152
12588,897.030792902754
12622,899.453659677356
12656,901.876526451958
12690,904.299393226561
12724,906.722260001163
12758,909.145126775765
12792,911.567993550368
12826,913.99086032497
12860,916.413727099572
12894,918.836593874174
12928,921.259460648777
12962,923.682327423379
12996,926.105194197981
13030,928.528060972584
13064,930.950927747186
13098,933.373794521788
13132,935.79666129639
13166,938.219528070993
13200,940.642394845595
13234,943.065261620197
13268,945.4881283948
13302,947.910995169402
13336,950.333861944004
13370,952.756728718606
13404,955.179595493209
13438,957.602462267811
13472,960.025329042413
13506,962.448195817016
13540,964.871062591618
13574,967.29392936622
13608,969.716796140823
13642,972.139662915425
13676,974.562529690027
13710,976.985396464629
13744,979.408263239232
13778,981.831130013834
13812,984.253996788436
13846,986.676863563039
13880,989.099730337641
13914,991.522597112243
13948,993.945463886845
13982,996.368330661448
14016,998.79119743605
14050,1001.21406421065
14084,1003.63693098525
14118,1006.05979775986
14152,1008.48266453446
14186,1010.90553130906
14220,1013.32839808366
14254,1015.75126485827
14288,1018.17413163287
14322,1020.59699840747
14356,1023.01986518207
14390,1025.44273195668
14424,1027.86559873128
14458,1030.28846550588
14492,1032.71133228048
14526,1035.13419905508
14560,1037.55706582969
14594,1039.97993260429
14628,1042.40279937889
14662,1044.82566615349
14696,1047.2485329281
14730,1049.6713997027
14764,1052.0942664773
14798,1054.5171332519
14832,1056.94000002651
14866,1059.36286680111
14900,1061.78573357571
14934,1064.20860035031
14968,1066.63146712491
15002,1069.05433389952
15036,1071.47720067412
15070,1073.90006744872
15104,1076.32293422332
15138,1078.74580099793
15172,1081.16866777253
15206,1083.59153454713
15240,1086.01440132173
15274,1088.43726809633
15308,1090.86013487094
15342,1093.28300164554
15376,1095.70586842014
15410,1098.12873519474
15444,1100.55160196935
15478,1102.97446874395
15512,1105.39733551855
15546,1107.82020229315
15580,1110.24306906776
15614,1112.66593584236
15648,1115.08880261696
15682,1117.51166939156
15716,1119.93453616616
15750,1122.35740294077
15784,1124.78026971537
15818,1127.20313648997
15852,1129.62600326457
15886,1132.04887003918
15920,1134.47173681378
15954,1136.89460358838
15988,1139.31747036298
16022,1141.74033713759
16056,1144.16320391219
16090,1146.58607068679
16124,1149.00893746139
16158,1151.43180423599
16192,1153.8546710106
16226,1156.2775377852
16260,1158.7004045598
16294,1161.1232713344
16328,1163.54613810901
16362,1165.96900488361
16396,1168.39187165821
16430,1170.81473843281
16464,1173.23760520741
16498,1175.66047198202
16532,1178.08333875662
16566,1180.50620553122
16600,1182.92907230582
16634,1185.35193908043
16668,1187.77480585503
16702,1190.19767262963
16736,1192.62053940423
16770,1195.04340617884
16804,1197.46627295344
16838,1199.88913972804
16872,1202.31200650264
16906,1204.73487327724
16940,1207.15774005185
16974,1209.58060682645
17008,1212.00347360105
17042,1214.42634037565
17076,1216.84920715026
17110,1219.27207392486
17144,1221.69494069946
17178,1224.11780747406
17212,1226.54067424867
17246,1228.96354102327
17280,1231.38640779787
17314,1233.80927457247
17348,1236.23214134707
17382,1238.65500812168
17416,1241.07787489628
17450,1243.50074167088
17484,1245.92360844548
17518,1248.34647522009
17552,1250.76934199469
17586,1253.19220876929
17620,1255.61507554389
17654,1258.03794231849
17688,1260.4608090931
17722,1262.8836758677
17756,1265.3065426423
17790,1267.7294094169
17824,1270.15227619151
17858,1272.57514296611
17892,1274.99800974071
17926,1277.42087651531
17960,1279.84374328992
17994,1282.26661006452
18028,1284.68947683912
18062,1287.11234361372
18096,1289.53521038832
18130,1291.95807716293
18164,1294.38094393753
18198,1296.80381071213
18232,1299.22667748673
18266,1301.64954426134
18300,1304.07241103594
18334,1306.49527781054
18368,1308.91814458514
18402,1311.34101135975
18436,1313.76387813435
18470,1316.18674490895
18504,1318.60961168355
18538,1321.03247845815
18572,1323.45534523276
18606,1325.87821200736
18640,1328.30107878196
18674,1330.72394555656
18708,1333.14681233117
18742,1335.56967910577
18776,1337.99254588037
18810,1340.41541265497
18844,1342.83827942958
18878,1345.26114620418
18912,1347.68401297878
18946,1350.10687975338
18980,1352.52974652798
19014,1354.95261330259
19048,1357.37548007719
19082,1359.79834685179
19116,1362.22121362639
19150,1364.644080401
19184,1367.0669471756
19218,1369.4898139502
19252,1371.9126807248
19286,1374.33554749941
19320,1376.75841427401
19354,1379.18128104861
19388,1381.60414782321
19422,1384.02701459781
19456,1386.44988137242
19490,1388.87274814702
19524,1391.29561492162
19558,1393.71848169622
19592,1396.14134847083
19626,1398.56421524543
19660,1400.98708202003
19694,1403.40994879463
19728,1405.83281556923
19762,1408.25568234384
19796,1410.67854911844
19830,1413.10141589304
19864,1415.52428266764
19898,1417.94714944225
19932,1420.37001621685
19966,1422.79288299145
20000,1425.21574976605
