"ResDensity","N_TraitValue"
5,0.315886547528211
5.79,0.351290898419164
6.58,0.383994420694241
7.37,0.414294809434861
8.16,0.44244755950688
8.95,0.468673187321733
9.74,0.493163018636749
10.53,0.5160838639373
11.32,0.537581823100212
12.11,0.557785402827569
12.9,0.576808087440398
13.69,0.594750471685386
14.48,0.611702040207541
15.27,0.627742660145314
16.06,0.642943839393433
16.85,0.657369792359925
17.64,0.671078346723747
18.43,0.684121718196076
19.22,0.696547175171364
20.01,0.708397611102916
20.8,0.71971203921099
21.59,0.730526021546957
22.38,0.740872042355817
23.17,0.750779833994867
23.96,0.76027666229622
24.75,0.769387577141324
25.54,0.778135633096703
26.33,0.786542084202738
27.12,0.794626556380392
27.91,0.802407200399922
28.7,0.809900827921222
29.49,0.817123032751831
30.28,0.824088299163252
31.07,0.830810098848874
31.86,0.837300977889225
32.65,0.843572634905758
33.44,0.849635991427484
34.23,0.85550125536087
35.02,0.861177978338955
35.81,0.866675107627425
36.6,0.872001033180967
37.39,0.877163630370445
38.18,0.882170298838531
38.97,0.887027997886988
39.76,0.891743278751492
40.55,0.896322314078766
41.34,0.900770924884922
42.13,0.905094605242592
42.92,0.909298544916985
43.71,0.913387650146975
44.5,0.917366562746171
45.29,0.921239677680313
46.08,0.925011159260949
46.87,0.928684956080805
47.66,0.932264814803484
48.45,0.935754292908712
49.24,0.939156770484294
50.03,0.942475461146915
50.82,0.94571342216598
51.61,0.948873563857518
52.4,0.951958658308831
53.19,0.954971347488846
53.98,0.957914150794068
54.77,0.960789472075409
55.56,0.963599606187099
56.35,0.966346745095177
57.14,0.969032983579727
57.93,0.971660324562036
58.72,0.974230684085157
59.51,0.976745895973879
60.3,0.979207716197959
61.09,0.98161782696039
61.88,0.983977840530745
62.67,0.986289302841929
63.46,0.988553696867212
64.25,0.99077244579304
65.04,0.992946916001892
65.83,0.995078419878322
66.62,0.997168218450278
67.41,0.999217523876897
68.2,1.00122750179306
68.99,1.00319927352028
69.78,1.00513391815261
70.57,1.00703247452599
71.36,1.0088959430782
72.15,1.01072528760683
72.94,1.01252143693137
73.73,1.01428528646579
74.52,1.01601769970694
75.31,1.01771950964411
76.1,1.0193915200945
76.89,1.02103450696923
77.68,1.0226492194739
78.47,1.02423638124777
79.26,1.02579669144504
80.05,1.02733082576179
80.84,1.02883943741165
81.63,1.0303231580531
82.42,1.03178259867138
83.21,1.03321835041733
84,1.03463098540579
84.79,1.0360210574757
85.58,1.03738910291411
86.37,1.03873564114599
87.16,1.04006117539181
87.95,1.04136619329456
88.74,1.04265116751787
89.53,1.0439165563168
90.32,1.04516280408275
91.11,1.04639034186376
91.9,1.0475995878616
92.69,1.0487909479068
93.48,1.04996481591277
94.27,1.05112157430999
95.06,1.05226159446146
95.85,1.05338523706014
96.64,1.05449285250947
97.43,1.05558478128766
98.22,1.05666135429666
99.01,1.05772289319645
99.8,1.05876971072551
100.59,1.05980211100794
101.38,1.06082038984806
102.17,1.06182483501301
102.96,1.06281572650382
103.75,1.06379333681566
104.54,1.06475793118771
105.33,1.06570976784301
106.12,1.066649098219
106.91,1.06757616718889
107.7,1.06849121327453
108.49,1.06939446885097
109.28,1.07028616034324
110.07,1.07116650841554
110.86,1.07203572815331
111.65,1.07289402923845
112.44,1.07374161611789
113.23,1.074578688166
114.02,1.07540543984093
114.81,1.07622206083519
115.6,1.07702873622077
116.39,1.077825646589
117.18,1.07861296818526
117.97,1.079390873039
118.76,1.08015952908902
119.55,1.08091910030433
120.34,1.08166974680079
121.13,1.08241162495361
121.92,1.08314488750596
122.71,1.0838696836738
123.5,1.08458615924712
124.29,1.08529445668771
125.08,1.08599471522358
125.87,1.08668707094021
126.66,1.08737165686871
127.45,1.08804860307102
128.24,1.08871803672231
129.03,1.08938008219063
129.82,1.09003486111392
130.61,1.09068249247452
131.4,1.09132309267124
132.19,1.09195677558914
132.98,1.09258365266697
133.77,1.09320383296255
134.56,1.09381742321599
135.35,1.09442452791096
136.14,1.09502524933397
136.93,1.09561968763184
137.72,1.09620794086738
138.51,1.09679010507327
139.3,1.09736627430438
140.09,1.09793654068836
140.88,1.09850099447482
141.67,1.0990597240829
142.46,1.09961281614744
143.25,1.10016035556381
144.04,1.10070242553127
144.83,1.10123910759521
145.62,1.10177048168796
146.41,1.10229662616853
147.2,1.10281761786112
147.99,1.10333353209248
148.78,1.10384444272829
149.57,1.10435042220833
150.36,1.10485154158079
151.15,1.1053478705355
151.94,1.1058394774362
152.73,1.10632642935202
153.52,1.10680879208789
154.31,1.10728663021425
155.1,1.10776000709584
155.89,1.10822898491969
156.68,1.10869362472241
157.47,1.10915398641661
158.26,1.1096101288167
159.05,1.11006210966389
159.84,1.11050998565063
160.63,1.11095381244423
161.42,1.11139364470999
162.21,1.11182953613362
163,1.11226153944308
163.79,1.11268970642985
164.58,1.11311408796962
165.37,1.11353473404246
166.16,1.11395169375244
166.95,1.11436501534671
167.74,1.11477474623414
168.53,1.11518093300345
169.32,1.11558362144085
170.11,1.11598285654724
170.9,1.11637868255501
171.69,1.11677114294435
172.48,1.11716028045915
173.27,1.11754613712258
174.06,1.11792875425217
174.85,1.11830817247456
175.64,1.11868443173991
176.43,1.11905757133589
177.22,1.11942762990138
178.01,1.1197946454398
178.8,1.1201586553321
179.59,1.12051969634948
180.38,1.12087780466578
181.17,1.12123301586952
181.96,1.12158536497571
182.75,1.12193488643739
183.54,1.1222816141568
184.33,1.12262558149639
185.12,1.1229668212895
185.91,1.12330536585082
186.7,1.12364124698655
187.49,1.12397449600444
188.28,1.12430514372344
189.07,1.12463322048324
189.86,1.12495875615355
190.65,1.12528178014316
191.44,1.12560232140877
192.23,1.1259204084637
193.02,1.1262360693863
193.81,1.12654933182822
194.6,1.12686022302251
195.39,1.12716876979146
196.18,1.12747499855438
196.97,1.12777893533508
197.76,1.1280806057693
198.55,1.12838003511185
199.34,1.12867724824373
200.13,1.12897226967896
200.92,1.12926512357136
201.71,1.12955583372114
202.5,1.12984442358132
203.29,1.13013091626406
204.08,1.13041533454682
204.87,1.13069770087842
205.66,1.13097803738491
206.45,1.13125636587536
207.24,1.13153270784756
208.03,1.13180708449348
208.82,1.13207951670473
209.61,1.1323500250779
210.4,1.13261862991965
211.19,1.13288535125189
211.98,1.13315020881671
212.77,1.13341322208125
213.56,1.13367441024247
214.35,1.13393379223186
215.14,1.13419138671995
215.93,1.13444721212082
216.72,1.13470128659652
217.51,1.13495362806131
218.3,1.1352042541859
219.09,1.1354531824016
219.88,1.1357004299043
220.67,1.1359460136585
221.46,1.13618995040111
222.25,1.13643225664535
223.04,1.13667294868438
223.83,1.13691204259501
224.62,1.13714955424128
225.41,1.13738549927794
226.2,1.1376198931539
226.99,1.13785275111561
227.78,1.13808408821036
228.57,1.13831391928954
229.36,1.13854225901177
230.15,1.13876912184607
230.94,1.13899452207489
231.73,1.13921847379711
232.52,1.13944099093097
233.31,1.13966208721699
234.1,1.13988177622074
234.89,1.14010007133568
235.68,1.14031698578582
236.47,1.14053253262845
237.26,1.14074672475669
238.05,1.14095957490215
238.84,1.14117109563736
239.63,1.14138129937832
240.42,1.14159019838686
241.21,1.14179780477312
242,1.14200413049777
242.79,1.14220918737441
243.58,1.14241298707178
244.37,1.14261554111597
245.16,1.14281686089259
245.95,1.14301695764895
246.74,1.14321584249608
247.53,1.14341352641084
248.32,1.14361002023793
249.11,1.14380533469188
249.9,1.14399948035895
250.69,1.14419246769912
251.48,1.14438430704789
252.27,1.14457500861818
253.06,1.14476458250214
253.85,1.14495303867289
254.64,1.1451403869863
255.43,1.14532663718272
256.22,1.14551179888861
257.01,1.14569588161829
257.8,1.14587889477548
258.59,1.14606084765496
259.38,1.14624174944412
260.17,1.14642160922449
260.96,1.14660043597331
261.75,1.14677823856498
262.54,1.14695502577253
263.33,1.14713080626909
264.12,1.14730558862929
264.91,1.14747938133066
265.7,1.14765219275498
266.49,1.14782403118966
267.28,1.14799490482905
268.07,1.14816482177574
268.86,1.14833379004184
269.65,1.14850181755025
270.44,1.14866891213587
271.23,1.14883508154688
272.02,1.14900033344585
272.81,1.14916467541099
273.6,1.14932811493729
274.39,1.14949065943762
275.18,1.14965231624393
275.97,1.14981309260825
276.76,1.14997299570388
277.55,1.15013203262638
278.34,1.15029021039464
279.13,1.15044753595194
279.92,1.15060401616694
280.71,1.15075965783467
281.5,1.15091446767754
282.29,1.15106845234629
283.08,1.15122161842096
283.87,1.15137397241181
284.66,1.15152552076022
285.45,1.15167626983968
286.24,1.15182622595659
287.03,1.15197539535118
287.82,1.15212378419839
288.61,1.15227139860871
289.4,1.15241824462899
290.19,1.15256432824331
290.98,1.15270965537377
291.77,1.1528542318813
292.56,1.15299806356642
293.35,1.15314115617007
294.14,1.15328351537432
294.93,1.15342514680314
295.72,1.15356605602316
296.51,1.15370624854438
297.3,1.15384572982088
298.09,1.15398450525154
298.88,1.15412258018077
299.67,1.15425995989911
300.46,1.15439664964399
301.25,1.15453265460035
302.04,1.15466797990133
302.83,1.15480263062886
303.62,1.15493661181436
304.41,1.15506992843933
305.2,1.15520258543596
305.99,1.15533458768776
306.78,1.15546594003018
307.57,1.15559664725113
308.36,1.15572671409163
309.15,1.15585614524635
309.94,1.15598494536419
310.73,1.15611311904881
311.52,1.15624067085923
312.31,1.15636760531031
313.1,1.15649392687331
313.89,1.15661963997645
314.68,1.15674474900535
315.47,1.15686925830361
316.26,1.15699317217328
317.05,1.15711649487536
317.84,1.15723923063029
318.63,1.15736138361844
319.42,1.15748295798055
320.21,1.15760395781827
321,1.15772438719453
321.79,1.15784425013405
322.58,1.15796355062381
323.37,1.15808229261342
324.16,1.15820048001562
324.95,1.15831811670668
325.74,1.15843520652682
326.53,1.15855175328065
327.32,1.15866776073758
328.11,1.15878323263219
328.9,1.15889817266467
329.69,1.15901258450121
330.48,1.15912647177437
331.27,1.15923983808348
332.06,1.15935268699502
332.85,1.15946502204299
333.64,1.15957684672926
334.43,1.15968816452398
335.22,1.1597989788659
336.01,1.15990929316273
336.8,1.1600191107915
337.59,1.16012843509889
338.38,1.16023726940161
339.17,1.16034561698667
339.96,1.16045348111175
340.75,1.16056086500555
341.54,1.16066777186806
342.33,1.16077420487091
343.12,1.16088016715766
343.91,1.16098566184416
344.7,1.16109069201878
345.49,1.16119526074279
346.28,1.1612993710506
347.07,1.16140302595007
347.86,1.16150622842281
348.65,1.16160898142446
349.44,1.16171128788496
350.23,1.16181315070886
351.02,1.16191457277556
351.81,1.1620155569396
352.6,1.16211610603091
353.39,1.1622162228551
354.18,1.16231591019372
354.97,1.16241517080449
355.76,1.16251400742157
356.55,1.16261242275582
357.34,1.16271041949504
358.13,1.1628080003042
358.92,1.16290516782571
359.71,1.16300192467965
360.5,1.16309827346397
361.29,1.1631942167548
362.08,1.16328975710658
362.87,1.16338489705238
363.66,1.16347963910405
364.45,1.16357398575251
365.24,1.16366793946789
366.03,1.16376150269982
366.82,1.1638546778776
367.61,1.16394746741042
368.4,1.16403987368757
369.19,1.16413189907863
369.98,1.16422354593371
370.77,1.1643148165836
371.56,1.16440571334002
372.35,1.16449623849577
373.14,1.16458639432495
373.93,1.16467618308314
374.72,1.16476560700759
375.51,1.16485466831739
376.3,1.1649433692137
377.09,1.16503171187988
377.88,1.1651196984817
378.67,1.1652073311675
379.46,1.16529461206837
380.25,1.16538154329833
381.04,1.1654681269545
381.83,1.16555436511724
382.62,1.16564025985038
383.41,1.16572581320131
384.2,1.1658110272012
384.99,1.16589590386512
385.78,1.16598044519222
386.57,1.16606465316591
387.36,1.16614852975396
388.15,1.1662320769087
388.94,1.16631529656714
389.73,1.16639819065113
390.52,1.16648076106755
391.31,1.16656300970837
392.1,1.16664493845088
392.89,1.16672654915776
393.68,1.16680784367729
394.47,1.16688882384344
395.26,1.16696949147602
396.05,1.16704984838082
396.84,1.16712989634977
397.63,1.16720963716102
398.42,1.16728907257911
399.21,1.16736820435508
400,1.16744703422663
