"ResDensity","N_TraitValue"
10,0.000360412607063564
10.78,0.00038525325383756
11.56,0.000409679057087418
12.34,0.000433700322706543
13.12,0.000457327018021704
13.9,0.00048056878558292
14.68,0.000503434956284779
15.46,0.000525934561856732
16.24,0.000548076346757458
17.02,0.000569868779506234
17.8,0.00059132006348214
18.58,0.000612438147220036
19.36,0.000633230734230458
20.14,0.000653705292368924
20.92,0.000673869062778573
21.7,0.000693729068428657
22.48,0.000713292122270016
23.26,0.000732564835027441
24.04,0.000751553622647649
24.82,0.000770264713420493
25.6,0.000788704154790011
26.38,0.000806877819870963
27.16,0.000824791413685614
27.94,0.000842450479134654
28.72,0.000859860402715408
29.5,0.000877026419999712
30.28,0.000893953620883165
31.06,0.000910646954616801
31.84,0.000927111234631648
32.62,0.000943351143166038
33.4,0.000959371235705015
34.18,0.000975175945240696
34.96,0.000990769586361927
35.74,0.00100615635918119
36.52,0.00102134035310626
37.3,0.00103632555046369
38.08,0.00105111582998092
38.86,0.00106571497013344
39.64,0.00108012665236286
40.42,0.00109435446417203
41.2,0.00110840190210221
41.98,0.00112227237459794
42.76,0.00113596920476412
43.54,0.00114949563302037
44.32,0.00116285481965677
45.1,0.00117604984729549
45.88,0.00118908372326222
46.66,0.00120195938187118
47.44,0.00121467968662747
48.22,0.00122724743235017
49,0.0012396653472195
49.78,0.00125193609475119
50.56,0.00126406227570111
51.34,0.00127604642990288
52.12,0.0012878910380414
52.9,0.00129959852336473
53.68,0.00131117125333683
54.46,0.00132261154123362
55.24,0.00133392164768451
56.02,0.00134510378216163
56.8,0.00135616010441875
57.58,0.00136709272588196
58.36,0.00137790371099388
59.14,0.00138859507851332
59.92,0.00139916880277194
60.7,0.00140962681488974
61.48,0.0014199710039508
62.26,0.00143020321814091
63.04,0.00144032526584838
63.82,0.00145033891672953
64.6,0.00146024590274009
65.38,0.00147004791913388
66.16,0.00147974662542988
66.94,0.00148934364634883
67.72,0.0014988405727206
68.5,0.00150823896236332
69.28,0.00151754034093521
70.06,0.00152674620276021
70.84,0.00153585801162836
71.62,0.00154487720157166
72.4,0.00155380517761651
73.18,0.00156264331651331
73.96,0.00157139296744428
74.74,0.00158005545271001
75.52,0.00158863206839564
76.3,0.0015971240850174
77.08,0.00160553274814993
77.86,0.0016138592790354
78.64,0.00162210487517481
79.42,0.00163027071090203
80.2,0.00163835793794145
80.98,0.00164636768594943
81.76,0.00165430106304035
82.54,0.00166215915629769
83.32,0.00166994303227058
84.1,0.00167765373745638
84.88,0.00168529229876972
85.66,0.00169285972399839
86.44,0.00170035700224664
87.22,0.00170778510436608
88,0.00171514498337487
88.78,0.00172243757486523
89.56,0.00172966379740001
90.34,0.00173682455289832
91.12,0.00174392072701083
91.9,0.00175095318948492
92.68,0.00175792279452005
93.46,0.00176483038111364
94.24,0.00177167677339774
95.02,0.00177846278096684
95.8,0.00178518919919697
96.58,0.00179185680955654
97.36,0.00179846637990892
98.14,0.00180501866480727
98.92,0.00181151440578171
99.7,0.00181795433161904
100.48,0.00182433915863533
101.26,0.00183066959094153
102.04,0.00183694632070231
102.82,0.00184317002838834
103.6,0.00184934138302224
104.38,0.00185546104241829
105.16,0.00186152965341619
105.94,0.00186754785210896
106.72,0.00187351626406522
107.5,0.00187943550454595
108.28,0.00188530617871589
109.06,0.00189112888184986
109.84,0.00189690419953388
110.62,0.00190263270786157
111.4,0.00190831497362568
112.18,0.00191395155450502
112.96,0.00191954299924696
113.74,0.00192508984784547
114.52,0.00193059263171499
115.3,0.00193605187386015
116.08,0.00194146808904147
116.86,0.00194684178393716
117.64,0.0019521734573011
118.42,0.00195746360011723
119.2,0.00196271269575017
119.98,0.00196792122009254
120.76,0.00197308964170873
121.54,0.00197821842197544
122.32,0.00198330801521894
123.1,0.00198835886884931
123.88,0.00199337142349144
124.66,0.00199834611311329
125.44,0.00200328336515101
126.22,0.00200818360063148
127,0.00201304723429191
127.78,0.00201787467469691
128.56,0.00202266632435285
129.34,0.00202742257981978
130.12,0.00203214383182082
130.9,0.00203683046534913
131.68,0.00204148285977261
132.46,0.00204610138893623
133.24,0.0020506864212622
134.02,0.00205523831984789
134.8,0.00205975744256175
135.58,0.00206424414213706
136.36,0.0020686987662637
137.14,0.00207312165767799
137.92,0.00207751315425059
138.7,0.00208187358907253
139.48,0.00208620329053943
140.26,0.00209050258243396
141.04,0.00209477178400653
141.82,0.00209901121005434
142.6,0.00210322117099874
143.38,0.00210740197296103
144.16,0.00211155391783659
144.94,0.00211567730336765
145.72,0.00211977242321437
146.5,0.00212383956702463
147.28,0.00212787902050226
148.06,0.002131891065474
148.84,0.00213587597995501
149.62,0.0021398340382131
150.4,0.00214376551083165
151.18,0.00214767066477127
151.96,0.00215154976343026
152.74,0.00215540306670379
153.52,0.00215923083104195
154.3,0.00216303330950669
155.08,0.00216681075182752
155.86,0.00217056340445624
156.64,0.00217429151062052
157.42,0.00217799531037645
158.2,0.00218167504066007
158.98,0.00218533093533788
159.76,0.00218896322525641
160.54,0.00219257213829082
161.32,0.0021961578993925
162.1,0.00219972073063588
162.88,0.00220326085126423
163.66,0.00220677847773464
164.44,0.00221027382376217
165.22,0.00221374710036308
166,0.00221719851589734
166.78,0.0022206282761103
167.56,0.00222403658417352
168.34,0.00222742364072495
169.12,0.00223078964390827
169.9,0.00223413478941154
170.68,0.00223745927050511
171.46,0.00224076327807887
172.24,0.00224404700067876
173.02,0.00224731062454264
173.8,0.00225055433363553
174.58,0.00225377830968414
175.36,0.00225698273221082
176.14,0.0022601677785669
176.92,0.00226333362396537
177.7,0.00226648044151305
178.48,0.00226960840224215
179.26,0.0022727176751412
180.04,0.00227580842718554
180.82,0.00227888082336718
181.6,0.00228193502672416
182.38,0.00228497119836943
183.16,0.00228798949751912
183.94,0.00229099008152042
184.72,0.00229397310587888
185.5,0.00229693872428534
186.28,0.00229988708864224
187.06,0.00230281834908964
187.84,0.00230573265403065
188.62,0.00230863015015648
189.4,0.0023115109824711
190.18,0.00231437529431536
190.96,0.00231722322739083
191.74,0.00232005492178311
192.52,0.00232287051598485
193.3,0.00232567014691831
194.08,0.00232845394995752
194.86,0.00233122205895018
195.64,0.00233397460623901
196.42,0.00233671172268296
197.2,0.00233943353767782
197.98,0.00234214017917673
198.76,0.00234483177371015
199.54,0.0023475084464056
200.32,0.00235017032100707
201.1,0.00235281751989407
201.88,0.00235545016410038
202.66,0.00235806837333251
203.44,0.00236067226598786
204.22,0.00236326195917252
205,0.00236583756871886
205.78,0.00236839920920282
206.56,0.00237094699396084
207.34,0.00237348103510663
208.12,0.00237600144354758
208.9,0.00237850832900097
209.68,0.00238100180000988
210.46,0.00238348196395884
211.24,0.00238594892708927
212.02,0.00238840279451462
212.8,0.00239084367023534
213.58,0.00239327165715354
214.36,0.00239568685708748
215.14,0.00239808937078576
215.92,0.00240047929794137
216.7,0.00240285673720547
217.48,0.00240522178620095
218.26,0.0024075745415358
219.04,0.00240991509881626
219.82,0.0024122435526598
220.6,0.00241455999670783
221.38,0.00241686452363826
222.16,0.00241915722517789
222.94,0.00242143819211454
223.72,0.00242370751430908
224.5,0.00242596528070717
225.28,0.00242821157935095
226.06,0.00243044649739044
226.84,0.0024326701210948
227.62,0.00243488253586347
228.4,0.0024370838262371
229.18,0.00243927407590826
229.96,0.00244145336773213
230.74,0.0024436217837369
231.52,0.00244577940513404
232.3,0.00244792631232851
233.08,0.00245006258492867
233.86,0.00245218830175619
234.64,0.00245430354085569
235.42,0.00245640837950432
236.2,0.00245850289422115
236.98,0.00246058716077648
237.76,0.00246266125420092
238.54,0.00246472524879447
239.32,0.00246677921813531
240.1,0.00246882323508861
240.88,0.00247085737181509
241.66,0.00247288169977958
242.44,0.0024748962897593
243.22,0.00247690121185222
244,0.00247889653548506
244.78,0.00248088232942144
245.56,0.00248285866176967
246.34,0.0024848255999906
247.12,0.00248678321090526
247.9,0.00248873156070245
248.68,0.0024906707149462
249.46,0.0024926007385831
250.24,0.00249452169594959
251.02,0.00249643365077907
251.8,0.00249833666620896
252.58,0.00250023080478768
253.36,0.00250211612848145
254.14,0.0025039926986811
254.92,0.00250586057620869
255.7,0.00250771982132411
256.48,0.00250957049373155
257.26,0.0025114126525859
258.04,0.00251324635649902
258.82,0.00251507166354602
259.6,0.0025168886312713
260.38,0.0025186973166947
261.16,0.00252049777631738
261.94,0.00252229006612777
262.72,0.00252407424160729
263.5,0.00252585035773619
264.28,0.00252761846899908
265.06,0.00252937862939058
265.84,0.0025311308924208
266.62,0.00253287531112073
267.4,0.00253461193804763
268.18,0.0025363408252903
268.96,0.00253806202447425
269.74,0.00253977558676691
270.52,0.00254148156288262
271.3,0.00254318000308771
272.08,0.00254487095720536
272.86,0.00254655447462056
273.64,0.00254823060428482
274.42,0.002549899394721
275.2,0.00255156089402794
275.98,0.0025532151498851
276.76,0.00255486220955712
277.54,0.00255650211989832
278.32,0.00255813492735716
279.1,0.00255976067798057
279.88,0.00256137941741835
280.66,0.00256299119092741
281.44,0.00256459604337596
282.22,0.00256619401924772
283,0.00256778516264603
283.78,0.00256936951729786
284.56,0.00257094712655784
285.34,0.00257251803341226
286.12,0.00257408228048289
286.9,0.00257563991003089
287.68,0.00257719096396063
288.46,0.00257873548382339
289.24,0.00258027351082112
290.02,0.00258180508581007
290.8,0.00258333024930445
291.58,0.00258484904147996
292.36,0.00258636150217733
293.14,0.00258786767090581
293.92,0.00258936758684663
294.7,0.00259086128885635
295.48,0.00259234881547026
296.26,0.00259383020490564
297.04,0.00259530549506512
297.82,0.00259677472353983
298.6,0.00259823792761263
299.38,0.00259969514426124
300.16,0.00260114641016141
300.94,0.00260259176168993
301.72,0.0026040312349277
302.5,0.00260546486566275
303.28,0.00260689268939316
304.06,0.00260831474133005
304.84,0.00260973105640042
305.62,0.00261114166925003
306.4,0.00261254661424623
307.18,0.00261394592548075
307.96,0.00261533963677246
308.74,0.00261672778167007
309.52,0.00261811039345486
310.3,0.00261948750514332
311.08,0.00262085914948976
311.86,0.00262222535898895
312.64,0.00262358616587864
313.42,0.00262494160214215
314.2,0.0026262916995108
314.98,0.00262763648946647
315.76,0.00262897600324398
316.54,0.00263031027183354
317.32,0.00263163932598315
318.1,0.00263296319620094
318.88,0.00263428191275749
319.66,0.00263559550568819
320.44,0.00263690400479547
321.22,0.00263820743965108
322,0.0026395058395983
322.78,0.00264079923375418
323.56,0.00264208765101165
324.34,0.00264337112004174
325.12,0.00264464966929567
325.9,0.00264592332700694
326.68,0.00264719212119347
327.46,0.00264845607965957
328.24,0.00264971522999804
329.02,0.00265096959959214
329.8,0.00265221921561758
330.58,0.00265346410504451
331.36,0.00265470429463942
332.14,0.00265593981096709
332.92,0.00265717068039245
333.7,0.00265839692908252
334.48,0.0026596185830082
335.26,0.00266083566794611
336.04,0.00266204820948046
336.82,0.00266325623300479
337.6,0.00266445976372372
338.38,0.0026656588266548
339.16,0.00266685344663013
339.94,0.00266804364829816
340.72,0.00266922945612533
341.5,0.00267041089439778
342.28,0.002671587987223
343.06,0.00267276075853145
343.84,0.00267392923207822
344.62,0.00267509343144459
345.4,0.00267625338003965
346.18,0.00267740910110186
346.96,0.00267856061770059
347.74,0.00267970795273766
348.52,0.00268085112894888
349.3,0.00268199016890553
350.08,0.00268312509501582
350.86,0.00268425592952644
351.64,0.00268538269452392
352.42,0.00268650541193613
353.2,0.00268762410353369
353.98,0.00268873879093134
354.76,0.00268984949558939
355.54,0.00269095623881506
356.32,0.00269205904176386
357.1,0.00269315792544093
357.88,0.00269425291070235
358.66,0.00269534401825651
359.44,0.00269643126866538
360.22,0.00269751468234581
361,0.0026985942795708
361.78,0.0026996700804708
362.56,0.0027007421050349
363.34,0.00270181037311212
364.12,0.00270287490441262
364.9,0.0027039357185089
365.68,0.00270499283483701
366.46,0.00270604627269774
367.24,0.0027070960512578
368.02,0.00270814218955096
368.8,0.0027091847064792
369.58,0.0027102236208139
370.36,0.00271125895119689
371.14,0.00271229071614164
371.92,0.00271331893403428
372.7,0.00271434362313479
373.48,0.002715364801578
374.26,0.0027163824873747
375.04,0.00271739669841267
375.82,0.00271840745245778
376.6,0.00271941476715498
377.38,0.00272041866002932
378.16,0.00272141914848702
378.94,0.00272241624981643
379.72,0.00272340998118903
380.5,0.00272440035966044
381.28,0.00272538740217137
382.06,0.00272637112554861
382.84,0.00272735154650595
383.62,0.00272832868164517
384.4,0.00272930254745696
385.18,0.00273027316032181
385.96,0.00273124053651102
386.74,0.00273220469218749
387.52,0.00273316564340673
388.3,0.00273412340611767
389.08,0.0027350779961636
389.86,0.00273602942928301
390.64,0.00273697772111046
391.42,0.00273792288717744
392.2,0.00273886494291324
392.98,0.00273980390364573
393.76,0.00274073978460226
394.54,0.00274167260091045
395.32,0.00274260236759899
396.1,0.00274352909959849
396.88,0.00274445281174223
397.66,0.00274537351876699
398.44,0.00274629123531381
399.22,0.00274720597592878
400,0.00274811775506381
