"ResDensity","N_TraitValue"
10,6.39226322919522e-05
10.12,6.46832976422308e-05
10.24,6.54438123496756e-05
10.36,6.62041764590323e-05
10.48,6.69643900150289e-05
10.6,6.77244530623758e-05
10.72,6.84843656457654e-05
10.84,6.92441278098728e-05
10.96,7.00037395993551e-05
11.08,7.07632010588518e-05
11.2,7.15225122329849e-05
11.32,7.22816731663586e-05
11.44,7.30406839035594e-05
11.56,7.37995444891563e-05
11.68,7.45582549677005e-05
11.8,7.53168153837258e-05
11.92,7.60752257817481e-05
12.04,7.6833486206266e-05
12.16,7.75915967017603e-05
12.28,7.83495573126942e-05
12.4,7.91073680835135e-05
12.52,7.98650290586462e-05
12.64,8.0622540282503e-05
12.76,8.13799017994768e-05
12.88,8.2137113653943e-05
13,8.28941758902596e-05
13.12,8.3651088552767e-05
13.24,8.4407851685788e-05
13.36,8.51644653336281e-05
13.48,8.5920929540575e-05
13.6,8.66772443508991e-05
13.72,8.74334098088533e-05
13.84,8.81894259586731e-05
13.96,8.89452928445763e-05
14.08,8.97010105107635e-05
14.2,9.04565790014176e-05
14.32,9.12119983607042e-05
14.44,9.19672686327716e-05
14.56,9.27223898617504e-05
14.68,9.3477362091754e-05
14.8,9.42321853668782e-05
14.92,9.49868597312016e-05
15.04,9.57413852287853e-05
15.16,9.64957619036731e-05
15.28,9.72499897998912e-05
15.4,9.80040689614487e-05
15.52,9.87579994323373e-05
15.64,9.95117812565313e-05
15.76,0.000100265414477988
15.88,0.000101018899140646
16,0.000101772235288428
16.12,0.00010252542296524
16.24,0.000103278462214969
16.36,0.000104031353081484
16.48,0.000104784095608641
16.6,0.000105536689840274
16.72,0.000106289135820201
16.84,0.000107041433592225
16.96,0.000107793583200129
17.08,0.00010854558468768
17.2,0.000109297438098627
17.32,0.000110049143476703
17.44,0.000110800700865624
17.56,0.000111552110309086
17.68,0.000112303371850771
17.8,0.000113054485534342
17.92,0.000113805451403446
18.04,0.000114556269501711
18.16,0.000115306939872749
18.28,0.000116057462560156
18.4,0.00011680783760751
18.52,0.000117558065058369
18.64,0.000118308144956279
18.76,0.000119058077344765
18.88,0.000119807862267337
19,0.000120557499767486
19.12,0.000121306989888687
19.24,0.000122056332674398
19.36,0.000122805528168061
19.48,0.000123554576413098
19.6,0.000124303477452917
19.72,0.000125052231330906
19.84,0.000125800838090438
19.96,0.00012654929777487
20.08,0.000127297610427539
20.2,0.000128045776091766
20.32,0.000128793794810856
20.44,0.000129541666628097
20.56,0.000130289391586758
20.68,0.000131036969730094
20.8,0.00013178440110134
20.92,0.000132531685743716
21.04,0.000133278823700425
21.16,0.000134025815014652
21.28,0.000134772659729565
21.4,0.000135519357888316
21.52,0.00013626590953404
21.64,0.000137012314709855
21.76,0.00013775857345886
21.88,0.000138504685824142
22,0.000139250651848765
22.12,0.000139996471575781
22.24,0.000140742145048222
22.36,0.000141487672309106
22.48,0.000142233053401431
22.6,0.00014297828836818
22.72,0.000143723377252319
22.84,0.000144468320096797
22.96,0.000145213116944547
23.08,0.000145957767838482
23.2,0.000146702272821502
23.32,0.000147446631936489
23.44,0.000148190845226306
23.56,0.000148934912733804
23.68,0.000149678834501811
23.8,0.000150422610573144
23.92,0.0001511662409906
24.04,0.00015190972579696
24.16,0.000152653065034987
24.28,0.000153396258747431
24.4,0.00015413930697702
24.52,0.00015488220976647
24.64,0.000155624967158477
24.76,0.000156367579195722
24.88,0.000157110045920869
25,0.000157852367376566
25.12,0.000158594543605442
25.24,0.000159336574650112
25.36,0.000160078460553172
25.48,0.000160820201357204
25.6,0.00016156179710477
25.72,0.000162303247838419
25.84,0.00016304455360068
25.96,0.000163785714434068
26.08,0.00016452673038108
26.2,0.000165267601484196
26.32,0.000166008327785881
26.44,0.000166748909328582
26.56,0.00016748934615473
26.68,0.000168229638306739
26.8,0.000168969785827008
26.92,0.000169709788757916
27.04,0.00017044964714183
27.16,0.000171189361021096
27.28,0.000171928930438047
27.4,0.000172668355434997
27.52,0.000173407636054245
27.64,0.000174146772338073
27.76,0.000174885764328746
27.88,0.000175624612068513
28,0.000176363315599607
28.12,0.000177101874964243
28.24,0.000177840290204622
28.36,0.000178578561362925
28.48,0.000179316688481321
28.6,0.000180054671601958
28.72,0.00018079251076697
28.84,0.000181530206018475
28.96,0.000182267757398574
29.08,0.00018300516494935
29.2,0.000183742428712872
29.32,0.000184479548731192
29.44,0.000185216525046344
29.56,0.000185953357700347
29.68,0.000186690046735204
29.8,0.0001874265921929
29.92,0.000188162994115406
30.04,0.000188899252544675
30.16,0.000189635367522644
30.28,0.000190371339091232
30.4,0.000191107167292345
30.52,0.000191842852167871
30.64,0.00019257839375968
30.76,0.00019331379210963
30.88,0.000194049047259557
31,0.000194784159251286
31.12,0.000195519128126623
31.24,0.000196253953927357
31.36,0.000196988636695264
31.48,0.000197723176472099
31.6,0.000198457573299606
31.72,0.000199191827219508
31.84,0.000199925938273516
31.96,0.000200659906503321
32.08,0.0002013937319506
32.2,0.000202127414657013
32.32,0.000202860954664205
32.44,0.000203594352013803
32.56,0.000204327606747418
32.68,0.000205060718906647
32.8,0.000205793688533069
32.92,0.000206526515668246
33.04,0.000207259200353726
33.16,0.00020799174263104
33.28,0.000208724142541702
33.4,0.000209456400127211
33.52,0.000210188515429049
33.64,0.000210920488488682
33.76,0.000211652319347561
33.88,0.00021238400804712
34,0.000213115554628777
34.12,0.000213846959133934
34.24,0.000214578221603976
34.36,0.000215309342080273
34.48,0.000216040320604179
34.6,0.000216771157217032
34.72,0.000217501851960153
34.84,0.000218232404874847
34.96,0.000218962816002405
35.08,0.0002196930853841
35.2,0.000220423213061189
35.32,0.000221153199074913
35.44,0.000221883043466498
35.56,0.000222612746277154
35.68,0.000223342307548074
35.8,0.000224071727320436
35.92,0.0002248010056354
36.04,0.000225530142534113
36.16,0.000226259138057704
36.28,0.000226987992247287
36.4,0.000227716705143959
36.52,0.000228445276788803
36.64,0.000229173707222884
36.76,0.000229901996487252
36.88,0.000230630144622941
37,0.00023135815167097
37.12,0.00023208601767234
37.24,0.000232813742668037
37.36,0.000233541326699033
37.48,0.000234268769806282
37.6,0.000234996072030723
37.72,0.000235723233413278
37.84,0.000236450253994855
37.96,0.000237177133816344
38.08,0.000237903872918621
38.2,0.000238630471342546
38.32,0.000239356929128963
38.44,0.000240083246318698
38.56,0.000240809422952566
38.68,0.00024153545907136
38.8,0.000242261354715863
38.92,0.000242987109926839
39.04,0.000243712724745037
39.16,0.000244438199211189
39.28,0.000245163533366015
39.4,0.000245888727250214
39.52,0.000246613780904474
39.64,0.000247338694369464
39.76,0.00024806346768584
39.88,0.000248788100894239
40,0.000249512594035285
40.12,0.000250236947149585
40.24,0.000250961160277731
40.36,0.000251685233460299
40.48,0.000252409166737849
40.6,0.000253132960150925
40.72,0.000253856613740058
40.84,0.00025458012754576
40.96,0.000255303501608528
41.08,0.000256026735968846
41.2,0.000256749830667178
41.32,0.000257472785743977
41.44,0.000258195601239676
41.56,0.000258918277194696
41.68,0.000259640813649441
41.8,0.000260363210644299
41.92,0.000261085468219642
42.04,0.000261807586415828
42.16,0.000262529565273198
42.28,0.000263251404832079
42.4,0.00026397310513278
42.52,0.000264694666215597
42.64,0.00026541608812081
42.76,0.000266137370888681
42.88,0.000266858514559459
43,0.000267579519173377
43.12,0.000268300384770653
43.24,0.000269021111391487
43.36,0.000269741699076067
43.48,0.000270462147864563
43.6,0.00027118245779713
43.72,0.000271902628913907
43.84,0.000272622661255021
43.96,0.000273342554860578
44.08,0.000274062309770673
44.2,0.000274781926025384
44.32,0.000275501403664773
44.44,0.000276220742728887
44.56,0.000276939943257758
44.68,0.000277659005291402
44.8,0.00027837792886982
44.92,0.000279096714032997
45.04,0.000279815360820904
45.16,0.000280533869273495
45.28,0.000281252239430709
45.4,0.00028197047133247
45.52,0.000282688565018688
45.64,0.000283406520529254
45.76,0.000284124337904046
45.88,0.000284842017182928
46,0.000285559558405747
46.12,0.000286276961612333
46.24,0.000286994226842505
46.36,0.000287711354136062
46.48,0.000288428343532791
46.6,0.000289145195072462
46.72,0.00028986190879483
46.84,0.000290578484739636
46.96,0.000291294922946605
47.08,0.000292011223455445
47.2,0.000292727386305851
47.32,0.000293443411537502
47.44,0.000294159299190061
47.56,0.000294875049303178
47.68,0.000295590661916484
47.8,0.000296306137069598
47.92,0.000297021474802124
48.04,0.000297736675153648
48.16,0.000298451738163742
48.28,0.000299166663871965
48.4,0.000299881452317857
48.52,0.000300596103540946
48.64,0.000301310617580744
48.76,0.000302024994476746
48.88,0.000302739234268434
49,0.000303453336995274
49.12,0.000304167302696717
49.24,0.000304881131412199
49.36,0.000305594823181141
49.48,0.000306308378042947
49.6,0.00030702179603701
49.72,0.000307735077202703
49.84,0.000308448221579388
49.96,0.000309161229206409
50.08,0.000309874100123096
50.2,0.000310586834368765
50.32,0.000311299431982715
50.44,0.000312011893004232
50.56,0.000312724217472584
50.68,0.000313436405427028
50.8,0.000314148456906801
50.92,0.00031486037195113
51.04,0.000315572150599223
51.16,0.000316283792890276
51.28,0.000316995298863468
51.4,0.000317706668557963
51.52,0.000318417902012911
51.64,0.000319128999267447
51.76,0.00031983996036069
51.88,0.000320550785331744
52,0.000321261474219701
52.12,0.000321972027063633
52.24,0.000322682443902602
52.36,0.000323392724775651
52.48,0.00032410286972181
52.6,0.000324812878780095
52.72,0.000325522751989505
52.84,0.000326232489389025
52.96,0.000326942091017626
53.08,0.000327651556914263
53.2,0.000328360887117875
53.32,0.000329070081667389
53.44,0.000329779140601715
53.56,0.000330488063959748
53.68,0.00033119685178037
53.8,0.000331905504102446
53.92,0.000332614020964827
54.04,0.00033332240240635
54.16,0.000334030648465836
54.28,0.000334738759182091
54.4,0.000335446734593907
54.52,0.000336154574740061
54.64,0.000336862279659315
54.76,0.000337569849390416
54.88,0.000338277283972097
55,0.000338984583443075
55.12,0.000339691747842053
55.24,0.00034039877720772
55.36,0.000341105671578748
55.48,0.000341812430993796
55.6,0.000342519055491508
55.72,0.000343225545110513
55.84,0.000343931899889425
55.96,0.000344638119866843
56.08,0.000345344205081354
56.2,0.000346050155571525
56.32,0.000346755971375914
56.44,0.00034746165253306
56.56,0.00034816719908149
56.68,0.000348872611059714
56.8,0.00034957788850623
56.92,0.000350283031459519
57.04,0.000350988039958049
57.16,0.000351692914040272
57.28,0.000352397653744625
57.4,0.000353102259109533
57.52,0.000353806730173403
57.64,0.00035451106697463
57.76,0.000355215269551593
57.88,0.000355919337942656
58,0.00035662327218617
58.12,0.000357327072320471
58.24,0.000358030738383878
58.36,0.000358734270414698
58.48,0.000359437668451223
58.6,0.000360140932531731
58.72,0.000360844062694482
58.84,0.000361547058977726
58.96,0.000362249921419695
59.08,0.00036295265005861
59.2,0.000363655244932672
59.32,0.000364357706080073
59.44,0.000365060033538988
59.56,0.000365762227347577
59.68,0.000366464287543986
59.8,0.000367166214166348
59.92,0.000367868007252778
60.04,0.00036856966684138
60.16,0.000369271192970242
60.28,0.000369972585677437
60.4,0.000370673845001024
60.52,0.000371374970979049
60.64,0.000372075963649541
60.76,0.000372776823050515
60.88,0.000373477549219975
61,0.000374178142195905
61.12,0.000374878602016279
61.24,0.000375578928719054
61.36,0.000376279122342175
61.48,0.000376979182923569
61.6,0.000377679110501152
61.72,0.000378378905112825
61.84,0.000379078566796472
61.96,0.000379778095589966
62.08,0.000380477491531163
62.2,0.000381176754657907
62.32,0.000381875885008026
62.44,0.000382574882619333
62.56,0.000383273747529629
62.68,0.000383972479776698
62.8,0.000384671079398312
62.92,0.000385369546432227
63.04,0.000386067880916186
63.16,0.000386766082887916
63.28,0.000387464152385131
63.4,0.000388162089445531
63.52,0.0003888598941068
63.64,0.000389557566406609
63.76,0.000390255106382615
63.88,0.00039095251407246
64,0.000391649789513772
64.12,0.000392346932744163
64.24,0.000393043943801235
64.36,0.000393740822722571
64.48,0.000394437569545743
64.6,0.000395134184308307
64.72,0.000395830667047806
64.84,0.000396527017801767
64.96,0.000397223236607705
65.08,0.000397919323503119
65.2,0.000398615278525496
65.32,0.000399311101712305
65.44,0.000400006793101005
65.56,0.000400702352729037
65.68,0.000401397780633832
65.8,0.000402093076852803
65.92,0.000402788241423351
66.04,0.000403483274382862
66.16,0.000404178175768708
66.28,0.000404872945618247
66.4,0.000405567583968823
66.52,0.000406262090857765
66.64,0.00040695646632239
66.76,0.000407650710399997
66.88,0.000408344823127876
67,0.000409038804543298
67.12,0.000409732654683523
67.24,0.000410426373585796
67.36,0.000411119961287347
67.48,0.000411813417825394
67.6,0.00041250674323714
67.72,0.000413199937559772
67.84,0.000413893000830466
67.96,0.000414585933086383
68.08,0.000415278734364667
68.2,0.000415971404702453
68.32,0.000416663944136858
68.44,0.000417356352704988
68.56,0.000418048630443931
68.68,0.000418740777390765
68.8,0.000419432793582552
68.92,0.00042012467905634
69.04,0.000420816433849164
69.16,0.000421508057998045
69.28,0.000422199551539987
69.4,0.000422890914511984
69.52,0.000423582146951015
69.64,0.000424273248894043
69.76,0.00042496422037802
69.88,0.000425655061439881
70,0.00042634577211655
