"ResDensity","N_TraitValue"
5,9.4418668489866e-05
5.15,9.64577922440821e-05
5.3,9.84639123706082e-05
5.45,0.000100437823692775
5.6,0.000102380295714956
5.75,0.000104292073622763
5.9,0.000106173879236206
6.05,0.000108026411918364
6.2,0.000109850349441987
6.35,0.000111646348816262
6.5,0.000113415047075894
6.65,0.000115157062034455
6.8,0.000116872993003907
6.95,0.000118563421482036
7.1,0.000120228911809464
7.25,0.000121870011797793
7.4,0.000123487253330363
7.55,0.000125081152936983
7.7,0.000126652212343966
7.85,0.000128200919000682
8,0.000129727746583794
8.15,0.000131233155480278
8.3,0.00013271759325025
8.45,0.000134181495070589
8.6,0.000135625284160275
8.75,0.000137049372188315
8.9,0.00013845415966508
9.05,0.000139840036317844
9.2,0.000141207381451251
9.35,0.000142556564293424
9.5,0.000143887944328371
9.65,0.000145201871615316
9.8,0.000146498687095557
9.95,0.000147778722887413
10.1,0.000149042302569791
10.25,0.000150289741454893
10.4,0.00015152134685053
10.55,0.000152737418312523
10.7,0.000153938247887596
10.85,0.000155124120347213
11,0.000156295313412713
11.15,0.000157452097972149
11.3,0.000158594738289167
11.45,0.000159723492204267
11.6,0.000160838611328779
11.75,0.000161940341231844
11.9,0.000163028921620705
12.05,0.000164104586514575
12.2,0.000165167564412361
12.35,0.000166218078454481
12.5,0.000167256346579023
12.65,0.000168282581672483
12.8,0.000169296991715276
12.95,0.000170299779922265
13.1,0.000171291144878471
13.25,0.000172271280670179
13.4,0.000173240377011619
13.55,0.000174198619367376
13.7,0.000175146189070727
13.85,0.00017608326343803
14,0.000177010015879346
14.15,0.000177926616005417
14.3,0.000178833229731154
14.45,0.000179730019375751
14.6,0.000180617143759574
14.75,0.000181494758297925
14.9,0.000182363015091813
15.05,0.00018322206301583
15.2,0.000184072047803252
15.35,0.000184913112128458
15.5,0.000185745395686767
15.65,0.000186569035271787
15.8,0.000187384164850371
15.95,0.000188190915635256
16.1,0.000188989416155473
16.25,0.000189779792324617
16.4,0.000190562167507033
16.55,0.000191336662582004
16.7,0.000192103396006017
16.85,0.000192862483873158
17,0.000193614039973711
17.15,0.000194358175851026
17.3,0.000195095000856703
17.45,0.000195824622204165
17.6,0.000196547145020663
17.75,0.00019726267239777
17.9,0.000197971305440422
18.05,0.000198673143314536
18.2,0.00019936828329328
18.35,0.000200056820802008
18.5,0.000200738849461936
18.65,0.000201414461132577
18.8,0.000202083745952981
18.95,0.000202746792381831
19.1,0.000203403687236417
19.25,0.000204054515730528
19.4,0.000204699361511307
19.55,0.000205338306695087
19.7,0.000205971431902249
19.85,0.000206598816291136
20,0.000207220537591044
20.15,0.000207836672134327
20.3,0.000208447294887637
20.45,0.00020905247948233
20.6,0.000209652298244068
20.75,0.000210246822221631
20.9,0.000210836121214972
21.05,0.000211420263802535
21.2,0.000211999317367861
21.35,0.000212573348125497
21.5,0.00021314242114624
21.65,0.000213706600381724
21.8,0.000214265948688377
21.95,0.000214820527850772
22.1,0.000215370398604368
22.25,0.000215915620657692
22.4,0.000216456252713946
22.55,0.00021699235249208
22.7,0.000217523976747336
22.85,0.000218051181291273
23,0.000218574021011301
23.15,0.000219092549889731
23.3,0.000219606821022357
23.45,0.000220116886636576
23.6,0.000220622798109069
23.75,0.000221124605983056
23.9,0.000221622359985127
24.05,0.000222116109041668
24.2,0.000222605901294893
24.35,0.00022309178411849
24.5,0.0002235738041329
24.65,0.000224052007220226
24.8,0.000224526438538789
24.95,0.000224997142537351
25.1,0.000225464162968989
25.25,0.000225927542904658
25.4,0.000226387324746431
25.55,0.000226843550240431
25.7,0.000227296260489469
25.85,0.000227745495965389
26,0.000228191296521126
26.15,0.000228633701402494
26.3,0.000229072749259703
26.45,0.000229508478158613
26.6,0.000229940925591739
26.75,0.000230370128489004
26.9,0.000230796123228251
27.05,0.000231218945645521
27.2,0.000231638631045104
27.35,0.000232055214209366
27.5,0.000232468729408354
27.65,0.0002328792104092
27.8,0.000233286690485308
27.95,0.000233691202425347
28.1,0.000234092778542047
28.25,0.0002344914506808
28.4,0.000234887250228083
28.55,0.00023528020811969
28.7,0.000235670354848798
28.85,0.000236057720473848
29,0.000236442334626271
29.15,0.00023682422651804
29.3,0.00023720342494907
29.45,0.000237579958314452
29.6,0.000237953854611546
29.75,0.000238325141446919
29.9,0.00023869384604314
30.05,0.000239059995245432
30.2,0.00023942361552819
30.35,0.000239784733001361
30.5,0.000240143373416692
30.65,0.000240499562173854
30.8,0.000240853324326439
30.95,0.000241204684587831
31.1,0.000241553667336965
31.25,0.000241900296623962
31.4,0.000242244596175656
31.55,0.000242586589401009
31.7,0.000242926299396415
31.85,0.000243263748950898
32,0.000243598960551211
32.15,0.00024393195638683
32.3,0.000244262758354851
32.45,0.000244591388064788
32.6,0.000244917866843281
32.75,0.000245242215738707
32.9,0.000245564455525707
33.05,0.000245884606709617
33.2,0.000246202689530823
33.35,0.000246518723969021
33.5,0.000246832729747406
33.65,0.00024714472633677
33.8,0.000247454732959531
33.95,0.000247762768593677
34.1,0.000248068851976643
34.25,0.000248373001609106
34.4,0.000248675235758716
34.55,0.000248975572463751
34.7,0.000249274029536708
34.85,0.000249570624567823
35,0.000249865374928527
35.15,0.000250158297774839
35.3,0.000250449410050693
35.45,0.000250738728491206
35.6,0.000251026269625883
35.75,0.000251312049781769
35.9,0.000251596085086537
36.05,0.00025187839147152
36.2,0.000252158984674695
36.35,0.000252437880243601
36.5,0.000252715093538216
36.65,0.000252990639733776
36.8,0.000253264533823541
36.95,0.000253536790621517
37.1,0.000253807424765129
37.25,0.000254076450717839
37.4,0.000254343882771727
37.55,0.00025460973505002
37.7,0.00025487402150958
37.85,0.000255136755943344
38,0.000255397951982725
38.15,0.00025565762309997
38.3,0.000255915782610475
38.45,0.000256172443675063
38.6,0.000256427619302218
38.75,0.000256681322350284
38.9,0.000256933565529627
39.05,0.000257184361404753
39.2,0.000257433722396399
39.35,0.000257681660783579
39.5,0.000257928188705605
39.65,0.000258173318164063
39.8,0.000258417061024763
39.95,0.000258659429019654
40.1,0.000258900433748706
40.25,0.00025914008668176
40.4,0.000259378399160348
40.55,0.000259615382399483
40.7,0.000259851047489417
40.85,0.000260085405397372
41,0.00026031846696924
41.15,0.000260550242931259
41.3,0.000260780743891655
41.45,0.000261009980342264
41.6,0.00026123796266012
41.75,0.000261464701109025
41.9,0.000261690205841086
42.05,0.000261914486898233
42.2,0.000262137554213707
42.35,0.000262359417613527
42.5,0.000262580086817935
42.65,0.000262799571442814
42.8,0.000263017881001085
42.95,0.000263235024904079
43.1,0.000263451012462895
43.25,0.000263665852889725
43.4,0.000263879555299168
43.55,0.000264092128709517
43.7,0.000264303582044027
43.85,0.000264513924132166
44,0.000264723163710841
44.15,0.000264931309425612
44.3,0.000265138369831877
44.45,0.000265344353396048
44.6,0.000265549268496707
44.75,0.000265753123425734
44.9,0.000265955926389437
45.05,0.000266157685509642
45.2,0.000266358408824784
45.35,0.000266558104290973
45.5,0.000266756779783045
45.65,0.000266954443095597
45.8,0.000267151101944005
45.95,0.000267346763965433
46.1,0.000267541436719814
46.25,0.00026773512769083
46.4,0.000267927844286869
46.55,0.000268119593841967
46.7,0.000268310383616744
46.85,0.000268500220799314
47,0.000268689112506192
47.15,0.000268877065783182
47.3,0.000269064087606254
47.45,0.000269250184882405
47.6,0.000269435364450512
47.75,0.000269619633082167
47.9,0.000269802997482503
48.05,0.000269985464291011
48.2,0.000270167040082336
48.35,0.00027034773136707
48.5,0.000270527544592528
48.65,0.000270706486143519
48.8,0.000270884562343096
48.95,0.000271061779453304
49.1,0.000271238143675916
49.25,0.000271413661153151
49.4,0.000271588337968393
49.55,0.000271762180146889
49.7,0.000271935193656445
49.85,0.000272107384408106
50,0.000272278758256834
50.15,0.000272449321002166
50.3,0.000272619078388871
50.45,0.000272788036107597
50.6,0.000272956199795501
50.75,0.000273123575036884
50.9,0.0002732901673638
51.05,0.000273455982256675
51.2,0.000273621025144899
51.35,0.000273785301407426
51.5,0.000273948816373354
51.65,0.000274111575322502
51.8,0.000274273583485979
51.95,0.000274434846046745
52.1,0.000274595368140163
52.25,0.000274755154854542
52.4,0.000274914211231679
52.55,0.000275072542267387
52.7,0.000275230152912016
52.85,0.000275387048070973
53,0.000275543232605227
53.15,0.000275698711331816
53.3,0.000275853489024336
53.45,0.000276007570413434
53.6,0.000276160960187289
53.75,0.000276313662992088
53.9,0.000276465683432491
54.05,0.000276617026072102
54.2,0.000276767695433916
54.35,0.000276917696000777
54.5,0.000277067032215821
54.65,0.00027721570848291
54.8,0.000277363729167074
54.95,0.000277511098594927
55.1,0.000277657821055099
55.25,0.000277803900798645
55.4,0.000277949342039458
55.55,0.000278094148954675
55.7,0.000278238325685076
55.85,0.000278381876335478
56,0.000278524804975127
56.15,0.000278667115638078
56.3,0.000278808812323579
56.45,0.000278949898996446
56.6,0.000279090379587426
56.75,0.000279230257993573
56.9,0.000279369538078596
57.05,0.000279508223673225
57.2,0.000279646318575557
57.35,0.000279783826551404
57.5,0.000279920751334634
57.65,0.000280057096627514
57.8,0.000280192866101034
57.95,0.000280328063395248
58.1,0.00028046269211959
58.25,0.000280596755853201
58.4,0.000280730258145242
58.55,0.000280863202515211
58.7,0.000280995592453249
58.85,0.00028112743142045
59,0.000281258722849155
59.15,0.000281389470143258
59.3,0.000281519676678496
59.45,0.000281649345802739
59.6,0.000281778480836279
59.75,0.000281907085072112
59.9,0.000282035161776219
60.05,0.000282162714187841
60.2,0.000282289745519754
60.35,0.000282416258958537
60.5,0.00028254225766484
60.65,0.000282667744773644
60.8,0.000282792723394528
60.95,0.000282917196611915
61.1,0.000283041167485339
61.25,0.000283164639049682
61.4,0.000283287614315433
61.55,0.000283410096268927
61.7,0.000283532087872585
61.85,0.00028365359206516
62,0.000283774611761965
62.15,0.000283895149855111
62.3,0.000284015209213737
62.45,0.000284134792684235
62.6,0.000284253903090479
62.75,0.000284372543234043
62.9,0.000284490715894422
63.05,0.000284608423829253
63.2,0.000284725669774523
63.35,0.000284842456444787
63.5,0.000284958786533371
63.65,0.000285074662712587
63.8,0.00028519008763393
63.95,0.000285305063928285
64.1,0.000285419594206126
64.25,0.000285533681057713
64.4,0.000285647327053286
64.55,0.000285760534743261
64.7,0.000285873306658418
64.85,0.000285985645310091
65,0.000286097553190355
65.15,0.000286209032772209
65.3,0.000286320086509758
65.45,0.000286430716838395
65.6,0.000286540926174977
65.75,0.000286650716918
65.9,0.000286760091447779
66.05,0.000286869052126611
66.2,0.000286977601298953
66.35,0.000287085741291587
66.5,0.000287193474413784
66.65,0.000287300802957472
66.8,0.000287407729197397
66.95,0.000287514255391285
67.1,0.000287620383779998
67.25,0.000287726116587694
67.4,0.00028783145602198
67.55,0.000287936404274069
67.7,0.000288040963518928
67.85,0.00028814513591543
68,0.000288248923606505
68.15,0.000288352328719282
68.3,0.000288455353365239
68.45,0.000288557999640343
68.6,0.000288660269625194
68.75,0.000288762165385167
68.9,0.000288863688970549
69.05,0.000288964842416674
69.2,0.000289065627744066
69.35,0.000289166046958567
69.5,0.000289266102051475
69.65,0.000289365794999669
69.8,0.000289465127765747
69.95,0.000289564102298151
70.1,0.000289662720531293
70.25,0.000289760984385682
70.4,0.000289858895768053
70.55,0.000289956456571483
70.7,0.000290053668675517
70.85,0.00029015053394629
71,0.000290247054236644
71.15,0.000290343231386246
71.3,0.000290439067221708
71.45,0.000290534563556696
71.6,0.000290629722192054
71.75,0.000290724544915909
71.9,0.000290819033503787
72.05,0.000290913189718722
72.2,0.000291007015311367
72.35,0.000291100512020101
72.5,0.00029119368157114
72.65,0.000291286525678638
72.8,0.000291379046044795
72.95,0.000291471244359963
73.1,0.000291563122302743
73.25,0.000291654681540094
73.4,0.000291745923727428
73.55,0.000291836850508714
73.7,0.000291927463516573
73.85,0.000292017764372378
74,0.000292107754686353
74.15,0.000292197436057661
74.3,0.000292286810074509
74.45,0.000292375878314232
74.6,0.000292464642343394
74.75,0.000292553103717873
74.9,0.000292641263982957
75.05,0.000292729124673432
75.2,0.00029281668731367
75.35,0.000292903953417719
75.5,0.000292990924489389
75.65,0.000293077602022339
75.8,0.000293163987500163
75.95,0.000293250082396474
76.1,0.000293335888174987
76.25,0.000293421406289603
76.4,0.000293506638184492
76.55,0.000293591585294172
76.7,0.00029367624904359
76.85,0.000293760630848205
77,0.000293844732114061
77.15,0.000293928554237871
77.3,0.000294012098607091
77.45,0.000294095366599996
77.6,0.000294178359585758
77.75,0.00029426107892452
77.9,0.000294343525967471
78.05,0.000294425702056916
78.2,0.000294507608526356
78.35,0.000294589246700554
78.5,0.000294670617895607
78.65,0.000294751723419019
78.8,0.000294832564569771
78.95,0.000294913142638389
79.1,0.000294993458907012
79.25,0.000295073514649463
79.4,0.000295153311131313
79.55,0.000295232849609949
79.7,0.000295312131334641
79.85,0.000295391157546606
80,0.000295469929479075
