"ResDensity","N_TraitValue"
10,0.00086929740945119
10.3,0.000892804371213362
10.6,0.000916176672710237
10.9,0.000939415467744468
11.2,0.000962521896974828
11.5,0.000985497088102835
11.8,0.00100834215605622
12.1,0.00103105820316929
12.4,0.00105364631936022
12.7,0.00107610758230537
13,0.00109844305761071
13.3,0.0011206537989803
13.6,0.001142740848382
13.9,0.00116470523621045
14.2,0.00118654798144727
14.5,0.00120827009181866
14.8,0.00122987256395035
15.1,0.00125135638352006
15.4,0.00127272252540742
15.7,0.00129397195384139
16,0.00131510562254536
16.3,0.00133612447487981
16.6,0.00135702944398269
16.9,0.00137782145290752
17.2,0.00139850141475922
17.5,0.00141907023282784
17.8,0.00143952880072002
18.1,0.00145987800248842
18.4,0.00148011871275911
18.7,0.0015002517968568
19,0.00152027811092822
19.3,0.00154019850206344
19.6,0.00156001380841535
19.9,0.00157972485931718
20.2,0.00159933247539822
20.5,0.0016188374686977
20.8,0.00163824064277691
21.1,0.00165754279282952
21.4,0.00167674470579025
21.7,0.0016958471604418
22,0.00171485092752012
22.3,0.00173375676981811
22.6,0.00175256544228764
22.9,0.00177127769214008
23.2,0.00178989425894521
23.5,0.00180841587472871
23.8,0.00182684326406804
24.1,0.00184517714418701
24.4,0.00186341822504875
24.7,0.00188156720944743
25,0.00189962479309847
25.3,0.00191759166472746
25.6,0.00193546850615772
25.9,0.00195325599239655
26.2,0.00197095479172019
26.5,0.00198856556575751
26.8,0.00200608896957247
27.1,0.00202352565174532
27.4,0.00204087625445265
27.7,0.00205814141354618
28,0.0020753217586305
28.3,0.00209241791313955
28.6,0.00210943049441207
28.9,0.00212636011376587
29.2,0.00214320737657108
29.5,0.00215997288232231
29.8,0.00217665722470975
30.1,0.00219326099168926
30.4,0.0022097847655514
30.7,0.00222622912298956
31,0.00224259463516702
31.3,0.00225888186778305
31.6,0.00227509138113816
31.9,0.0022912237301983
32.2,0.0023072794646582
32.5,0.00232325912900383
32.8,0.00233916326257393
33.1,0.00235499239962071
33.4,0.00237074706936965
33.7,0.00238642779607848
34,0.00240203509909537
34.3,0.00241756949291621
34.6,0.00243303148724121
34.9,0.00244842158703059
35.2,0.0024637402925596
35.5,0.00247898809947267
35.8,0.00249416549883693
36.1,0.00250927297719489
36.4,0.00252431101661644
36.7,0.00253928009475014
37,0.00255418068487376
37.3,0.00256901325594419
37.6,0.00258377827264664
37.9,0.00259847619544312
38.2,0.00261310748062039
38.5,0.0026276725803371
38.8,0.00264217194267041
39.1,0.00265660601166192
39.4,0.00267097522736303
39.7,0.00268528002587962
40,0.0026995208394162
40.3,0.00271369809631942
40.6,0.00272781222112104
40.9,0.00274186363458029
41.2,0.00275585275372568
41.5,0.00276977999189627
41.8,0.00278364575878237
42.1,0.00279745046046571
42.4,0.00281119449945909
42.7,0.00282487827474552
43,0.00283850218181678
43.3,0.00285206661271159
43.6,0.00286557195605313
43.9,0.00287901859708625
44.2,0.00289240691771401
44.5,0.00290573729653392
44.8,0.00291901010887355
45.1,0.00293222572682581
45.4,0.00294538451928372
45.7,0.00295848685197469
46,0.00297153308749445
46.3,0.00298452358534047
46.6,0.002997458701945
46.9,0.00301033879070766
47.2,0.00302316420202763
47.5,0.00303593528333542
47.8,0.00304865237912424
48.1,0.003061315830981
48.4,0.00307392597761684
48.7,0.00308648315489739
49,0.00309898769587257
49.3,0.00311143993080601
49.6,0.00312384018720415
49.9,0.00313618878984494
50.2,0.00314848606080624
50.5,0.00316073231949373
50.8,0.00317292788266866
51.1,0.00318507306447511
51.4,0.00319716817646696
51.7,0.00320921352763457
52,0.00322120942443106
52.3,0.00323315617079829
52.6,0.00324505406819258
52.9,0.00325690341560999
53.2,0.00326870450961147
53.5,0.00328045764434748
53.8,0.00329216311158254
54.1,0.00330382120071931
54.4,0.00331543219882243
54.7,0.00332699639064215
55,0.00333851405863755
55.3,0.00334998548299955
55.6,0.00336141094167362
55.9,0.00337279071038229
56.2,0.00338412506264723
56.5,0.00339541426981125
56.8,0.00340665860105991
57.1,0.00341785832344294
57.4,0.00342901370189535
57.7,0.00344012499925836
58,0.00345119247629999
58.3,0.00346221639173554
58.6,0.00347319700224766
58.9,0.00348413456250635
59.2,0.00349502932518858
59.5,0.0035058815409978
59.8,0.00351669145868316
60.1,0.0035274593250585
60.4,0.00353818538502113
60.7,0.00354886988157043
61,0.00355951305582616
61.3,0.00357011514704664
61.6,0.00358067639264664
61.9,0.00359119702821512
62.2,0.00360167728753275
62.5,0.00361211740258923
62.8,0.00362251760360039
63.1,0.00363287811902512
63.4,0.00364319917558211
63.7,0.00365348099826638
64,0.00366372381036563
64.3,0.00367392783347638
64.6,0.00368409328752001
64.9,0.0036942203907585
65.2,0.00370430935981007
65.5,0.00371436040966464
65.8,0.0037243737536991
66.1,0.00373434960369237
66.4,0.00374428816984038
66.7,0.00375418966077082
67,0.00376405428355772
67.3,0.0037738822437359
67.6,0.00378367374531524
67.9,0.00379342899079481
68.2,0.00380314818117681
68.5,0.00381283151598039
68.8,0.00382247919325528
69.1,0.00383209140959534
69.4,0.00384166836015186
69.7,0.00385121023864679
70,0.00386071723738581
70.3,0.00387018954727125
70.6,0.00387962735781484
70.9,0.00388903085715039
71.2,0.00389840023204624
71.5,0.00390773566791769
71.8,0.00391703734883916
72.1,0.00392630545755636
72.4,0.00393554017549818
72.7,0.00394474168278862
73,0.00395391015825841
73.3,0.00396304577945667
73.6,0.0039721487226623
73.9,0.0039812191628954
74.2,0.00399025727392842
74.5,0.00399926322829727
74.8,0.00400823719731234
75.1,0.00401717935106931
75.4,0.00402608985845994
75.7,0.00403496888718265
76,0.0040438166037531
76.3,0.00405263317351458
76.6,0.00406141876064827
76.9,0.00407017352818348
77.2,0.00407889763800773
77.5,0.00408759125087671
77.8,0.00409625452642414
78.1,0.0041048876231716
78.4,0.00411349069853811
78.7,0.00412206390884981
79,0.00413060740934931
79.3,0.00413912135420514
79.6,0.00414760589652103
79.9,0.00415606118834501
80.2,0.00416448738067857
80.5,0.00417288462348561
80.8,0.00418125306570136
81.1,0.00418959285524117
81.4,0.0041979041390092
81.7,0.00420618706290712
82,0.00421444177184256
82.3,0.00422266840973763
82.6,0.00423086711953723
82.9,0.00423903804321738
83.2,0.00424718132179337
83.5,0.00425529709532791
83.8,0.00426338550293914
84.1,0.00427144668280856
84.4,0.00427948077218896
84.7,0.00428748790741213
85,0.00429546822389665
85.3,0.00430342185615547
85.6,0.00431134893780347
85.9,0.00431924960156499
86.2,0.00432712397928117
86.5,0.00433497220191734
86.8,0.00434279439957025
87.1,0.00435059070147528
87.4,0.00435836123601352
87.7,0.00436610613071887
88,0.00437382551228497
88.3,0.00438151950657212
88.6,0.00438918823861416
88.9,0.00439683183262518
89.2,0.00440445041200627
89.5,0.00441204409935215
89.8,0.00441961301645773
90.1,0.00442715728432465
90.4,0.0044346770231677
90.7,0.00444217235242125
91,0.0044496433907455
91.3,0.00445709025603281
91.6,0.00446451306541387
91.9,0.00447191193526385
92.2,0.00447928698120847
92.5,0.00448663831813004
92.8,0.0044939660601734
93.1,0.00450127032075187
93.4,0.00450855121255306
93.7,0.00451580884754467
94,0.00452304333698028
94.3,0.00453025479140494
94.6,0.0045374433206609
94.9,0.00454460903389313
95.2,0.00455175203955485
95.5,0.00455887244541301
95.8,0.0045659703585537
96.1,0.00457304588538756
96.4,0.00458009913165502
96.7,0.00458713020243164
97,0.00459413920213329
97.3,0.00460112623452134
97.6,0.00460809140270773
97.9,0.00461503480916014
98.2,0.00462195655570691
98.5,0.00462885674354209
98.8,0.00463573547323031
99.1,0.00464259284471175
99.4,0.00464942895730689
99.7,0.00465624390972138
100,0.00466303780005071
100.3,0.00466981072578502
100.6,0.00467656278381366
100.9,0.00468329407042988
101.2,0.00469000468133538
101.5,0.00469669471164486
101.8,0.00470336425589048
102.1,0.00471001340802635
102.4,0.00471664226143294
102.7,0.00472325090892143
103,0.00472983944273802
103.3,0.00473640795456832
103.6,0.00474295653554147
103.9,0.00474948527623447
104.2,0.00475599426667627
104.5,0.00476248359635197
104.8,0.00476895335420688
105.1,0.00477540362865062
105.4,0.00478183450756111
105.7,0.00478824607828857
106,0.0047946384276595
106.3,0.00480101164198057
106.6,0.00480736580704254
106.9,0.00481370100812405
107.2,0.00482001732999549
107.5,0.00482631485692277
107.8,0.00483259367267104
108.1,0.00483885386050843
108.4,0.00484509550320974
108.7,0.00485131868306005
109,0.00485752348185837
109.3,0.00486370998092121
109.6,0.00486987826108614
109.9,0.00487602840271529
110.2,0.00488216048569887
110.5,0.00488827458945861
110.8,0.0048943707929512
111.1,0.00490044917467167
111.4,0.00490650981265679
111.7,0.00491255278448838
112,0.00491857816729662
112.3,0.00492458603776336
112.6,0.00493057647212536
112.9,0.0049365495461775
113.2,0.00494250533527599
113.5,0.00494844391434154
113.8,0.00495436535786248
114.1,0.00496026973989793
114.4,0.00496615713408082
114.7,0.00497202761362099
115,0.00497788125130821
115.3,0.0049837181195152
115.6,0.00498953829020062
115.9,0.00499534183491199
116.2,0.00500112882478865
116.5,0.00500689933056469
116.8,0.00501265342257176
117.1,0.00501839117074201
117.4,0.00502411264461087
117.7,0.00502981791331987
118,0.00503550704561944
118.3,0.00504118010987165
118.6,0.00504683717405296
118.9,0.00505247830575694
119.2,0.00505810357219695
119.5,0.00506371304020884
119.8,0.00506930677625352
120.1,0.0050748848464197
120.4,0.00508044731642638
120.7,0.00508599425162551
121,0.00509152571700451
121.3,0.00509704177718882
121.6,0.00510254249644442
121.9,0.0051080279386803
122.2,0.005113498167451
122.5,0.00511895324595898
122.8,0.0051243932370571
123.1,0.00512981820325106
123.4,0.00513522820670172
123.7,0.00514062330922754
124,0.00514600357230692
124.3,0.00515136905708052
124.6,0.00515671982435356
124.9,0.00516205593459817
125.2,0.00516737744795563
125.5,0.00517268442423863
125.8,0.00517797692293353
126.1,0.00518325500320255
126.4,0.00518851872388603
126.7,0.00519376814350454
127,0.00519900332026112
127.3,0.0052042243120434
127.6,0.00520943117642573
127.9,0.0052146239706713
128.2,0.00521980275173423
128.5,0.0052249675762617
128.8,0.00523011850059594
129.1,0.00523525558077633
129.4,0.00524037887254143
129.7,0.00524548843133098
130,0.0052505843122879
130.3,0.00525566657026028
130.6,0.00526073525980336
130.9,0.00526579043518145
131.2,0.00527083215036989
131.5,0.00527586045905699
131.8,0.00528087541464588
132.1,0.00528587707025646
132.4,0.00529086547872722
132.7,0.00529584069261715
133,0.00530080276420757
133.3,0.00530575174550393
133.6,0.00531068768823769
133.9,0.00531561064386804
134.2,0.00532052066358378
134.5,0.00532541779830502
134.8,0.00533030209868498
135.1,0.00533517361511172
135.4,0.00534003239770988
135.7,0.00534487849634239
136,0.0053497119606122
136.3,0.00535453283986393
136.6,0.0053593411831856
136.9,0.00536413703941026
137.2,0.00536892045711764
137.5,0.00537369148463582
137.8,0.00537845017004284
138.1,0.00538319656116831
138.4,0.00538793070559503
138.7,0.00539265265066055
139,0.00539736244345879
139.3,0.00540206013084157
139.6,0.00540674575942016
139.9,0.00541141937556687
140.2,0.00541608102541653
140.5,0.00542073075486802
140.8,0.00542536860958579
141.1,0.00542999463500135
141.4,0.00543460887631474
141.7,0.00543921137849602
142,0.00544380218628672
142.3,0.0054483813442013
142.6,0.00545294889652857
142.9,0.00545750488733313
143.2,0.0054620493604568
143.5,0.00546658235952001
143.8,0.00547110392792318
144.1,0.00547561410884815
144.4,0.00548011294525952
144.7,0.005484600479906
145,0.00548907675532182
145.3,0.00549354181382803
145.6,0.00549799569753382
145.9,0.00550243844833791
146.2,0.00550687010792979
146.5,0.00551129071779108
146.8,0.00551570031919676
147.1,0.00552009895321655
147.4,0.00552448666071609
147.7,0.00552886348235826
148,0.00553322945860441
148.3,0.00553758462971564
148.6,0.00554192903575399
148.9,0.00554626271658372
149.2,0.00555058571187248
149.5,0.00555489806109257
149.8,0.00555919980352209
150.1,0.00556349097824617
150.4,0.00556777162415815
150.7,0.00557204177996072
151,0.00557630148416715
151.3,0.00558055077510237
151.6,0.00558478969090421
151.9,0.00558901826952444
152.2,0.00559323654872998
152.5,0.00559744456610401
152.8,0.00560164235904704
153.1,0.0056058299647781
153.4,0.00561000742033574
153.7,0.00561417476257922
154,0.00561833202818951
154.3,0.00562247925367044
154.6,0.00562661647534971
154.9,0.00563074372937999
155.2,0.00563486105173994
155.5,0.00563896847823528
155.8,0.00564306604449983
156.1,0.00564715378599651
156.4,0.00565123173801842
156.7,0.00565529993568977
157,0.00565935841396698
157.3,0.00566340720763963
157.6,0.00566744635133145
157.9,0.00567147587950132
158.2,0.00567549582644428
158.5,0.00567950622629244
158.8,0.00568350711301599
159.1,0.00568749852042416
159.4,0.00569148048216614
159.7,0.00569545303173207
160,0.00569941620245394
