"ResDensity","N_TraitValue"
10,0.000130261990158723
10.62,0.00013818283553314
11.24,0.000146085905597058
11.86,0.00015397126011825
12.48,0.000161838958596839
13.1,0.000169689060266795
13.72,0.000177521624097418
14.34,0.000185336708794816
14.96,0.000193134372803374
15.58,0.000200914674307208
16.2,0.000208677671231613
16.82,0.000216423421244502
17.44,0.000224151981757831
18.06,0.000231863409929021
18.68,0.000239557762662364
19.3,0.000247235096610425
19.92,0.000254895468175432
20.54,0.000262538933510654
21.16,0.000270165548521779
21.78,0.000277775368868271
22.4,0.000285368449964729
23.02,0.000292944846982228
23.64,0.00030050461484966
24.26,0.000308047808255054
24.88,0.000315574481646904
25.5,0.000323084689235472
26.12,0.000330578484994092
26.74,0.000338055922660464
27.36,0.000345517055737936
27.98,0.000352961937496781
28.6,0.000360390620975468
29.22,0.000367803158981917
29.84,0.000375199604094751
30.46,0.000382580008664543
31.08,0.000389944424815046
31.7,0.000397292904444424
32.32,0.000404625499226468
32.94,0.000411942260611811
33.56,0.000419243239829127
34.18,0.00042652848788633
34.8,0.000433798055571761
35.42,0.000441051993455367
36.04,0.000448290351889874
36.66,0.000455513181011955
37.28,0.000462720530743382
37.9,0.000469912450792183
38.52,0.000477088990653777
39.14,0.000484250199612117
39.76,0.000491396126740812
40.38,0.000498526820904253
41,0.000505642330758724
41.62,0.000512742704753507
42.24,0.000519827991131986
42.86,0.000526898237932738
43.48,0.000533953492990616
44.1,0.00054099380393783
44.72,0.000548019218205022
45.34,0.000555029783022323
45.96,0.000562025545420422
46.58,0.000569006552231607
47.2,0.000575972850090818
47.82,0.000582924485436682
48.44,0.000589861504512545
49.06,0.000596783953367499
49.68,0.000603691877857398
50.3,0.000610585323645874
50.92,0.000617464336205341
51.54,0.000624328960817994
52.16,0.000631179242576807
52.78,0.000638015226386515
53.4,0.000644836956964598
54.02,0.000651644478842257
54.64,0.000658437836365378
55.26,0.000665217073695502
55.88,0.000671982234810779
56.5,0.000678733363506915
57.12,0.000685470503398122
57.74,0.000692193697918058
58.36,0.000698902990320756
58.98,0.000705598423681553
59.6,0.000712280040898014
60.22,0.000718947884690846
60.84,0.00072560199760481
61.46,0.000732242422009624
62.08,0.000738869200100865
62.7,0.000745482373900859
63.32,0.000752081985259572
63.94,0.000758668075855495
64.56,0.000765240687196514
65.18,0.000771799860620789
65.8,0.000778345637297619
66.42,0.000784878058228301
67.04,0.000791397164246988
67.66,0.00079790299602154
68.28,0.000804395594054369
68.9,0.000810874998683279
69.52,0.000817341250082302
70.14,0.00082379438826253
70.76,0.000830234453072937
71.38,0.000836661484201201
72,0.000843075521174519
72.62,0.000849476603360418
73.24,0.000855864769967561
73.86,0.000862240060046544
74.48,0.000868602512490695
75.1,0.000874952166036864
75.72,0.000881289059266211
76.34,0.000887613230604982
76.96,0.000893924718325294
77.58,0.000900223560545898
78.2,0.000906509795232953
78.82,0.000912783460200786
79.44,0.000919044593112651
80.06,0.000925293231481483
80.68,0.000931529412670646
81.3,0.000937753173894679
81.92,0.000943964552220034
82.54,0.000950163584565816
83.16,0.000956350307704511
83.78,0.000962524758262712
84.4,0.000968686972721848
85.02,0.000974836987418896
85.64,0.000980974838547096
86.26,0.000987100562156667
86.88,0.000993214194155503
87.5,0.000999315770309885
88.12,0.00100540532624517
88.74,0.00101148289744649
89.36,0.00101754851925944
89.98,0.00102360222689076
90.6,0.00102964405540902
91.22,0.00103567403974529
91.84,0.00104169221469383
92.46,0.00104769861491274
93.08,0.00105369327492463
93.7,0.0010596762291173
94.32,0.00106564751174437
94.94,0.00107160715692595
95.56,0.00107755519864928
96.18,0.00108349167076938
96.8,0.00108941660700972
97.42,0.0010953300409628
98.04,0.00110123200609084
98.66,0.00110712253572637
99.28,0.0011130016630729
99.9,0.00111886942120549
100.52,0.00112472584307144
101.14,0.00113057096149084
101.76,0.00113640480915721
102.38,0.00114222741863811
103,0.00114803882237577
103.62,0.00115383905268764
104.24,0.00115962814176702
104.86,0.00116540612168368
105.48,0.0011711730243844
106.1,0.00117692888169358
106.72,0.00118267372531385
107.34,0.00118840758682662
107.96,0.00119413049769267
108.58,0.00119984248925273
109.2,0.00120554359272806
109.82,0.00121123383922096
110.44,0.00121691325971545
111.06,0.00122258188507771
111.68,0.00122823974605671
112.3,0.00123388687328477
112.92,0.00123952329727806
113.54,0.00124514904843721
114.16,0.00125076415704781
114.78,0.00125636865328098
115.4,0.0012619625671939
116.02,0.00126754592873036
116.64,0.00127311876772128
117.26,0.00127868111388523
117.88,0.00128423299682899
118.5,0.00128977444604805
119.12,0.00129530549092716
119.74,0.00130082616074082
120.36,0.00130633648465379
120.98,0.00131183649172164
121.6,0.00131732621089125
122.22,0.00132280567100128
122.84,0.00132827490078274
123.46,0.00133373392885943
124.08,0.00133918278374847
124.7,0.00134462149386081
125.32,0.00135005008750168
125.94,0.00135546859287113
126.56,0.00136087703806449
127.18,0.00136627545107285
127.8,0.00137166385978356
128.42,0.00137704229198072
129.04,0.00138241077534562
129.66,0.00138776933745725
130.28,0.00139311800579275
130.9,0.0013984568077279
131.52,0.00140378577053757
132.14,0.00140910492139618
132.76,0.00141441428737819
133.38,0.00141971389545853
134,0.00142500377251308
134.62,0.00143028394531909
135.24,0.00143555444055569
135.86,0.00144081528480427
136.48,0.00144606650454897
137.1,0.00145130812617713
137.72,0.0014565401759797
138.34,0.00146176268015171
138.96,0.00146697566479267
139.58,0.00147217915590707
140.2,0.00147737317940474
140.82,0.0014825577611013
141.44,0.00148773292671864
142.06,0.00149289870188527
142.68,0.00149805511213679
143.3,0.00150320218291629
143.92,0.0015083399395748
144.54,0.00151346840737165
145.16,0.00151858761147494
145.78,0.00152369757696192
146.4,0.00152879832881941
147.02,0.00153388989194419
147.64,0.00153897229114346
148.26,0.00154404555113516
148.88,0.00154910969654843
149.5,0.001554164751924
150.12,0.00155921074171457
150.74,0.00156424769028522
151.36,0.00156927562191378
151.98,0.00157429456079125
152.6,0.00157930453102218
153.22,0.00158430555662502
153.84,0.00158929766153257
154.46,0.00159428086959229
155.08,0.00159925520456674
155.7,0.00160422069013392
156.32,0.00160917734988766
156.94,0.001614125207338
157.56,0.00161906428591154
158.18,0.00162399460895183
158.8,0.00162891619971972
159.42,0.00163382908139376
160.04,0.00163873327707052
160.66,0.00164362880976498
161.28,0.00164851570241088
161.9,0.00165339397786108
162.52,0.00165826365888793
163.14,0.00166312476818359
163.76,0.00166797732836042
164.38,0.0016728213619513
165,0.00167765689141001
165.62,0.00168248393911154
166.24,0.00168730252735247
166.86,0.00169211267835131
167.48,0.00169691441424879
168.1,0.00170170775710828
168.72,0.00170649272891606
169.34,0.00171126935158171
169.96,0.00171603764693839
170.58,0.00172079763674322
171.2,0.00172554934267758
171.82,0.00173029278634746
172.44,0.00173502798928377
173.06,0.00173975497294269
173.68,0.00174447375870596
174.3,0.00174918436788122
174.92,0.00175388682170235
175.54,0.00175858114132975
176.16,0.0017632673478507
176.78,0.00176794546227962
177.4,0.00177261550555846
178.02,0.00177727749855693
178.64,0.00178193146207287
179.26,0.00178657741683255
179.88,0.00179121538349096
180.5,0.0017958453826321
181.12,0.00180046743476934
181.74,0.00180508156034568
182.36,0.00180968777973407
182.98,0.0018142861132377
183.6,0.00181887658109028
184.22,0.00182345920345638
184.84,0.00182803400043171
185.46,0.00183260099204339
186.08,0.00183716019825025
186.7,0.00184171163894317
187.32,0.00184625533394528
187.94,0.00185079130301233
188.56,0.00185531956583293
189.18,0.00185984014202885
189.8,0.00186435305115531
190.42,0.00186885831270124
191.04,0.00187335594608958
191.66,0.00187784597067755
192.28,0.00188232840575694
192.9,0.00188680327055437
193.52,0.00189127058423157
194.14,0.00189573036588566
194.76,0.00190018263454942
195.38,0.00190462740919154
196,0.00190906470871694
196.62,0.00191349455196698
197.24,0.00191791695771975
197.86,0.00192233194469037
198.48,0.00192673953153119
199.1,0.00193113973683208
199.72,0.00193553257912074
200.34,0.00193991807686286
200.96,0.00194429624846247
201.58,0.00194866711226215
202.2,0.00195303068654331
202.82,0.00195738698952642
203.44,0.00196173603937128
204.06,0.00196607785417727
204.68,0.0019704124519836
205.3,0.00197473985076956
205.92,0.00197906006845476
206.54,0.00198337312289941
207.16,0.00198767903190452
207.78,0.00199197781321217
208.4,0.00199626948450576
209.02,0.00200055406341024
209.64,0.00200483156749233
210.26,0.00200910201426083
210.88,0.00201336542116679
211.5,0.00201762180560375
212.12,0.00202187118490803
212.74,0.00202611357635892
213.36,0.00203034899717893
213.98,0.00203457746453401
214.6,0.00203879899553381
215.22,0.00204301360723187
215.84,0.0020472213166259
216.46,0.00205142214065796
217.08,0.00205561609621472
217.7,0.00205980320012766
218.32,0.00206398346917332
218.94,0.00206815692007353
219.56,0.00207232356949558
220.18,0.00207648343405251
220.8,0.00208063653030328
221.42,0.00208478287475303
222.04,0.00208892248385326
222.66,0.00209305537400206
223.28,0.00209718156154437
223.9,0.0021013010627721
224.52,0.00210541389392446
225.14,0.00210952007118807
225.76,0.00211361961069724
226.38,0.00211771252853416
227,0.00212179884072909
227.62,0.00212587856326063
228.24,0.00212995171205583
228.86,0.0021340183029905
229.48,0.00213807835188934
230.1,0.00214213187452621
230.72,0.00214617888662426
231.34,0.00215021940385621
231.96,0.00215425344184448
232.58,0.00215828101616146
233.2,0.00216230214232965
233.82,0.00216631683582191
234.44,0.00217032511206162
235.06,0.00217432698642289
235.68,0.00217832247423077
236.3,0.00218231159076143
236.92,0.00218629435124237
237.54,0.00219027077085258
238.16,0.00219424086472277
238.78,0.00219820464793556
239.4,0.00220216213552563
240.02,0.00220611334247997
240.64,0.00221005828373801
241.26,0.00221399697419186
241.88,0.00221792942868647
242.5,0.0022218556620198
243.12,0.00222577568894304
243.74,0.0022296895241608
244.36,0.00223359718233124
244.98,0.00223749867806631
245.6,0.0022413940259319
246.22,0.00224528324044804
246.84,0.00224916633608907
247.46,0.00225304332728381
248.08,0.00225691422841575
248.7,0.00226077905382325
249.32,0.00226463781779967
249.94,0.00226849053459359
250.56,0.00227233721840894
251.18,0.00227617788340524
251.8,0.00228001254369769
252.42,0.00228384121335742
253.04,0.00228766390641162
253.66,0.00229148063684372
254.28,0.00229529141859355
254.9,0.00229909626555755
255.52,0.00230289519158888
256.14,0.00230668821049763
256.76,0.00231047533605099
257.38,0.00231425658197337
258,0.00231803196194663
258.62,0.00232180148961019
259.24,0.00232556517856123
259.86,0.00232932304235484
260.48,0.00233307509450417
261.1,0.00233682134848063
261.72,0.00234056181771399
262.34,0.00234429651559262
262.96,0.00234802545546357
263.58,0.00235174865063279
264.2,0.00235546611436526
264.82,0.00235917785988514
265.44,0.00236288390037594
266.06,0.00236658424898068
266.68,0.00237027891880206
267.3,0.00237396792290255
267.92,0.00237765127430462
268.54,0.00238132898599086
269.16,0.00238500107090412
269.78,0.00238866754194768
270.4,0.00239232841198542
271.02,0.00239598369384192
271.64,0.00239963340030264
272.26,0.00240327754411407
272.88,0.0024069161379839
273.5,0.00241054919458109
274.12,0.00241417672653612
274.74,0.00241779874644107
275.36,0.00242141526684975
275.98,0.00242502630027793
276.6,0.0024286318592034
277.22,0.00243223195606614
277.84,0.00243582660326849
278.46,0.00243941581317524
279.08,0.00244299959811384
279.7,0.00244657797037447
280.32,0.00245015094221023
280.94,0.00245371852583726
281.56,0.00245728073343489
282.18,0.00246083757714575
282.8,0.00246438906907595
283.42,0.0024679352212952
284.04,0.00247147604583692
284.66,0.00247501155469841
285.28,0.002478541759841
285.9,0.00248206667319011
286.52,0.00248558630663549
287.14,0.00248910067203125
287.76,0.00249260978119606
288.38,0.00249611364591328
289,0.00249961227793105
289.62,0.00250310568896245
290.24,0.00250659389068565
290.86,0.00251007689474399
291.48,0.00251355471274615
292.1,0.00251702735626626
292.72,0.00252049483684404
293.34,0.00252395716598493
293.96,0.00252741435516019
294.58,0.00253086641580706
295.2,0.00253431335932887
295.82,0.00253775519709517
296.44,0.00254119194044183
297.06,0.00254462360067123
297.68,0.00254805018905231
298.3,0.00255147171682072
298.92,0.00255488819517898
299.54,0.00255829963529653
300.16,0.00256170604830993
300.78,0.00256510744532291
301.4,0.00256850383740653
302.02,0.00257189523559932
302.64,0.00257528165090733
303.26,0.00257866309430433
303.88,0.00258203957673187
304.5,0.00258541110909943
305.12,0.0025887777022845
305.74,0.00259213936713276
306.36,0.00259549611445814
306.98,0.00259884795504295
307.6,0.00260219489963801
308.22,0.00260553695896275
308.84,0.00260887414370534
309.46,0.00261220646452279
310.08,0.00261553393204106
310.7,0.00261885655685518
311.32,0.00262217434952939
311.94,0.00262548732059718
312.56,0.00262879548056148
313.18,0.00263209883989473
313.8,0.00263539740903899
314.42,0.00263869119840607
315.04,0.00264198021837762
315.66,0.00264526447930525
316.28,0.00264854399151062
316.9,0.00265181876528559
317.52,0.00265508881089228
318.14,0.00265835413856321
318.76,0.00266161475850139
319.38,0.00266487068088042
320,0.00266812191584463
