"ResDensity","N_TraitValue"
0.7835,3.44905886920485e-05
1.1343212,4.99341492710541e-05
1.4851424,6.53777098500596e-05
1.8359636,8.08212704290652e-05
2.1867848,9.62648310080708e-05
2.537606,0.000111708391587076
2.8884272,0.000127151952166082
3.2392484,0.000142595512745088
3.5900696,0.000158039073324093
3.9408908,0.000173482633903099
4.291712,0.000188926194482104
4.6425332,0.00020436975506111
4.9933544,0.000219813315640115
5.3441756,0.000235256876219121
5.6949968,0.000250700436798127
6.045818,0.000266143997377132
6.3966392,0.000281587557956138
6.7474604,0.000297031118535143
7.0982816,0.000312474679114149
7.4491028,0.000327918239693155
7.799924,0.00034336180027216
8.1507452,0.000358805360851166
8.5015664,0.000374248921430171
8.8523876,0.000389692482009177
9.2032088,0.000405136042588182
9.55403,0.000420579603167188
9.9048512,0.000436023163746194
10.2556724,0.000451466724325199
10.6064936,0.000466910284904205
10.9573148,0.00048235384548321
11.308136,0.000497797406062216
11.6589572,0.000513240966641221
12.0097784,0.000528684527220227
12.3605996,0.000544128087799233
12.7114208,0.000559571648378238
13.062242,0.000575015208957244
13.4130632,0.000590458769536249
13.7638844,0.000605902330115255
14.1147056,0.000621345890694261
14.4655268,0.000636789451273266
14.816348,0.000652233011852272
15.1671692,0.000667676572431277
15.5179904,0.000683120133010283
15.8688116,0.000698563693589289
16.2196328,0.000714007254168294
16.570454,0.0007294508147473
16.9212752,0.000744894375326305
17.2720964,0.000760337935905311
17.6229176,0.000775781496484316
17.9737388,0.000791225057063322
18.32456,0.000806668617642328
18.6753812,0.000822112178221333
19.0262024,0.000837555738800339
19.3770236,0.000852999299379344
19.7278448,0.00086844285995835
20.078666,0.000883886420537355
20.4294872,0.000899329981116361
20.7803084,0.000914773541695367
21.1311296,0.000930217102274372
21.4819508,0.000945660662853378
21.832772,0.000961104223432383
22.1835932,0.000976547784011389
22.5344144,0.000991991344590395
22.8852356,0.0010074349051694
23.2360568,0.00102287846574841
23.586878,0.00103832202632741
23.9376992,0.00105376558690642
24.2885204,0.00106920914748542
24.6393416,0.00108465270806443
24.9901628,0.00110009626864343
25.340984,0.00111553982922244
25.6918052,0.00113098338980144
26.0426264,0.00114642695038045
26.3934476,0.00116187051095946
26.7442688,0.00117731407153846
27.09509,0.00119275763211747
27.4459112,0.00120820119269647
27.7967324,0.00122364475327548
28.1475536,0.00123908831385448
28.4983748,0.00125453187443349
28.849196,0.0012699754350125
29.2000172,0.0012854189955915
29.5508384,0.00130086255617051
29.9016596,0.00131630611674951
30.2524808,0.00133174967732852
30.603302,0.00134719323790752
30.9541232,0.00136263679848653
31.3049444,0.00137808035906553
31.6557656,0.00139352391964454
32.0065868,0.00140896748022355
32.357408,0.00142441104080255
32.7082292,0.00143985460138156
33.0590504,0.00145529816196056
33.4098716,0.00147074172253957
33.7606928,0.00148618528311857
34.111514,0.00150162884369758
34.4623352,0.00151707240427658
34.8131564,0.00153251596485559
35.1639776,0.0015479595254346
35.5147988,0.0015634030860136
35.86562,0.00157884664659261
36.2164412,0.00159429020717161
36.5672624,0.00160973376775062
36.9180836,0.00162517732832962
37.2689048,0.00164062088890863
37.619726,0.00165606444948763
37.9705472,0.00167150801006664
38.3213684,0.00168695157064565
38.6721896,0.00170239513122465
39.0230108,0.00171783869180366
39.373832,0.00173328225238266
39.7246532,0.00174872581296167
40.0754744,0.00176416937354067
40.4262956,0.00177961293411968
40.7771168,0.00179505649469868
41.127938,0.00181050005527769
41.4787592,0.0018259436158567
41.8295804,0.0018413871764357
42.1804016,0.00185683073701471
42.5312228,0.00187227429759371
42.882044,0.00188771785817272
43.2328652,0.00190316141875172
43.5836864,0.00191860497933073
43.9345076,0.00193404853990974
44.2853288,0.00194949210048874
44.63615,0.00196493566106775
44.9869712,0.00198037922164675
45.3377924,0.00199582278222576
45.6886136,0.00201126634280476
46.0394348,0.00202670990338377
46.390256,0.00204215346396277
46.7410772,0.00205759702454178
47.0918984,0.00207304058512079
47.4427196,0.00208848414569979
47.7935408,0.0021039277062788
48.144362,0.0021193712668578
48.4951832,0.00213481482743681
48.8460044,0.00215025838801581
49.1968256,0.00216570194859482
49.5476468,0.00218114550917382
49.898468,0.00219658906975283
50.2492892,0.00221203263033184
50.6001104,0.00222747619091084
50.9509316,0.00224291975148985
51.3017528,0.00225836331206885
51.652574,0.00227380687264786
52.0033952,0.00228925043322686
52.3542164,0.00230469399380587
52.7050376,0.00232013755438487
53.0558588,0.00233558111496388
53.40668,0.00235102467554289
53.7575012,0.00236646823612189
54.1083224,0.0023819117967009
54.4591436,0.0023973553572799
54.8099648,0.00241279891785891
55.160786,0.00242824247843791
55.5116072,0.00244368603901692
55.8624284,0.00245912959959592
56.2132496,0.00247457316017493
56.5640708,0.00249001672075394
56.914892,0.00250546028133294
57.2657132,0.00252090384191195
57.6165344,0.00253634740249095
57.9673556,0.00255179096306996
58.3181768,0.00256723452364896
58.668998,0.00258267808422797
59.0198192,0.00259812164480697
59.3706404,0.00261356520538598
59.7214616,0.00262900876596499
60.0722828,0.00264445232654399
60.423104,0.002659895887123
60.7739252,0.002675339447702
61.1247464,0.00269078300828101
61.4755676,0.00270622656886001
61.8263888,0.00272167012943902
62.17721,0.00273711369001803
62.5280312,0.00275255725059703
62.8788524,0.00276800081117604
63.2296736,0.00278344437175504
63.5804948,0.00279888793233405
63.931316,0.00281433149291305
64.2821372,0.00282977505349206
64.6329584,0.00284521861407106
64.9837796,0.00286066217465007
65.3346008,0.00287610573522908
65.685422,0.00289154929580808
66.0362432,0.00290699285638709
66.3870644,0.00292243641696609
66.7378856,0.0029378799775451
67.0887068,0.0029533235381241
67.439528,0.00296876709870311
67.7903492,0.00298421065928212
68.1411704,0.00299965421986112
68.4919916,0.00301509778044013
68.8428128,0.00303054134101913
69.193634,0.00304598490159814
69.5444552,0.00306142846217714
69.8952764,0.00307687202275615
70.2460976,0.00309231558333515
70.5969188,0.00310775914391416
70.94774,0.00312320270449317
71.2985612,0.00313864626507217
71.6493824,0.00315408982565118
72.0002036,0.00316953338623018
72.3510248,0.00318497694680919
72.701846,0.00320042050738819
73.0526672,0.0032158640679672
73.4034884,0.0032313076285462
73.7543096,0.00324675118912521
74.1051308,0.00326219474970422
74.455952,0.00327763831028322
74.8067732,0.00329308187086223
75.1575944,0.00330852543144123
75.5084156,0.00332396899202024
75.8592368,0.00333941255259924
76.210058,0.00335485611317825
76.5608792,0.00337029967375725
76.9117004,0.00338574323433626
77.2625216,0.00340118679491527
77.6133428,0.00341663035549427
77.964164,0.00343207391607328
78.3149852,0.00344751747665228
78.6658064,0.00346296103723129
79.0166276,0.00347840459781029
79.3674488,0.0034938481583893
79.71827,0.0035092917189683
80.0690912,0.00352473527954731
80.4199124,0.00354017884012632
80.7707336,0.00355562240070532
81.1215548,0.00357106596128433
81.472376,0.00358650952186333
81.8231972,0.00360195308244234
82.1740184,0.00361739664302134
82.5248396,0.00363284020360035
82.8756608,0.00364828376417936
83.226482,0.00366372732475836
83.5773032,0.00367917088533737
83.9281244,0.00369461444591637
84.2789456,0.00371005800649538
84.6297668,0.00372550156707438
84.980588,0.00374094512765339
85.3314092,0.00375638868823239
85.6822304,0.0037718322488114
86.0330516,0.00378727580939041
86.3838728,0.00380271936996941
86.734694,0.00381816293054842
87.0855152,0.00383360649112742
87.4363364,0.00384905005170643
87.7871576,0.00386449361228543
88.1379788,0.00387993717286444
88.4888,0.00389538073344344
88.8396212,0.00391082429402245
89.1904424,0.00392626785460146
89.5412636,0.00394171141518046
89.8920848,0.00395715497575947
90.242906,0.00397259853633847
90.5937272,0.00398804209691748
90.9445484,0.00400348565749648
91.2953696,0.00401892921807549
91.6461908,0.00403437277865449
91.997012,0.0040498163392335
92.3478332,0.00406525989981251
92.6986544,0.00408070346039151
93.0494756,0.00409614702097052
93.4002968,0.00411159058154952
93.751118,0.00412703414212853
94.1019392,0.00414247770270753
94.4527604,0.00415792126328654
94.8035816,0.00417336482386554
95.1544028,0.00418880838444455
95.505224,0.00420425194502356
95.8560452,0.00421969550560256
96.2068664,0.00423513906618157
96.5576876,0.00425058262676057
96.9085088,0.00426602618733958
97.25933,0.00428146974791858
97.6101512,0.00429691330849759
97.9609724,0.0043123568690766
98.3117936,0.0043278004296556
98.6626148,0.00434324399023461
99.013436,0.00435868755081361
99.3642572,0.00437413111139262
99.7150784,0.00438957467197162
100.0658996,0.00440501823255063
100.4167208,0.00442046179312963
100.767542,0.00443590535370864
101.1183632,0.00445134891428765
101.4691844,0.00446679247486665
101.8200056,0.00448223603544566
102.1708268,0.00449767959602466
102.521648,0.00451312315660367
102.8724692,0.00452856671718267
103.2232904,0.00454401027776168
103.5741116,0.00455945383834068
103.9249328,0.00457489739891969
104.275754,0.0045903409594987
104.6265752,0.0046057845200777
104.9773964,0.00462122808065671
105.3282176,0.00463667164123571
105.6790388,0.00465211520181472
106.02986,0.00466755876239372
106.3806812,0.00468300232297273
106.7315024,0.00469844588355173
107.0823236,0.00471388944413074
107.4331448,0.00472933300470975
107.783966,0.00474477656528875
108.1347872,0.00476022012586776
108.4856084,0.00477566368644676
108.8364296,0.00479110724702577
109.1872508,0.00480655080760477
109.538072,0.00482199436818378
109.8888932,0.00483743792876278
110.2397144,0.00485288148934179
110.5905356,0.0048683250499208
110.9413568,0.0048837686104998
111.292178,0.00489921217107881
111.6429992,0.00491465573165781
111.9938204,0.00493009929223682
112.3446416,0.00494554285281582
112.6954628,0.00496098641339483
113.046284,0.00497642997397383
113.3971052,0.00499187353455284
113.7479264,0.00500731709513185
114.0987476,0.00502276065571085
114.4495688,0.00503820421628986
114.80039,0.00505364777686886
115.1512112,0.00506909133744787
115.5020324,0.00508453489802687
115.8528536,0.00509997845860588
116.2036748,0.00511542201918489
116.554496,0.00513086557976389
116.9053172,0.0051463091403429
117.2561384,0.0051617527009219
117.6069596,0.00517719626150091
117.9577808,0.00519263982207991
118.308602,0.00520808338265892
118.6594232,0.00522352694323792
119.0102444,0.00523897050381693
119.3610656,0.00525441406439594
119.7118868,0.00526985762497494
120.062708,0.00528530118555395
120.4135292,0.00530074474613295
120.7643504,0.00531618830671196
121.1151716,0.00533163186729096
121.4659928,0.00534707542786997
121.816814,0.00536251898844897
122.1676352,0.00537796254902798
122.5184564,0.00539340610960699
122.8692776,0.00540884967018599
123.2200988,0.005424293230765
123.57092,0.005439736791344
123.9217412,0.00545518035192301
124.2725624,0.00547062391250201
124.6233836,0.00548606747308102
124.9742048,0.00550151103366003
125.325026,0.00551695459423903
125.6758472,0.00553239815481804
126.0266684,0.00554784171539704
126.3774896,0.00556328527597605
126.7283108,0.00557872883655505
127.079132,0.00559417239713406
127.4299532,0.00560961595771306
127.7807744,0.00562505951829207
128.1315956,0.00564050307887107
128.4824168,0.00565594663945008
128.833238,0.00567139020002909
129.1840592,0.00568683376060809
129.5348804,0.0057022773211871
129.8857016,0.0057177208817661
130.2365228,0.00573316444234511
130.587344,0.00574860800292411
130.9381652,0.00576405156350312
131.2889864,0.00577949512408213
131.6398076,0.00579493868466113
131.9906288,0.00581038224524014
132.34145,0.00582582580581914
132.6922712,0.00584126936639815
133.0430924,0.00585671292697715
133.3939136,0.00587215648755616
133.7447348,0.00588760004813516
134.095556,0.00590304360871417
134.4463772,0.00591848716929318
134.7971984,0.00593393072987218
135.1480196,0.00594937429045119
135.4988408,0.00596481785103019
135.849662,0.0059802614116092
136.2004832,0.0059957049721882
136.5513044,0.00601114853276721
136.9021256,0.00602659209334622
137.2529468,0.00604203565392522
137.603768,0.00605747921450423
137.9545892,0.00607292277508323
138.3054104,0.00608836633566224
138.6562316,0.00610380989624124
139.0070528,0.00611925345682025
139.357874,0.00613469701739925
139.7086952,0.00615014057797826
140.0595164,0.00616558413855727
140.4103376,0.00618102769913627
140.7611588,0.00619647125971528
141.11198,0.00621191482029428
141.4628012,0.00622735838087329
141.8136224,0.00624280194145229
142.1644436,0.0062582455020313
142.5152648,0.0062736890626103
142.866086,0.00628913262318931
143.2169072,0.00630457618376832
143.5677284,0.00632001974434732
143.9185496,0.00633546330492633
144.2693708,0.00635090686550533
144.620192,0.00636635042608434
144.9710132,0.00638179398666334
145.3218344,0.00639723754724235
145.6726556,0.00641268110782136
146.0234768,0.00642812466840036
146.374298,0.00644356822897937
146.7251192,0.00645901178955837
147.0759404,0.00647445535013738
147.4267616,0.00648989891071638
147.7775828,0.00650534247129539
148.128404,0.00652078603187439
148.4792252,0.0065362295924534
148.8300464,0.00655167315303241
149.1808676,0.00656711671361141
149.5316888,0.00658256027419042
149.88251,0.00659800383476942
150.2333312,0.00661344739534843
150.5841524,0.00662889095592743
150.9349736,0.00664433451650644
151.2857948,0.00665977807708544
151.636616,0.00667522163766445
151.9874372,0.00669066519824346
152.3382584,0.00670610875882246
152.6890796,0.00672155231940147
153.0399008,0.00673699587998047
153.390722,0.00675243944055948
153.7415432,0.00676788300113848
154.0923644,0.00678332656171749
154.4431856,0.00679877012229649
154.7940068,0.0068142136828755
155.144828,0.0068296572434545
155.4956492,0.00684510080403351
155.8464704,0.00686054436461252
156.1972916,0.00687598792519152
156.5481128,0.00689143148577053
156.898934,0.00690687504634953
157.2497552,0.00692231860692854
157.6005764,0.00693776216750754
157.9513976,0.00695320572808655
158.3022188,0.00696864928866555
158.65304,0.00698409284924456
159.0038612,0.00699953640982357
159.3546824,0.00701497997040257
159.7055036,0.00703042353098158
160.0563248,0.00704586709156058
160.407146,0.00706131065213959
160.7579672,0.00707675421271859
161.1087884,0.0070921977732976
161.4596096,0.0071076413338766
161.8104308,0.00712308489445561
162.161252,0.00713852845503462
162.5120732,0.00715397201561362
162.8628944,0.00716941557619263
163.2137156,0.00718485913677163
163.5645368,0.00720030269735064
163.915358,0.00721574625792964
164.2661792,0.00723118981850865
164.6170004,0.00724663337908766
164.9678216,0.00726207693966666
165.3186428,0.00727752050024567
165.669464,0.00729296406082467
166.0202852,0.00730840762140368
166.3711064,0.00732385118198268
166.7219276,0.00733929474256169
167.0727488,0.00735473830314069
167.42357,0.0073701818637197
167.7743912,0.00738562542429871
168.1252124,0.00740106898487771
168.4760336,0.00741651254545672
168.8268548,0.00743195610603572
169.177676,0.00744739966661473
169.5284972,0.00746284322719373
169.8793184,0.00747828678777274
170.2301396,0.00749373034835174
170.5809608,0.00750917390893075
170.931782,0.00752461746950976
171.2826032,0.00754006103008876
171.6334244,0.00755550459066777
171.9842456,0.00757094815124677
172.3350668,0.00758639171182578
172.685888,0.00760183527240478
173.0367092,0.00761727883298379
173.3875304,0.00763272239356279
173.7383516,0.0076481659541418
174.0891728,0.00766360951472081
174.439994,0.00767905307529981
174.7908152,0.00769449663587882
175.1416364,0.00770994019645782
175.4924576,0.00772538375703683
175.8432788,0.00774082731761583
176.1941,0.00775627087819484
