"ResDensity","N_TraitValue"
50,0.0959102005531009
53.1,0.100655584069233
56.2,0.105290360833244
59.3,0.109818353377376
62.4,0.114243210099304
65.5,0.118568415066306
68.6,0.122797297164412
71.7,0.126933038643022
74.8,0.130978683101095
77.9,0.134937142957026
81,0.138811206440733
84.1,0.142603544143242
87.2,0.146316715156095
90.3,0.149953172830237
93.4,0.153515270181627
96.5,0.157005264968588
99.6,0.16042532446393
102.7,0.163777529943029
105.8,0.167063880907412
108.9,0.170286299061829
112,0.173446632061463
115.1,0.176546657044611
118.2,0.179588083965041
121.3,0.182572558737145
124.4,0.185501666206048
127.5,0.188376932953939
130.6,0.19119982995305
133.7,0.193971775074991
136.8,0.196694135465415
139.9,0.199368229792383
143,0.20199533037619
146.1,0.204576665207886
149.2,0.207113419863208
152.3,0.209606739318213
155.4,0.212057729672421
158.5,0.214467459784954
161.6,0.21683696282872
164.7,0.219167237767415
167.8,0.22145925075977
170.9,0.223713936495187
174,0.225932199464648
177.1,0.228114915170526
180.2,0.230262931278695
183.3,0.232377068716132
186.4,0.234458122716985
189.5,0.236506863819913
192.6,0.238524038819336
195.7,0.24051037167304
198.8,0.242466564368471
201.9,0.244393297749897
205,0.246291232308468
208.1,0.248161008937122
211.2,0.25000324965213
214.3,0.251818558283006
217.4,0.253607521132371
220.5,0.255370707607294
223.6,0.257108670823542
226.7,0.258821948184082
229.8,0.260511061933098
232.9,0.262176519686746
236,0.263818814941745
239.1,0.265438427562913
242.2,0.267035824250631
245.3,0.268611458989201
248.4,0.270165773477008
251.5,0.271699197539335
254.6,0.273212149524644
257.7,0.274705036685093
260.8,0.27617825554201
263.9,0.277632192237016
267,0.279067222869458
270.1,0.280483713820752
273.2,0.281882022066249
276.3,0.283262495475153
279.4,0.284625473099054
282.5,0.285971285449539
285.6,0.287300254765396
288.7,0.288612695269844
291.8,0.289908913418219
294.9,0.291189208136538
298,0.292453871051323
301.1,0.293703186711056
304.2,0.294937432799624
307.3,0.296156880342083
310.4,0.297361793903068
313.5,0.298552431778145
316.6,0.29972904617841
319.7,0.300891883408597
322.8,0.302041184038967
325.9,0.303177183071232
329,0.304300110098748
332.1,0.305410189461212
335.2,0.306507640394075
338.3,0.307592677172889
341.4,0.308665509252786
344.5,0.309726341403263
347.6,0.310775373838488
350.7,0.311812802343269
353.8,0.312838818394866
356.9,0.313853609280814
360,0.314857358212889
363.1,0.315850244437385
366.2,0.316832443341818
369.3,0.31780412655821
372.4,0.318765462063077
375.5,0.319716614274228
378.6,0.320657744144516
381.7,0.321589009252631
384.8,0.322510563891064
387.9,0.323422559151318
391,0.3243251430065
394.1,0.325218460391352
397.2,0.326102653279841
400.3,0.326977860760376
403.4,0.327844219108751
406.5,0.32870186185888
409.6,0.32955091987141
412.7,0.330391521400288
415.8,0.331223792157339
418.9,0.332047855374945
422,0.332863831866871
425.1,0.333671840087313
428.2,0.334471996188219
431.3,0.335264414074957
434.4,0.336049205460365
437.5,0.336826479917253
440.6,0.337596344929405
443.7,0.338358905941126
446.8,0.339114266405389
449.9,0.339862527830617
453,0.340603789826165
456.1,0.341338150146519
459.2,0.342065704734271
462.3,0.34278654776191
465.4,0.343500771672452
468.5,0.344208467218961
471.6,0.344909723502993
474.7,0.345604628011992
477.8,0.346293266655676
480.9,0.346975723801444
484,0.347652082308827
487.1,0.348322423563033
490.2,0.348986827507586
493.3,0.349645372676114
496.4,0.350298136223289
499.5,0.350945193954963
502.6,0.351586620357516
505.7,0.352222488626436
508.8,0.352852870694169
511.9,0.353477837257241
515,0.354097457802689
518.1,0.354711800633817
521.2,0.355320932895297
524.3,0.355924920597628
527.4,0.356523828640988
530.5,0.357117720838479
533.6,0.357706659938792
536.7,0.358290707648308
539.8,0.358869924652653
542.9,0.359444370637714
546,0.360014104310145
549.1,0.360579183417366
552.2,0.361139664767076
555.3,0.361695604246288
558.4,0.362247056839907
561.5,0.362794076648861
564.6,0.363336716907791
567.7,0.363875030002322
570.8,0.364409067485923
573.9,0.364938880096363
577,0.365464517771783
580.1,0.365986029666384
583.2,0.366503464165752
586.3,0.367016868901822
589.4,0.367526290767495
592.5,0.368031775930916
595.6,0.36853336984942
598.7,0.369031117283162
601.8,0.36952506230843
604.9,0.370015248330658
608,0.370501718097137
611.1,0.370984513709445
614.2,0.371463676635593
617.3,0.371939247721896
620.4,0.372411267204584
623.5,0.372879774721146
626.6,0.373344809321429
629.7,0.373806409478485
632.8,0.374264613099184
635.9,0.374719457534589
639,0.375170979590107
642.1,0.375619215535416
645.2,0.376064201114178
648.3,0.37650597155354
651.4,0.37694456157343
654.5,0.377380005395654
657.6,0.377812336752796
660.7,0.378241588896932
663.8,0.37866779460815
666.9,0.3790909862029
670,0.37951119554216
673.1,0.379928454039433
676.2,0.380342792668574
679.3,0.380754241971454
682.4,0.381162832065469
685.5,0.381568592650884
688.6,0.38197155301803
691.7,0.382371742054357
694.8,0.382769188251331
697.9,0.383163919711201
701,0.383555964153619
704.1,0.383945348922133
707.2,0.384332100990537
710.3,0.38471624696911
713.4,0.38509781311071
716.5,0.38547682531676
719.6,0.385853309143108
722.7,0.386227289805771
725.8,0.386598792186564
728.9,0.386967840838619
732,0.387334459991795
735.1,0.387698673557981
738.2,0.388060505136294
741.3,0.388419978018177
744.4,0.388777115192395
747.5,0.38913193934994
750.6,0.38948447288883
753.7,0.38983473791883
756.8,0.390182756266069
759.9,0.390528549477576
763,0.390872138825723
766.1,0.391213545312595
769.2,0.391552789674262
772.3,0.391889892384981
775.4,0.392224873661314
778.5,0.39255775346617
781.6,0.392888551512772
784.7,0.393217287268545
787.8,0.393543979958938
790.9,0.393868648571171
794,0.394191311857913
797.1,0.394511988340896
800.2,0.394830696314453
803.3,0.395147453849004
806.4,0.395462278794464
809.5,0.395775188783603
812.6,0.396086201235334
815.7,0.396395333357947
818.8,0.39670260215228
821.9,0.397008024414841
825,0.397311616740863
828.1,0.397613395527314
831.2,0.397913376975847
834.3,0.3982115770957
837.4,0.398508011706544
840.5,0.398802696441279
843.6,0.399095646748787
846.7,0.399386877896625
849.8,0.399676404973684
852.9,0.39996424289279
856,0.400250406393267
859.1,0.400534910043452
862.2,0.400817768243168
865.3,0.401098995226153
868.4,0.401378605062447
871.5,0.401656611660742
874.6,0.401933028770681
877.7,0.402207869985133
880.8,0.402481148742418
883.9,0.402752878328493
887,0.403023071879114
890.1,0.403291742381943
893.2,0.403558902678638
896.3,0.403824565466891
899.4,0.404088743302447
902.5,0.404351448601075
905.6,0.404612693640521
908.7,0.404872490562413
911.8,0.405130851374148
914.9,0.405387787950737
918,0.405643312036629
921.1,0.405897435247498
924.2,0.406150169072003
927.3,0.40640152487352
930.4,0.406651513891846
933.5,0.406900147244871
936.6,0.407147435930232
939.7,0.407393390826929
942.8,0.407638022696922
945.9,0.407881342186704
949,0.40812335982884
952.1,0.408364086043492
955.2,0.40860353113991
958.3,0.408841705317906
961.4,0.409078618669305
964.5,0.409314281179364
967.6,0.40954870272818
970.7,0.409781893092069
973.8,0.410013861944926
976.9,0.410244618859561
980,0.410474173309018
983.1,0.410702534667869
986.2,0.410929712213492
989.3,0.411155715127328
992.4,0.411380552496114
995.5,0.411604233313106
998.6,0.411826766479274
1001.7,0.412048160804487
1004.8,0.41226842500867
1007.9,0.412487567722953
1011,0.412705597490797
1014.1,0.412922522769105
1017.2,0.413138351929315
1020.3,0.413353093258476
1023.4,0.413566754960311
1026.5,0.413779345156259
1029.6,0.413990871886505
1032.7,0.414201343110995
1035.8,0.414410766710433
1038.9,0.414619150487265
1042,0.414826502166648
1045.1,0.415032829397405
1048.2,0.415238139752964
1051.3,0.415442440732287
1054.4,0.415645739760781
1057.5,0.4158480441912
1060.6,0.416049361304529
1063.7,0.416249698310858
1066.8,0.416449062350243
1069.9,0.416647460493557
1073,0.416844899743319
1076.1,0.417041387034527
1079.2,0.417236929235461
1082.3,0.417431533148492
1085.4,0.417625205510863
1088.5,0.417817952995471
1091.6,0.418009782211633
1094.7,0.41820069970584
1097.8,0.418390711962501
1100.9,0.418579825404682
1104,0.418768046394825
1107.1,0.41895538123546
1110.2,0.419141836169916
1113.3,0.419327417383007
1116.4,0.419512131001719
1119.5,0.419695983095886
1122.6,0.419878979678852
1125.7,0.420061126708126
1128.8,0.420242430086032
1131.9,0.420422895660345
1135,0.420602529224919
1138.1,0.420781336520305
1141.2,0.420959323234369
1144.3,0.421136495002888
1147.4,0.42131285741015
1150.5,0.421488415989538
1153.6,0.421663176224108
1156.7,0.421837143547163
1159.8,0.422010323342814
1162.9,0.422182720946535
1166,0.422354341645712
1169.1,0.422525190680183
1172.2,0.422695273242773
1175.3,0.422864594479817
1178.4,0.423033159491681
1181.5,0.423200973333275
1184.6,0.423368041014555
1187.7,0.423534367501026
1190.8,0.423699957714229
1193.9,0.423864816532233
1197,0.424028948790106
1200.1,0.424192359280394
1203.2,0.424355052753584
1206.3,0.424517033918569
1209.4,0.424678307443094
1212.5,0.424838877954212
1215.6,0.424998750038724
1218.7,0.425157928243616
1221.8,0.425316417076487
1224.9,0.42547422100598
1228,0.425631344462197
1231.1,0.425787791837118
1234.2,0.425943567485007
1237.3,0.426098675722814
1240.4,0.426253120830582
1243.5,0.426406907051832
1246.6,0.426560038593955
1249.7,0.426712519628598
1252.8,0.426864354292037
1255.9,0.427015546685558
1259,0.427166100875821
1262.1,0.427316020895226
1265.2,0.427465310742277
1268.3,0.427613974381929
1271.4,0.427762015745948
1274.5,0.427909438733251
1277.6,0.428056247210252
1280.7,0.4282024450112
1283.8,0.428348035938509
1286.9,0.428493023763093
1290,0.428637412224688
1293.1,0.428781205032173
1296.2,0.428924405863893
1299.3,0.429067018367964
1302.4,0.429209046162591
1305.5,0.429350492836369
1308.6,0.429491361948587
1311.7,0.429631657029526
1314.8,0.429771381580754
1317.9,0.42991053907542
1321,0.430049132958537
1324.1,0.430187166647268
1327.2,0.430324643531209
1330.3,0.430461566972665
1333.4,0.430597940306922
1336.5,0.430733766842523
1339.6,0.430869049861531
1342.7,0.431003792619793
1345.8,0.431137998347205
1348.9,0.431271670247968
1352,0.431404811500842
1355.1,0.431537425259401
1358.2,0.431669514652277
1361.3,0.431801082783413
1364.4,0.431932132732297
1367.5,0.432062667554213
1370.6,0.432192690280469
1373.7,0.432322203918637
1376.8,0.432451211452784
1379.9,0.4325797158437
1383,0.432707720029124
1386.1,0.432835226923972
1389.2,0.432962239420552
1392.3,0.433088760388789
1395.4,0.433214792676434
1398.5,0.433340339109287
1401.6,0.433465402491399
1404.7,0.433589985605287
1407.8,0.433714091212136
1410.9,0.433837722052008
1414,0.433960880844038
1417.1,0.434083570286638
1420.2,0.434205793057691
1423.3,0.434327551814748
1426.4,0.434448849195219
1429.5,0.434569687816564
1432.6,0.434690070276483
1435.7,0.434809999153097
1438.8,0.43492947700514
1441.9,0.435048506372132
1445,0.435167089774568
1448.1,0.435285229714088
1451.2,0.435402928673657
1454.3,0.435520189117739
1457.4,0.435637013492469
1460.5,0.435753404225819
1463.6,0.435869363727774
1466.7,0.43598489439049
1469.8,0.436099998588466
1472.9,0.436214678678699
1476,0.436328937000852
1479.1,0.43644277587741
1482.2,0.436556197613835
1485.3,0.436669204498727
1488.4,0.436781798803973
1491.5,0.436893982784903
1494.6,0.437005758680436
1497.7,0.437117128713235
1500.8,0.437228095089848
1503.9,0.437338660000861
1507,0.437448825621033
1510.1,0.437558594109447
1513.2,0.437667967609647
1516.3,0.437776948249777
1519.4,0.437885538142721
1522.5,0.43799373938624
1525.6,0.438101554063103
1528.7,0.438208984241226
1531.8,0.438316031973801
1534.9,0.438422699299426
1538,0.438528988242237
1541.1,0.438634900812036
1544.2,0.438740439004415
1547.3,0.438845604800884
1550.4,0.438950400168992
1553.5,0.439054827062455
1556.6,0.439158887421271
1559.7,0.439262583171844
1562.8,0.439365916227104
1565.9,0.43946888848662
1569,0.43957150183672
1572.1,0.439673758150607
1575.2,0.439775659288468
1578.3,0.439877207097594
1581.4,0.439978403412483
1584.5,0.44007925005496
1587.6,0.440179748834279
1590.7,0.440279901547234
1593.8,0.440379709978265
1596.9,0.440479175899566
1600,0.440578301071188
