"ResDensity","N_TraitValue"
38.6442,8.0923360162953e-05
39.2049632,8.18097313386245e-05
39.7657264,8.26899075452879e-05
40.3264896,8.35639535029992e-05
40.8872528,8.44319330334187e-05
41.448016,8.52939090753461e-05
42.0087792,8.61499436999334e-05
42.5695424,8.70000981255851e-05
43.1303056,8.78444327325518e-05
43.6910688,8.86830070772262e-05
44.251832,8.95158799061457e-05
44.8125952,9.03431091697124e-05
45.3733584,9.11647520356333e-05
45.9341216,9.19808649020907e-05
46.4948848,9.2791503410646e-05
47.055648,9.35967224588865e-05
47.6164112,9.43965762128176e-05
48.1771744,9.51911181190093e-05
48.7379376,9.59804009165012e-05
49.2987008,9.67644766484715e-05
49.859464,9.75433966736766e-05
50.4202272,9.83172116776648e-05
50.9809904,9.9085971683771e-05
51.5417536,9.98497260638967e-05
52.1025168,0.000100608523549079
52.66328,0.000101362412239856
53.2240432,0.00010211143961643
53.7848064,0.000102855652548637
54.3455696,0.000103595097305724
54.9063328,0.000104329819565932
55.467096,0.000105059864425913
56.0278592,0.000105785276409947
56.5886224,0.000106506099478999
57.1493856,0.000107222377039597
57.7101488,0.000107934151952551
58.270912,0.000108641466541493
58.8316752,0.000109344362601274
59.3924384,0.000110042881406194
59.9532016,0.00011073706371808
60.5139648,0.000111426949794216
61.074728,0.000112112579395125
61.6354912,0.00011279399179221
62.1962544,0.000113471225775247
62.7570176,0.000114144319659753
63.3177808,0.000114813311294205
63.878544,0.000115478238067138
64.4393072,0.000116139136914112
65.0000704,0.000116796044324548
65.5608336,0.000117448996348443
66.1215968,0.000118098028602972
66.68236,0.000118743176278954
67.2431232,0.00011938447414722
67.8038864,0.000120021956564858
68.3646496,0.000120655657481348
68.9254128,0.000121285610444588
69.486176,0.000121911848606816
70.0469392,0.000122534404730427
70.6077024,0.000123153311193683
71.1684656,0.000123768599996328
71.7292288,0.000124380302765105
72.289992,0.000124988450759172
72.8507552,0.000125593074875428
73.4115184,0.000126194205653747
73.9722816,0.000126791873282118
74.5330448,0.000127386107601702
75.093808,0.000127976938111792
75.6545712,0.000128564393974701
76.2153344,0.000129148504020559
76.7760976,0.000129729296752026
77.3368608,0.000130306800348932
77.897624,0.000130881042672832
78.4583872,0.000131452051271489
79.0191504,0.000132019853383278
79.5799136,0.000132584475941517
80.1406768,0.000133145945578727
80.70144,0.000133704288630819
81.2622032,0.000134259531141209
81.8229664,0.000134811698864872
82.3837296,0.000135360817272322
82.9444928,0.000135906911553528
83.505256,0.000136450006621767
84.0660192,0.000136990127117412
84.6267824,0.000137527297411659
85.1875456,0.000138061541610191
85.7483088,0.000138592883556788
86.309072,0.00013912134683687
86.8698352,0.000139646954780989
87.4305984,0.000140169730468262
87.9913616,0.000140689696729749
88.5521248,0.000141206876151777
89.112888,0.00014172129107921
89.6736512,0.000142232963618667
90.2344144,0.000142741915641692
90.7951776,0.000143248168787863
91.3559408,0.000143751744467867
91.916704,0.000144252663866514
92.4774672,0.000144750947945709
93.0382304,0.000145246617447377
93.5989936,0.000145739692896339
94.1597568,0.000146230194603145
94.72052,0.000146718142666866
95.2812832,0.000147203556977837
95.8420464,0.000147686457220359
96.4028096,0.000148166862875363
96.9635728,0.000148644793223025
97.524336,0.00014912026734535
98.0850992,0.000149593304128708
98.6458624,0.000150063922266337
99.2066256,0.000150532140260807
99.7673888,0.000150997976426437
100.328152,0.000151461448891695
100.8889152,0.000151922575601538
101.4496784,0.000152381374319737
102.0104416,0.000152837862631151
102.5712048,0.000153292057943979
103.131968,0.000153743977491972
103.6927312,0.000154193638336609
104.2534944,0.000154641057369249
104.8142576,0.000155086251313243
105.3750208,0.000155529236726019
105.935784,0.000155970030001134
106.4965472,0.000156408647370297
107.0573104,0.00015684510490536
107.6180736,0.000157279418520284
108.1788368,0.00015771160397307
108.7396,0.000158141676867666
109.3003632,0.000158569652655846
109.8611264,0.000158995546639059
110.4218896,0.000159419373970255
110.9826528,0.000159841149655677
111.543416,0.000160260888556639
112.1041792,0.000160678605391266
112.6649424,0.000161094314736218
113.2257056,0.000161508031028383
113.7864688,0.000161919768566549
114.347232,0.000162329541513053
114.9079952,0.000162737363895402
115.4687584,0.000163143249607875
116.0295216,0.000163547212413103
116.5902848,0.000163949265943622
117.151048,0.000164349423703404
117.7118112,0.000164747699069378
118.2725744,0.000165144105292909
118.8333376,0.000165538655501277
119.3941008,0.000165931362699121
119.954864,0.000166322239769871
120.5156272,0.000166711299477152
121.0763904,0.000167098554466181
121.6371536,0.00016748401726513
122.1979168,0.000167867700286478
122.75868,0.000168249615828349
123.3194432,0.000168629776075819
123.8802064,0.000169008193102215
124.4409696,0.000169384878870396
125.0017328,0.000169759845234007
125.562496,0.000170133103938727
126.1232592,0.000170504666623496
126.6840224,0.000170874544821722
127.2447856,0.000171242749962477
127.8055488,0.000171609293371671
128.366312,0.000171974186273215
128.9270752,0.00017233743979017
129.4878384,0.000172699064945871
130.0486016,0.000173059072665045
130.6093648,0.000173417473774913
131.170128,0.000173774279006273
131.7308912,0.000174129498994572
132.2916544,0.000174483144280961
132.8524176,0.000174835225313342
133.4131808,0.00017518575244739
133.973944,0.000175534735947576
134.5347072,0.000175882185988164
135.0954704,0.000176228112654201
135.6562336,0.000176572525942492
136.2169968,0.000176915435762565
136.77776,0.000177256851937621
137.3385232,0.000177596784205468
137.8992864,0.000177935242219455
138.4600496,0.000178272235549376
139.0208128,0.00017860777368238
139.581576,0.000178941866023858
140.1423392,0.000179274521898319
140.7031024,0.000179605750550264
141.2638656,0.000179935561145037
141.8246288,0.000180263962769674
142.385392,0.000180590964433732
142.9461552,0.000180916575070122
143.5069184,0.000181240803535912
144.0676816,0.000181563658613139
144.6284448,0.000181885149009596
145.189208,0.000182205283359618
145.7499712,0.000182524070224855
146.3107344,0.000182841518095032
146.8714976,0.000183157635388707
147.4322608,0.000183472430454011
147.993024,0.000183785911569388
148.5537872,0.000184098086944316
149.1145504,0.000184408964720024
149.6753136,0.000184718552970203
150.2360768,0.000185026859701704
150.79684,0.000185333892855225
151.3576032,0.000185639660305996
151.9183664,0.000185944169864452
152.4791296,0.000186247429276897
153.0398928,0.00018654944622616
153.600656,0.000186850228332248
154.1614192,0.000187149783152981
154.7221824,0.00018744811818463
155.2829456,0.00018774524086254
155.8437088,0.000188041158561747
156.404472,0.00018833587859759
156.9652352,0.000188629408226314
157.5259984,0.000188921754645662
158.0867616,0.000189212924995469
158.6475248,0.000189502926358238
159.208288,0.000189791765759717
159.7690512,0.000190079450169466
160.3298144,0.000190365986501417
160.8905776,0.00019065138161443
161.4513408,0.000190935642312835
162.012104,0.000191218775346981
162.5728672,0.000191500787413761
163.1336304,0.000191781685157148
163.6943936,0.000192061475168712
164.2551568,0.000192340163988138
164.81592,0.000192617758103733
165.3766832,0.000192894263952932
165.9374464,0.000193169687922795
166.4982096,0.000193444036350499
167.0589728,0.000193717315523823
167.619736,0.000193989531681627
168.1804992,0.000194260691014332
168.7412624,0.000194530799664385
169.3020256,0.000194799863726722
169.8627888,0.00019506788924923
170.423552,0.000195334882233198
170.9843152,0.000195600848633766
171.5450784,0.000195865794360364
172.1058416,0.000196129725277158
172.6666048,0.000196392647203472
173.227368,0.000196654565914224
173.7881312,0.000196915487140347
174.3488944,0.000197175416569202
174.9096576,0.000197434359844999
175.4704208,0.000197692322569199
176.031184,0.000197949310300922
176.5919472,0.000198205328557344
177.1527104,0.000198460382814095
177.7134736,0.000198714478505644
178.2742368,0.000198967621025689
178.835,0.00019921981572754
179.3957632,0.000199471067924491
179.9565264,0.000199721382890198
180.5172896,0.000199970765859046
181.0780528,0.000200219222026514
181.638816,0.000200466756549536
182.1995792,0.000200713374546856
182.7603424,0.000200959081099386
183.3211056,0.000201203881250549
183.8818688,0.000201447780006626
184.442632,0.0002016907823371
185.0033952,0.00020193289317499
185.5641584,0.000202174117417187
186.1249216,0.000202414459924781
186.6856848,0.000202653925523393
187.246448,0.000202892519003492
187.8072112,0.00020313024512072
188.3679744,0.000203367108596203
188.9287376,0.000203603114116866
189.4895008,0.000203838266335744
190.050264,0.000204072569872282
190.6110272,0.000204306029312644
191.1717904,0.00020453864921001
191.7325536,0.000204770434084869
192.2933168,0.000205001388425315
192.85408,0.000205231516687337
193.4148432,0.000205460823295103
193.9756064,0.000205689312641247
194.5363696,0.000205916989087146
195.0971328,0.000206143856963198
195.657896,0.000206369920569101
196.2186592,0.000206595184174118
196.7794224,0.000206819652017351
197.3401856,0.000207043328308003
197.9009488,0.000207266217225644
198.461712,0.00020748832292047
199.0224752,0.000207709649513563
199.5832384,0.00020793020109714
200.1440016,0.000208149981734812
200.7047648,0.000208368995461829
201.265528,0.00020858724628533
201.8262912,0.000208804738184585
202.3870544,0.000209021475111236
202.9478176,0.000209237460989542
203.5085808,0.000209452699716609
204.069344,0.000209667195162628
204.6301072,0.000209880951171108
205.1908704,0.0002100939715591
205.7516336,0.000210306260117433
206.3123968,0.000210517820610929
206.87316,0.000210728656778635
207.4339232,0.000210938772334037
207.9946864,0.000211148170965278
208.5554496,0.000211356856335378
209.1162128,0.000211564832082444
209.676976,0.000211772101819884
210.2377392,0.000211978669136614
210.7985024,0.000212184537597265
211.3592656,0.000212389710742391
211.9200288,0.000212594192088669
212.480792,0.000212797985129101
213.0415552,0.000213001093333213
213.6023184,0.000213203520147252
214.1630816,0.000213405268994381
214.7238448,0.00021360634327487
215.284608,0.000213806746366291
215.8453712,0.000214006481623703
216.4061344,0.000214205552379842
216.9668976,0.000214403961945305
217.5276608,0.000214601713608734
218.088424,0.000214798810636997
218.6491872,0.000214995256275371
219.2099504,0.000215191053747714
219.7707136,0.000215386206256648
220.3314768,0.000215580716983729
220.89224,0.000215774589089621
221.4530032,0.00021596782571427
222.0137664,0.00021616042997707
222.5745296,0.00021635240497703
223.1352928,0.000216543753792946
223.696056,0.00021673447948356
224.2568192,0.000216924585087725
224.8175824,0.000217114073624565
225.3783456,0.000217302948093639
225.9391088,0.000217491211475094
226.499872,0.000217678866729824
227.0606352,0.000217865916799627
227.6213984,0.000218052364607356
228.1821616,0.000218238213057073
228.7429248,0.000218423465034198
229.303688,0.00021860812340566
229.8644512,0.000218792191020045
230.4252144,0.00021897567070774
230.9859776,0.000219158565281081
231.5467408,0.000219340877534497
232.107504,0.000219522610244647
232.6682672,0.000219703766170569
233.2290304,0.000219884348053813
233.7897936,0.000220064358618582
234.3505568,0.00022024380057187
234.91132,0.000220422676603595
235.4720832,0.000220600989386736
236.0328464,0.000220778741577464
236.5936096,0.000220955935815275
237.1543728,0.000221132574723122
237.715136,0.000221308660907541
238.2758992,0.000221484196958782
238.8366624,0.000221659185450936
239.3974256,0.000221833628942058
239.9581888,0.000222007529974295
240.518952,0.00022218089107401
241.0797152,0.000222353714751898
241.6404784,0.000222526003503116
242.2012416,0.000222697759807395
242.7620048,0.000222868986129167
243.322768,0.000223039684917676
243.8835312,0.000223209858607096
244.4442944,0.000223379509616652
245.0050576,0.000223548640350727
245.5658208,0.000223717253198982
246.126584,0.000223885350536464
246.6873472,0.000224052934723721
247.2481104,0.00022422000810691
247.8088736,0.000224386573017906
248.3696368,0.000224552631774416
248.9304,0.000224718186680078
249.4911632,0.000224883240024574
250.0519264,0.000225047794083733
250.6126896,0.000225211851119636
251.1734528,0.000225375413380721
251.734216,0.000225538483101882
252.2949792,0.000225701062504574
252.8557424,0.000225863153796916
253.4165056,0.000226024759173783
253.9772688,0.000226185880816915
254.538032,0.000226346520895007
255.0987952,0.00022650668156381
255.6595584,0.00022666636496623
256.2203216,0.000226825573232416
256.7810848,0.000226984308479863
257.341848,0.000227142572813502
257.9026112,0.00022730036832579
258.4633744,0.00022745769709681
259.0241376,0.000227614561194354
259.5849008,0.00022777096267402
260.145664,0.000227926903579297
260.7064272,0.00022808238594166
261.2671904,0.00022823741178065
261.8279536,0.000228391983103969
262.3887168,0.000228546101907563
262.94948,0.000228699770175708
263.5102432,0.000228852989881095
264.0710064,0.000229005762984916
264.6317696,0.000229158091436947
265.1925328,0.000229309977175631
265.753296,0.000229461422128159
266.3140592,0.000229612428210552
266.8748224,0.000229762997327743
267.4355856,0.000229913131373657
267.9963488,0.000230062832231289
268.557112,0.000230212101772784
269.1178752,0.000230360941859513
269.6786384,0.000230509354342153
270.2394016,0.000230657341060763
270.8001648,0.000230804903844859
271.360928,0.000230952044513491
271.9216912,0.000231098764875315
272.4824544,0.00023124506672867
273.0432176,0.000231390951861651
273.6039808,0.000231536422052181
274.164744,0.000231681479068081
274.7255072,0.000231826124667148
275.2862704,0.000231970360597219
275.8470336,0.000232114188596245
276.4077968,0.000232257610392362
276.96856,0.000232400627703956
277.5293232,0.000232543242239737
278.0900864,0.000232685455698801
278.6508496,0.000232827269770702
279.2116128,0.00023296868613552
279.772376,0.000233109706463919
280.3331392,0.000233250332417225
280.8939024,0.000233390565647482
281.4546656,0.000233530407797518
282.0154288,0.000233669860501014
282.576192,0.000233808925382562
283.1369552,0.000233947604057733
283.6977184,0.000234085898133133
284.2584816,0.000234223809206474
284.8192448,0.000234361338866626
285.380008,0.000234498488693686
285.9407712,0.000234635260259033
286.5015344,0.000234771655125392
287.0622976,0.000234907674846889
287.6230608,0.000235043320969117
288.183824,0.000235178595029185
288.7445872,0.000235313498555785
289.3053504,0.000235448033069244
289.8661136,0.000235582200081586
290.4268768,0.000235716001096581
290.98764,0.000235849437609809
291.5484032,0.000235982511108712
292.1091664,0.000236115223072649
292.6699296,0.000236247574972953
293.2306928,0.000236379568272984
293.791456,0.00023651120442818
294.3522192,0.000236642484886117
294.9129824,0.000236773411086556
295.4737456,0.000236903984461501
296.0345088,0.000237034206435246
296.595272,0.000237164078424429
297.1560352,0.000237293601838085
297.7167984,0.000237422778077694
298.2775616,0.000237551608537234
298.8383248,0.000237680094603231
299.399088,0.000237808237654805
299.9598512,0.000237936039063725
300.5206144,0.000238063500194453
301.0813776,0.000238190622404198
301.6421408,0.000238317407042957
302.202904,0.000238443855453569
302.7636672,0.000238569968971761
303.3244304,0.00023869574892619
303.8851936,0.0002388211966385
304.4459568,0.000238946313423356
305.00672,0.0002390711005885
305.5674832,0.000239195559434791
306.1282464,0.000239319691256253
306.6890096,0.000239443497340116
307.2497728,0.000239566978966867
307.810536,0.000239690137410286
308.3712992,0.000239812973937498
308.9320624,0.00023993548980901
309.4928256,0.000240057686278758
310.0535888,0.000240179564594147
310.614352,0.000240301125996096
311.1751152,0.000240422371719079
311.7358784,0.000240543302991167
312.2966416,0.000240663921034068
312.8574048,0.000240784227063171
313.418168,0.000240904222287584
313.9789312,0.000241023907910175
314.5396944,0.000241143285127615
315.1004576,0.000241262355130416
315.6612208,0.000241381119102967
316.221984,0.00024149957822358
316.7827472,0.000241617733664524
317.3435104,0.000241735586592066
317.9042736,0.000241853138166508
318.4650368,0.000241970389542226
319.0258,0.000242087341867708
