"ResDensity","N_TraitValue"
0.5,0.0104330684621805
0.699,0.012343955850292
0.898,0.013745753243119
1.097,0.014817990113623
1.296,0.0156646608002882
1.495,0.0163501694122078
1.694,0.0169165323948565
1.893,0.0173923285326498
2.092,0.0177976732549903
2.291,0.018147135612055
2.49,0.0184515266135477
2.689,0.0187190375410187
2.888,0.0189559881393081
3.087,0.0191673322440169
3.286,0.0193570078876904
3.485,0.0195281849712317
3.684,0.0196834438404355
3.883,0.0198249062570744
4.082,0.0199543329406174
4.281,0.0200731972290732
4.48,0.0201827414126746
4.679,0.0202840203161696
4.878,0.020377935374693
5.077,0.0204652615375499
5.276,0.0205466687013542
5.475,0.0206227389277899
5.674,0.020693980382534
5.873,0.0207608387014005
6.072,0.020823706321186
6.271,0.0208829301880922
6.47,0.0209388181635762
6.669,0.0209916443773881
6.868,0.0210416537242837
7.067,0.0210890656600804
7.266,0.0211340774211989
7.465,0.0211768667673203
7.664,0.0212175943275812
7.863,0.0212564056155969
8.062,0.0212934327665948
8.261,0.0213287960403657
8.46,0.0213626051260539
8.659,0.0213949602786127
8.858,0.02142595331173
9.057,0.0214556684679344
9.256,0.0214841831832498
9.455,0.0215115687610123
9.654,0.0215378909671952
9.853,0.0215632105577058
10.052,0.0215875837465538
10.251,0.0216110626224854
10.45,0.021633695520581
10.649,0.0216555273543969
10.848,0.0216765999134519
11.047,0.0216969521302075
11.246,0.0217166203201277
11.445,0.0217356383979346
11.644,0.0217540380727684
11.843,0.021771849024614
12.042,0.021789099064059
12.241,0.0218058142771924
12.44,0.0218220191572317
12.639,0.0218377367242748
12.838,0.0218529886344082
13.037,0.0218677952792605
13.236,0.0218821758769603
13.435,0.0218961485553555
13.634,0.021909730428249
13.833,0.0219229376653257
14.032,0.0219357855563727
14.231,0.0219482885703264
14.43,0.0219604604096292
14.629,0.0219723140603218
14.828,0.0219838618382592
15.027,0.021995115431793
15.226,0.0220060859412343
15.425,0.0220167839153741
15.624,0.0220272193853165
15.823,0.0220374018958505
16.022,0.0220473405345685
16.221,0.0220570439589171
16.42,0.0220665204213495
16.619,0.0220757777927338
16.818,0.0220848235841562
17.017,0.0220936649672457
17.216,0.022102308793137
17.415,0.0221107616101759
17.614,0.0221190296804637
17.813,0.0221271189953291
18.012,0.0221350352898062
18.211,0.0221427840561951
18.41,0.0221503705567683
18.609,0.0221577998356895
18.808,0.0221650767301972
19.007,0.0221722058811078
19.206,0.0221791917426857
19.405,0.0221860385919233
19.604,0.0221927505372737
19.803,0.0221993315268708
20.002,0.0222057853562744
20.201,0.0222121156757692
20.4,0.0222183259972501
20.599,0.0222244197007183
20.798,0.022230400040416
20.997,0.022236270150621
21.196,0.0222420330511245
21.395,0.0222476916524107
21.594,0.0222532487605588
21.793,0.0222587070818823
21.992,0.0222640692273239
22.191,0.0222693377166204
22.39,0.0222745149822497
22.589,0.0222796033731768
22.788,0.0222846051584063
22.987,0.0222895225303568
23.186,0.0222943576080647
23.385,0.0222991124402291
23.584,0.0223037890081061
23.783,0.0223083892282615
23.982,0.0223129149551896
24.181,0.0223173679838061
24.38,0.0223217500518213
24.579,0.0223260628420012
24.778,0.0223303079843222
24.977,0.0223344870580248
25.176,0.0223386015935725
25.375,0.0223426530745207
25.574,0.0223466429393001
25.773,0.0223505725829192
25.972,0.022354443358591
26.171,0.022358256579286
26.37,0.0223620135192177
26.569,0.022365715415262
26.768,0.0223693634683145
26.967,0.02237295884459
27.166,0.0223765026768648
27.365,0.0223799960656674
27.564,0.0223834400804171
27.763,0.0223868357605162
27.962,0.0223901841163953
28.161,0.0223934861305161
28.36,0.0223967427583323
28.559,0.0223999549292115
28.758,0.0224031235473193
28.957,0.0224062494924676
29.156,0.0224093336209296
29.355,0.0224123767662213
29.554,0.0224153797398527
29.753,0.0224183433320495
29.952,0.0224212683124458
30.151,0.0224241554307511
30.35,0.0224270054173904
30.549,0.0224298189841208
30.748,0.0224325968246236
30.947,0.022435339615075
31.146,0.0224380480146942
31.345,0.0224407226662723
31.544,0.0224433641966803
31.743,0.0224459732173596
31.942,0.022448550324793
32.141,0.0224510961009599
32.34,0.0224536111137746
32.539,0.0224560959175081
32.738,0.0224585510531958
32.937,0.0224609770490299
33.136,0.0224633744207385
33.335,0.0224657436719511
33.534,0.022468085294551
33.733,0.0224703997690163
33.932,0.022472687564748
34.131,0.0224749491403876
34.33,0.0224771849441239
34.529,0.0224793954139885
34.728,0.0224815809781427
34.927,0.0224837420551531
35.126,0.0224858790542595
35.325,0.022487992375633
35.524,0.0224900824106259
35.723,0.0224921495420131
35.922,0.0224941941442261
36.121,0.0224962165835789
36.32,0.0224982172184868
36.519,0.0225001963996783
36.718,0.0225021544703998
36.917,0.0225040917666145
37.116,0.0225060086171941
37.315,0.022507905344105
37.514,0.0225097822625891
37.713,0.0225116396813377
37.912,0.0225134779026612
38.111,0.0225152972226531
38.31,0.0225170979313489
38.509,0.0225188803128803
38.708,0.0225206446456248
38.907,0.0225223912023501
39.106,0.0225241202503554
39.305,0.0225258320516073
39.504,0.0225275268628722
39.703,0.022529204935845
39.902,0.0225308665172731
40.101,0.0225325118490779
40.3,0.0225341411684722
40.499,0.0225357547080736
40.698,0.0225373526960161
40.897,0.0225389353560569
41.096,0.0225405029076813
41.295,0.0225420555662038
41.494,0.0225435935428671
41.693,0.0225451170449375
41.892,0.0225466262757984
42.091,0.0225481214350406
42.29,0.0225496027185503
42.489,0.0225510703185945
42.688,0.0225525244239046
42.887,0.022553965219757
43.086,0.0225553928880519
43.285,0.0225568076073897
43.484,0.0225582095531458
43.683,0.0225595988975428
43.882,0.0225609758097211
44.081,0.0225623404558075
44.28,0.0225636929989822
44.479,0.0225650335995436
44.678,0.0225663624149719
44.877,0.0225676795999905
45.076,0.0225689853066262
45.275,0.0225702796842676
45.474,0.0225715628797225
45.673,0.0225728350372725
45.872,0.0225740962987281
46.071,0.0225753468034808
46.27,0.0225765866885544
46.469,0.0225778160886554
46.668,0.0225790351362217
46.867,0.02258024396147
47.066,0.0225814426924422
47.265,0.0225826314550508
47.464,0.0225838103731227
47.663,0.0225849795684424
47.862,0.0225861391607941
48.061,0.022587289268002
48.26,0.022588430005971
48.459,0.022589561488725
48.658,0.0225906838284452
48.857,0.0225917971355072
49.056,0.0225929015185171
49.255,0.0225939970843465
49.454,0.0225950839381678
49.653,0.0225961621834871
49.852,0.0225972319221772
50.051,0.02259829325451
50.25,0.0225993462791875
50.449,0.0226003910933726
50.648,0.0226014277927189
50.847,0.0226024564714
51.046,0.0226034772221377
51.245,0.0226044901362302
51.444,0.0226054953035793
51.643,0.0226064928127168
51.842,0.0226074827508306
52.041,0.0226084652037901
52.24,0.0226094402561712
52.439,0.0226104079912801
52.638,0.0226113684911776
52.837,0.0226123218367019
53.036,0.0226132681074914
53.235,0.022614207382007
53.434,0.0226151397375535
53.633,0.022616065250301
53.832,0.0226169839953058
54.031,0.0226178960465304
54.23,0.0226188014768634
54.429,0.022619700358139
54.628,0.0226205927611561
54.827,0.0226214787556966
55.026,0.022622358410544
55.225,0.0226232317935006
55.424,0.0226240989714055
55.623,0.0226249600101516
55.822,0.0226258149747017
56.021,0.0226266639291056
56.22,0.0226275069365156
56.419,0.0226283440592024
56.618,0.0226291753585702
56.817,0.022630000895172
57.016,0.0226308207287242
57.215,0.0226316349181208
57.414,0.0226324435214478
57.613,0.0226332465959968
57.812,0.0226340441982786
58.011,0.0226348363840367
58.21,0.0226356232082597
58.409,0.0226364047251946
58.608,0.0226371809883591
58.807,0.0226379520505535
59.006,0.0226387179638732
59.205,0.02263947877972
59.404,0.0226402345488139
59.603,0.0226409853212041
59.802,0.0226417311462804
60.001,0.0226424720727835
60.2,0.0226432081488162
60.399,0.0226439394218535
60.598,0.0226446659387528
60.797,0.0226453877457639
60.996,0.022646104888539
61.195,0.0226468174121421
61.394,0.0226475253610588
61.593,0.0226482287792048
61.792,0.022648927709936
61.991,0.0226496221960566
62.19,0.0226503122798282
62.389,0.0226509980029783
62.588,0.0226516794067087
62.787,0.0226523565317037
62.986,0.0226530294181385
63.185,0.0226536981056865
63.384,0.0226543626335279
63.583,0.0226550230403568
63.782,0.0226556793643888
63.981,0.0226563316433686
64.18,0.0226569799145768
64.379,0.0226576242148376
64.578,0.0226582645805253
64.777,0.0226589010475713
64.976,0.0226595336514707
65.175,0.0226601624272893
65.374,0.0226607874096695
65.573,0.0226614086328372
65.772,0.0226620261306076
65.971,0.0226626399363916
66.17,0.0226632500832018
66.369,0.0226638566036585
66.568,0.0226644595299952
66.767,0.0226650588940646
66.966,0.0226656547273441
67.165,0.0226662470609413
67.364,0.0226668359255995
67.563,0.022667421351703
67.762,0.0226680033692821
67.961,0.0226685820080187
68.16,0.0226691572972508
68.359,0.0226697292659779
68.558,0.0226702979428657
68.757,0.0226708633562507
68.956,0.0226714255341454
69.155,0.0226719845042423
69.354,0.0226725402939189
69.553,0.0226730929302423
69.752,0.0226736424399729
69.951,0.0226741888495694
70.15,0.0226747321851927
70.349,0.0226752724727103
70.548,0.0226758097377001
70.747,0.0226763440054549
70.946,0.0226768753009858
71.145,0.0226774036490264
71.344,0.0226779290740369
71.543,0.0226784516002073
71.742,0.0226789712514616
71.941,0.0226794880514611
72.14,0.0226800020236084
72.339,0.0226805131910505
72.538,0.0226810215766824
72.737,0.0226815272031509
72.936,0.0226820300928572
73.135,0.0226825302679611
73.334,0.0226830277503836
73.533,0.0226835225618101
73.732,0.0226840147236942
73.931,0.0226845042572601
74.13,0.0226849911835058
74.329,0.0226854755232065
74.528,0.0226859572969172
74.727,0.0226864365249754
74.926,0.0226869132275047
75.125,0.0226873874244168
75.324,0.0226878591354147
75.523,0.0226883283799955
75.722,0.0226887951774528
75.921,0.0226892595468795
76.12,0.0226897215071705
76.319,0.0226901810770251
76.518,0.0226906382749496
76.717,0.0226910931192596
76.916,0.0226915456280828
77.115,0.0226919958193612
77.314,0.0226924437108534
77.513,0.0226928893201371
77.712,0.0226933326646112
77.911,0.0226937737614984
78.11,0.022694212627847
78.309,0.0226946492805334
78.508,0.0226950837362643
78.707,0.0226955160115785
78.906,0.0226959461228494
79.105,0.0226963740862866
79.304,0.0226967999179386
79.503,0.022697223633694
79.702,0.0226976452492842
79.901,0.022698064780285
80.1,0.0226984822421184
80.299,0.0226988976500547
80.498,0.0226993110192145
80.697,0.0226997223645701
80.896,0.0227001317009477
81.095,0.0227005390430289
81.294,0.0227009444053527
81.493,0.0227013478023171
81.692,0.0227017492481809
81.891,0.022702148757065
82.09,0.0227025463429548
82.289,0.0227029420197011
82.488,0.022703335801022
82.687,0.0227037277005045
82.886,0.0227041177316063
83.085,0.0227045059076567
83.284,0.0227048922418588
83.483,0.0227052767472905
83.682,0.0227056594369063
83.881,0.0227060403235387
84.08,0.0227064194198994
84.279,0.022706796738581
84.478,0.0227071722920581
84.677,0.0227075460926891
84.876,0.0227079181527172
85.075,0.0227082884842719
85.274,0.02270865709937
85.473,0.0227090240099176
85.672,0.0227093892277105
85.871,0.0227097527644362
86.07,0.0227101146316748
86.269,0.0227104748409002
86.468,0.0227108334034814
86.667,0.0227111903306839
86.866,0.0227115456336704
87.065,0.0227118993235024
87.264,0.0227122514111411
87.463,0.0227126019074487
87.662,0.0227129508231893
87.861,0.0227132981690303
88.06,0.0227136439555433
88.259,0.022713988193205
88.458,0.0227143308923987
88.657,0.0227146720634149
88.856,0.0227150117164527
89.055,0.0227153498616206
89.254,0.0227156865089374
89.453,0.0227160216683336
89.652,0.0227163553496518
89.851,0.0227166875626482
90.05,0.0227170183169933
90.249,0.0227173476222728
90.448,0.0227176754879886
90.647,0.0227180019235598
90.846,0.0227183269383234
91.045,0.0227186505415353
91.244,0.0227189727423712
91.443,0.0227192935499276
91.642,0.0227196129732221
91.841,0.0227199310211952
92.04,0.02272024770271
92.239,0.022720563026554
92.438,0.0227208770014394
92.637,0.0227211896360041
92.836,0.0227215009388121
93.035,0.022721810918355
93.234,0.0227221195830521
93.433,0.0227224269412515
93.632,0.0227227330012308
93.831,0.0227230377711978
94.03,0.0227233412592913
94.229,0.0227236434735817
94.428,0.0227239444220718
94.627,0.0227242441126975
94.826,0.0227245425533286
95.025,0.0227248397517694
95.224,0.0227251357157592
95.423,0.0227254304529732
95.622,0.0227257239710232
95.821,0.022726016277458
96.02,0.0227263073797644
96.219,0.0227265972853676
96.418,0.0227268860016316
96.617,0.0227271735358605
96.816,0.0227274598952985
97.015,0.0227277450871308
97.214,0.0227280291184839
97.413,0.0227283119964269
97.612,0.0227285937279711
97.811,0.0227288743200713
98.01,0.0227291537796263
98.209,0.022729432113479
98.408,0.0227297093284176
98.607,0.0227299854311756
98.806,0.0227302604284327
99.005,0.0227305343268152
99.204,0.0227308071328965
99.403,0.0227310788531977
99.602,0.0227313494941882
99.801,0.0227316190622859
100,0.0227318875638582
