"ResDensity","N_TraitValue"
0.25,0.0940348805038152
0.2655,0.0991339092871232
0.281,0.104158818507524
0.2965,0.109111212608615
0.312,0.113992650057866
0.3275,0.118804644981746
0.343,0.123548668731551
0.3585,0.12822615138335
0.374,0.13283848317525
0.3895,0.137387015885023
0.405,0.141873064150956
0.4205,0.146297906738636
0.436,0.150662787756241
0.4515,0.154968917820754
0.467,0.159217475177399
0.4825,0.163409606774482
0.498,0.16754642929568
0.5135,0.171629030151743
0.529,0.175658468433461
0.5445,0.17963577582763
0.56,0.18356195749771
0.5755,0.18743799293073
0.591,0.191264836751952
0.6065,0.195043419508712
0.622,0.19877464842479
0.6375,0.202459408126601
0.653,0.206098561342412
0.6685,0.209692949575765
0.684,0.213243393754194
0.6995,0.216750694854299
0.715,0.220215634504166
0.7305,0.223638975564095
0.746,0.227021462686531
0.7615,0.230363822856069
0.777,0.233666765910362
0.7925,0.236930985042692
0.808,0.240157157286984
0.8235,0.243345943985943
0.839,0.246497991243026
0.8545,0.249613930358868
0.87,0.252694378252801
0.8855,0.255739937870052
0.901,0.258751198575182
0.9165,0.261728736532303
0.932,0.264673115072602
0.9475,0.267584885049642
0.963,0.270464585182932
0.9785,0.273312742390205
0.994,0.276129872108832
1.0095,0.278916478606798
1.025,0.281673055283615
1.0405,0.284400084961564
1.056,0.287098040167618
1.0715,0.289767383406401
1.087,0.292408567424504
1.1025,0.295022035466481
1.118,0.297608221522829
1.1335,0.30016755057024
1.149,0.302700438804411
1.1645,0.305207293865673
1.18,0.307688515057694
1.1955,0.310144493559517
1.211,0.312575612631151
1.2265,0.314982247812953
1.242,0.317364767119018
1.2575,0.31972353122478
1.273,0.322058893649037
1.2885,0.324371200930575
1.304,0.326660792799594
1.3195,0.328928002344104
1.335,0.331173156171469
1.3505,0.333396574565248
1.366,0.335598571637518
1.3815,0.337779455476802
1.397,0.339939528291771
1.4125,0.34207908655085
1.428,0.344198421117859
1.4435,0.346297817383837
1.459,0.348377555395151
1.4745,0.350437909978032
1.49,0.35247915085964
1.5055,0.354501542785778
1.521,0.356505345635359
1.5365,0.35849081453173
1.552,0.360458199950955
1.5675,0.362407747827154
1.583,0.364339699654991
1.5985,0.366254292589389
1.614,0.368151759542587
1.6295,0.370032329278588
1.645,0.371896226505103
1.6605,0.373743671963059
1.676,0.375574882513745
1.6915,0.377390071223676
1.707,0.379189447447233
1.7225,0.380973216907154
1.738,0.382741581772946
1.7535,0.384494740737263
1.769,0.386232889090333
1.7845,0.387956218792476
1.8,0.389664918544773
1.8155,0.391359173857949
1.831,0.393039167119514
1.8465,0.394705077659208
1.862,0.396357081812822
1.8775,0.397995352984415
1.893,0.39962006170699
1.9085,0.401231375701669
1.924,0.402829459935413
1.9395,0.404414476677322
1.955,0.40598658555356
1.9705,0.407545943600947
1.986,0.409092705319251
2.0015,0.410627022722213
2.017,0.412149045387354
2.0325,0.413658920504579
2.048,0.415156792923636
2.0635,0.416642805200432
2.079,0.418117097642262
2.0945,0.419579808351974
2.11,0.421031073271091
2.1255,0.422471026221926
2.141,0.423899798948722
2.1565,0.425317521157828
2.172,0.426724320556955
2.1875,0.428120322893522
2.203,0.429505651992127
2.2185,0.430880429791156
2.234,0.432244776378569
2.2495,0.433598810026859
2.265,0.434942647227239
2.2805,0.436276402723044
2.296,0.437600189542395
2.3115,0.438914119030126
2.327,0.440218300879006
2.3425,0.441512843160263
2.358,0.442797852353442
2.3735,0.444073433375595
2.389,0.44533968960984
2.4045,0.446596722933289
2.42,0.447844633744378
2.4355,0.449083520989589
2.451,0.450313482189611
2.4665,0.451534613464921
2.482,0.452747009560834
2.4975,0.453950763871999
2.513,0.45514596846639
2.5285,0.456332714108771
2.544,0.457511090283682
2.5595,0.458681185217925
2.575,0.459843085902584
2.5905,0.460996878114591
2.606,0.462142646437827
2.6215,0.463280474283796
2.637,0.464410443911867
2.6525,0.465532636449098
2.668,0.466647131909654
2.6835,0.467754009213819
2.699,0.468853346206632
2.7145,0.469945219676136
2.73,0.471029705371252
2.7455,0.472106878019305
2.761,0.47317681134318
2.7765,0.47423957807815
2.792,0.475295249988352
2.8075,0.476343897882945
2.823,0.477385591631941
2.8385,0.478420400181723
2.854,0.479448391570259
2.8695,0.48046963294201
2.885,0.481484190562555
2.9005,0.482492129832919
2.916,0.48349351530363
2.9315,0.484488410688497
2.947,0.485476878878126
2.9625,0.486458981953171
2.978,0.48743478119733
2.9935,0.488404337110095
3.009,0.489367709419253
3.0245,0.490324957093154
3.04,0.491276138352741
3.0555,0.492221310683355
3.071,0.493160530846316
3.0865,0.494093854890286
3.102,0.495021338162417
3.1175,0.495943035319296
3.133,0.496859000337675
3.1485,0.497769286525016
3.164,0.498673946529827
3.1795,0.499573032351815
3.195,0.500466595351849
3.2105,0.501354686261739
3.226,0.502237355193842
3.2415,0.50311465165048
3.257,0.503986624533203
3.2725,0.50485332215187
3.288,0.505714792233574
3.3035,0.506571081931398
3.319,0.507422237833026
3.3345,0.508268305969186
3.35,0.509109331821953
3.3655,0.509945360332893
3.381,0.510776435911075
3.3965,0.511602602440931
3.412,0.51242390328998
3.4275,0.513240381316419
3.443,0.514052078876577
3.4585,0.514859037832236
3.474,0.515661299557837
3.4895,0.516458904947541
3.505,0.517251894422184
3.5205,0.518040307936103
3.536,0.518824184983849
3.5515,0.519603564606776
3.567,0.520378485399532
3.5825,0.521148985516422
3.598,0.521915102677671
3.6135,0.522676874175585
3.629,0.523434336880596
3.6445,0.524187527247216
3.66,0.52493648131988
3.6755,0.525681234738699
3.691,0.526421822745115
3.7065,0.527158280187455
3.722,0.527890641526404
3.7375,0.528618940840372
3.753,0.529343211830787
3.7685,0.53006348782729
3.784,0.530779801792849
3.7995,0.531492186328785
3.815,0.532200673679724
3.8305,0.532905295738454
3.846,0.533606084050717
3.8615,0.534303069819915
3.877,0.534996283911741
3.8925,0.535685756858734
3.908,0.536371518864764
3.9235,0.537053599809443
3.939,0.537732029252463
3.9545,0.538406836437865
3.97,0.539078050298246
3.9855,0.53974569945889
4.001,0.540409812241836
4.0165,0.54107041666989
4.032,0.541727540470557
4.0475,0.54238121107993
4.063,0.5430314556465
4.0785,0.543678301034922
4.094,0.544321773829707
4.1095,0.544961900338873
4.125,0.545598706597522
4.1405,0.546232218371375
4.156,0.546862461160246
4.1715,0.547489460201461
4.187,0.548113240473232
4.2025,0.548733826697967
4.218,0.549351243345542
4.2335,0.549965514636516
4.249,0.550576664545296
4.2645,0.551184716803257
4.28,0.551789694901815
4.2955,0.552391622095453
4.311,0.552990521404696
4.3265,0.553586415619053
4.342,0.554179327299899
4.3575,0.554769278783332
4.373,0.555356292182968
4.3885,0.555940389392714
4.404,0.556521592089482
4.4195,0.557099921735873
4.435,0.557675399582823
4.4505,0.5582480466722
4.466,0.558817883839371
4.4815,0.559384931715732
4.497,0.559949210731193
4.5125,0.560510741116633
4.528,0.561069542906322
4.5435,0.561625635940298
4.559,0.562179039866717
4.5745,0.56272977414417
4.59,0.563277858043958
4.6055,0.563823310652347
4.621,0.564366150872775
4.6365,0.564906397428045
4.652,0.56544406886247
4.6675,0.565979183544
4.683,0.56651175966631
4.6985,0.567041815250864
4.714,0.567569368148948
4.7295,0.568094436043673
4.745,0.568617036451951
4.7605,0.569137186726444
4.776,0.569654904057481
4.7915,0.570170205474959
4.807,0.570683107850203
4.8225,0.57119362789781
4.838,0.571701782177466
4.8535,0.572207587095735
4.869,0.572711058907827
4.8845,0.573212213719334
4.9,0.573711067487954
4.9155,0.57420763602518
4.931,0.574701934997973
4.9465,0.575193979930409
4.962,0.575683786205304
4.9775,0.576171369065817
4.993,0.576656743617032
5.0085,0.577139924827518
5.024,0.577620927530865
5.0395,0.578099766427206
5.055,0.578576456084713
5.0705,0.579051010941073
5.086,0.579523445304947
5.1015,0.579993773357409
5.117,0.580462009153362
5.1325,0.580928166622942
5.148,0.581392259572895
5.1635,0.581854301687945
5.179,0.582314306532135
5.1945,0.582772287550155
5.21,0.583228258068657
5.2255,0.583682231297537
5.241,0.584134220331224
5.2565,0.584584238149926
5.272,0.585032297620883
5.2875,0.585478411499588
5.303,0.585922592430998
5.3185,0.586364852950728
5.334,0.586805205486235
5.3495,0.587243662357977
5.365,0.587680235780562
5.3805,0.588114937863886
5.396,0.588547780614251
5.4115,0.588978775935469
5.427,0.589407935629954
5.4425,0.589835271399801
5.458,0.590260794847848
5.4735,0.590684517478725
5.489,0.591106450699894
5.5045,0.591526605822671
5.52,0.591944994063236
5.5355,0.592361626543632
5.551,0.592776514292751
5.5665,0.593189668247307
5.582,0.593601099252795
5.5975,0.594010818064443
5.613,0.594418835348148
5.6285,0.594825161681401
5.644,0.595229807554201
5.6595,0.595632783369959
5.675,0.59603409944639
5.6905,0.596433766016388
5.706,0.596831793228906
5.7215,0.597228191149804
5.737,0.597622969762707
5.7525,0.598016138969835
5.768,0.598407708592838
5.7835,0.59879768837361
5.799,0.599186087975097
5.8145,0.599572916982095
5.83,0.59995818490204
5.8455,0.600341901165788
5.861,0.600724075128379
5.8765,0.601104716069805
5.892,0.601483833195752
5.9075,0.601861435638353
5.923,0.60223753245691
5.9385,0.602612132638627
5.954,0.602985245099324
5.9695,0.603356878684139
5.985,0.603727042168235
6.0005,0.604095744257485
6.016,0.604462993589157
6.0315,0.604828798732587
6.047,0.605193168189848
6.0625,0.605556110396404
6.078,0.605917633721768
6.0935,0.606277746470137
6.109,0.606636456881037
6.1245,0.606993773129943
6.14,0.607349703328905
6.1555,0.60770425552716
6.171,0.60805743771174
6.1865,0.608409257808072
6.202,0.608759723680568
6.2175,0.609108843133215
6.233,0.60945662391015
6.2485,0.609803073696238
6.264,0.610148200117631
6.2795,0.610492010742335
6.295,0.610834513080758
6.3105,0.611175714586258
6.326,0.611515622655685
6.3415,0.611854244629916
6.357,0.61219158779438
6.3725,0.612527659379583
6.388,0.612862466561626
6.4035,0.613196016462712
6.419,0.613528316151654
6.4345,0.613859372644374
6.45,0.614189192904396
6.4655,0.614517783843333
6.481,0.614845152321374
6.4965,0.615171305147756
6.512,0.615496249081239
6.5275,0.615819990830576
6.543,0.616142537054968
6.5585,0.616463894364524
6.574,0.616784069320715
6.5895,0.617103068436815
6.605,0.617420898178349
6.6205,0.617737564963524
6.636,0.618053075163665
6.6515,0.618367435103641
6.667,0.618680651062286
6.6825,0.61899272927282
6.698,0.619303675923261
6.7135,0.619613497156835
6.729,0.619922199072377
6.7445,0.620229787724736
6.76,0.620536269125169
6.7755,0.62084164924173
6.791,0.621145933999664
6.8065,0.62144912928178
6.822,0.621751240928842
6.8375,0.622052274739934
6.853,0.622352236472837
6.8685,0.622651131844394
6.884,0.622948966530874
6.8995,0.623245746168328
6.915,0.623541476352952
6.9305,0.623836162641431
6.946,0.62412981055129
6.9615,0.624422425561239
6.977,0.624714013111514
6.9925,0.625004578604212
7.008,0.625294127403627
7.0235,0.625582664836579
7.039,0.62587019619274
7.0545,0.626156726724957
7.07,0.626442261649577
7.0855,0.626726806146754
7.101,0.627010365360773
7.1165,0.627292944400349
7.132,0.627574548338944
7.1475,0.627855182215065
7.163,0.628134851032565
7.1785,0.62841355976094
7.194,0.628691313335628
7.2095,0.628968116658292
7.225,0.629243974597117
7.2405,0.629518891987089
7.256,0.629792873630282
7.2715,0.630065924296134
7.287,0.630338048721725
7.3025,0.630609251612052
7.318,0.630879537640301
7.3335,0.63114891144811
7.349,0.631417377645842
7.3645,0.631684940812843
7.38,0.631951605497705
7.3955,0.63221737621852
7.411,0.632482257463142
7.4265,0.632746253689432
7.442,0.633009369325512
7.4575,0.633271608770015
7.473,0.633532976392325
7.4885,0.63379347653282
7.504,0.634053113503119
7.5195,0.634311891586311
7.535,0.634569815037196
7.5505,0.634826888082517
7.566,0.635083114921191
7.5815,0.635338499724537
7.597,0.635593046636502
7.6125,0.635846759773886
7.628,0.636099643226565
7.6435,0.636351701057707
7.659,0.636602937303995
7.6745,0.636853355975838
7.69,0.637102961057586
7.7055,0.637351756507742
7.721,0.63759974625917
7.7365,0.637846934219303
7.752,0.638093324270348
7.7675,0.638338920269489
7.783,0.63858372604909
7.7985,0.63882774541689
7.814,0.639070982156207
7.8295,0.639313440026127
7.845,0.639555122761701
7.8605,0.639796034074138
7.876,0.640036177650992
7.8915,0.640275557156351
7.907,0.640514176231023
7.9225,0.640752038492725
7.938,0.640989147536258
7.9535,0.641225506933696
7.969,0.641461120234557
7.9845,0.64169599096599
8,0.641930122632944
