"ResDensity","N_TraitValue"
1,0.000134502365285698
1.046,0.000140523742319125
1.092,0.000146530949716921
1.138,0.000152524037436749
1.184,0.000158503055201699
1.23,0.000164468052501668
1.276,0.000170419078594719
1.322,0.000176356182508445
1.368,0.000182279413041308
1.414,0.000188188818763979
1.46,0.000194084448020667
1.506,0.000199966348930435
1.552,0.00020583456938851
1.598,0.000211689157067584
1.644,0.000217530159419102
1.69,0.000223357623674548
1.736,0.000229171596846715
1.782,0.000234972125730971
1.828,0.000240759256906513
1.874,0.000246533036737615
1.92,0.000252293511374865
1.966,0.000258040726756399
2.012,0.000263774728609112
2.058,0.000269495562449885
2.104,0.000275203273586775
2.15,0.000280897907120222
2.196,0.000286579507944231
2.242,0.000292248120747554
2.288,0.000297903790014861
2.334,0.000303546560027904
2.38,0.000309176474866672
2.426,0.000314793578410541
2.472,0.00032039791433941
2.518,0.000325989526134836
2.564,0.00033156845708116
2.61,0.00033713475026662
2.656,0.000342688448584463
2.702,0.000348229594734046
2.748,0.000353758231221929
2.794,0.000359274400362966
2.84,0.00036477814428138
2.886,0.000370269504911836
2.932,0.000375748524000509
2.978,0.00038121524310614
3.024,0.000386669703601086
3.07,0.000392111946672364
3.116,0.000397542013322689
3.162,0.000402959944371503
3.208,0.000408365780455997
3.254,0.000413759562032129
3.3,0.00041914132937563
3.346,0.000424511122583009
3.392,0.000429868981572551
3.438,0.000435214946085298
3.484,0.000440549055686043
3.53,0.000445871349764295
3.576,0.000451181867535257
3.622,0.000456480648040783
3.668,0.000461767730150341
3.714,0.000467043152561955
3.76,0.000472306953803159
3.806,0.000477559172231927
3.852,0.000482799846037609
3.898,0.000488029013241854
3.944,0.000493246711699533
3.99,0.000498452979099649
4.036,0.000503647852966245
4.082,0.000508831370659307
4.128,0.000514003569375661
4.174,0.000519164486149856
4.22,0.000524314157855057
4.266,0.000529452621203917
4.312,0.000534579912749451
4.358,0.000539696068885903
4.404,0.000544801125849607
4.45,0.000549895119719843
4.496,0.000554978086419686
4.542,0.000560050061716852
4.588,0.000565111081224534
4.634,0.000570161180402239
4.68,0.000575200394556614
4.726,0.000580228758842271
4.772,0.000585246308262599
4.818,0.000590253077670585
4.864,0.000595249101769612
4.91,0.000600234415114267
4.956,0.000605209052111135
5.002,0.000610173047019593
5.048,0.00061512643395259
5.094,0.000620069246877438
5.14,0.00062500151961658
5.186,0.000629923285848366
5.232,0.000634834579107819
5.278,0.000639735432787396
5.324,0.000644625880137744
5.37,0.000649505954268453
5.416,0.000654375688148803
5.462,0.000659235114608508
5.508,0.00066408426633845
5.554,0.000668923175891417
5.6,0.000673751875682825
5.646,0.00067857039799145
5.692,0.00068337877496014
5.738,0.000688177038596533
5.784,0.000692965220773768
5.83,0.000697743353231187
5.876,0.000702511467575043
5.922,0.000707269595279188
5.968,0.000712017767685774
6.014,0.000716756016005936
6.06,0.000721484371320476
6.106,0.000726202864580546
6.152,0.000730911526608321
6.198,0.00073561038809767
6.244,0.000740299479614822
6.29,0.000744978831599032
6.336,0.000749648474363237
6.382,0.000754308438094712
6.428,0.000758958752855718
6.474,0.000763599448584152
6.52,0.000768230555094188
6.566,0.000772852102076913
6.612,0.000777464119100965
6.658,0.000782066635613164
6.704,0.000786659680939135
6.75,0.000791243284283932
6.796,0.000795817474732661
6.842,0.00080038228125109
6.888,0.000804937732686262
6.934,0.000809483857767105
6.98,0.000814020685105032
7.026,0.000818548243194545
7.072,0.00082306656041383
7.118,0.000827575665025349
7.164,0.000832075585176429
7.21,0.000836566348899851
7.256,0.000841047984114429
7.302,0.000845520518625588
7.348,0.000849983980125943
7.394,0.000854438396195866
7.44,0.000858883794304057
7.486,0.000863320201808108
7.532,0.000867747645955064
7.578,0.000872166153881979
7.624,0.000876575752616475
7.67,0.000880976469077288
7.716,0.000885368330074819
7.762,0.000889751362311678
7.808,0.000894125592383223
7.854,0.000898491046778103
7.9,0.000902847751878784
7.946,0.000907195733962091
7.992,0.000911535019199728
8.038,0.000915865633658808
8.084,0.00092018760330237
8.13,0.000924500953989906
8.176,0.000928805711477867
8.222,0.000933101901420182
8.268,0.000937389549368768
8.314,0.000941668680774032
8.36,0.000945939320985378
8.406,0.000950201495251708
8.452,0.000954455228721916
8.498,0.000958700546445386
8.544,0.000962937473372483
8.59,0.000967166034355042
8.636,0.000971386254146851
8.682,0.00097559815740414
8.728,0.000979801768686054
8.774,0.000983997112455136
8.82,0.000988184213077799
8.866,0.000992363094824797
8.912,0.000996533781871697
8.958,0.00100069629829934
9.004,0.00100485066809432
9.05,0.00100899691514941
9.096,0.00101313506326406
9.142,0.00101726513614483
9.188,0.00102138715740584
9.234,0.00102550115056926
9.28,0.00102960713906567
9.326,0.00103370514623461
9.372,0.00103779519532495
9.418,0.00104187730949535
9.464,0.00104595151181471
9.51,0.00105001782526258
9.556,0.00105407627272962
9.602,0.00105812687701799
9.648,0.00106216966084184
9.694,0.00106620464682767
9.74,0.00107023185751478
9.786,0.0010742513153557
9.832,0.00107826304271658
9.878,0.00108226706187764
9.924,0.00108626339503355
9.97,0.00109025206429386
10.016,0.00109423309168338
10.062,0.00109820649914264
10.108,0.00110217230852824
10.154,0.00110613054161326
10.2,0.0011100812200877
10.246,0.00111402436555882
10.292,0.00111795999955155
10.338,0.00112188814350892
10.384,0.0011258088187924
10.43,0.00112972204668232
10.476,0.00113362784837822
10.522,0.00113752624499927
10.568,0.00114141725758464
10.614,0.00114530090709387
10.66,0.00114917721440724
10.706,0.00115304620032617
10.752,0.00115690788557356
10.798,0.0011607622907942
10.844,0.00116460943655509
10.89,0.00116844934334584
10.936,0.00117228203157902
10.982,0.00117610752159055
11.028,0.00117992583363999
11.074,0.00118373698791099
11.12,0.00118754100451157
11.166,0.00119133790347451
11.212,0.00119512770475769
11.258,0.00119891042824446
11.304,0.00120268609374394
11.35,0.00120645472099143
11.396,0.00121021632964871
11.442,0.00121397093930438
11.488,0.00121771856947422
11.534,0.00122145923960154
11.58,0.00122519296905748
11.626,0.00122891977714135
11.672,0.001232639683081
11.718,0.0012363527060331
11.764,0.00124005886508353
11.81,0.00124375817924762
11.856,0.00124745066747058
11.902,0.00125113634862772
11.948,0.00125481524152486
11.994,0.00125848736489859
12.04,0.00126215273741662
12.086,0.00126581137767807
12.132,0.00126946330421381
12.178,0.00127310853548677
12.224,0.00127674708989224
12.27,0.00128037898575817
12.316,0.0012840042413455
12.362,0.00128762287484847
12.408,0.00129123490439488
12.454,0.00129484034804647
12.5,0.00129843922379913
12.546,0.00130203154958327
12.592,0.00130561734326409
12.638,0.00130919662264187
12.684,0.00131276940545228
12.73,0.00131633570936666
12.776,0.00131989555199234
12.822,0.00132344895087287
12.868,0.00132699592348837
12.914,0.0013305364872558
12.96,0.0013340706595292
13.006,0.00133759845760006
13.052,0.00134111989869751
13.098,0.00134463499998867
13.144,0.00134814377857889
13.19,0.00135164625151204
13.236,0.0013551424357708
13.282,0.00135863234827689
13.328,0.00136211600589141
13.374,0.00136559342541505
13.42,0.00136906462358838
13.466,0.00137252961709215
13.512,0.0013759884225475
13.558,0.00137944105651628
13.604,0.00138288753550129
13.65,0.00138632787594652
13.696,0.00138976209423745
13.742,0.00139319020670131
13.788,0.0013966122296073
13.834,0.00140002817916689
13.88,0.00140343807153404
13.926,0.00140684192280548
13.972,0.00141023974902096
14.018,0.00141363156616349
14.064,0.0014170173901596
14.11,0.0014203972368796
14.156,0.00142377112213779
14.202,0.00142713906169274
14.248,0.00143050107124755
14.294,0.00143385716645005
14.34,0.00143720736289306
14.386,0.00144055167611464
14.432,0.00144389012159834
14.478,0.0014472227147734
14.524,0.00145054947101503
14.57,0.00145387040564463
14.616,0.00145718553393001
14.662,0.00146049487108565
14.708,0.00146379843227292
14.754,0.0014670962326003
14.8,0.00147038828712363
14.846,0.00147367461084634
14.892,0.00147695521871967
14.938,0.00148023012564287
14.984,0.00148349934646348
15.03,0.00148676289597752
15.076,0.00149002078892971
15.122,0.00149327304001372
15.168,0.00149651966387234
15.214,0.00149976067509777
15.26,0.00150299608823178
15.306,0.00150622591776594
15.352,0.00150945017814187
15.398,0.00151266888375141
15.444,0.00151588204893687
15.49,0.0015190896879912
15.536,0.00152229181515825
15.582,0.00152548844463297
15.628,0.00152867959056159
15.674,0.00153186526704185
15.72,0.0015350454881232
15.766,0.00153822026780704
15.812,0.00154138962004688
15.858,0.00154455355874855
15.904,0.00154771209777043
15.95,0.00155086525092365
15.996,0.00155401303197225
16.042,0.00155715545463343
16.088,0.00156029253257772
16.134,0.0015634242794292
16.18,0.00156655070876568
16.226,0.00156967183411887
16.272,0.00157278766897466
16.318,0.00157589822677322
16.364,0.00157900352090924
16.41,0.00158210356473213
16.456,0.00158519837154618
16.502,0.00158828795461077
16.548,0.00159137232714058
16.594,0.00159445150230572
16.64,0.00159752549323196
16.686,0.00160059431300094
16.732,0.00160365797465029
16.778,0.00160671649117386
16.824,0.00160976987552189
16.87,0.00161281814060121
16.916,0.00161586129927538
16.962,0.00161889936436493
17.008,0.00162193234864749
17.054,0.00162496026485798
17.1,0.00162798312568881
17.146,0.00163100094379005
17.192,0.00163401373176957
17.238,0.00163702150219329
17.284,0.00164002426758526
17.33,0.00164302204042792
17.376,0.00164601483316222
17.422,0.00164900265818782
17.468,0.00165198552786323
17.514,0.00165496345450602
17.56,0.00165793645039297
17.606,0.00166090452776022
17.652,0.00166386769880348
17.698,0.00166682597567816
17.744,0.00166977937049954
17.79,0.00167272789534297
17.836,0.00167567156224399
17.882,0.00167861038319853
17.928,0.00168154437016303
17.974,0.00168447353505466
18.02,0.00168739788975143
18.066,0.00169031744609237
18.112,0.00169323221587771
18.158,0.00169614221086899
18.204,0.00169904744278927
18.25,0.00170194792332326
18.296,0.00170484366411748
18.342,0.00170773467678041
18.388,0.00171062097288266
18.434,0.00171350256395711
18.48,0.0017163794614991
18.526,0.0017192516769665
18.572,0.00172211922177997
18.618,0.00172498210732301
18.664,0.0017278403449422
18.71,0.00173069394594727
18.756,0.00173354292161132
18.802,0.0017363872831709
18.848,0.00173922704182623
18.894,0.00174206220874127
18.94,0.00174489279504395
18.986,0.00174771881182623
19.032,0.00175054027014431
19.078,0.00175335718101875
19.124,0.00175616955543461
19.17,0.00175897740434159
19.216,0.00176178073865419
19.262,0.00176457956925184
19.308,0.00176737390697903
19.354,0.00177016376264548
19.4,0.00177294914702624
19.446,0.00177573007086186
19.492,0.00177850654485852
19.538,0.00178127857968816
19.584,0.00178404618598862
19.63,0.00178680937436378
19.676,0.0017895681553837
19.722,0.00179232253958474
19.768,0.0017950725374697
19.814,0.00179781815950796
19.86,0.00180055941613561
19.906,0.00180329631775557
19.952,0.00180602887473775
19.998,0.00180875709741915
20.044,0.00181148099610401
20.09,0.00181420058106392
20.136,0.00181691586253798
20.182,0.0018196268507329
20.228,0.00182233355582314
20.274,0.00182503598795105
20.32,0.00182773415722695
20.366,0.00183042807372933
20.412,0.0018331177475049
20.458,0.00183580318856877
20.504,0.00183848440690455
20.55,0.00184116141246445
20.596,0.00184383421516948
20.642,0.00184650282490949
20.688,0.00184916725154332
20.734,0.00185182750489895
20.78,0.00185448359477358
20.826,0.00185713553093378
20.872,0.00185978332311557
20.918,0.0018624269810246
20.964,0.00186506651433622
21.01,0.00186770193269561
21.056,0.00187033324571791
21.102,0.0018729604629883
21.148,0.00187558359406219
21.194,0.00187820264846525
21.24,0.00188081763569358
21.286,0.00188342856521381
21.332,0.00188603544646321
21.378,0.00188863828884981
21.424,0.00189123710175252
21.47,0.00189383189452121
21.516,0.00189642267647686
21.562,0.00189900945691166
21.608,0.00190159224508911
21.654,0.00190417105024415
21.7,0.00190674588158325
21.746,0.00190931674828453
21.792,0.00191188365949787
21.838,0.001914446624345
21.884,0.00191700565191966
21.93,0.00191956075128763
21.976,0.0019221119314869
22.022,0.00192465920152776
22.068,0.0019272025703929
22.114,0.00192974204703749
22.16,0.00193227764038936
22.206,0.00193480935934901
22.252,0.00193733721278978
22.298,0.00193986120955795
22.344,0.0019423813584728
22.39,0.00194489766832676
22.436,0.00194741014788548
22.482,0.00194991880588795
22.528,0.0019524236510466
22.574,0.00195492469204739
22.62,0.00195742193754992
22.666,0.00195991539618752
22.712,0.00196240507656736
22.758,0.00196489098727056
22.804,0.00196737313685225
22.85,0.00196985153384172
22.896,0.00197232618674245
22.942,0.00197479710403229
22.988,0.00197726429416348
23.034,0.00197972776556281
23.08,0.00198218752663166
23.126,0.00198464358574613
23.172,0.00198709595125714
23.218,0.0019895446314905
23.264,0.001991989634747
23.31,0.00199443096930256
23.356,0.00199686864340824
23.402,0.0019993026652904
23.448,0.00200173304315077
23.494,0.00200415978516653
23.54,0.00200658289949041
23.586,0.00200900239425079
23.632,0.00201141827755179
23.678,0.00201383055747334
23.724,0.0020162392420713
23.77,0.00201864433937753
23.816,0.00202104585739997
23.862,0.00202344380412276
23.908,0.00202583818750631
23.954,0.00202822901548738
24,0.00203061629597919
