"ResDensity","N_TraitValue"
25,0.00651934018198408
26.95,0.00692361374339823
28.9,0.00731607043739812
30.85,0.00769722090934536
32.8,0.00806754680019237
34.75,0.00842750277694551
36.7,0.00877751839491157
38.65,0.00911799980776499
40.6,0.00944933133974936
42.55,0.00977187693280829
44.5,0.0100859814801018
46.45,0.0103919720561802
48.4,0.0106901590530397
50.35,0.0109808372303551
52.3,0.0112642866873595
54.25,0.0115407737631068
56.2,0.0118105518711996
58.15,0.0120738622744819
60.1,0.0123309348046729
62.05,0.0125819885314558
64,0.0128272323851139
65.95,0.0130668657364341
67.9,0.0133010789372614
69.85,0.013530053824783
71.8,0.0137539641923517
73.75,0.0139729762294089
75.7,0.0141872489328488
77.65,0.0143969344919631
79.6,0.0146021786489248
81.55,0.0148031210366055
83.5,0.0149998954953719
85.45,0.0151926303703716
87.4,0.0153814487906964
89.35,0.0155664689316979
91.3,0.0157478042616311
93.25,0.0159255637737067
95.2,0.0160998522045498
97.15,0.0162707702399851
99.1,0.0164384147089974
101.05,0.0166028787666535
103,0.0167642520667118
104.95,0.0169226209245894
106.9,0.0170780684713127
108.85,0.017230674799025
110.8,0.0173805170985883
112.75,0.0175276697897753
114.7,0.0176722046445134
116.65,0.0178141909036088
118.6,0.0179536953873498
120.55,0.0180907826003613
122.5,0.0182255148310547
124.45,0.018357952245997
126.4,0.0184881529794979
128.35,0.0186161732186965
130.3,0.0187420672844079
132.25,0.0188658877079758
134.2,0.0189876853043576
136.15,0.0191075092416571
138.1,0.0192254071073043
140.05,0.0193414249710687
142,0.0194556074450825
143.95,0.0195679977410374
145.9,0.019678637724709
147.85,0.0197875679679534
149.8,0.0198948277983122
151.75,0.0200004553463521
153.7,0.0201044875908604
155.65,0.0202069604020073
157.6,0.0203079085825822
159.55,0.0204073659074028
161.5,0.0205053651609908
163.45,0.0206019381736031
165.4,0.0206971158557006
167.35,0.020790928230934
169.3,0.0208834044677206
171.25,0.0209745729094802
173.2,0.021064461103599
175.15,0.0211530958291797
177.1,0.0212405031236409
179.05,0.0213267083082173
181,0.021411736012416
182.95,0.0214956101974768
184.9,0.0215783541788851
186.85,0.0216599906479793
188.8,0.0217405416926977
190.75,0.0218200288175027
192.7,0.0218984729625208
194.65,0.021975894521934
196.6,0.0220523133616569
198.55,0.0221277488363309
200.5,0.0222022198056672
202.45,0.0222757446501661
204.4,0.0223483412862419
206.35,0.0224200271807775
208.3,0.0224908193651359
210.25,0.0225607344486493
212.2,0.0226297886316118
214.15,0.0226979977177934
216.1,0.0227653771264981
218.05,0.0228319419041852
220,0.02289770673567
221.95,0.022962685954925
223.9,0.023026893555495
225.85,0.0230903432005438
227.8,0.0231530482325471
229.75,0.0232150216826465
231.7,0.0232762762796774
233.65,0.0233368244588848
235.6,0.0233966783703398
237.55,0.0234558498870672
239.5,0.0235143506128976
241.45,0.0235721918900535
243.4,0.0236293848064807
245.35,0.0236859402029336
247.3,0.0237418686798263
249.25,0.0237971806038557
251.2,0.0238518861144079
253.15,0.0239059951297542
255.1,0.023959517353046
257.05,0.0240124622781158
259,0.0240648391950908
260.95,0.0241166571958276
262.9,0.0241679251791737
264.85,0.0242186518560616
266.8,0.0242688457544434
268.75,0.02431851522407
270.7,0.024367668441122
272.65,0.0244163134126957
274.6,0.0244644579811524
276.55,0.0245121098283324
278.5,0.0245592764796417
280.45,0.0246059653080136
282.4,0.0246521835377509
284.35,0.0246979382482524
286.3,0.0247432363776277
288.25,0.0247880847262049
290.2,0.0248324899599335
292.15,0.0248764586136872
294.1,0.0249199970944706
296.05,0.0249631116845307
298,0.0250058085443794
299.95,0.0250480937157277
301.9,0.0250899731243357
303.85,0.0251314525827809
305.8,0.0251725377931478
307.75,0.0252132343496408
309.7,0.0252535477411234
311.65,0.0252934833535865
313.6,0.0253330464725467
315.55,0.0253722422853786
317.5,0.0254110758835822
319.45,0.0254495522649875
321.4,0.025487676335899
323.35,0.025525452913181
325.3,0.0255628867262867
327.25,0.0255999824192317
329.2,0.0256367445525151
331.15,0.0256731776049881
333.1,0.0257092859756732
335.05,0.0257450739855349
337,0.0257805458792034
338.95,0.0258157058266527
340.9,0.025850557924835
342.85,0.025885106199272
344.8,0.0259193546056047
346.75,0.0259533070311036
348.7,0.0259869672961394
350.65,0.0260203391556155
352.6,0.0260534263003652
354.55,0.0260862323585119
356.5,0.0261187608967953
358.45,0.0261510154218645
360.4,0.0261829993815376
362.35,0.0262147161660308
364.3,0.0262461691091562
366.25,0.0262773614894898
368.2,0.0263082965315108
370.15,0.026338977406713
372.1,0.0263694072346883
374.05,0.0263995890841845
376,0.0264295259741364
377.95,0.0264592208746733
379.9,0.0264886767081003
381.85,0.0265178963498577
383.8,0.0265468826294566
385.75,0.0265756383313918
387.7,0.0266041661960344
389.65,0.0266324689205012
391.6,0.026660549159506
393.55,0.0266884095261884
395.5,0.0267160525929256
397.45,0.0267434808921232
399.4,0.0267706969169893
401.35,0.0267977031222894
403.3,0.026824501925085
405.25,0.0268510957054542
407.2,0.0268774868071967
409.15,0.0269036775385225
411.1,0.0269296701727246
413.05,0.0269554669488366
415,0.0269810700722762
416.95,0.0270064817154733
418.9,0.0270317040184846
420.85,0.0270567390895943
422.8,0.0270815890059017
424.75,0.0271062558138958
426.7,0.0271307415300164
428.65,0.0271550481412047
430.6,0.0271791776054397
432.55,0.0272031318522649
434.5,0.0272269127833018
436.45,0.0272505222727539
438.4,0.0272739621678984
440.35,0.0272972342895685
442.3,0.0273203404326249
444.25,0.0273432823664169
446.2,0.0273660618352341
448.15,0.0273886805587491
450.1,0.0274111402324494
452.05,0.0274334425280616
454,0.027455589093966
455.95,0.0274775815556028
457.9,0.0274994215158699
459.85,0.0275211105555119
461.8,0.0275426502335021
463.75,0.0275640420874156
465.7,0.0275852876337952
467.65,0.02760638836851
469.6,0.0276273457671065
471.55,0.0276481612851523
473.5,0.0276688363585732
475.45,0.0276893724039836
477.4,0.0277097708190099
479.35,0.0277300329826073
481.3,0.0277501602553711
483.25,0.0277701539798411
485.2,0.0277900154807996
487.15,0.0278097460655647
489.1,0.0278293470242768
491.05,0.0278488196301798
493,0.027868165139897
494.95,0.0278873847937012
496.9,0.0279064798157797
498.85,0.0279254514144948
500.8,0.0279443007826379
502.75,0.0279630290976801
504.7,0.0279816375220169
506.65,0.0280001272032094
508.6,0.0280184992742193
510.55,0.028036754853641
512.5,0.0280548950459285
514.45,0.0280729209416179
516.4,0.0280908336175461
518.35,0.0281086341370653
520.3,0.0281263235502533
522.25,0.0281439028941201
524.2,0.0281613731928104
526.15,0.0281787354578027
528.1,0.0281959906881043
530.05,0.028213139870443
532,0.0282301839794554
533.95,0.028247123977871
535.9,0.0282639608166943
537.85,0.0282806954353818
539.8,0.0282973287620175
541.75,0.0283138617134842
543.7,0.0283302951956318
545.65,0.0283466301034432
547.6,0.0283628673211963
549.55,0.0283790077226239
551.5,0.0283950521710701
553.45,0.0284110015196448
555.4,0.0284268566113741
557.35,0.0284426182793496
559.3,0.028458287346874
561.25,0.0284738646276043
563.2,0.0284893509256929
565.15,0.0285047470359259
567.1,0.028520053743859
569.05,0.0285352718259513
571,0.0285504020496962
572.95,0.0285654451737509
574.9,0.0285804019480629
576.85,0.0285952731139948
578.8,0.0286100594044467
580.75,0.0286247615439765
582.7,0.0286393802489185
584.65,0.0286539162274995
586.6,0.0286683701799536
588.55,0.0286827427986338
590.5,0.0286970347681236
592.45,0.0287112467653449
594.4,0.0287253794596652
596.35,0.0287394335130027
598.3,0.0287534095799295
600.25,0.0287673083077734
602.2,0.0287811303367178
604.15,0.0287948762998997
606.1,0.028808546823507
608.05,0.0288221425268729
610,0.02883566402257
611.95,0.0288491119165017
613.9,0.0288624868079934
615.85,0.0288757892898811
617.8,0.028889019948599
619.75,0.0289021793642657
621.7,0.0289152681107694
623.65,0.0289282867558505
625.6,0.0289412358611846
627.55,0.0289541159824625
629.5,0.0289669276694703
631.45,0.0289796714661672
633.4,0.0289923479107627
635.35,0.0290049575357925
637.3,0.0290175008681925
639.25,0.029029978429373
641.2,0.0290423907352903
643.15,0.0290547382965182
645.1,0.0290670216183179
647.05,0.0290792412007067
649,0.0290913975385262
650.95,0.0291034911215089
652.9,0.0291155224343441
654.85,0.0291274919567425
656.8,0.0291394001635
658.75,0.0291512475245604
660.7,0.0291630345050776
662.65,0.029174761565476
664.6,0.0291864291615107
666.55,0.0291980377443265
668.5,0.029209587760516
670.45,0.029221079652177
672.4,0.0292325138569688
674.35,0.0292438908081678
676.3,0.0292552109347221
678.25,0.0292664746613056
680.2,0.0292776824083712
682.15,0.0292888345922027
684.1,0.0292999316249666
686.05,0.0293109739147631
688,0.0293219618656757
689.95,0.0293328958778207
691.9,0.0293437763473958
693.85,0.0293546036667279
695.8,0.0293653782243203
697.75,0.029376100404899
699.7,0.0293867705894589
701.65,0.0293973891553083
703.6,0.0294079564761141
705.55,0.0294184729219449
707.5,0.0294289388593149
709.45,0.0294393546512258
711.4,0.0294497206572094
713.35,0.0294600372333686
715.3,0.0294703047324182
717.25,0.0294805235037251
719.2,0.0294906938933481
721.15,0.0295008162440769
723.1,0.0295108908954704
725.05,0.0295209181838949
727,0.0295308984425614
728.95,0.0295408320015628
730.9,0.0295507191879098
732.85,0.0295605603255671
734.8,0.029570355735489
736.75,0.0295801057356536
738.7,0.029589810641098
740.65,0.0295994707639517
742.6,0.0296090864134702
744.55,0.0296186578960682
746.5,0.0296281855153519
748.45,0.029637669572151
750.4,0.0296471103645509
752.35,0.0296565081879233
754.3,0.0296658633349573
756.25,0.02967517609569
758.2,0.029684446757536
760.15,0.0296936756053172
762.1,0.0297028629212922
764.05,0.0297120089851847
766,0.0297211140742121
767.95,0.0297301784631133
769.9,0.0297392024241767
771.85,0.0297481862272672
773.8,0.029757130139853
775.75,0.0297660344270325
777.7,0.0297748993515602
779.65,0.0297837251738727
781.6,0.029792512152114
783.55,0.0298012605421609
785.5,0.0298099705976478
787.45,0.029818642569991
789.4,0.0298272767084133
791.35,0.0298358732599674
793.3,0.0298444324695598
795.25,0.0298529545799739
797.2,0.029861439831893
799.15,0.029869888463923
801.1,0.0298783007126147
803.05,0.0298866768124859
805,0.0298950169960432
806.95,0.0299033214938036
808.9,0.0299115905343155
810.85,0.0299198243441799
812.8,0.029928023148071
814.75,0.0299361871687566
816.7,0.0299443166271185
818.65,0.029952411742172
820.6,0.0299604727310861
822.55,0.0299684998092023
824.5,0.0299764931900544
826.45,0.0299844530853871
828.4,0.0299923797051746
830.35,0.0300002732576393
832.3,0.03000813394927
834.25,0.0300159619848397
836.2,0.0300237575674237
838.15,0.0300315208984169
840.1,0.0300392521775512
842.05,0.0300469516029127
844,0.0300546193709586
845.95,0.0300622556765339
847.9,0.0300698607128878
849.85,0.0300774346716902
851.8,0.0300849777430477
853.75,0.0300924901155193
855.7,0.0300999719761327
857.65,0.0301074235103991
859.6,0.030114844902329
861.55,0.0301222363344471
863.5,0.0301295979878077
865.45,0.0301369300420088
867.4,0.0301442326752072
869.35,0.0301515060641328
871.3,0.030158750384103
873.25,0.0301659658090365
875.2,0.0301731525114672
877.15,0.0301803106625584
879.1,0.0301874404321161
881.05,0.0301945419886021
883,0.0302016154991479
884.95,0.0302086611295675
886.9,0.0302156790443702
888.85,0.0302226694067737
890.8,0.0302296323787165
892.75,0.0302365681208708
894.7,0.0302434767926541
896.65,0.0302503585522425
898.6,0.0302572135565817
900.55,0.0302640419613995
902.5,0.0302708439212178
904.45,0.0302776195893635
906.4,0.0302843691179808
908.35,0.0302910926580421
910.3,0.0302977903593595
912.25,0.0303044623705959
914.2,0.0303111088392757
916.15,0.0303177299117962
918.1,0.0303243257334378
920.05,0.0303308964483752
922,0.0303374421996874
923.95,0.0303439631293683
925.9,0.0303504593783369
927.85,0.0303569310864476
929.8,0.0303633783925001
931.75,0.0303698014342494
933.7,0.0303762003484155
935.65,0.0303825752706932
937.6,0.0303889263357617
939.55,0.0303952536772941
941.5,0.0304015574279665
943.45,0.0304078377194677
945.4,0.0304140946825081
947.35,0.0304203284468289
949.3,0.0304265391412109
951.25,0.0304327268934836
953.2,0.0304388918305338
955.15,0.0304450340783143
957.1,0.0304511537618525
959.05,0.0304572510052588
961,0.0304633259317352
962.95,0.0304693786635834
964.9,0.0304754093222132
966.85,0.0304814180281502
968.8,0.0304874049010445
970.75,0.030493370059678
972.7,0.0304993136219725
974.65,0.0305052357049977
976.6,0.0305111364249785
978.55,0.0305170158973029
980.5,0.0305228742365293
982.45,0.0305287115563941
984.4,0.030534527969819
986.35,0.0305403235889183
988.3,0.030546098525006
990.25,0.0305518528886031
992.2,0.0305575867894446
994.15,0.0305633003364863
996.1,0.030568993637912
998.05,0.03057466680114
1000,0.0305803199328303
