"ResDensity","N_TraitValue"
25,0.461873869578086
28.15,0.479325865504132
31.3,0.494242026170029
34.45,0.507137615210462
37.6,0.518397154342104
40.75,0.52831341751627
43.9,0.537113254558578
47.05,0.544975157540514
50.2,0.552041494392407
53.35,0.558427207521935
56.5,0.56422611439015
59.65,0.569515547440801
62.8,0.574359822542232
65.95,0.578812867080356
69.1,0.582920236020269
72.25,0.586720676008715
75.4,0.590247351466381
78.55,0.593528814927254
81.7,0.596589781773291
84.85,0.599451753871606
88,0.602133525412008
91.15,0.604651596112453
94.3,0.607020510996853
97.45,0.609253141530352
100.6,0.611360919589909
103.75,0.613354033250466
106.9,0.615241591464564
110.05,0.617031763252587
113.2,0.618731895890707
116.35,0.620348615703034
119.5,0.621887914373618
122.65,0.623355223148541
125.8,0.624755476865045
128.95,0.626093169398493
132.1,0.627372401839864
135.25,0.628596924491937
138.4,0.629770173590044
141.55,0.630895303504669
144.7,0.631975215061438
147.85,0.633012580513868
151,0.634009865621533
154.15,0.634969349217644
157.3,0.635893140592923
160.45,0.636783194974893
163.6,0.637641327341664
166.75,0.638469224775596
169.9,0.639268457533783
173.05,0.640040488988211
176.2,0.640786684567977
179.35,0.641508319818536
182.5,0.642206587678044
185.65,0.642882605058115
188.8,0.643537418805347
191.95,0.644172011110555
195.1,0.644787304424491
198.25,0.645384165931799
201.4,0.645963411628832
204.55,0.646525810045662
207.7,0.647072085647984
210.85,0.64760292195058
214,0.648118964370468
217.15,0.648620822844794
220.3,0.649109074235778
223.45,0.649584264542664
226.6,0.650046910938491
229.75,0.650497503647678
232.9,0.650936507678728
236.05,0.651364364424957
239.2,0.651781493144796
242.35,0.652188292332133
245.5,0.652585140986097
248.65,0.65297239978878
251.8,0.653350412198606
254.95,0.653719505466309
258.1,0.654079991579825
261.25,0.654432168143851
264.4,0.654776319199268
267.55,0.655112715987177
270.7,0.655441617661864
273.85,0.655763271956635
277,0.656077915806118
280.15,0.656385775928311
283.3,0.656687069369385
286.45,0.656982004013996
289.6,0.657270779063618
292.75,0.657553585485222
295.9,0.65783060643242
299.05,0.658102017641015
302.2,0.658367987800768
305.35,0.658628678905035
308.5,0.658884246579775
311.65,0.659134840393357
314.8,0.659380604148456
317.95,0.659621676157223
321.1,0.659858189500852
324.25,0.660090272274555
327.4,0.660318047818901
330.55,0.66054163493839
333.7,0.660761148108083
336.85,0.660976697669033
340,0.661188390013231
343.15,0.66139632775871
346.3,0.661600609915408
349.45,0.661801332042366
352.6,0.661998586396779
355.75,0.662192462075381
358.9,0.662383045148631
362.05,0.662570418788127
365.2,0.662754663387619
368.35,0.662935856678029
371.5,0.663114073836787
374.65,0.663289387591838
377.8,0.663461868320595
380.95,0.66363158414414
384.1,0.663798601016926
387.25,0.66396298281224
390.4,0.664124791403645
393.55,0.664284086742634
396.7,0.664440926932685
399.85,0.664595368299929
403,0.66474746546059
406.15,0.664897271385383
409.3,0.66504483746102
412.45,0.665190213548982
415.6,0.665333448041691
418.75,0.665474587916215
421.9,0.665613678785637
425.05,0.665750764948207
428.2,0.665885889434373
431.35,0.66601909405182
434.5,0.666150419428591
437.65,0.666279905054406
440.8,0.666407589320248
443.95,0.666533509556316
447.1,0.666657702068409
450.25,0.666780202172826
453.4,0.666901044229851
456.55,0.667020261675879
459.7,0.66713788705427
462.85,0.667253952044955
466,0.66736848749289
469.15,0.667481523435385
472.3,0.667593089128361
475.45,0.667703213071598
478.6,0.667811923033008
481.75,0.667919246071976
484.9,0.668025208561816
488.05,0.668129836211376
491.2,0.668233154085837
494.35,0.668335186626729
497.5,0.668435957671205
500.65,0.668535490470614
503.8,0.668633807708381
506.95,0.668730931517243
510.1,0.668826883495861
513.25,0.66892168472483
516.4,0.669015355782121
519.55,0.669107916757973
522.7,0.669199387269258
525.85,0.669289786473338
529,0.669379133081445
532.15,0.669467445371592
535.3,0.669554741201037
538.45,0.66964103801832
541.6,0.669726352874894
544.75,0.669810702436354
547.9,0.669894102993289
551.05,0.669976570471775
554.2,0.67005812044351
557.35,0.670138768135616
560.5,0.670218528440121
563.65,0.670297415923124
566.8,0.670375444833663
569.95,0.670452629112296
573.1,0.670528982399404
576.25,0.670604518043225
579.4,0.670679249107639
582.55,0.670753188379693
585.7,0.6708263483769
588.85,0.670898741354303
592,0.670970379311316
595.15,0.671041273998359
598.3,0.671111436923278
601.45,0.671180879357577
604.6,0.671249612342451
607.75,0.671317646694639
610.9,0.671384993012102
614.05,0.671451661679522
617.2,0.671517662873644
620.35,0.671583006568451
623.5,0.671647702540192
626.65,0.671711760372257
629.8,0.671775189459907
632.95,0.671837999014871
636.1,0.671900198069807
639.25,0.671961795482625
642.4,0.672022799940701
645.55,0.672083219964957
648.7,0.672143063913829
651.85,0.672202339987121
655,0.672261056229754
658.15,0.6723192205354
661.3,0.672376840650027
664.45,0.672433924175331
667.6,0.672490478572081
670.75,0.672546511163375
673.9,0.672602029137794
677.05,0.672657039552478
680.2,0.672711549336121
683.35,0.672765565291874
686.5,0.67281909410018
689.65,0.672872142321527
692.8,0.672924716399126
695.95,0.672976822661525
699.1,0.673028467325142
702.25,0.673079656496742
705.4,0.673130396175845
708.55,0.673180692257065
711.7,0.673230550532397
714.85,0.673279976693439
718,0.673328976333559
721.15,0.673377554950003
724.3,0.673425717945954
727.45,0.673473470632531
730.6,0.673520818230747
733.75,0.673567765873406
736.9,0.673614318606964
740.05,0.673660481393331
743.2,0.67370625911164
746.35,0.673751656559961
749.5,0.67379667845698
752.65,0.673841329443636
755.8,0.673885614084711
758.95,0.673929536870389
762.1,0.673973102217773
765.25,0.674016314472365
768.4,0.674059177909513
771.55,0.674101696735819
774.7,0.674143875090514
777.85,0.674185717046807
781,0.674227226613188
784.15,0.674268407734716
787.3,0.674309264294263
790.45,0.674349800113739
793.6,0.67439001895528
796.75,0.674429924522414
799.9,0.674469520461199
803.05,0.674508810361328
806.2,0.674547797757223
809.35,0.674586486129085
812.5,0.674624878903937
815.65,0.674662979456634
818.8,0.674700791110848
821.95,0.674738317140039
825.1,0.674775560768401
828.25,0.674812525171778
831.4,0.674849213478576
834.55,0.674885628770639
837.7,0.674921774084115
840.85,0.674957652410297
844,0.674993266696453
847.15,0.675028619846628
850.3,0.675063714722439
853.45,0.675098554143839
856.6,0.67513314088988
859.75,0.67516747769945
862.9,0.675201567271993
866.05,0.67523541226822
869.2,0.675269015310799
872.35,0.675302378985034
875.5,0.675335505839525
878.65,0.675368398386824
881.8,0.675401059104061
884.95,0.675433490433573
888.1,0.67546569478351
891.25,0.67549767452843
894.4,0.675529432009886
897.55,0.675560969536993
900.7,0.675592289386993
903.85,0.675623393805798
907,0.675654285008531
910.15,0.67568496518005
913.3,0.67571543647546
916.45,0.675745701020626
919.6,0.675775760912658
922.75,0.675805618220402
925.9,0.675835274984911
929.05,0.675864733219912
932.2,0.675893994912262
935.35,0.675923062022392
938.5,0.675951936484748
941.65,0.675980620208218
944.8,0.676009115076555
947.95,0.676037422948787
951.1,0.676065545659623
954.25,0.676093485019846
957.4,0.676121242816708
960.55,0.676148820814306
963.7,0.676176220753956
966.85,0.676203444354561
970,0.676230493312971
973.15,0.676257369304336
976.3,0.676284073982446
979.45,0.67631060898008
982.6,0.676336975909329
985.75,0.676363176361931
988.9,0.676389211909584
992.05,0.676415084104265
995.2,0.676440794478538
998.35,0.676466344545853
1001.5,0.676491735800849
1004.65,0.676516969719639
1007.8,0.6765420477601
1010.95,0.676566971362154
1014.1,0.676591741948041
1017.25,0.676616360922592
1020.4,0.676640829673493
1023.55,0.676665149571548
1026.7,0.67668932197093
1029.85,0.676713348209438
1033,0.676737229608741
1036.15,0.676760967474622
1039.3,0.676784563097213
1042.45,0.676808017751232
1045.6,0.676831332696209
1048.75,0.676854509176717
1051.9,0.676877548422587
1055.05,0.676900451649131
1058.2,0.676923220057351
1061.35,0.676945854834152
1064.5,0.676968357152549
1067.65,0.676990728171866
1070.8,0.677012969037939
1073.95,0.677035080883309
1077.1,0.677057064827415
1080.25,0.677078921976783
1083.4,0.677100653425213
1086.55,0.677122260253957
1089.7,0.677143743531906
1092.85,0.677165104315757
1096,0.677186343650195
1099.15,0.677207462568057
1102.3,0.677228462090502
1105.45,0.677249343227176
1108.6,0.677270106976374
1111.75,0.677290754325195
1114.9,0.677311286249705
1118.05,0.677331703715087
1121.2,0.67735200767579
1124.35,0.677372199075684
1127.5,0.6773922788482
1130.65,0.677412247916479
1133.8,0.677432107193509
1136.95,0.677451857582267
1140.1,0.677471499975855
1143.25,0.677491035257635
1146.4,0.67751046430136
1149.55,0.677529787971307
1152.7,0.677549007122401
1155.85,0.677568122600347
1159,0.677587135241749
1162.15,0.677606045874231
1165.3,0.677624855316565
1168.45,0.677643564378781
1171.6,0.677662173862285
1174.75,0.677680684559977
1177.9,0.677699097256362
1181.05,0.677717412727657
1184.2,0.677735631741905
1187.35,0.677753755059081
1190.5,0.677771783431196
1193.65,0.677789717602404
1196.8,0.677807558309101
1199.95,0.677825306280028
1203.1,0.67784296223637
1206.25,0.677860526891853
1209.4,0.67787800095284
1212.55,0.677895385118427
1215.7,0.677912680080536
1218.85,0.677929886524005
1222,0.67794700512668
1225.15,0.677964036559504
1228.3,0.677980981486604
1231.45,0.677997840565378
1234.6,0.678014614446579
1237.75,0.6780313037744
1240.9,0.678047909186556
1244.05,0.678064431314364
1247.2,0.678080870782827
1250.35,0.678097228210705
1253.5,0.678113504210602
1256.65,0.678129699389036
1259.8,0.678145814346517
1262.95,0.67816184967762
1266.1,0.678177805971059
1269.25,0.678193683809759
1272.4,0.678209483770926
1275.55,0.678225206426118
1278.7,0.678240852341316
1281.85,0.678256422076985
1285,0.678271916188149
1288.15,0.678287335224451
1291.3,0.678302679730224
1294.45,0.678317950244547
1297.6,0.678333147301315
1300.75,0.678348271429299
1303.9,0.678363323152206
1307.05,0.678378302988742
1310.2,0.67839321145267
1313.35,0.678408049052866
1316.5,0.678422816293384
1319.65,0.678437513673507
1322.8,0.678452141687804
1325.95,0.678466700826189
1329.1,0.678481191573972
1332.25,0.678495614411913
1335.4,0.67850996981628
1338.55,0.678524258258895
1341.7,0.678538480207188
1344.85,0.678552636124251
1348,0.678566726468883
1351.15,0.678580751695646
1354.3,0.678594712254908
1357.45,0.678608608592892
1360.6,0.678622441151727
1363.75,0.678636210369493
1366.9,0.678649916680266
1370.05,0.678663560514165
1373.2,0.678677142297398
1376.35,0.678690662452304
1379.5,0.678704121397397
1382.65,0.678717519547412
1385.8,0.678730857313344
1388.95,0.678744135102493
1392.1,0.678757353318503
1395.25,0.678770512361406
1398.4,0.678783612627657
1401.55,0.678796654510181
1404.7,0.678809638398407
1407.85,0.678822564678306
1411,0.678835433732436
1414.15,0.678848245939972
1417.3,0.678861001676746
1420.45,0.678873701315288
1423.6,0.678886345224855
1426.75,0.678898933771472
1429.9,0.678911467317965
1433.05,0.678923946223996
1436.2,0.678936370846099
1439.35,0.678948741537712
1442.5,0.678961058649212
1445.65,0.678973322527948
1448.8,0.678985533518271
1451.95,0.67899769196157
1455.1,0.679009798196302
1458.25,0.679021852558024
1461.4,0.679033855379421
1464.55,0.679045806990343
1467.7,0.679057707717827
1470.85,0.679069557886136
1474,0.679081357816781
1477.15,0.679093107828551
1480.3,0.679104808237548
1483.45,0.679116459357206
1486.6,0.679128061498327
1489.75,0.679139614969104
1492.9,0.679151120075151
1496.05,0.679162577119527
1499.2,0.679173986402765
1502.35,0.679185348222897
1505.5,0.679196662875483
1508.65,0.679207930653631
1511.8,0.679219151848026
1514.95,0.679230326746955
1518.1,0.679241455636333
1521.25,0.679252538799722
1524.4,0.67926357651836
1527.55,0.679274569071184
1530.7,0.679285516734854
1533.85,0.679296419783771
1537,0.679307278490108
1540.15,0.679318093123827
1543.3,0.679328863952704
1546.45,0.679339591242348
1549.6,0.679350275256226
1552.75,0.679360916255686
1555.9,0.679371514499972
1559.05,0.679382070246251
1562.2,0.679392583749632
1565.35,0.679403055263185
1568.5,0.679413485037962
1571.65,0.679423873323021
1574.8,0.679434220365438
1577.95,0.679444526410335
1581.1,0.679454791700892
1584.25,0.679465016478372
1587.4,0.679475200982136
1590.55,0.679485345449664
1593.7,0.679495450116573
1596.85,0.679505515216632
1600,0.679515540981787
