"ResDensity","N_TraitValue"
1,6.8449188428632e-06
1.022,6.9856842650357e-06
1.044,7.12605492791932e-06
1.066,7.26603248976958e-06
1.088,7.40561859956725e-06
1.11,7.54481489708315e-06
1.132,7.68362301294229e-06
1.154,7.8220445686876e-06
1.176,7.96008117684304e-06
1.198,8.09773444097624e-06
1.22,8.23500595576059e-06
1.242,8.3718973070368e-06
1.264,8.508410071874e-06
1.286,8.64454581863027e-06
1.308,8.78030610701273e-06
1.33,8.91569248813711e-06
1.352,9.05070650458676e-06
1.374,9.18534969047135e-06
1.396,9.31962357148487e-06
1.418,9.45352966496331e-06
1.44,9.58706947994181e-06
1.462,9.72024451721133e-06
1.484,9.8530562693749e-06
1.506,9.98550622090335e-06
1.528,1.01175958481907e-05
1.55,1.02493266196087e-05
1.572,1.0380699995562e-05
1.594,1.0511717428541e-05
1.616,1.06423803631765e-05
1.638,1.07726902362921e-05
1.66,1.09026484769568e-05
1.682,1.1032256506538e-05
1.704,1.11615157387524e-05
1.726,1.1290427579718e-05
1.748,1.14189934280049e-05
1.77,1.15472146746859e-05
1.792,1.16750927033865e-05
1.814,1.1802628890335e-05
1.836,1.19298246044116e-05
1.858,1.20566812071976e-05
1.88,1.21832000530236e-05
1.902,1.23093824890182e-05
1.924,1.24352298551554e-05
1.946,1.25607434843022e-05
1.968,1.26859247022659e-05
1.99,1.28107748278402e-05
2.012,1.29352951728521e-05
2.034,1.30594870422073e-05
2.056,1.31833517339364e-05
2.078,1.33068905392396e-05
2.1,1.34301047425318e-05
2.122,1.35529956214871e-05
2.144,1.3675564447083e-05
2.166,1.3797812483644e-05
2.188,1.39197409888853e-05
2.21,1.40413512139559e-05
2.232,1.41626444034813e-05
2.254,1.42836217956062e-05
2.276,1.44042846220361e-05
2.298,1.45246341080797e-05
2.32,1.46446714726902e-05
2.342,1.47643979285061e-05
2.364,1.48838146818926e-05
2.386,1.50029229329815e-05
2.408,1.51217238757121e-05
2.43,1.52402186978705e-05
2.452,1.53584085811295e-05
2.474,1.54762947010878e-05
2.496,1.55938782273089e-05
2.518,1.57111603233598e-05
2.54,1.58281421468497e-05
2.562,1.59448248494676e-05
2.584,1.60612095770204e-05
2.606,1.61772974694702e-05
2.628,1.62930896609718e-05
2.65,1.64085872799093e-05
2.672,1.65237914489332e-05
2.694,1.66387032849962e-05
2.716,1.67533238993898e-05
2.738,1.68676543977798e-05
2.76,1.69816958802421e-05
2.782,1.70954494412978e-05
2.804,1.72089161699482e-05
2.826,1.73220971497098e-05
2.848,1.74349934586485e-05
2.87,1.75476061694139e-05
2.892,1.76599363492734e-05
2.914,1.77719850601459e-05
2.936,1.7883753358635e-05
2.958,1.79952422960627e-05
2.98,1.81064529185017e-05
3.002,1.82173862668087e-05
3.024,1.83280433766568e-05
3.046,1.84384252785674e-05
3.068,1.85485329979424e-05
3.09,1.86583675550959e-05
3.112,1.87679299652859e-05
3.134,1.88772212387454e-05
3.156,1.89862423807133e-05
3.178,1.90949943914656e-05
3.2,1.92034782663458e-05
3.222,1.93116949957951e-05
3.244,1.94196455653828e-05
3.266,1.95273309558362e-05
3.288,1.96347521430701e-05
3.31,1.97419100982165e-05
3.332,1.98488057876536e-05
3.354,1.99554401730353e-05
3.376,2.00618142113195e-05
3.398,2.01679288547971e-05
3.42,2.02737850511204e-05
3.442,2.0379383743331e-05
3.464,2.04847258698881e-05
3.486,2.05898123646963e-05
3.508,2.06946441571331e-05
3.53,2.07992221720761e-05
3.552,2.09035473299307e-05
3.574,2.10076205466567e-05
3.596,2.11114427337952e-05
3.618,2.12150147984953e-05
3.64,2.13183376435403e-05
3.662,2.14214121673743e-05
3.684,2.15242392641279e-05
3.706,2.16268198236441e-05
3.728,2.17291547315043e-05
3.75,2.18312448690534e-05
3.772,2.19330911134251e-05
3.794,2.20346943375674e-05
3.816,2.21360554102671e-05
3.838,2.22371751961749e-05
3.86,2.23380545558298e-05
3.882,2.24386943456835e-05
3.904,2.25390954181249e-05
3.926,2.26392586215036e-05
3.948,2.27391848001545e-05
3.97,2.2838874794421e-05
3.992,2.29383294406787e-05
4.014,2.30375495713591e-05
4.036,2.31365360149722e-05
4.058,2.32352895961302e-05
4.08,2.33338111355699e-05
4.102,2.34321014501757e-05
4.124,2.35301613530022e-05
4.146,2.36279916532964e-05
4.168,2.37255931565204e-05
4.19,2.38229666643729e-05
4.212,2.39201129748116e-05
4.234,2.40170328820749e-05
4.256,2.41137271767032e-05
4.278,2.42101966455612e-05
4.3,2.43064420718584e-05
4.322,2.44024642351707e-05
4.344,2.44982639114614e-05
4.366,2.4593841873102e-05
4.388,2.46891988888933e-05
4.41,2.47843357240855e-05
4.432,2.4879253140399e-05
4.454,2.49739518960448e-05
4.476,2.50684327457443e-05
4.498,2.51626964407497e-05
4.52,2.5256743728864e-05
4.542,2.53505753544603e-05
4.564,2.54441920585018e-05
4.586,2.55375945785614e-05
4.608,2.56307836488407e-05
4.63,2.57237600001895e-05
4.652,2.58165243601248e-05
4.674,2.590907745285e-05
4.696,2.60014199992732e-05
4.718,2.60935527170267e-05
4.74,2.61854763204849e-05
4.762,2.62771915207831e-05
4.784,2.63686990258358e-05
4.806,2.64599995403548e-05
4.828,2.65510937658675e-05
4.85,2.66419824007347e-05
4.872,2.67326661401684e-05
4.894,2.68231456762498e-05
4.916,2.69134216979466e-05
4.938,2.70034948911305e-05
4.96,2.7093365938595e-05
4.982,2.7183035520072e-05
5.004,2.72725043122494e-05
5.026,2.73617729887881e-05
5.048,2.74508422203386e-05
5.07,2.75397126745582e-05
5.092,2.76283850161274e-05
5.114,2.77168599067664e-05
5.136,2.78051380052518e-05
5.158,2.78932199674331e-05
5.18,2.79811064462483e-05
5.202,2.80687980917408e-05
5.224,2.81562955510748e-05
5.246,2.82435994685515e-05
5.268,2.83307104856251e-05
5.29,2.84176292409181e-05
5.312,2.85043563702372e-05
5.334,2.85908925065888e-05
5.356,2.86772382801942e-05
5.378,2.87633943185049e-05
5.4,2.88493612462182e-05
5.422,2.89351396852919e-05
5.444,2.90207302549592e-05
5.466,2.91061335717442e-05
5.488,2.91913502494761e-05
5.51,2.9276380899304e-05
5.532,2.93612261297119e-05
5.554,2.94458865465327e-05
5.576,2.95303627529631e-05
5.598,2.96146553495775e-05
5.62,2.96987649343426e-05
5.642,2.97826921026312e-05
5.664,2.98664374472365e-05
5.686,2.9950001558386e-05
5.708,3.00333850237552e-05
5.73,3.01165884284817e-05
5.752,3.01996123551786e-05
5.774,3.02824573839481e-05
5.796,3.03651240923953e-05
5.818,3.04476130556413e-05
5.84,3.05299248463368e-05
5.862,3.06120600346751e-05
5.884,3.06940191884054e-05
5.906,3.0775802872846e-05
5.928,3.08574116508969e-05
5.95,3.09388460830533e-05
5.972,3.1020106727418e-05
5.994,3.11011941397141e-05
6.016,3.1182108873298e-05
6.038,3.12628514791718e-05
6.06,3.13434225059959e-05
6.082,3.14238225001011e-05
6.104,3.15040520055015e-05
6.126,3.15841115639063e-05
6.148,3.16640017147322e-05
6.17,3.17437229951155e-05
6.192,3.18232759399242e-05
6.214,3.19026610817696e-05
6.236,3.19818789510188e-05
6.258,3.2060930075806e-05
6.28,3.21398149820444e-05
6.302,3.2218534193438e-05
6.324,3.22970882314929e-05
6.346,3.23754776155292e-05
6.368,3.2453702862692e-05
6.39,3.25317644879631e-05
6.412,3.26096630041722e-05
6.434,3.26873989220082e-05
6.456,3.27649727500302e-05
6.478,3.28423849946787e-05
6.5,3.29196361602865e-05
6.522,3.299672674909e-05
6.544,3.30736572612397e-05
6.566,3.3150428194811e-05
6.588,3.32270400458154e-05
6.61,3.33034933082107e-05
6.632,3.33797884739118e-05
6.654,3.34559260328013e-05
6.676,3.353190647274e-05
6.698,3.36077302795772e-05
6.72,3.3683397937161e-05
6.742,3.37589099273489e-05
6.764,3.38342667300177e-05
6.786,3.39094688230738e-05
6.808,3.39845166824635e-05
6.83,3.40594107821825e-05
6.852,3.41341515942865e-05
6.874,3.42087395889008e-05
6.896,3.428317523423e-05
6.918,3.43574589965683e-05
6.94,3.44315913403086e-05
6.962,3.45055727279528e-05
6.984,3.4579403620121e-05
7.006,3.46530844755612e-05
7.028,3.47266157511587e-05
7.05,3.47999979019457e-05
7.072,3.48732313811106e-05
7.094,3.49463166400075e-05
7.116,3.50192541281652e-05
7.138,3.50920442932963e-05
7.16,3.5164687581307e-05
7.182,3.52371844363056e-05
7.204,3.53095353006118e-05
7.226,3.53817406147655e-05
7.248,3.54538008175362e-05
7.27,3.55257163459312e-05
7.292,3.5597487635205e-05
7.314,3.56691151188681e-05
7.336,3.57405992286951e-05
7.358,3.58119403947341e-05
7.38,3.58831390453149e-05
7.402,3.59541956070577e-05
7.424,3.60251105048816e-05
7.446,3.60958841620133e-05
7.468,3.61665169999949e-05
7.49,3.62370094386929e-05
7.512,3.63073618963065e-05
7.534,3.63775747893752e-05
7.556,3.64476485327878e-05
7.578,3.65175835397902e-05
7.6,3.65873802219936e-05
7.622,3.66570389893824e-05
7.644,3.67265602503226e-05
7.666,3.67959444115693e-05
7.688,3.68651918782753e-05
7.71,3.6934303053998e-05
7.732,3.70032783407084e-05
7.754,3.7072118138798e-05
7.776,3.71408228470868e-05
7.798,3.72093928628313e-05
7.82,3.72778285817318e-05
7.842,3.734613039794e-05
7.864,3.74142987040669e-05
7.886,3.74823338911901e-05
7.908,3.75502363488611e-05
7.93,3.76180064651132e-05
7.952,3.76856446264684e-05
7.974,3.77531512179451e-05
7.996,3.78205266230653e-05
8.018,3.78877712238618e-05
8.04,3.79548854008853e-05
8.062,3.80218695332121e-05
8.084,3.80887239984505e-05
8.106,3.81554491727486e-05
8.128,3.82220454308007e-05
8.15,3.82885131458549e-05
8.172,3.83548526897198e-05
8.194,3.84210644327713e-05
8.216,3.84871487439597e-05
8.238,3.85531059908165e-05
8.26,3.86189365394613e-05
8.282,3.86846407546083e-05
8.304,3.87502189995734e-05
8.326,3.88156716362806e-05
8.348,3.88809990252688e-05
8.37,3.89462015256984e-05
8.392,3.90112794953579e-05
8.414,3.90762332906703e-05
8.436,3.91410632666998e-05
8.458,3.92057697771583e-05
8.48,3.92703531744116e-05
8.502,3.93348138094859e-05
8.524,3.93991520320743e-05
8.546,3.94633681905429e-05
8.568,3.95274626319373e-05
8.59,3.95914357019886e-05
8.612,3.96552877451199e-05
8.634,3.97190191044522e-05
8.656,3.97826301218109e-05
8.678,3.98461211377316e-05
8.7,3.99094924914662e-05
8.722,3.9972744520989e-05
8.744,4.0035877563003e-05
8.766,4.00988919529452e-05
8.788,4.01617880249933e-05
8.81,4.02245661120711e-05
8.832,4.02872265458545e-05
8.854,4.03497696567774e-05
8.876,4.04121957740375e-05
8.898,4.0474505225602e-05
8.92,4.05366983382134e-05
8.942,4.05987754373953e-05
8.964,4.06607368474579e-05
8.986,4.07225828915036e-05
9.008,4.07843138914331e-05
9.03,4.08459301679503e-05
9.052,4.09074320405684e-05
9.074,4.09688198276151e-05
9.096,4.10300938462382e-05
9.118,4.10912544124111e-05
9.14,4.11523018409381e-05
9.162,4.12132364454602e-05
9.184,4.12740585384598e-05
9.206,4.13347684312666e-05
9.228,4.13953664340627e-05
9.25,4.14558528558879e-05
9.272,4.15162280046449e-05
9.294,4.15764921871046e-05
9.316,4.16366457089114e-05
9.338,4.16966888745881e-05
9.36,4.17566219875413e-05
9.382,4.18164453500663e-05
9.404,4.18761592633523e-05
9.426,4.19357640274873e-05
9.448,4.19952599414637e-05
9.47,4.20546473031823e-05
9.492,4.21139264094582e-05
9.514,4.21730975560253e-05
9.536,4.22321610375411e-05
9.558,4.22911171475921e-05
9.58,4.23499661786982e-05
9.602,4.24087084223175e-05
9.624,4.24673441688517e-05
9.646,4.252587370765e-05
9.668,4.25842973270148e-05
9.69,4.26426153142058e-05
9.712,4.27008279554447e-05
9.734,4.27589355359203e-05
9.756,4.28169383397928e-05
9.778,4.28748366501988e-05
9.8,4.29326307492553e-05
9.822,4.29903209180648e-05
9.844,4.30479074367199e-05
9.866,4.31053905843073e-05
9.888,4.31627706389128e-05
9.91,4.32200478776258e-05
9.932,4.32772225765432e-05
9.954,4.33342950107747e-05
9.976,4.33912654544463e-05
9.998,4.34481341807053e-05
10.02,4.35049014617247e-05
10.042,4.3561567568707e-05
10.064,4.36181327718889e-05
10.086,4.36745973405459e-05
10.108,4.37309615429958e-05
10.13,4.37872256466036e-05
10.152,4.38433899177854e-05
10.174,4.38994546220127e-05
10.196,4.39554200238168e-05
10.218,4.40112863867924e-05
10.24,4.40670539736024e-05
10.262,4.41227230459815e-05
10.284,4.41782938647406e-05
10.306,4.42337666897707e-05
10.328,4.42891417800471e-05
10.35,4.43444193936333e-05
10.372,4.43995997876852e-05
10.394,4.44546832184546e-05
10.416,4.45096699412939e-05
10.438,4.45645602106594e-05
10.46,4.46193542801157e-05
10.482,4.46740524023392e-05
10.504,4.47286548291223e-05
10.526,4.47831618113771e-05
10.548,4.48375735991392e-05
10.57,4.48918904415718e-05
10.592,4.49461125869691e-05
10.614,4.50002402827603e-05
10.636,4.50542737755137e-05
10.658,4.51082133109396e-05
10.68,4.51620591338949e-05
10.702,4.52158114883862e-05
10.724,4.52694706175738e-05
10.746,4.53230367637753e-05
10.768,4.53765101684693e-05
10.79,4.54298910722988e-05
10.812,4.54831797150751e-05
10.834,4.55363763357811e-05
10.856,4.55894811725752e-05
10.878,4.56424944627946e-05
10.9,4.56954164429589e-05
10.922,4.57482473487738e-05
10.944,4.58009874151341e-05
10.966,4.5853636876128e-05
10.988,4.59061959650396e-05
11.01,4.59586649143531e-05
11.032,4.60110439557559e-05
11.054,4.60633333201421e-05
11.076,4.61155332376158e-05
11.098,4.61676439374946e-05
11.12,4.62196656483128e-05
11.142,4.62715985978249e-05
11.164,4.63234430130088e-05
11.186,4.63751991200693e-05
11.208,4.6426867144441e-05
11.23,4.64784473107922e-05
11.252,4.65299398430274e-05
11.274,4.65813449642911e-05
11.296,4.66326628969709e-05
11.318,4.66838938627006e-05
11.34,4.67350380823633e-05
11.362,4.6786095776095e-05
11.384,4.68370671632873e-05
11.406,4.68879524625907e-05
11.428,4.69387518919178e-05
11.45,4.69894656684463e-05
11.472,4.70400940086224e-05
11.494,4.70906371281632e-05
11.516,4.71410952420605e-05
11.538,4.71914685645835e-05
11.56,4.72417573092818e-05
11.582,4.72919616889886e-05
11.604,4.73420819158234e-05
11.626,4.73921182011955e-05
11.648,4.74420707558063e-05
11.67,4.74919397896529e-05
11.692,4.75417255120305e-05
11.714,4.75914281315359e-05
11.736,4.76410478560698e-05
11.758,4.76905848928402e-05
11.78,4.77400394483649e-05
11.802,4.77894117284747e-05
11.824,4.7838701938316e-05
11.846,4.78879102823539e-05
11.868,4.79370369643747e-05
11.89,4.7986082187489e-05
11.912,4.80350461541343e-05
11.934,4.80839290660779e-05
11.956,4.81327311244198e-05
11.978,4.8181452529595e-05
12,4.82300934813768e-05
