"ResDensity","N_TraitValue"
22.5,0.000387648939561052
23.203,0.000398321986351435
23.906,0.000408918479290921
24.609,0.000419439239075288
25.312,0.000429885074711053
26.015,0.000440256783722855
26.718,0.000450555152356428
27.421,0.000460780955777285
28.124,0.000470934958265223
28.827,0.000481017913404738
29.53,0.000491030564271461
30.233,0.000500973643614704
30.936,0.000510847874036221
31.639,0.00052065396816526
32.342,0.000530392628830008
33.045,0.000540064549225514
33.748,0.000549670413078165
34.451,0.000559210894806805
35.154,0.000568686659680583
35.857,0.000578098363973588
36.56,0.000587446655116365
37.263,0.000596732171844381
37.966,0.0006059555443435
38.669,0.000615117394392559
39.372,0.000624218335503096
40.075,0.000633258973056292
40.778,0.000642239904437216
41.481,0.000651161719166405
42.184,0.000660024999028859
42.887,0.00066883031820051
43.59,0.000677578243372211
44.293,0.00068626933387131
44.996,0.000694904141780867
45.699,0.000703483212056553
46.402,0.000712007082641304
47.105,0.00072047628457776
47.808,0.00072889134211855
48.511,0.00073725277283447
49.214,0.000745561087720601
49.917,0.000753816791300404
50.62,0.000762020381727851
51.323,0.000770172350887626
52.026,0.000778273184493438
52.729,0.000786323362184493
53.432,0.000794323357620158
54.135,0.000802273638572866
54.838,0.000810174667019287
55.541,0.000818026899229816
56.244,0.000825830785856407
56.947,0.000833586772018784
57.65,0.000841295297389077
58.353,0.000848956796274906
59.056,0.000856571697700947
59.759,0.000864140425489018
60.462,0.000871663398336706
61.165,0.000879141029894584
61.868,0.000886573728842024
62.571,0.000893961898961653
63.274,0.000901305939212475
63.977,0.000908606243801686
64.68,0.00091586320225521
65.383,0.000923077199486979
66.086,0.000930248615866992
66.789,0.00093737782728817
67.492,0.000944465205232031
68.195,0.000951511116833217
68.898,0.000958515924942886
69.601,0.000965479988191007
70.304,0.00097240366104756
71.007,0.000979287293882685
71.71,0.000986131233025779
72.413,0.000992935820823585
73.116,0.000999701395697274
73.819,0.00100642829219855
74.522,0.0010131168410648
75.225,0.0010197673692733
75.928,0.00102638020009449
76.631,0.00103295565314435
77.334,0.00103949404443594
78.037,0.00104599568642994
78.74,0.00105246088808453
79.443,0.00105888995490424
80.146,0.00106528318898813
80.849,0.00107164088907707
81.552,0.00107796335060031
82.255,0.00108425086572121
82.958,0.00109050372338227
83.661,0.00109672220934938
84.364,0.00110290660625534
85.067,0.00110905719364271
85.77,0.00111517424800591
86.473,0.00112125804283267
87.176,0.00112730884864476
87.879,0.00113332693303812
88.582,0.00113931256072229
89.285,0.00114526599355923
89.988,0.0011511874906015
90.691,0.00115707730812985
91.394,0.00116293569969019
92.097,0.00116876291612994
92.8,0.00117455920563389
93.503,0.0011803248137594
94.206,0.00118605998347107
94.909,0.00119176495517491
95.612,0.00119743996675188
96.315,0.001203085253591
97.018,0.00120870104862187
97.721,0.00121428758234671
98.424,0.00121984508287192
99.127,0.00122537377593907
99.83,0.00123087388495554
100.533,0.00123634563102455
101.236,0.00124178923297485
101.939,0.00124720490738983
102.642,0.00125259286863628
103.345,0.00125795332889266
104.048,0.00126328649817697
104.751,0.00126859258437417
105.454,0.00127387179326318
106.157,0.00127912432854351
106.86,0.00128435039186142
107.563,0.00128955018283576
108.266,0.00129472389908337
108.969,0.00129987173624413
109.672,0.00130499388800558
110.375,0.00131009054612728
111.078,0.00131516190046468
111.781,0.00132020813899272
112.484,0.00132522944782905
113.187,0.00133022601125693
113.89,0.00133519801174774
114.593,0.00134014562998321
115.296,0.00134506904487735
115.999,0.00134996843359792
116.702,0.00135484397158777
117.405,0.00135969583258575
118.108,0.00136452418864734
118.811,0.001369329210165
119.514,0.00137411106588821
120.217,0.00137886992294321
120.92,0.00138360594685251
121.623,0.00138831930155405
122.326,0.00139301014942011
123.029,0.00139767865127598
123.732,0.00140232496641834
124.435,0.00140694925263334
125.138,0.00141155166621451
125.841,0.00141613236198034
126.544,0.00142069149329166
127.247,0.00142522921206873
127.95,0.00142974566880812
128.653,0.00143424101259939
129.356,0.00143871539114142
130.059,0.00144316895075865
130.762,0.00144760183641701
131.465,0.00145201419173965
132.168,0.00145640615902243
132.871,0.00146077787924926
133.574,0.00146512949210715
134.277,0.0014694611360011
134.98,0.00147377294806877
135.683,0.00147806506419498
136.386,0.00148233761902593
137.089,0.00148659074598334
137.792,0.00149082457727828
138.495,0.00149503924392492
139.198,0.00149923487575403
139.901,0.0015034116014263
140.604,0.00150756954844547
141.307,0.00151170884317137
142.01,0.00151582961083267
142.713,0.00151993197553952
143.416,0.001524016060296
144.119,0.00152808198701244
144.822,0.00153212987651754
145.525,0.00153615984857033
146.228,0.00154017202187197
146.931,0.00154416651407744
147.634,0.00154814344180701
148.337,0.00155210292065762
149.04,0.00155604506521404
149.743,0.00155996998905995
150.446,0.00156387780478885
151.149,0.00156776862401481
151.852,0.00157164255738311
152.555,0.00157549971458074
153.258,0.00157934020434672
153.961,0.00158316413448234
154.664,0.00158697161186125
155.367,0.00159076274243941
156.07,0.0015945376312649
156.773,0.00159829638248767
157.476,0.00160203909936906
158.179,0.00160576588429132
158.882,0.00160947683876688
159.585,0.00161317206344762
160.288,0.00161685165813393
160.991,0.00162051572178375
161.694,0.00162416435252135
162.397,0.0016277976476462
163.1,0.00163141570364153
163.803,0.00163501861618292
164.506,0.0016386064801467
165.209,0.00164217938961832
165.912,0.00164573743790053
166.615,0.00164928071752154
167.318,0.00165280932024301
168.021,0.00165632333706799
168.724,0.00165982285824873
169.427,0.00166330797329443
170.13,0.00166677877097884
170.833,0.00167023533934784
171.536,0.00167367776572682
172.239,0.00167710613672811
172.942,0.00168052053825818
173.645,0.00168392105552486
174.348,0.00168730777304441
175.051,0.00169068077464851
175.754,0.00169404014349121
176.457,0.00169738596205571
177.16,0.00170071831216119
177.863,0.0017040372749694
178.566,0.00170734293099128
179.269,0.00171063536009351
179.972,0.00171391464150486
180.675,0.00171718085382261
181.378,0.00172043407501883
182.081,0.00172367438244654
182.784,0.00172690185284586
183.487,0.00173011656235009
184.19,0.00173331858649169
184.893,0.00173650800020816
185.596,0.00173968487784792
186.299,0.0017428492931761
187.002,0.0017460013193802
187.705,0.00174914102907578
188.408,0.001752268494312
189.111,0.00175538378657718
189.814,0.00175848697680417
190.517,0.00176157813537583
191.22,0.00176465733213027
191.923,0.00176772463636614
192.626,0.00177078011684785
193.329,0.00177382384181066
194.032,0.0017768558789658
194.735,0.00177987629550549
195.438,0.00178288515810788
196.141,0.00178588253294197
196.844,0.00178886848567246
197.547,0.00179184308146455
198.25,0.00179480638498866
198.953,0.00179775846042514
199.656,0.00180069937146891
200.359,0.001803629181334
201.062,0.00180654795275812
201.765,0.00180945574800713
202.468,0.00181235262887946
203.171,0.00181523865671047
203.874,0.00181811389237681
204.577,0.0018209783963007
205.28,0.00182383222845415
205.983,0.00182667544836313
206.686,0.00182950811511173
207.389,0.00183233028734627
208.092,0.0018351420232793
208.795,0.00183794338069364
209.498,0.00184073441694632
210.201,0.0018435151889725
210.904,0.00184628575328937
211.607,0.00184904616599991
212.31,0.00185179648279675
213.013,0.00185453675896587
213.716,0.00185726704939032
214.419,0.00185998740855388
215.122,0.00186269789054469
215.825,0.00186539854905884
216.528,0.0018680894374039
217.231,0.00187077060850243
217.934,0.00187344211489545
218.637,0.00187610400874591
219.34,0.001878756341842
220.043,0.00188139916560061
220.746,0.00188403253107057
221.449,0.00188665648893598
222.152,0.00188927108951945
222.855,0.00189187638278532
223.558,0.00189447241834285
224.261,0.00189705924544934
224.964,0.00189963691301328
225.667,0.00190220546959742
226.37,0.00190476496342181
227.073,0.00190731544236682
227.776,0.00190985695397614
228.479,0.00191238954545972
229.182,0.00191491326369672
229.885,0.00191742815523833
230.588,0.00191993426631074
231.291,0.00192243164281789
231.994,0.00192492033034428
232.697,0.00192740037415779
233.4,0.00192987181921238
234.103,0.00193233471015084
234.806,0.00193478909130744
235.509,0.00193723500671062
236.212,0.00193967250008562
236.915,0.00194210161485706
237.618,0.00194452239415156
238.321,0.00194693488080025
239.024,0.00194933911734134
239.727,0.00195173514602257
240.43,0.00195412300880373
241.133,0.00195650274735909
241.836,0.0019588744030798
242.539,0.00196123801707636
243.242,0.00196359363018089
243.945,0.00196594128294961
244.648,0.00196828101566504
245.351,0.0019706128683384
246.054,0.00197293688071183
246.757,0.00197525309226069
247.46,0.00197756154219577
248.163,0.0019798622694655
248.866,0.00198215531275816
249.569,0.00198444071050403
250.272,0.00198671850087757
250.975,0.00198898872179949
251.678,0.00199125141093889
252.381,0.00199350660571536
253.084,0.00199575434330099
253.787,0.00199799466062248
254.49,0.0020002275943631
255.193,0.00200245318096472
255.896,0.0020046714566298
256.599,0.00200688245732333
257.302,0.00200908621877481
258.005,0.00201128277648014
258.708,0.00201347216570352
259.411,0.00201565442147939
260.114,0.00201782957861423
260.817,0.00201999767168847
261.52,0.00202215873505828
262.223,0.0020243128028574
262.926,0.00202645990899897
263.629,0.00202860008717723
264.332,0.00203073337086937
265.035,0.00203285979333721
265.738,0.00203497938762898
266.441,0.00203709218658099
267.144,0.00203919822281934
267.847,0.00204129752876162
268.55,0.00204339013661854
269.253,0.0020454760783956
269.956,0.00204755538589471
270.659,0.00204962809071582
271.362,0.0020516942242585
272.065,0.00205375381772356
272.768,0.00205580690211456
273.471,0.00205785350823943
274.174,0.00205989366671199
274.877,0.00206192740795346
275.58,0.00206395476219398
276.283,0.00206597575947411
276.986,0.00206799042964634
277.689,0.00206999880237649
278.392,0.00207200090714525
279.095,0.00207399677324957
279.798,0.0020759864298041
280.501,0.0020779699057426
281.204,0.00207994722981938
281.907,0.00208191843061062
282.61,0.00208388353651582
283.313,0.00208584257575911
284.016,0.00208779557639064
284.719,0.00208974256628788
285.422,0.00209168357315698
286.125,0.00209361862453407
286.828,0.00209554774778656
287.531,0.00209747097011443
288.234,0.00209938831855153
288.937,0.00210129981996681
289.64,0.0021032055010656
290.343,0.00210510538839084
291.046,0.00210699950832434
291.749,0.00210888788708797
292.452,0.00211077055074487
293.155,0.00211264752520067
293.858,0.00211451883620467
294.561,0.00211638450935101
295.264,0.00211824457007985
295.967,0.00212009904367852
296.67,0.00212194795528266
297.373,0.00212379132987735
298.076,0.00212562919229826
298.779,0.00212746156723276
299.482,0.00212928847922099
300.185,0.00213110995265701
300.888,0.00213292601178984
301.591,0.00213473668072456
302.294,0.00213654198342337
302.997,0.00213834194370664
303.7,0.00214013658525399
304.403,0.00214192593160528
305.106,0.00214371000616166
305.809,0.00214548883218663
306.512,0.00214726243280696
307.215,0.00214903083101379
307.918,0.00215079404966357
308.621,0.00215255211147903
309.324,0.00215430503905022
310.027,0.00215605285483541
310.73,0.00215779558116209
311.433,0.0021595332402279
312.136,0.0021612658541016
312.839,0.00216299344472395
313.542,0.00216471603390871
314.245,0.0021664336433435
314.948,0.00216814629459073
315.651,0.00216985400908849
316.354,0.00217155680815149
317.057,0.00217325471297189
317.76,0.00217494774462019
318.463,0.00217663592404614
319.166,0.00217831927207957
319.869,0.00217999780943125
320.572,0.00218167155669374
321.275,0.00218334053434226
321.978,0.00218500476273546
322.681,0.00218666426211633
323.384,0.00218831905261296
324.087,0.00218996915423937
324.79,0.00219161458689633
325.493,0.00219325537037215
326.196,0.00219489152434347
326.899,0.00219652306837605
327.602,0.00219815002192555
328.305,0.00219977240433832
329.008,0.00220139023485211
329.711,0.00220300353259692
330.414,0.00220461231659566
331.117,0.00220621660576498
331.82,0.00220781641891596
332.523,0.00220941177475484
333.226,0.0022110026918838
333.929,0.00221258918880163
334.632,0.00221417128390448
335.335,0.00221574899548655
336.038,0.00221732234174081
336.741,0.00221889134075969
337.444,0.00222045601053579
338.147,0.00222201636896254
338.85,0.00222357243383489
339.553,0.00222512422285002
340.256,0.00222667175360797
340.959,0.00222821504361232
341.662,0.00222975411027085
342.365,0.00223128897089618
343.068,0.00223281964270647
343.771,0.002234346142826
344.474,0.00223586848828583
345.177,0.00223738669602447
345.88,0.00223890078288844
346.583,0.00224041076563296
347.286,0.00224191666092253
347.989,0.00224341848533155
348.692,0.00224491625534493
349.395,0.00224640998735868
350.098,0.00224789969768055
350.801,0.00224938540253058
351.504,0.00225086711804169
352.207,0.00225234486026031
352.91,0.00225381864514689
353.613,0.00225528848857653
354.316,0.00225675440633954
355.019,0.00225821641414198
355.722,0.00225967452760625
356.425,0.00226112876227163
357.128,0.00226257913359483
357.831,0.00226402565695055
358.534,0.00226546834763201
359.237,0.00226690722085152
359.94,0.00226834229174095
360.643,0.00226977357535234
361.346,0.00227120108665837
362.049,0.0022726248405529
362.752,0.00227404485185149
363.455,0.0022754611352919
364.158,0.00227687370553463
364.861,0.00227828257716341
365.564,0.00227968776468566
366.267,0.00228108928253308
366.97,0.00228248714506206
367.673,0.0022838813665542
368.376,0.00228527196121681
369.079,0.00228665894318338
369.782,0.00228804232651404
370.485,0.00228942212519608
371.188,0.00229079835314438
371.891,0.0022921710242019
372.594,0.00229354015214014
373.297,0.00229490575065958
374,0.00229626783339017
