"ResDensity","N_TraitValue"
2,9.04569800183632e-06
2.124,9.58252088487559e-06
2.248,1.01166670070693e-05
2.372,1.06481563393326e-05
2.496,1.11770086544069e-05
2.62,1.17032435293115e-05
2.744,1.222688034776e-05
2.868,1.27479383025396e-05
2.992,1.32664363978567e-05
3.116,1.37823934516468e-05
3.24,1.42958280978516e-05
3.364,1.48067587886621e-05
3.488,1.5315203796729e-05
3.612,1.58211812173413e-05
3.736,1.63247089705727e-05
3.86,1.68258048033978e-05
3.984,1.73244862917764e-05
4.108,1.7820770842709e-05
4.232,1.83146756962621e-05
4.356,1.88062179275644e-05
4.48,1.92954144487748e-05
4.604,1.97822820110219e-05
4.728,2.02668372063159e-05
4.852,2.07490964694338e-05
4.976,2.12290760797771e-05
5.1,2.17067921632041e-05
5.224,2.21822606938354e-05
5.348,2.26554974958349e-05
5.472,2.31265182451648e-05
5.596,2.3595338471317e-05
5.72,2.40619735590196e-05
5.844,2.45264387499198e-05
5.968,2.49887491442436e-05
6.092,2.5448919702432e-05
6.216,2.59069652467547e-05
6.34,2.6362900462902e-05
6.464,2.68167399015538e-05
6.588,2.72684979799281e-05
6.712,2.77181889833071e-05
6.836,2.81658270665433e-05
6.96,2.86114262555448e-05
7.084,2.90550004487398e-05
7.208,2.94965634185223e-05
7.332,2.99361288126767e-05
7.456,3.03737101557848e-05
7.58,3.0809320850612e-05
7.704,3.12429741794765e-05
7.828,3.16746833055987e-05
7.952,3.21044612744337e-05
8.076,3.25323210149847e-05
8.2,3.29582753411001e-05
8.324,3.33823369527521e-05
8.448,3.38045184372997e-05
8.572,3.42248322707333e-05
8.696,3.46432908189044e-05
8.82,3.50599063387377e-05
8.944,3.54746909794282e-05
9.068,3.58876567836224e-05
9.192,3.62988156885831e-05
9.316,3.67081795273403e-05
9.44,3.7115760029826e-05
9.564,3.75215688239947e-05
9.688,3.79256174369294e-05
9.812,3.83279172959326e-05
9.936,3.8728479729604e-05
10.06,3.91273159689039e-05
10.184,3.95244371482026e-05
10.308,3.99198543063166e-05
10.432,4.03135783875317e-05
10.556,4.07056202426124e-05
10.68,4.1095990629799e-05
10.804,4.14847002157914e-05
10.928,4.18717595767211e-05
11.052,4.22571791991098e-05
11.176,4.26409694808171e-05
11.3,4.30231407319751e-05
11.424,4.34037031759117e-05
11.548,4.37826669500626e-05
11.672,4.41600421068709e-05
11.796,4.45358386146763e-05
11.92,4.4910066358593e-05
12.044,4.52827351413759e-05
12.168,4.56538546842769e-05
12.292,4.60234346278904e-05
12.416,4.63914845329876e-05
12.54,4.67580138813413e-05
12.664,4.71230320765401e-05
12.788,4.74865484447924e-05
12.912,4.7848572235721e-05
13.036,4.82091126231474e-05
13.16,4.85681787058668e-05
13.284,4.89257795084136e-05
13.408,4.92819239818172e-05
13.532,4.9636621004349e-05
13.656,4.99898793822606e-05
13.78,5.03417078505116e-05
13.904,5.06921150734905e-05
14.028,5.10411096457257e-05
14.152,5.13887000925879e-05
14.276,5.17348948709846e-05
14.4,5.2079702370046e-05
14.524,5.24231309118022e-05
14.648,5.27651887518534e-05
14.772,5.3105884080031e-05
14.896,5.34452250210512e-05
15.02,5.3783219635161e-05
15.144,5.41198759187764e-05
15.268,5.44552018051131e-05
15.392,5.47892051648093e-05
15.516,5.51218938065419e-05
15.64,5.54532754776347e-05
15.764,5.57833578646601e-05
15.888,5.61121485940333e-05
16.012,5.64396552325995e-05
16.136,5.67658852882146e-05
16.26,5.70908462103189e-05
16.384,5.7414545390504e-05
16.508,5.77369901630733e-05
16.632,5.8058187805596e-05
16.756,5.83781455394546e-05
16.88,5.8696870530386e-05
17.004,5.90143698890165e-05
17.128,5.93306506713909e-05
17.252,5.96457198794945e-05
17.376,5.99595844617706e-05
17.5,6.02722513136308e-05
17.624,6.05837272779602e-05
17.748,6.08940191456164e-05
17.872,6.12031336559232e-05
17.996,6.15110774971586e-05
18.12,6.1817857307037e-05
18.244,6.21234796731861e-05
18.368,6.24279511336186e-05
18.492,6.27312781771983e-05
18.616,6.30334672441012e-05
18.74,6.33345247262712e-05
18.864,6.36344569678706e-05
18.988,6.39332702657263e-05
19.112,6.42309708697697e-05
19.236,6.45275649834732e-05
19.36,6.48230587642804e-05
19.484,6.51174583240329e-05
19.608,6.54107697293911e-05
19.732,6.57029990022512e-05
19.856,6.59941521201574e-05
19.98,6.62842350167093e-05
20.104,6.6573253581965e-05
20.228,6.68612136628398e-05
20.352,6.71481210635005e-05
20.476,6.74339815457554e-05
20.6,6.771880082944e-05
20.724,6.80025845927984e-05
20.848,6.82853384728607e-05
20.972,6.85670680658164e-05
21.096,6.88477789273834e-05
21.22,6.91274765731731e-05
21.344,6.94061664790522e-05
21.468,6.96838540814994e-05
21.592,6.99605447779592e-05
21.716,7.02362439271916e-05
21.84,7.05109568496183e-05
21.964,7.07846888276643e-05
22.088,7.10574451060973e-05
22.212,7.13292308923619e-05
22.336,7.16000513569115e-05
22.46,7.18699116335361e-05
22.584,7.21388168196866e-05
22.708,7.24067719767958e-05
22.832,7.2673782130596e-05
22.956,7.29398522714332e-05
23.08,7.32049873545778e-05
23.204,7.34691923005327e-05
23.328,7.37324719953371e-05
23.452,7.39948312908681e-05
23.576,7.42562750051388e-05
23.7,7.45168079225929e-05
23.824,7.47764347943968e-05
23.948,7.50351603387284e-05
24.072,7.52929892410626e-05
24.196,7.55499261544548e-05
24.32,7.58059756998203e-05
24.444,7.60611424662112e-05
24.568,7.63154310110912e-05
24.692,7.65688458606062e-05
24.816,7.68213915098535e-05
24.94,7.7073072423147e-05
25.064,7.73238930342807e-05
25.188,7.75738577467889e-05
25.312,7.78229709342038e-05
25.436,7.80712369403108e-05
25.56,7.83186600794008e-05
25.684,7.85652446365202e-05
25.808,7.88109948677182e-05
25.932,7.90559150002917e-05
26.056,7.93000092330277e-05
26.18,7.95432817364435e-05
26.304,7.97857366530235e-05
26.428,8.00273780974552e-05
26.552,8.02682101568614e-05
26.676,8.05082368910308e-05
26.8,8.07474623326462e-05
26.924,8.09858904875103e-05
27.048,8.12235253347691e-05
27.172,8.14603708271335e-05
27.296,8.16964308910986e-05
27.42,8.19317094271602e-05
27.544,8.21662103100301e-05
27.668,8.23999373888485e-05
27.792,8.26328944873948e-05
27.916,8.28650854042959e-05
28.04,8.30965139132331e-05
28.164,8.3327183763146e-05
28.288,8.35570986784353e-05
28.412,8.37862623591631e-05
28.536,8.40146784812515e-05
28.66,8.42423506966791e-05
28.784,8.44692826336754e-05
28.908,8.4695477896914e-05
29.032,8.49209400677032e-05
29.156,8.51456727041748e-05
29.28,8.53696793414716e-05
29.404,8.55929634919329e-05
29.528,8.58155286452774e-05
29.652,8.60373782687858e-05
29.776,8.62585158074804e-05
29.9,8.64789446843034e-05
30.024,8.66986683002938e-05
30.148,8.69176900347621e-05
30.272,8.71360132454636e-05
30.396,8.73536412687699e-05
30.52,8.75705774198392e-05
30.644,8.77868249927839e-05
30.768,8.80023872608384e-05
30.892,8.82172674765232e-05
31.016,8.84314688718093e-05
31.14,8.86449946582797e-05
31.264,8.885784802729e-05
31.388,8.90700321501278e-05
31.512,8.92815501781698e-05
31.636,8.94924052430376e-05
31.76,8.97026004567531e-05
31.884,8.99121389118907e-05
32.008,9.01210236817294e-05
32.132,9.0329257820403e-05
32.256,9.05368443630491e-05
32.38,9.07437863259561e-05
32.504,9.09500867067099e-05
32.628,9.11557484843382e-05
32.752,9.13607746194541e-05
32.876,9.15651680543979e-05
33,9.17689317133784e-05
33.124,9.19720685026116e-05
33.248,9.21745813104596e-05
33.372,9.23764730075671e-05
33.496,9.2577746446997e-05
33.62,9.27784044643649e-05
33.744,9.29784498779726e-05
33.868,9.31778854889393e-05
33.992,9.3376714081333e-05
34.116,9.35749384222999e-05
34.24,9.37725612621923e-05
34.364,9.39695853346967e-05
34.488,9.41660133569589e-05
34.612,9.43618480297097e-05
34.736,9.45570920373881e-05
34.86,9.47517480482643e-05
34.984,9.49458187145611e-05
35.108,9.51393066725743e-05
35.232,9.53322145427925e-05
35.356,9.55245449300147e-05
35.48,9.5716300423468e-05
35.604,9.5907483596924e-05
35.728,9.60980970088132e-05
35.852,9.628814320234e-05
35.976,9.64776247055951e-05
36.1,9.66665440316681e-05
36.224,9.68549036787583e-05
36.348,9.70427061302848e-05
36.472,9.72299538549961e-05
36.596,9.74166493070775e-05
36.72,9.76027949262592e-05
36.844,9.77883931379218e-05
36.968,9.79734463532021e-05
37.092,9.81579569690973e-05
37.216,9.83419273685688e-05
37.34,9.85253599206444e-05
37.464,9.87082569805201e-05
37.588,9.88906208896611e-05
37.712,9.90724539759015e-05
37.836,9.92537585535434e-05
37.96,9.94345369234552e-05
38.084,9.96147913731688e-05
38.208,9.97945241769761e-05
38.332,9.99737375960247e-05
38.456,0.000100152433878413
38.58,0.000100330615259283
38.704,0.000100508283960915
38.828,0.000100685442192821
38.952,0.000100862092151831
39.076,0.000101038236022191
39.2,0.000101213875975647
39.324,0.000101389014171539
39.448,0.000101563652756885
39.572,0.000101737793866473
39.696,0.000101911439622944
39.82,0.000102084592136883
39.944,0.000102257253506899
40.068,0.000102429425819713
40.192,0.000102601111150244
40.316,0.000102772311561687
40.44,0.000102943029105599
40.564,0.000103113265821982
40.688,0.000103283023739363
40.812,0.000103452304874871
40.936,0.000103621111234325
41.06,0.000103789444812306
41.184,0.000103957307592236
41.308,0.000104124701546463
41.432,0.000104291628636328
41.556,0.000104458090812251
41.68,0.000104624090013799
41.804,0.000104789628169769
41.928,0.000104954707198255
42.052,0.000105119329006729
42.176,0.00010528349549211
42.3,0.000105447208540838
42.424,0.000105610470028946
42.548,0.000105773281822134
42.672,0.000105935645775837
42.796,0.000106097563735296
42.92,0.00010625903753563
43.044,0.000106420069001902
43.168,0.000106580659949193
43.292,0.000106740812182664
43.416,0.000106900527497626
43.54,0.000107059807679611
43.664,0.000107218654504432
43.788,0.000107377069738253
43.912,0.000107535055137655
44.036,0.000107692612449697
44.16,0.000107849743411985
44.284,0.000108006449752733
44.408,0.000108162733190826
44.532,0.000108318595435887
44.656,0.000108474038188333
44.78,0.000108629063139443
44.904,0.000108783671971415
45.028,0.000108937866357427
45.152,0.000109091647961702
45.276,0.000109245018439563
45.4,0.000109397979437493
45.524,0.000109550532593197
45.648,0.000109702679535655
45.772,0.000109854421885188
45.896,0.000110005761253506
46.02,0.000110156699243775
46.144,0.000110307237450663
46.268,0.000110457377460407
46.392,0.000110607120850859
46.516,0.000110756469191549
46.64,0.000110905424043735
46.764,0.000111053986960458
46.888,0.000111202159486598
47.012,0.000111349943158928
47.136,0.000111497339506162
47.26,0.000111644350049015
47.384,0.000111790976300248
47.508,0.000111937219764727
47.632,0.000112083081939468
47.756,0.000112228564313694
47.88,0.000112373668368879
48.004,0.000112518395578805
48.128,0.000112662747409608
48.252,0.000112806725319828
48.376,0.00011295033076046
48.5,0.000113093565174998
48.624,0.000113236429999491
48.748,0.000113378926662584
48.872,0.000113521056585567
48.996,0.000113662821182428
49.12,0.00011380422185989
49.244,0.000113945260017468
49.368,0.000114085937047505
49.492,0.000114226254335228
49.616,0.000114366213258785
49.74,0.000114505815189295
49.864,0.00011464506149089
49.988,0.000114783953520762
50.112,0.000114922492629206
50.236,0.000115060680159662
50.36,0.000115198517448761
50.484,0.000115336005826367
50.608,0.000115473146615621
50.732,0.000115609941132979
50.856,0.000115746390688262
50.98,0.00011588249658469
51.104,0.000116018260118927
51.228,0.000116153682581122
51.352,0.000116288765254953
51.476,0.000116423509417659
51.6,0.000116557916340089
51.724,0.000116691987286737
51.848,0.000116825723515786
51.972,0.000116959126279141
52.096,0.000117092196822473
52.22,0.000117224936385257
52.344,0.000117357346200809
52.468,0.000117489427496326
52.592,0.000117621181492923
52.716,0.000117752609405668
52.84,0.000117883712443626
52.964,0.00011801449180989
53.088,0.000118144948701618
53.212,0.000118275084310076
53.336,0.000118404899820665
53.46,0.000118534396412964
53.584,0.000118663575260764
53.708,0.0001187924375321
53.832,0.000118920984389293
53.956,0.000119049216988976
54.08,0.000119177136482139
54.204,0.000119304744014155
54.328,0.000119432040724816
54.452,0.000119559027748373
54.576,0.000119685706213559
54.7,0.000119812077243634
54.824,0.000119938141956408
54.948,0.000120063901464281
55.072,0.000120189356874274
55.196,0.000120314509288057
55.32,0.000120439359801988
55.444,0.000120563909507142
55.568,0.000120688159489342
55.692,0.000120812110829192
55.816,0.000120935764602105
55.94,0.00012105912187834
56.064,0.000121182183723029
56.188,0.000121304951196207
56.312,0.000121427425352844
56.436,0.000121549607242877
56.56,0.000121671497911234
56.684,0.000121793098397871
56.808,0.000121914409737798
56.932,0.000122035432961107
57.056,0.000122156169093004
57.18,0.000122276619153836
57.304,0.000122396784159123
57.428,0.00012251666511958
57.552,0.000122636263041153
57.676,0.000122755578925042
57.8,0.000122874613767729
57.924,0.000122993368561011
58.048,0.000123111844292019
58.172,0.000123230041943255
58.296,0.00012334796249261
58.42,0.000123465606913399
58.544,0.00012358297617438
58.668,0.000123700071239789
58.792,0.000123816893069357
58.916,0.000123933442618347
59.04,0.000124049720837569
59.164,0.000124165728673415
59.288,0.000124281467067877
59.412,0.000124396936958581
59.536,0.000124512139278804
59.66,0.000124627074957503
59.784,0.000124741744919342
59.908,0.000124856150084712
60.032,0.00012497029136976
60.156,0.000125084169686411
60.28,0.000125197785942392
60.404,0.000125311141041259
60.528,0.000125424235882416
60.652,0.000125537071361146
60.776,0.000125649648368625
60.9,0.000125761967791956
61.024,0.000125874030514183
61.148,0.000125985837414322
61.272,0.000126097389367377
61.396,0.000126208687244369
61.52,0.000126319731912352
61.644,0.000126430524234444
61.768,0.000126541065069841
61.892,0.000126651355273844
62.016,0.00012676139569788
62.14,0.000126871187189523
62.264,0.000126980730592519
62.388,0.000127090026746803
62.512,0.000127199076488523
62.636,0.000127307880650061
62.76,0.000127416440060054
62.884,0.000127524755543416
63.008,0.000127632827921358
63.132,0.000127740658011409
63.256,0.000127848246627434
63.38,0.000127955594579661
63.504,0.000128062702674694
63.628,0.000128169571715538
63.752,0.000128276202501617
63.876,0.000128382595828794
64,0.000128488752489394
