"ResDensity","N_TraitValue"
0.5,0.0241639569850916
0.699,0.0257671242024712
0.898,0.0267554891448024
1.097,0.0274258078818964
1.296,0.0279103199674652
1.495,0.0282768774332396
1.694,0.0285638801793286
1.893,0.0287946917707969
2.092,0.0289843429724398
2.291,0.0291429425733011
2.49,0.0292775396229932
2.689,0.0293931996505563
2.888,0.0294936564852822
3.087,0.0295817228891439
3.286,0.0296595580720689
3.485,0.0297288470890962
3.684,0.0297909242203517
3.883,0.0298468597311139
4.082,0.0298975220947701
4.281,0.029943623410285
4.48,0.0299857530814776
4.679,0.0300244031513158
4.878,0.0300599876078784
5.077,0.0300928572716732
5.276,0.0301233114008256
5.475,0.0301516068284103
5.674,0.0301779652232283
5.873,0.0302025789087721
6.072,0.0302256155637053
6.271,0.0302472220468903
6.47,0.030267527531463
6.669,0.0302866460893147
6.868,0.0303046788352271
7.067,0.0303217157157764
7.266,0.0303378370098214
7.465,0.0303531145934077
7.664,0.0303676130111385
7.863,0.0303813903877006
8.062,0.0303944992066923
8.261,0.0304069869787579
8.46,0.0304188968169582
8.659,0.0304302679340632
8.858,0.0304411360738552
9.057,0.0304515338864365
9.256,0.0304614912558437
9.455,0.0304710355868942
9.654,0.0304801920570603
9.853,0.0304889838382501
10.052,0.0304974322926044
10.251,0.0305055571457958
10.45,0.0305133766407881
10.649,0.0305209076745791
10.848,0.0305281659200841
11.047,0.0305351659350106
11.246,0.0305419212593158
11.445,0.0305484445026186
11.644,0.0305547474227562
11.843,0.0305608409965115
12.042,0.0305667354834092
12.241,0.0305724404833588
12.44,0.0305779649888272
12.639,0.0305833174321358
12.838,0.0305885057284063
13.037,0.0305935373146155
13.236,0.0305984191851632
13.435,0.0306031579243121
13.634,0.0306077597358154
13.833,0.0306122304700128
14.032,0.0306165756486434
14.231,0.0306208004875974
14.43,0.0306249099178029
14.629,0.0306289086044243
14.828,0.0306328009645294
15.027,0.0306365911833649
15.226,0.0306402832293684
15.425,0.0306438808680278
15.624,0.0306473876746913
15.823,0.0306508070464195
16.022,0.0306541422129614
16.221,0.0306573962469298
16.42,0.0306605720732427
16.619,0.0306636724778922
16.818,0.0306667001160961
17.017,0.030669657519882
17.216,0.0306725471051497
17.415,0.0306753711782532
17.614,0.0306781319421405
17.813,0.0306808315020841
18.012,0.0306834718710355
18.211,0.0306860549746308
18.41,0.0306885826558743
18.609,0.0306910566795239
18.808,0.0306934787361996
19.007,0.0306958504462366
19.206,0.0306981733633001
19.405,0.0307004489777794
19.604,0.0307026787199766
19.803,0.0307048639631045
20.002,0.0307070060261072
20.201,0.0307091061763141
20.4,0.0307111656319406
20.599,0.0307131855644446
20.798,0.0307151671007481
20.997,0.0307171113253341
21.196,0.0307190192822255
21.395,0.0307208919768546
21.594,0.0307227303778296
21.793,0.0307245354186058
21.992,0.0307263079990652
22.191,0.030728048987013
22.39,0.0307297592195938
22.589,0.0307314395046344
22.788,0.0307330906219154
22.987,0.0307347133243785
23.186,0.030736308339271
23.385,0.0307378763692325
23.584,0.0307394180933271
23.783,0.0307409341680243
23.982,0.0307424252281302
24.181,0.0307438918876746
24.38,0.0307453347407535
24.579,0.0307467543623318
24.778,0.0307481513090071
24.977,0.0307495261197375
25.176,0.0307508793165347
25.375,0.0307522114051248
25.574,0.0307535228755787
25.773,0.0307548142029131
25.972,0.0307560858476643
26.171,0.0307573382564353
26.37,0.0307585718624196
26.569,0.0307597870858999
26.768,0.0307609843347262
26.967,0.0307621640047716
27.166,0.0307633264803692
27.365,0.0307644721347292
27.564,0.0307656013303387
27.763,0.0307667144193438
27.962,0.0307678117439159
28.161,0.0307688936366023
28.36,0.0307699604206625
28.559,0.0307710124103896
28.758,0.0307720499114196
28.957,0.0307730732210273
29.156,0.0307740826284102
29.355,0.0307750784149608
29.554,0.0307760608545285
29.753,0.0307770302136705
29.952,0.030777986751893
30.151,0.0307789307218826
30.35,0.030779862369729
30.549,0.030780781935139
30.748,0.0307816896516419
30.947,0.0307825857467875
31.146,0.0307834704423357
31.345,0.0307843439544403
31.544,0.0307852064938244
31.743,0.03078605826595
31.942,0.0307868994711815
32.141,0.0307877303049425
32.34,0.0307885509578673
32.539,0.0307893616159464
32.738,0.0307901624606677
32.937,0.0307909536691514
33.136,0.0307917354142807
33.335,0.0307925078648278
33.534,0.0307932711855756
33.733,0.0307940255374343
33.932,0.0307947710775552
34.131,0.0307955079594391
34.33,0.0307962363330425
34.529,0.0307969563448786
34.728,0.0307976681381158
34.927,0.0307983718526729
35.126,0.0307990676253102
35.325,0.0307997555897188
35.524,0.0308004358766056
35.723,0.0308011086137766
35.922,0.0308017739262165
36.121,0.0308024319361664
36.32,0.0308030827631986
36.519,0.0308037265242892
36.718,0.0308043633338877
36.917,0.0308049933039855
37.116,0.030805616544181
37.315,0.0308062331617435
37.514,0.0308068432616745
37.713,0.0308074469467676
37.912,0.030808044317666
38.111,0.0308086354729185
38.31,0.0308092205090337
38.509,0.0308097995205326
38.708,0.0308103725999995
38.907,0.0308109398381311
39.106,0.0308115013237847
39.305,0.0308120571440244
39.504,0.0308126073841662
39.703,0.0308131521278216
39.902,0.03081369145694
40.101,0.0308142254518496
40.3,0.0308147541912977
40.499,0.030815277752489
40.698,0.0308157962111234
40.897,0.0308163096414324
41.096,0.0308168181162146
41.295,0.0308173217068701
41.494,0.0308178204834338
41.693,0.0308183145146081
41.892,0.0308188038677941
42.091,0.0308192886091227
42.29,0.0308197688034842
42.489,0.0308202445145568
42.688,0.0308207158048357
42.887,0.0308211827356596
43.086,0.0308216453672378
43.285,0.0308221037586758
43.484,0.0308225579680007
43.683,0.0308230080521856
43.882,0.0308234540671734
44.081,0.0308238960678999
44.28,0.0308243341083167
44.479,0.0308247682414127
44.678,0.0308251985192356
44.877,0.030825624992913
45.076,0.0308260477126724
45.275,0.0308264667278607
45.474,0.030826882086964
45.673,0.0308272938376257
45.872,0.030827702026665
46.071,0.0308281067000948
46.27,0.0308285079031386
46.469,0.0308289056802477
46.668,0.0308293000751173
46.867,0.0308296911307029
47.066,0.0308300788892356
47.265,0.0308304633922372
47.464,0.0308308446805355
47.663,0.0308312227942782
47.862,0.0308315977729473
48.061,0.0308319696553729
48.26,0.0308323384797463
48.459,0.0308327042836335
48.658,0.0308330671039874
48.857,0.0308334269771609
49.056,0.0308337839389186
49.255,0.0308341380244485
49.454,0.0308344892683741
49.653,0.0308348377047654
49.852,0.0308351833671498
50.051,0.0308355262885229
50.25,0.0308358665013593
50.449,0.0308362040376226
50.648,0.0308365389287751
50.847,0.0308368712057883
51.046,0.0308372008991519
51.245,0.0308375280388833
51.444,0.0308378526545366
51.643,0.0308381747752118
51.842,0.0308384944295632
52.041,0.0308388116458078
52.24,0.0308391264517342
52.439,0.0308394388747098
52.638,0.0308397489416898
52.837,0.0308400566792238
53.036,0.0308403621134645
53.235,0.0308406652701743
53.434,0.0308409661747328
53.633,0.030841264852144
53.832,0.030841561327043
54.031,0.0308418556237032
54.23,0.0308421477660424
54.429,0.0308424377776294
54.628,0.0308427256816907
54.827,0.0308430115011163
55.026,0.030843295258466
55.225,0.0308435769759751
55.424,0.0308438566755606
55.623,0.0308441343788264
55.822,0.0308444101070693
56.021,0.0308446838812841
56.22,0.0308449557221691
56.419,0.0308452256501313
56.618,0.0308454936852917
56.817,0.0308457598474899
57.016,0.0308460241562891
57.215,0.0308462866309812
57.414,0.0308465472905912
57.613,0.0308468061538819
57.812,0.0308470632393583
58.011,0.0308473185652723
58.21,0.0308475721496265
58.409,0.0308478240101791
58.608,0.0308480741644474
58.807,0.0308483226297122
59.006,0.030848569423022
59.205,0.0308488145611962
59.404,0.0308490580608296
59.603,0.0308492999382959
59.802,0.0308495402097514
60.001,0.0308497788911383
60.2,0.0308500159981889
60.399,0.0308502515464283
60.598,0.0308504855511782
60.797,0.0308507180275603
60.996,0.0308509489904994
61.195,0.0308511784547264
61.394,0.0308514064347818
61.593,0.0308516329450186
61.792,0.0308518579996053
61.991,0.030852081612529
62.19,0.0308523037975979
62.389,0.0308525245684446
62.588,0.0308527439385288
62.787,0.0308529619211397
62.986,0.0308531785293992
63.185,0.030853393776264
63.384,0.0308536076745285
63.583,0.0308538202368274
63.782,0.0308540314756381
63.981,0.0308542414032828
64.18,0.0308544500319316
64.379,0.0308546573736041
64.578,0.0308548634401722
64.777,0.0308550682433624
64.976,0.0308552717947576
65.175,0.0308554741057997
65.374,0.0308556751877914
65.573,0.0308558750518987
65.772,0.0308560737091527
65.971,0.0308562711704515
66.17,0.0308564674465626
66.369,0.0308566625481245
66.568,0.0308568564856488
66.767,0.0308570492695221
66.966,0.0308572409100077
67.165,0.0308574314172476
67.364,0.030857620801264
67.563,0.0308578090719616
67.762,0.0308579962391287
67.961,0.0308581823124394
68.16,0.0308583673014549
68.359,0.0308585512156253
68.558,0.0308587340642914
68.757,0.0308589158566858
68.956,0.0308590966019349
69.155,0.0308592763090603
69.354,0.0308594549869801
69.553,0.0308596326445107
69.752,0.0308598092903681
69.951,0.0308599849331691
70.15,0.0308601595814331
70.349,0.0308603332435834
70.548,0.0308605059279481
70.747,0.0308606776427621
70.946,0.030860848396168
71.145,0.0308610181962174
71.344,0.0308611870508723
71.543,0.0308613549680063
71.742,0.0308615219554058
71.941,0.0308616880207711
72.14,0.030861853171718
72.339,0.0308620174157782
72.538,0.0308621807604014
72.737,0.0308623432129557
72.936,0.0308625047807287
73.135,0.0308626654709293
73.334,0.0308628252906881
73.533,0.0308629842470584
73.732,0.030863142347018
73.931,0.0308632995974692
74.13,0.0308634560052408
74.329,0.0308636115770882
74.528,0.030863766319695
74.727,0.0308639202396737
74.926,0.0308640733435667
75.125,0.0308642256378472
75.324,0.0308643771289201
75.523,0.0308645278231229
75.722,0.0308646777267266
75.921,0.0308648268459366
76.12,0.0308649751868936
76.319,0.0308651227556743
76.518,0.0308652695582921
76.717,0.0308654156006986
76.916,0.0308655608887834
77.115,0.0308657054283758
77.314,0.030865849225245
77.513,0.030865992285101
77.712,0.0308661346135957
77.911,0.0308662762163231
78.11,0.0308664170988203
78.309,0.0308665572665684
78.508,0.0308666967249929
78.707,0.0308668354794645
78.906,0.0308669735352999
79.105,0.0308671108977623
79.304,0.0308672475720623
79.503,0.0308673835633583
79.702,0.0308675188767574
79.901,0.0308676535173156
80.1,0.0308677874900392
80.299,0.0308679207998846
80.498,0.0308680534517595
80.697,0.0308681854505231
80.896,0.0308683168009869
81.095,0.0308684475079154
81.294,0.0308685775760264
81.493,0.0308687070099916
81.692,0.0308688358144376
81.891,0.0308689639939457
82.09,0.0308690915530531
82.289,0.0308692184962532
82.488,0.0308693448279959
82.687,0.0308694705526885
82.886,0.0308695956746961
83.085,0.0308697201983419
83.284,0.0308698441279079
83.483,0.0308699674676354
83.682,0.0308700902217253
83.881,0.0308702123943388
84.08,0.0308703339895978
84.279,0.0308704550115853
84.478,0.0308705754643458
84.677,0.030870695351886
84.876,0.0308708146781749
85.075,0.0308709334471446
85.274,0.0308710516626904
85.473,0.0308711693286716
85.672,0.0308712864489115
85.871,0.030871403027198
86.07,0.0308715190672843
86.269,0.0308716345728886
86.468,0.0308717495476953
86.667,0.0308718639953549
86.866,0.0308719779194844
87.065,0.0308720913236679
87.264,0.0308722042114568
87.463,0.0308723165863703
87.662,0.0308724284518956
87.861,0.0308725398114884
88.06,0.0308726506685732
88.259,0.0308727610265438
88.458,0.0308728708887632
88.657,0.0308729802585646
88.856,0.0308730891392511
89.055,0.0308731975340965
89.254,0.0308733054463455
89.453,0.0308734128792137
89.652,0.0308735198358885
89.851,0.0308736263195289
90.05,0.0308737323332662
90.249,0.0308738378802038
90.448,0.0308739429634183
90.647,0.0308740475859588
90.846,0.0308741517508482
91.045,0.0308742554610828
91.244,0.0308743587196327
91.443,0.0308744615294423
91.642,0.0308745638934306
91.841,0.030874665814491
92.04,0.0308747672954923
92.239,0.0308748683392782
92.438,0.0308749689486683
92.637,0.0308750691264578
92.836,0.0308751688754179
93.035,0.0308752681982964
93.234,0.0308753670978175
93.433,0.0308754655766822
93.632,0.0308755636375686
93.831,0.0308756612831321
94.03,0.0308757585160058
94.229,0.0308758553388004
94.428,0.0308759517541047
94.627,0.0308760477644858
94.826,0.0308761433724892
95.025,0.0308762385806392
95.224,0.0308763333914388
95.423,0.0308764278073706
95.622,0.0308765218308961
95.821,0.0308766154644566
96.02,0.0308767087104732
96.219,0.0308768015713469
96.418,0.0308768940494591
96.617,0.0308769861471714
96.816,0.030877077866826
97.015,0.0308771692107462
97.214,0.0308772601812359
97.413,0.0308773507805806
97.612,0.0308774410110468
97.811,0.0308775308748829
98.01,0.0308776203743189
98.209,0.0308777095115669
98.408,0.0308777982888208
98.607,0.0308778867082573
98.806,0.0308779747720351
99.005,0.0308780624822959
99.204,0.0308781498411642
99.403,0.0308782368507473
99.602,0.030878323513136
99.801,0.0308784098304041
100,0.0308784958046092
