"ResDensity","N_TraitValue"
10,0.000429317844568903
10.08,0.000432070372597777
10.16,0.000434814238348598
10.24,0.000437549482647751
10.32,0.000440276146065463
10.4,0.000442994268917809
10.48,0.000445703891268701
10.56,0.000448405052931853
10.64,0.000451097793472735
10.72,0.000453782152210502
10.8,0.000456458168219909
10.88,0.000459125880333207
10.96,0.000461785327142021
11.04,0.000464436546999209
11.12,0.000467079578020711
11.2,0.00046971445808737
11.28,0.000472341224846744
11.36,0.000474959915714902
11.44,0.000477570567878193
11.52,0.000480173218295014
11.6,0.000482767903697551
11.68,0.000485354660593507
11.76,0.000487933525267811
11.84,0.000490504533784323
11.92,0.000493067721987506
12,0.000495623125504098
12.08,0.000498170779744758
12.16,0.000500710719905708
12.24,0.000503242980970346
12.32,0.000505767597710859
12.4,0.000508284604689808
12.48,0.000510794036261713
12.56,0.00051329592657461
12.64,0.000515790309571602
12.72,0.000518277218992393
12.8,0.000520756688374811
12.88,0.000523228751056316
12.96,0.000525693440175492
13.04,0.000528150788673527
13.12,0.000530600829295684
13.2,0.000533043594592754
13.28,0.000535479116922498
13.36,0.000537907428451072
13.44,0.000540328561154449
13.52,0.000542742546819818
13.6,0.000545149417046979
13.68,0.000547549203249718
13.76,0.000549941936657175
13.84,0.0005523276483152
13.92,0.000554706369087695
14,0.000557078129657943
14.08,0.000559442960529933
14.16,0.000561800892029658
14.24,0.000564151954306423
14.32,0.00056649617733412
14.4,0.000568833590912507
14.48,0.000571164224668471
14.56,0.000573488108057277
14.64,0.000575805270363811
14.72,0.000578115740703809
14.8,0.000580419548025077
14.88,0.000582716721108701
14.96,0.000585007288570242
15.04,0.000587291278860929
15.12,0.000589568720268834
15.2,0.000591839640920041
15.28,0.000594104068779801
15.36,0.000596362031653685
15.44,0.000598613557188719
15.52,0.000600858672874512
15.6,0.000603097406044376
15.68,0.000605329783876434
15.76,0.000607555833394721
15.84,0.000609775581470277
15.92,0.000611989054822221
16,0.000614196280018829
16.08,0.000616397283478598
16.16,0.000618592091471293
16.24,0.000620780730118999
16.32,0.000622963225397156
16.4,0.000625139603135584
16.48,0.000627309889019504
16.56,0.000629474108590547
16.64,0.000631632287247759
16.72,0.00063378445024859
16.8,0.000635930622709886
16.88,0.000638070829608856
16.96,0.000640205095784053
17.04,0.000642333445936326
17.12,0.000644455904629775
17.2,0.000646572496292698
17.28,0.000648683245218527
17.36,0.000650788175566758
17.44,0.000652887311363871
17.52,0.000654980676504246
17.6,0.000657068294751068
17.68,0.000659150189737229
17.76,0.000661226384966218
17.84,0.000663296903813003
17.92,0.000665361769524912
18,0.000667421005222504
18.08,0.000669474633900426
18.16,0.000671522678428275
18.24,0.000673565161551443
18.32,0.000675602105891963
18.4,0.00067763353394934
18.48,0.000679659468101381
18.56,0.000681679930605018
18.64,0.000683694943597121
18.72,0.000685704529095308
18.8,0.000687708708998746
18.88,0.000689707505088947
18.96,0.000691700939030558
19.04,0.00069368903237214
19.12,0.000695671806546951
19.2,0.00069764928287371
19.28,0.000699621482557362
19.36,0.00070158842668984
19.44,0.000703550136250813
19.52,0.000705506632108435
19.6,0.000707457935020081
19.68,0.000709404065633083
19.76,0.000711345044485461
19.84,0.000713280892006641
19.92,0.000715211628518175
20,0.00071713727423445
20.08,0.000719057849263393
20.16,0.000720973373607177
20.24,0.000722883867162904
20.32,0.000724789349723307
20.4,0.000726689840977422
20.48,0.000728585360511274
20.56,0.000730475927808547
20.64,0.00073236156225125
20.72,0.000734242283120383
20.8,0.00073611810959659
20.88,0.000737989060760815
20.96,0.000739855155594946
21.04,0.00074171641298246
21.12,0.000743572851709055
21.2,0.000745424490463288
21.28,0.000747271347837198
21.36,0.000749113442326929
21.44,0.000750950792333349
21.52,0.000752783416162661
21.6,0.000754611332027013
21.68,0.000756434558045097
21.76,0.000758253112242753
21.84,0.000760067012553561
21.92,0.000761876276819428
22,0.000763680922791177
22.08,0.000765480968129125
22.16,0.00076727643040366
22.24,0.000769067327095812
22.32,0.000770853675597821
22.4,0.0007726354932137
22.48,0.000774412797159794
22.56,0.000776185604565332
22.64,0.000777953932472982
22.72,0.000779717797839392
22.8,0.000781477217535738
22.88,0.000783232208348254
22.96,0.000784982786978772
23.04,0.000786728970045253
23.12,0.000788470774082304
23.2,0.000790208215541711
23.28,0.00079194131079295
23.36,0.000793670076123702
23.44,0.000795394527740364
23.52,0.000797114681768557
23.6,0.000798830554253627
23.68,0.000800542161161142
23.76,0.000802249518377392
23.84,0.000803952641709877
23.92,0.000805651546887793
24,0.000807346249562522
24.08,0.000809036765308108
24.16,0.000810723109621737
24.24,0.000812405297924206
24.32,0.0008140833455604
24.4,0.000815757267799752
24.48,0.00081742707983671
24.56,0.000819092796791195
24.64,0.000820754433709059
24.72,0.000822412005562535
24.8,0.000824065527250692
24.88,0.000825715013599874
24.96,0.000827360479364152
25.04,0.000829001939225754
25.12,0.000830639407795511
25.2,0.000832272899613284
25.28,0.000833902429148397
25.36,0.000835528010800066
25.44,0.000837149658897819
25.52,0.000838767387701919
25.6,0.000840381211403783
25.68,0.000841991144126395
25.76,0.000843597199924722
25.84,0.000845199392786116
25.92,0.000846797736630727
26,0.000848392245311902
26.08,0.000849982932616588
26.16,0.000851569812265726
26.24,0.000853152897914649
26.32,0.00085473220315347
26.4,0.000856307741507476
26.48,0.000857879526437509
26.56,0.000859447571340352
26.64,0.000861011889549109
26.72,0.000862572494333583
26.8,0.000864129398900651
26.88,0.000865682616394637
26.96,0.000867232159897681
27.04,0.000868778042430109
27.12,0.000870320276950794
27.2,0.000871858876357518
27.28,0.000873393853487338
27.36,0.000874925221116933
27.44,0.000876452991962968
27.52,0.00087797717868244
27.6,0.000879497793873028
27.68,0.000881014850073445
27.76,0.000882528359763776
27.84,0.000884038335365824
27.92,0.00088554478924345
28,0.000887047733702908
28.08,0.000888547180993184
28.16,0.000890043143306324
28.24,0.000891535632777768
28.32,0.000893024661486678
28.4,0.000894510241456261
28.48,0.000895992384654096
28.56,0.000897471102992452
28.64,0.000898946408328613
28.72,0.000900418312465185
28.8,0.000901886827150423
28.88,0.000903351964078533
28.96,0.000904813734889987
29.04,0.000906272151171833
29.12,0.000907727224457999
29.2,0.000909178966229594
29.28,0.000910627387915217
29.36,0.000912072500891251
29.44,0.000913514316482163
29.52,0.000914952845960801
29.6,0.000916388100548684
29.68,0.000917820091416298
29.76,0.000919248829683385
29.84,0.000920674326419229
29.92,0.000922096592642941
30,0.000923515639323747
30.08,0.000924931477381267
30.16,0.000926344117685796
30.24,0.000927753571058582
30.32,0.000929159848272102
30.4,0.000930562960050337
30.48,0.000931962917069043
30.56,0.000933359729956025
30.64,0.000934753409291404
30.72,0.000936143965607883
30.8,0.000937531409391014
30.88,0.000938915751079462
30.96,0.000940297001065264
31.04,0.000941675169694093
31.12,0.000943050267265512
31.2,0.000944422304033235
31.28,0.000945791290205378
31.36,0.000947157235944715
31.44,0.000948520151368927
31.52,0.000949880046550855
31.6,0.000951236931518744
31.68,0.000952590816256494
31.76,0.0009539417107039
31.84,0.0009552896247569
31.92,0.000956634568267815
32,0.000957976551045586
32.08,0.000959315582856018
32.16,0.000960651673422012
32.24,0.000961984832423802
32.32,0.000963315069499191
32.4,0.000964642394243779
32.48,0.000965966816211198
32.56,0.000967288344913339
32.64,0.000968606989820577
32.72,0.000969922760362005
32.8,0.00097123566592565
32.88,0.000972545715858702
32.96,0.000973852919467735
33.04,0.000975157286018923
33.12,0.000976458824738265
33.2,0.0009777575448118
33.28,0.000979053455385822
33.36,0.000980346565567096
33.44,0.000981636884423071
33.52,0.000982924420982093
33.6,0.000984209184233612
33.68,0.000985491183128395
33.76,0.000986770426578736
33.84,0.000988046923458652
33.92,0.000989320682604102
34,0.000990591712813181
34.08,0.000991860022846327
34.16,0.000993125621426519
34.24,0.000994388517239481
34.32,0.000995648718933879
34.4,0.000996906235121517
34.48,0.000998161074377534
34.56,0.0009994132452406
34.64,0.00100066275621311
34.72,0.00100190961576137
34.8,0.00100315383231581
34.88,0.00100439541427113
34.96,0.00100563436998654
35.04,0.00100687070778591
35.12,0.00100810443595798
35.2,0.00100933556275653
35.28,0.00101056409640058
35.36,0.00101179004507455
35.44,0.00101301341692845
35.52,0.00101423422007807
35.6,0.00101545246260518
35.68,0.00101666815255764
35.76,0.00101788129794965
35.84,0.00101909190676188
35.92,0.00102029998694167
36,0.0010215055464032
36.08,0.00102270859302764
36.16,0.00102390913466336
36.24,0.00102510717912606
36.32,0.00102630273419897
36.4,0.00102749580763302
36.48,0.00102868640714697
36.56,0.00102987454042762
36.64,0.00103106021512996
36.72,0.00103224343887733
36.8,0.00103342421926157
36.88,0.00103460256384321
36.96,0.00103577848015163
37.04,0.0010369519756852
37.12,0.00103812305791143
37.2,0.00103929173426718
37.28,0.00104045801215877
37.36,0.00104162189896215
37.44,0.00104278340202305
37.52,0.00104394252865715
37.6,0.00104509928615024
37.68,0.00104625368175833
37.76,0.00104740572270784
37.84,0.00104855541619575
37.92,0.00104970276938973
38,0.00105084778942829
38.08,0.00105199048342096
38.16,0.00105313085844839
38.24,0.00105426892156254
38.32,0.0010554046797868
38.4,0.00105653814011613
38.48,0.00105766930951722
38.56,0.00105879819492864
38.64,0.00105992480326095
38.72,0.00106104914139686
38.8,0.00106217121619138
38.88,0.00106329103447195
38.96,0.00106440860303857
39.04,0.00106552392866394
39.12,0.00106663701809362
39.2,0.00106774787804612
39.28,0.00106885651521309
39.36,0.00106996293625942
39.44,0.00107106714782338
39.52,0.00107216915651673
39.6,0.00107326896892493
39.68,0.00107436659160715
39.76,0.00107546203109653
39.84,0.0010765552939002
39.92,0.00107764638649948
40,0.00107873531534998
40.08,0.00107982208688173
40.16,0.0010809067074993
40.24,0.00108198918358194
40.32,0.0010830695214837
40.4,0.00108414772753355
40.48,0.00108522380803551
40.56,0.00108629776926877
40.64,0.0010873696174878
40.72,0.0010884393589225
40.8,0.00108950699977829
40.88,0.00109057254623625
40.96,0.00109163600445324
41.04,0.00109269738056198
41.12,0.00109375668067124
41.2,0.0010948139108659
41.28,0.00109586907720707
41.36,0.00109692218573223
41.44,0.00109797324245535
41.52,0.00109902225336696
41.6,0.00110006922443431
41.68,0.00110111416160145
41.76,0.00110215707078939
41.84,0.00110319795789614
41.92,0.00110423682879688
42,0.00110527368934406
42.08,0.00110630854536749
42.16,0.00110734140267446
42.24,0.00110837226704986
42.32,0.00110940114425625
42.4,0.00111042804003404
42.48,0.0011114529601015
42.56,0.00111247591015496
42.64,0.00111349689586885
42.72,0.00111451592289583
42.8,0.0011155329968669
42.88,0.0011165481233915
42.96,0.0011175613080576
43.04,0.0011185725564318
43.12,0.00111958187405947
43.2,0.00112058926646481
43.28,0.00112159473915096
43.36,0.00112259829760012
43.44,0.00112359994727363
43.52,0.00112459969361208
43.6,0.00112559754203538
43.68,0.00112659349794292
43.76,0.00112758756671359
43.84,0.00112857975370594
43.92,0.00112957006425825
44,0.00113055850368861
44.08,0.00113154507729505
44.16,0.00113252979035561
44.24,0.00113351264812845
44.32,0.00113449365585191
44.4,0.00113547281874467
44.48,0.00113645014200576
44.56,0.00113742563081471
44.64,0.00113839929033164
44.72,0.00113937112569729
44.8,0.00114034114203321
44.88,0.00114130934444176
44.96,0.00114227573800624
45.04,0.00114324032779098
45.12,0.00114420311884142
45.2,0.00114516411618421
45.28,0.00114612332482727
45.36,0.00114708074975991
45.44,0.00114803639595289
45.52,0.00114899026835853
45.6,0.00114994237191077
45.68,0.00115089271152527
45.76,0.0011518412920995
45.84,0.00115278811851282
45.92,0.00115373319562655
46,0.00115467652828406
46.08,0.00115561812131086
46.16,0.0011565579795147
46.24,0.0011574961076856
46.32,0.00115843251059598
46.4,0.00115936719300071
46.48,0.00116030015963722
46.56,0.00116123141522554
46.64,0.00116216096446843
46.72,0.00116308881205141
46.8,0.00116401496264287
46.88,0.00116493942089415
46.96,0.00116586219143958
47.04,0.0011667832788966
47.12,0.00116770268786583
47.2,0.00116862042293112
47.28,0.00116953648865966
47.36,0.00117045088960203
47.44,0.00117136363029229
47.52,0.00117227471524805
47.6,0.00117318414897054
47.68,0.00117409193594469
47.76,0.00117499808063921
47.84,0.00117590258750665
47.92,0.00117680546098347
48,0.00117770670549014
48.08,0.00117860632543119
48.16,0.00117950432519527
48.24,0.00118040070915524
48.32,0.00118129548166826
48.4,0.00118218864707581
48.48,0.00118308020970381
48.56,0.00118397017386265
48.64,0.00118485854384729
48.72,0.00118574532393732
48.8,0.001186630518397
48.88,0.0011875141314754
48.96,0.00118839616740637
49.04,0.0011892766304087
49.12,0.00119015552468613
49.2,0.00119103285442742
49.28,0.00119190862380646
49.36,0.00119278283698229
49.44,0.00119365549809918
49.52,0.0011945266112867
49.6,0.00119539618065979
49.68,0.00119626421031881
49.76,0.00119713070434961
49.84,0.0011979956668236
49.92,0.00119885910179782
50,0.00119972101331497
