"ResDensity","N_TraitValue"
11025000,514.489526407559
11079060,516.767618099528
11133120,519.043554765881
11187180,521.317339463083
11241240,523.588975241825
11295300,525.85846514703
11349360,528.125812217874
11403420,530.391019487795
11457480,532.65408998451
11511540,534.915026730025
11565600,537.17383274065
11619660,539.430511027014
11673720,541.685064594074
11727780,543.937496441135
11781840,546.187809561856
11835900,548.436006944268
11889960,550.682091570788
11944020,552.926066418226
11998080,555.167934457806
12052140,557.407698655173
12106200,559.64536197041
12160260,561.88092735805
12214320,564.114397767086
12268380,566.345776140989
12322440,568.575065417716
12376500,570.802268529729
12430560,573.027388404001
12484620,575.250427962033
12538680,577.471390119865
12592740,579.690277788092
12646800,581.907093871871
12700860,584.121841270939
12754920,586.334522879624
12808980,588.545141586856
12863040,590.75370027618
12917100,592.960201825772
12971160,595.164649108445
13025220,597.36704499167
13079280,599.56739233758
13133340,601.765694002986
13187400,603.961952839393
13241460,606.156171693005
13295520,608.348353404743
13349580,610.538500810256
13403640,612.726616739929
13457700,614.912704018904
13511760,617.096765467082
13565820,619.278803899144
13619880,621.458822124557
13673940,623.636822947588
13728000,625.812809167318
13782060,627.98678357765
13836120,630.158748967324
13890180,632.32870811993
13944240,634.496663813915
13998300,636.662618822599
14052360,638.826575914187
14106420,640.988537851778
14160480,643.148507393377
14214540,645.306487291912
14268600,647.462480295238
14322660,649.616489146154
14376720,651.768516582411
14430780,653.918565336729
14484840,656.066638136801
14538900,658.212737705313
14592960,660.356866759947
14647020,662.4990280134
14701080,664.639224173389
14755140,666.777457942669
14809200,668.913732019037
14863260,671.04804909535
14917320,673.180411859533
14971380,675.31082299459
15025440,677.439285178617
15079500,679.56580108481
15133560,681.690373381483
15187620,683.813004732069
15241680,685.933697795141
15295740,688.052455224417
15349800,690.169279668774
15403860,692.284173772257
15457920,694.397140174091
15511980,696.508181508692
15566040,698.617300405678
15620100,700.724499489881
15674160,702.829781381355
15728220,704.933148695388
15782280,707.034604042517
15836340,709.13415002853
15890400,711.231789254487
15944460,713.327524316722
15998520,715.421357806859
16052580,717.513292311822
16106640,719.603330413842
16160700,721.691474690474
16214760,723.7777277146
16268820,725.862092054446
16322880,727.944570273591
16376940,730.025164930974
16431000,732.103878580909
16485060,734.180713773091
16539120,736.255673052613
16593180,738.328758959969
16647240,740.39997403107
16701300,742.469320797249
16755360,744.536801785276
16809420,746.602419517369
16863480,748.666176511199
16917540,750.728075279903
16971600,752.788118332095
17025660,754.846308171877
17079720,756.902647298846
17133780,758.957138208106
17187840,761.009783390278
17241900,763.06058533151
17295960,765.109546513486
17350020,767.15666941344
17404080,769.201956504159
17458140,771.245410253999
17512200,773.287033126893
17566260,775.326827582361
17620320,777.364796075518
17674380,779.400941057086
17728440,781.435264973406
17782500,783.46777026644
17836560,785.49845937379
17890620,787.527334728703
17944680,789.55439876008
17998740,791.579653892488
18052800,793.603102546168
18106860,795.624747137045
18160920,797.64459007674
18214980,799.662633772576
18269040,801.678880627588
18323100,803.693333040537
18377160,805.705993405912
18431220,807.716864113947
18485280,809.725947550626
18539340,811.733246097692
18593400,813.738762132661
18647460,815.742498028825
18701520,817.744456155267
18755580,819.744638876867
18809640,821.743048554314
18863700,823.739687544111
18917760,825.734558198589
18971820,827.727662865913
19025880,829.719003890092
19079940,831.708583610991
19134000,833.696404364335
19188060,835.682468481721
19242120,837.666778290629
19296180,839.649336114427
19350240,841.630144272384
19404300,843.609205079675
19458360,845.586520847393
19512420,847.562093882559
19566480,849.535926488126
19620540,851.508020962993
19674600,853.478379602012
19728660,855.447004695997
19782720,857.413898531732
19836780,859.379063391981
19890840,861.342501555497
19944900,863.304215297029
19998960,865.264206887334
20053020,867.222478593182
20107080,869.179032677368
20161140,871.133871398718
20215200,873.0869970121
20269260,875.038411768432
20323320,876.988117914689
20377380,878.936117693912
20431440,880.882413345222
20485500,882.827007103819
20539560,884.769901200999
20593620,886.711097864158
20647680,888.650599316802
20701740,890.588407778553
20755800,892.524525465164
20809860,894.45895458852
20863920,896.391697356651
20917980,898.322755973736
20972040,900.252132640119
21026100,902.179829552309
21080160,904.105848902993
21134220,906.030192881045
21188280,907.95286367153
21242340,909.873863455716
21296400,911.793194411083
21350460,913.710858711325
21404520,915.626858526367
21458580,917.541196022366
21512640,919.453873361723
21566700,921.364892703091
21620760,923.27425620138
21674820,925.181966007768
21728880,927.088024269709
21782940,928.99243313094
21837000,930.895194731491
21891060,932.796311207688
21945120,934.695784692169
21999180,936.593617313882
22053240,938.489811198103
22107300,940.384368466438
22161360,942.277291236832
22215420,944.168581623576
22269480,946.058241737317
22323540,947.946273685066
22377600,949.832679570203
22431660,951.717461492487
22485720,953.600621548063
22539780,955.482161829472
22593840,957.362084425654
22647900,959.24039142196
22701960,961.117084900157
22756020,962.992166938441
22810080,964.865639611434
22864140,966.737504990205
22918200,968.607765142265
22972260,970.476422131585
23026320,972.343478018597
23080380,974.208934860204
23134440,976.072794709787
23188500,977.935059617213
23242560,979.795731628843
23296620,981.654812787538
23350680,983.512305132667
23404740,985.368210700114
23458800,987.222531522289
23512860,989.07526962813
23566920,990.926427043113
23620980,992.776005789261
23675040,994.624007885148
23729100,996.47043534591
23783160,998.315290183248
23837220,1000.15857440544
23891280,1002.00029001734
23945340,1003.84043902041
23999400,1005.67902341267
24053460,1007.51604518879
24107520,1009.35150634003
24161580,1011.18540885425
24215640,1013.01775471596
24269700,1014.8485459063
24323760,1016.67778440305
24377820,1018.50547218061
24431880,1020.33161121007
24485940,1022.15620345917
24540000,1023.97925089231
24594060,1025.80075547056
24648120,1027.6207191517
24702180,1029.43914389016
24756240,1031.2560316371
24810300,1033.07138434036
24864360,1034.88520394451
24918420,1036.69749239081
24972480,1038.50825161728
25026540,1040.31748355864
25080600,1042.12519014636
25134660,1043.93137330865
25188720,1045.73603497049
25242780,1047.53917705358
25296840,1049.34080147642
25350900,1051.14091015427
25404960,1052.93950499917
25459020,1054.73658791994
25513080,1056.5321608222
25567140,1058.32622560836
25621200,1060.11878417764
25675260,1061.90983842608
25729320,1063.69939024653
25783380,1065.48744152866
25837440,1067.27399415899
25891500,1069.05905002087
25945560,1070.84261099448
25999620,1072.62467895688
26053680,1074.40525578197
26107740,1076.18434334053
26161800,1077.96194350019
26215860,1079.73805812548
26269920,1081.5126890778
26323980,1083.28583821545
26378040,1085.05750739362
26432100,1086.82769846443
26486160,1088.59641327687
26540220,1090.36365367687
26594280,1092.1294215073
26648340,1093.89371860792
26702400,1095.65654681546
26756460,1097.41790796358
26810520,1099.17780388289
26864580,1100.93623640096
26918640,1102.69320734231
26972700,1104.44871852844
27026760,1106.20277177783
27080820,1107.95536890591
27134880,1109.70651172514
27188940,1111.45620204495
27243000,1113.20444167176
27297060,1114.95123240902
27351120,1116.69657605717
27405180,1118.44047441368
27459240,1120.18292927305
27513300,1121.92394242679
27567360,1123.66351566346
27621420,1125.40165076867
27675480,1127.13834952507
27729540,1128.87361371236
27783600,1130.60744510731
27837660,1132.33984548375
27891720,1134.0708166126
27945780,1135.80036026182
27999840,1137.52847819651
28053900,1139.25517217881
28107960,1140.980443968
28162020,1142.70429532042
28216080,1144.42672798956
28270140,1146.147743726
28324200,1147.86734427744
28378260,1149.58553138873
28432320,1151.30230680184
28486380,1153.01767225585
28540440,1154.73162948704
28594500,1156.44418022879
28648560,1158.15532621168
28702620,1159.8650691634
28756680,1161.57341080887
28810740,1163.28035287013
28864800,1164.98589706642
28918860,1166.69004511418
28972920,1168.39279872702
29026980,1170.09415961575
29081040,1171.7941294884
29135100,1173.49271005018
29189160,1175.18990300353
29243220,1176.88571004811
29297280,1178.58013288081
29351340,1180.27317319574
29405400,1181.96483268426
29459460,1183.65511303494
29513520,1185.34401593365
29567580,1187.03154306346
29621640,1188.71769610473
29675700,1190.40247673509
29729760,1192.08588662942
29783820,1193.76792745989
29837880,1195.44860089594
29891940,1197.12790860429
29946000,1198.80585224899
30000060,1200.48243349134
30054120,1202.15765398999
30108180,1203.83151540085
30162240,1205.50401937717
30216300,1207.17516756954
30270360,1208.84496162583
30324420,1210.51340319128
30378480,1212.18049390844
30432540,1213.84623541722
30486600,1215.51062935486
30540660,1217.17367735596
30594720,1218.83538105248
30648780,1220.49574207374
30702840,1222.15476204642
30756900,1223.81244259459
30810960,1225.46878533969
30865020,1227.12379190055
30919080,1228.77746389336
30973140,1230.42980293175
31027200,1232.08081062672
31081260,1233.73048858667
31135320,1235.37883841745
31189380,1237.02586172227
31243440,1238.67156010181
31297500,1240.31593515413
31351560,1241.95898847477
31405620,1243.60072165667
31459680,1245.24113629022
31513740,1246.88023396327
31567800,1248.51801626109
31621860,1250.15448476645
31675920,1251.78964105954
31729980,1253.42348671805
31784040,1255.05602331711
31838100,1256.68725242937
31892160,1258.31717562491
31946220,1259.94579447135
32000280,1261.57311053375
32054340,1263.19912537471
32108400,1264.8238405543
32162460,1266.44725763013
32216520,1268.06937815728
32270580,1269.6902036884
32324640,1271.30973577361
32378700,1272.92797596059
32432760,1274.54492579453
32486820,1276.16058681819
32540880,1277.77496057183
32594940,1279.38804859328
32649000,1280.99985241793
32703060,1282.6103735787
32757120,1284.21961360609
32811180,1285.82757402817
32865240,1287.43425637056
32919300,1289.03966215647
32973360,1290.6437929067
33027420,1292.2466501396
33081480,1293.84823537116
33135540,1295.44855011493
33189600,1297.04759588206
33243660,1298.64537418132
33297720,1300.24188651908
33351780,1301.83713439932
33405840,1303.43111932366
33459900,1305.02384279132
33513960,1306.61530629915
33568020,1308.20551134164
33622080,1309.79445941092
33676140,1311.38215199675
33730200,1312.96859058656
33784260,1314.5537766654
33838320,1316.137711716
33892380,1317.72039721873
33946440,1319.30183465166
34000500,1320.88202549049
34054560,1322.46097120862
34108620,1324.03867327711
34162680,1325.61513316473
34216740,1327.19035233791
34270800,1328.76433226079
34324860,1330.3370743952
34378920,1331.90858020068
34432980,1333.47885113446
34487040,1335.0478886515
34541100,1336.61569420446
34595160,1338.18226924373
34649220,1339.74761521742
34703280,1341.31173357137
34757340,1342.87462574914
34811400,1344.43629319206
34865460,1345.99673733916
34919520,1347.55595962725
34973580,1349.11396149087
35027640,1350.67074436234
35081700,1352.22630967171
35135760,1353.7806588468
35189820,1355.33379331323
35243880,1356.88571449434
35297940,1358.4364238113
35352000,1359.98592268302
35406060,1361.53421252622
35460120,1363.0812947554
35514180,1364.62717078285
35568240,1366.17184201868
35622300,1367.71530987078
35676360,1369.25757574486
35730420,1370.79864104443
35784480,1372.33850717082
35838540,1373.87717552319
35892600,1375.41464749852
35946660,1376.95092449161
36000720,1378.4860078951
36054780,1380.01989909946
36108840,1381.55259949301
36162900,1383.08411046191
36216960,1384.61443339016
36271020,1386.14356965965
36325080,1387.67152065008
36379140,1389.19828773904
36433200,1390.72387230198
36487260,1392.24827571222
36541320,1393.77149934095
36595380,1395.29354455725
36649440,1396.81441272807
36703500,1398.33410521826
36757560,1399.85262339054
36811620,1401.36996860555
36865680,1402.8861422218
36919740,1404.40114559573
36973800,1405.91498008168
37027860,1407.42764703189
37081920,1408.93914779651
37135980,1410.44948372365
37190040,1411.95865615928
37244100,1413.46666644736
37298160,1414.97351592973
37352220,1416.4792059462
37406280,1417.98373783451
37460340,1419.48711293032
37514400,1420.98933256727
37568460,1422.49039807693
37622520,1423.99031078883
37676580,1425.48907203046
37730640,1426.98668312728
37784700,1428.4831454027
37838760,1429.97846017811
37892820,1431.47262877288
37946880,1432.96565250434
38000940,1434.45753268783
38055000,1435.94827063664
