"ResDensity","N_TraitValue"
4,5.07886319600171e-05
4.056,5.14078837017013e-05
4.112,5.20249319561611e-05
4.168,5.26397884635319e-05
4.224,5.32524648806954e-05
4.28,5.38629727820162e-05
4.336,5.44713236600706e-05
4.392,5.5077528926368e-05
4.448,5.56815999120641e-05
4.504,5.62835478686674e-05
4.56,5.68833839687372e-05
4.616,5.74811193065752e-05
4.672,5.80767648989093e-05
4.728,5.86703316855709e-05
4.784,5.92618305301638e-05
4.84,5.98512722207279e-05
4.896,6.04386674703945e-05
4.952,6.10240269180353e-05
5.008,6.16073611289051e-05
5.064,6.21886805952773e-05
5.12,6.27679957370727e-05
5.176,6.33453169024824e-05
5.232,6.39206543685841e-05
5.288,6.44940183419513e-05
5.344,6.50654189592576e-05
5.4,6.56348662878736e-05
5.456,6.62023703264582e-05
5.512,6.67679410055442e-05
5.568,6.73315881881168e-05
5.624,6.7893321670188e-05
5.68,6.84531511813628e-05
5.736,6.90110863854021e-05
5.792,6.95671368807784e-05
5.848,7.01213122012256e-05
5.904,7.06736218162851e-05
5.96,7.12240751318439e-05
6.016,7.17726814906695e-05
6.072,7.23194501729381e-05
6.128,7.28643903967577e-05
6.184,7.34075113186866e-05
6.24,7.39488220342459e-05
6.296,7.44883315784272e-05
6.352,7.50260489261958e-05
6.408,7.55619829929877e-05
6.464,7.60961426352027e-05
6.52,7.66285366506923e-05
6.576,7.71591737792427e-05
6.632,7.76880627030526e-05
6.688,7.82152120472075e-05
6.744,7.87406303801479e-05
6.8,7.92643262141339e-05
6.856,7.97863080057048e-05
6.912,8.03065841561344e-05
6.968,8.08251630118815e-05
7.024,8.13420528650362e-05
7.08,8.18572619537622e-05
7.136,8.23707984627345e-05
7.192,8.28826705235721e-05
7.248,8.33928862152682e-05
7.304,8.39014535646144e-05
7.36,8.44083805466222e-05
7.416,8.49136750849397e-05
7.472,8.54173450522641e-05
7.528,8.59193982707513e-05
7.584,8.641984251242e-05
7.64,8.69186854995535e-05
7.696,8.74159349050963e-05
7.752,8.79115983530481e-05
7.808,8.84056834188528e-05
7.864,8.88981976297851e-05
7.92,8.93891484653321e-05
7.976,8.98785433575724e-05
8.032,9.03663896915511e-05
8.088,9.08526948056509e-05
8.144,9.13374659919606e-05
8.2,9.1820710496639e-05
8.256,9.23024355202766e-05
8.312,9.27826482182525e-05
8.368,9.32613557010892e-05
8.424,9.37385650348037e-05
8.48,9.42142832412546e-05
8.536,9.46885172984869e-05
8.592,9.5161274141073e-05
8.648,9.56325606604509e-05
8.704,9.6102383705259e-05
8.76,9.65707500816679e-05
8.816,9.70376665537087e-05
8.872,9.75031398435991e-05
8.928,9.79671766320658e-05
8.984,9.8429783558664e-05
9.04,9.88909672220944e-05
9.096,9.93507341805167e-05
9.152,9.98090909518602e-05
9.208,0.000100266044014133
9.264,0.000100721599805724
9.32,0.000101175764725712
9.376,0.000101628545134156
9.432,0.0001020799473524
9.488,0.000102529977663363
9.544,0.000102978642311832
9.6,0.000103425947504752
9.656,0.000103871899411508
9.712,0.000104316504164214
9.768,0.000104759767857988
9.824,0.000105201696551239
9.88,0.000105642296265934
9.936,0.000106081572987878
9.992,0.00010651953266698
10.048,0.000106956181217526
10.104,0.000107391524518444
10.16,0.000107825568413567
10.216,0.000108258318711894
10.272,0.00010868978118785
10.328,0.000109119961581543
10.384,0.00010954886559902
10.44,0.000109976498912516
10.496,0.000110402867160705
10.552,0.000110827975948951
10.608,0.000111251830849549
10.664,0.00011167443740197
10.72,0.000112095801113107
10.776,0.000112515927457506
10.832,0.00011293482187761
10.888,0.000113352489783989
10.944,0.000113768936555577
11,0.000114184167539901
11.056,0.000114598188053309
11.112,0.000115011003381199
11.168,0.000115422618778242
11.224,0.000115833039468606
11.28,0.000116242270646179
11.336,0.000116650317474782
11.392,0.000117057185088393
11.448,0.000117462878591358
11.504,0.000117867403058607
11.56,0.000118270763535864
11.616,0.000118672965039857
11.672,0.000119074012558527
11.728,0.000119473911051233
11.784,0.000119872665448956
11.84,0.000120270280654505
11.896,0.000120666761542714
11.952,0.000121062112960641
12.008,0.000121456339727771
12.064,0.000121849446636206
12.12,0.000122241438450861
12.176,0.000122632319909657
12.232,0.000123022095723712
12.288,0.000123410770577531
12.344,0.000123798349129191
12.4,0.000124184836010529
12.456,0.000124570235827327
12.512,0.000124954553159493
12.568,0.000125337792561245
12.624,0.000125719958561289
12.68,0.000126101055662997
12.736,0.000126481088344587
12.792,0.000126860061059293
12.848,0.000127237978235544
12.904,0.000127614844277136
12.96,0.000127990663563399
13.016,0.000128365440449371
13.072,0.000128739179265963
13.128,0.00012911188432013
13.184,0.000129483559895031
13.24,0.000129854210250198
13.296,0.000130223839621696
13.352,0.000130592452222283
13.408,0.000130960052241576
13.464,0.000131326643846202
13.52,0.000131692231179962
13.576,0.000132056818363982
13.632,0.000132420409496871
13.688,0.000132783008654876
13.744,0.000133144619892028
13.8,0.000133505247240301
13.856,0.000133864894709755
13.912,0.00013422356628869
13.968,0.00013458126594379
14.024,0.000134937997620271
14.08,0.000135293765242024
14.136,0.000135648572711762
14.192,0.000136002423911159
14.248,0.000136355322700996
14.304,0.000136707272921297
14.36,0.000137058278391471
14.416,0.000137408342910449
14.472,0.000137757470256822
14.528,0.000138105664188976
14.584,0.000138452928445227
14.64,0.000138799266743956
14.696,0.00013914468278374
14.752,0.000139489180243483
14.808,0.000139832762782552
14.864,0.000140175434040899
14.92,0.000140517197639194
14.976,0.000140858057178952
15.032,0.000141198016242661
15.088,0.000141537078393901
15.144,0.000141875247177478
15.2,0.000142212526119541
15.256,0.000142548918727705
15.312,0.000142884428491175
15.368,0.000143219058880866
15.424,0.000143552813349522
15.48,0.000143885695331834
15.536,0.000144217708244561
15.592,0.000144548855486641
15.648,0.000144879140439315
15.704,0.000145208566466234
15.76,0.00014553713691358
15.816,0.000145864855110174
15.872,0.000146191724367592
15.928,0.000146517747980275
15.984,0.000146842929225639
16.04,0.000147167271364187
16.096,0.000147490777639616
16.152,0.000147813451278926
16.208,0.000148135295492527
16.264,0.000148456313474346
16.32,0.000148776508401931
16.376,0.000149095883436559
16.432,0.000149414441723336
16.488,0.000149732186391306
16.544,0.000150049120553544
16.6,0.00015036524730727
16.656,0.000150680569733939
16.712,0.000150995090899346
16.768,0.000151308813853727
16.824,0.000151621741631853
16.88,0.000151933877253132
16.936,0.000152245223721704
16.992,0.000152555784026538
17.048,0.000152865561141527
17.104,0.000153174558025584
17.16,0.000153482777622734
17.216,0.000153790222862211
17.272,0.000154096896658549
17.328,0.000154402801911672
17.384,0.000154707941506989
17.44,0.000155012318315484
17.496,0.000155315935193802
17.552,0.000155618794984345
17.608,0.000155920900515356
17.664,0.000156222254601007
17.72,0.000156522860041488
17.776,0.000156822719623096
17.832,0.000157121836118315
17.888,0.000157420212285908
17.944,0.000157717850870996
18,0.000158014754605147
18.056,0.000158310926206456
18.112,0.000158606368379631
18.168,0.000158901083816071
18.224,0.000159195075193955
18.28,0.000159488345178314
18.336,0.00015978089642112
18.392,0.000160072731561358
18.448,0.000160363853225114
18.504,0.000160654264025645
18.56,0.000160943966563464
18.616,0.000161232963426415
18.672,0.00016152125718975
18.728,0.000161808850416203
18.784,0.000162095745656072
18.84,0.000162381945447289
18.896,0.000162667452315498
18.952,0.000162952268774126
19.008,0.00016323639732446
19.064,0.000163519840455721
19.12,0.00016380260064513
19.176,0.00016408468035799
19.232,0.000164366082047749
19.288,0.000164646808156076
19.344,0.00016492686111293
19.4,0.000165206243336631
19.456,0.000165484957233927
19.512,0.000165763005200068
19.568,0.00016604038961887
19.624,0.000166317112862785
19.68,0.000166593177292968
19.736,0.000166868585259346
19.792,0.000167143339100683
19.848,0.000167417441144645
19.904,0.000167690893707869
19.96,0.000167963699096026
20.016,0.000168235859603885
20.072,0.000168507377515382
20.128,0.000168778255103676
20.184,0.000169048494631222
20.24,0.000169318098349824
20.296,0.000169587068500706
20.352,0.00016985540731457
20.408,0.000170123117011657
20.464,0.000170390199801811
20.52,0.000170656657884537
20.576,0.000170922493449064
20.632,0.000171187708674403
20.688,0.000171452305729408
20.744,0.000171716286772832
20.8,0.000171979653953391
20.856,0.000172242409409818
20.912,0.000172504555270923
20.968,0.000172766093655647
21.024,0.000173027026673125
21.08,0.000173287356422738
21.136,0.000173547084994172
21.192,0.000173806214467471
21.248,0.000174064746913095
21.304,0.000174322684391975
21.36,0.000174580028955568
21.416,0.000174836782645907
21.472,0.000175092947495662
21.528,0.000175348525528189
21.584,0.000175603518757584
21.64,0.000175857929188738
21.696,0.000176111758817386
21.752,0.000176365009630162
21.808,0.00017661768360465
21.864,0.000176869782709436
21.92,0.000177121308904157
21.976,0.000177372264139555
22.032,0.000177622650357524
22.088,0.000177872469491163
22.144,0.000178121723464825
22.2,0.000178370414194166
22.256,0.000178618543586192
22.312,0.000178866113539312
22.368,0.000179113125943383
22.424,0.000179359582679761
22.48,0.000179605485621345
22.536,0.000179850836632628
22.592,0.000180095637569741
22.648,0.000180339890280505
22.704,0.00018058359660447
22.76,0.000180826758372966
22.816,0.00018106937740915
22.872,0.000181311455528049
22.928,0.000181552994536603
22.984,0.000181793996233716
23.04,0.000182034462410297
23.096,0.000182274394849304
23.152,0.000182513795325788
23.208,0.00018275266560694
23.264,0.00018299100745213
23.32,0.000183228822612954
23.376,0.000183466112833274
23.432,0.000183702879849263
23.488,0.000183939125389444
23.544,0.000184174851174738
23.6,0.000184410058918498
23.656,0.000184644750326557
23.712,0.000184878927097267
23.768,0.000185112590921539
23.824,0.000185345743482883
23.88,0.000185578386457453
23.936,0.000185810521514083
23.992,0.000186042150314326
24.048,0.000186273274512498
24.104,0.000186503895755713
24.16,0.000186734015683927
24.216,0.000186963635929972
24.272,0.000187192758119596
24.328,0.000187421383871503
24.384,0.000187649514797391
24.44,0.000187877152501987
24.496,0.000188104298583088
24.552,0.000188330954631598
24.608,0.00018855712223156
24.664,0.000188782802960202
24.72,0.000189007998387966
24.776,0.000189232710078548
24.832,0.000189456939588933
24.888,0.00018968068846943
24.944,0.000189903958263712
25,0.000190126750508845
25.056,0.000190349066735331
25.112,0.000190570908467135
25.168,0.000190792277221725
25.224,0.000191013174510106
25.28,0.000191233601836853
25.336,0.000191453560700145
25.392,0.000191673052591802
25.448,0.000191892078997314
25.504,0.000192110641395878
25.56,0.000192328741260431
25.616,0.000192546380057681
25.672,0.000192763559248142
25.728,0.000192980280286166
25.784,0.000193196544619976
25.84,0.000193412353691696
25.896,0.000193627708937385
25.952,0.00019384261178707
26.008,0.000194057063664776
26.064,0.000194271065988555
26.12,0.000194484620170523
26.176,0.000194697727616887
26.232,0.000194910389727977
26.288,0.000195122607898275
26.344,0.000195334383516449
26.4,0.000195545717965381
26.456,0.000195756612622196
26.512,0.000195967068858294
26.568,0.000196177088039379
26.624,0.00019638667152549
26.68,0.000196595820671027
26.736,0.000196804536824782
26.792,0.00019701282132997
26.848,0.000197220675524254
26.904,0.000197428100739777
26.96,0.000197635098303187
27.016,0.000197841669535669
27.072,0.000198047815752972
27.128,0.000198253538265434
27.184,0.000198458838378013
27.24,0.000198663717390316
27.296,0.000198868176596621
27.352,0.000199072217285908
27.408,0.000199275840741887
27.464,0.000199479048243021
27.52,0.000199681841062558
27.576,0.000199884220468552
27.632,0.000200086187723894
27.688,0.000200287744086335
27.744,0.000200488890808515
27.8,0.000200689629137987
27.856,0.000200889960317242
27.912,0.000201089885583737
27.968,0.00020128940616992
28.024,0.000201488523303254
28.08,0.000201687238206242
28.136,0.000201885552096455
28.192,0.000202083466186552
28.248,0.00020228098168431
28.304,0.000202478099792646
28.36,0.000202674821709639
28.416,0.000202871148628558
28.472,0.000203067081737887
28.528,0.000203262622221344
28.584,0.000203457771257908
28.64,0.000203652530021845
28.696,0.000203846899682725
28.752,0.000204040881405453
28.808,0.000204234476350287
28.864,0.000204427685672861
28.92,0.000204620510524214
28.976,0.000204812952050804
29.032,0.000205005011394539
29.088,0.000205196689692793
29.144,0.000205387988078434
29.2,0.000205578907679842
29.256,0.000205769449620934
29.312,0.000205959615021183
29.368,0.000206149404995644
29.424,0.000206338820654973
29.48,0.000206527863105448
29.536,0.000206716533448994
29.592,0.000206904832783201
29.648,0.000207092762201346
29.704,0.000207280322792416
29.76,0.000207467515641128
29.816,0.000207654341827947
29.872,0.000207840802429112
29.928,0.000208026898516655
29.984,0.000208212631158417
30.04,0.000208398001418074
30.096,0.000208583010355157
30.152,0.000208767659025068
30.208,0.000208951948479104
30.264,0.000209135879764475
30.32,0.000209319453924324
30.376,0.00020950267199775
30.432,0.00020968553501982
30.488,0.000209868044021598
30.544,0.000210050200030156
30.6,0.000210232004068599
30.656,0.00021041345715608
30.712,0.000210594560307825
30.768,0.000210775314535143
30.824,0.000210955720845453
30.88,0.0002111357802423
30.936,0.00021131549372537
30.992,0.000211494862290515
31.048,0.000211673886929767
31.104,0.000211852568631356
31.16,0.000212030908379732
31.216,0.000212208907155577
31.272,0.000212386565935831
31.328,0.000212563885693703
31.384,0.00021274086739869
31.44,0.000212917512016599
31.496,0.000213093820509559
31.552,0.000213269793836042
31.608,0.00021344543295088
31.664,0.000213620738805279
31.72,0.000213795712346842
31.776,0.00021397035451958
31.832,0.000214144666263935
31.888,0.000214318648516789
31.944,0.000214492302211491
32,0.000214665628277863
