"ResDensity","N_TraitValue"
2,8.69372322365279e-06
2.076,8.99567216144506e-06
2.152,9.29572568022612e-06
2.228,9.59390157127853e-06
2.304,9.89021740391639e-06
2.38,1.01846905289362e-05
2.456,1.04773380820037e-05
2.532,1.07681769869775e-05
2.608,1.10572239591719e-05
2.684,1.13444955085593e-05
2.76,1.16300079429133e-05
2.836,1.19137773708951e-05
2.912,1.2195819705083e-05
2.988,1.24761506649467e-05
3.064,1.27547857797683e-05
3.14,1.30317403915092e-05
3.216,1.33070296576267e-05
3.292,1.35806685538389e-05
3.368,1.38526718768404e-05
3.444,1.41230542469698e-05
3.52,1.43918301108288e-05
3.596,1.46590137438556e-05
3.672,1.49246192528521e-05
3.748,1.5188660578467e-05
3.824,1.54511514976346e-05
3.9,1.57121056259712e-05
3.976,1.59715364201291e-05
4.052,1.622945718011e-05
4.128,1.64858810515379e-05
4.204,1.67408210278923e-05
4.28,1.69942899527031e-05
4.356,1.72463005217074e-05
4.432,1.74968652849694e-05
4.508,1.77459966489635e-05
4.584,1.79937068786222e-05
4.66,1.8240008099349e-05
4.736,1.84849122989966e-05
4.812,1.87284313298121e-05
4.888,1.89705769103489e-05
4.964,1.92113606273466e-05
5.04,1.94507939375791e-05
5.116,1.96888881696719e-05
5.192,1.99256545258883e-05
5.268,2.01611040838872e-05
5.344,2.039524779845e-05
5.42,2.062809650318e-05
5.496,2.08596609121735e-05
5.572,2.10899516216627e-05
5.648,2.13189791116323e-05
5.724,2.15467537474092e-05
5.8,2.17732857812264e-05
5.876,2.19985853537609e-05
5.952,2.22226624956472e-05
6.028,2.24455271289659e-05
6.104,2.26671890687081e-05
6.18,2.28876580242164e-05
6.256,2.31069436006025e-05
6.332,2.33250553001423e-05
6.408,2.35420025236482e-05
6.484,2.37577945718199e-05
6.56,2.39724406465737e-05
6.636,2.41859498523502e-05
6.712,2.43983311974016e-05
6.788,2.46095935950591e-05
6.864,2.48197458649791e-05
6.94,2.50287967343715e-05
7.016,2.52367548392069e-05
7.092,2.54436287254063e-05
7.168,2.56494268500118e-05
7.244,2.58541575823389e-05
7.32,2.6057829205111e-05
7.396,2.62604499155766e-05
7.472,2.6462027826609e-05
7.548,2.66625709677888e-05
7.624,2.68620872864708e-05
7.7,2.7060584648833e-05
7.776,2.7258070840911e-05
7.852,2.7454553569616e-05
7.928,2.76500404637369e-05
8.004,2.78445390749282e-05
8.08,2.80380568786823e-05
8.156,2.82306012752871e-05
8.232,2.84221795907692e-05
8.308,2.86127990778237e-05
8.384,2.88024669167287e-05
8.46,2.89911902162473e-05
8.536,2.91789760145156e-05
8.612,2.9365831279918e-05
8.688,2.95517629119486e-05
8.764,2.97367777420606e-05
8.84,2.99208825345034e-05
8.916,3.01040839871464e-05
8.992,3.02863887322916e-05
9.068,3.04678033374739e-05
9.144,3.06483343062496e-05
9.22,3.08279880789739e-05
9.296,3.10067710335665e-05
9.372,3.11846894862664e-05
9.448,3.1361749692376e-05
9.524,3.15379578469939e-05
9.6,3.17133200857374e-05
9.676,3.1887842485455e-05
9.752,3.20615310649281e-05
9.828,3.2234391785563e-05
9.904,3.24064305520728e-05
9.98,3.25776532131501e-05
10.056,3.27480655621295e-05
10.132,3.29176733376408e-05
10.208,3.30864822242539e-05
10.284,3.32544978531131e-05
10.36,3.34217258025637e-05
10.436,3.35881715987694e-05
10.512,3.37538407163208e-05
10.588,3.39187385788357e-05
10.664,3.40828705595512e-05
10.74,3.42462419819069e-05
10.816,3.44088581201208e-05
10.892,3.4570724199757e-05
10.968,3.47318453982849e-05
11.044,3.48922268456318e-05
11.12,3.5051873624727e-05
11.196,3.52107907720388e-05
11.272,3.53689832781044e-05
11.348,3.55264560880522e-05
11.424,3.56832141021168e-05
11.5,3.58392621761477e-05
11.576,3.59946051221106e-05
11.652,3.61492477085818e-05
11.728,3.63031946612364e-05
11.804,3.64564506633296e-05
11.88,3.66090203561716e-05
11.956,3.67609083395961e-05
12.032,3.69121191724227e-05
12.108,3.70626573729128e-05
12.184,3.721252741922e-05
12.26,3.73617337498337e-05
12.336,3.75102807640177e-05
12.412,3.7658172822242e-05
12.488,3.78054142466104e-05
12.564,3.79520093212805e-05
12.64,3.80979622928799e-05
12.716,3.82432773709162e-05
12.792,3.83879587281813e-05
12.868,3.85320105011513e-05
12.944,3.86754367903804e-05
13.02,3.88182416608903e-05
13.096,3.89604291425537e-05
13.172,3.91020032304741e-05
13.248,3.92429678853594e-05
13.324,3.93833270338916e-05
13.4,3.9523084569091e-05
13.476,3.96622443506768e-05
13.552,3.98008102054218e-05
13.628,3.99387859275034e-05
13.704,4.00761752788501e-05
13.78,4.02129819894829e-05
13.856,4.03492097578537e-05
13.932,4.04848622511775e-05
14.008,4.06199431057626e-05
14.084,4.07544559273346e-05
14.16,4.08884042913577e-05
14.236,4.10217917433516e-05
14.312,4.11546217992038e-05
14.388,4.12868979454793e-05
14.464,4.14186236397248e-05
14.54,4.15498023107705e-05
14.616,4.16804373590278e-05
14.692,4.18105321567823e-05
14.768,4.1940090048485e-05
14.844,4.2069114351038e-05
14.92,4.21976083540782e-05
14.996,4.23255753202566e-05
15.072,4.24530184855145e-05
15.148,4.25799410593562e-05
15.224,4.27063462251187e-05
15.3,4.28322371402374e-05
15.376,4.29576169365093e-05
15.452,4.30824887203526e-05
15.528,4.32068555730636e-05
15.604,4.33307205510694e-05
15.68,4.34540866861791e-05
15.756,4.35769569858304e-05
15.832,4.36993344333349e-05
15.908,4.38212219881185e-05
15.984,4.39426225859609e-05
16.06,4.40635391392307e-05
16.136,4.41839745371186e-05
16.212,4.43039316458674e-05
16.288,4.44234133089993e-05
16.364,4.45424223475409e-05
16.44,4.46609615602448e-05
16.516,4.47790337238093e-05
16.592,4.48966415930951e-05
16.668,4.50137879013397e-05
16.744,4.51304753603688e-05
16.82,4.52467066608059e-05
16.896,4.53624844722789e-05
16.972,4.54778114436249e-05
17.048,4.55926902030914e-05
17.124,4.57071233585368e-05
17.2,4.58211134976271e-05
17.276,4.59346631880316e-05
17.352,4.6047774977615e-05
17.428,4.61604513946285e-05
17.504,4.62726949478978e-05
17.58,4.63845081270096e-05
17.656,4.64958934024955e-05
17.732,4.6606853226014e-05
17.808,4.67173900305305e-05
17.884,4.68275062304949e-05
17.96,4.69372042220173e-05
18.036,4.70464863830424e-05
18.112,4.71553550735207e-05
18.188,4.72638126355787e-05
18.264,4.73718613936866e-05
18.34,4.74795036548247e-05
18.416,4.75867417086473e-05
18.492,4.76935778276454e-05
18.568,4.78000142673066e-05
18.644,4.79060532662747e-05
18.72,4.80116970465057e-05
18.796,4.81169478134239e-05
18.872,4.82218077560745e-05
18.948,4.83262790472762e-05
19.024,4.84303638437706e-05
19.1,4.85340642863712e-05
19.176,4.86373825001095e-05
19.252,4.87403205943808e-05
19.328,4.88428806630874e-05
19.404,4.89450647847808e-05
19.48,4.90468750228017e-05
19.556,4.91483134254195e-05
19.632,4.9249382025969e-05
19.708,4.93500828429869e-05
19.784,4.94504178803458e-05
19.86,4.95503891273869e-05
19.936,4.96499985590523e-05
20.012,4.9749248136014e-05
20.088,4.98481398048034e-05
20.164,4.99466754979382e-05
20.24,5.00448571340482e-05
20.316,5.01426866179999e-05
20.392,5.02401658410199e-05
20.468,5.03372966808166e-05
20.544,5.04340810017006e-05
20.62,5.05305206547042e-05
20.696,5.06266174776995e-05
20.772,5.07223732955149e-05
20.848,5.08177899200507e-05
20.924,5.09128691503934e-05
21,5.10076127729289e-05
21.076,5.11020225614542e-05
21.152,5.1196100277288e-05
21.228,5.12898476693805e-05
21.304,5.13832664744217e-05
21.38,5.14763584169487e-05
21.456,5.15691252094515e-05
21.532,5.16615685524784e-05
21.608,5.17536901347398e-05
21.684,5.18454916332107e-05
21.76,5.1936974713233e-05
21.836,5.20281410286159e-05
21.912,5.21189922217357e-05
21.988,5.2209529923634e-05
22.064,5.22997557541161e-05
22.14,5.23896713218466e-05
22.216,5.24792782244461e-05
22.292,5.25685780485848e-05
22.368,5.26575723700769e-05
22.444,5.2746262753973e-05
22.52,5.28346507546516e-05
22.596,5.29227379159106e-05
22.672,5.30105257710563e-05
22.748,5.3098015842993e-05
22.824,5.3185209644311e-05
22.9,5.32721086773734e-05
22.976,5.33587144344028e-05
23.052,5.34450283975666e-05
23.128,5.35310520390612e-05
23.204,5.36167868211964e-05
23.28,5.37022341964775e-05
23.356,5.3787395607688e-05
23.432,5.38722724879703e-05
23.508,5.39568662609063e-05
23.584,5.4041178340597e-05
23.66,5.41252101317414e-05
23.736,5.42089630297142e-05
23.812,5.42924384206433e-05
23.888,5.43756376814863e-05
23.964,5.44585621801059e-05
24.04,5.45412132753453e-05
24.116,5.46235923171019e-05
24.192,5.47057006464014e-05
24.268,5.47875395954701e-05
24.344,5.4869110487807e-05
24.42,5.49504146382555e-05
24.496,5.50314533530736e-05
24.572,5.51122279300041e-05
24.648,5.51927396583438e-05
24.724,5.52729898190123e-05
24.8,5.53529796846195e-05
24.876,5.54327105195334e-05
24.952,5.55121835799462e-05
25.028,5.55914001139406e-05
25.104,5.56703613615552e-05
25.18,5.57490685548489e-05
25.256,5.58275229179653e-05
25.332,5.59057256671957e-05
25.408,5.59836780110425e-05
25.484,5.60613811502814e-05
25.56,5.61388362780224e-05
25.636,5.62160445797717e-05
25.712,5.62930072334917e-05
25.788,5.6369725409661e-05
25.864,5.64462002713339e-05
25.94,5.6522432974199e-05
26.016,5.65984246666373e-05
26.092,5.66741764897801e-05
26.168,5.67496895775663e-05
26.244,5.68249650567983e-05
26.32,5.69000040471988e-05
26.396,5.69748076614658e-05
26.472,5.70493770053279e-05
26.548,5.71237131775987e-05
26.624,5.71978172702306e-05
26.7,5.72716903683685e-05
26.776,5.73453335504027e-05
26.852,5.74187478880213e-05
26.928,5.74919344462624e-05
27.004,5.75648942835652e-05
27.08,5.76376284518215e-05
27.156,5.77101379964258e-05
27.232,5.77824239563258e-05
27.308,5.78544873640718e-05
27.384,5.79263292458657e-05
27.46,5.79979506216102e-05
27.536,5.80693525049566e-05
27.612,5.81405359033527e-05
27.688,5.82115018180905e-05
27.764,5.82822512443529e-05
27.84,5.83527851712599e-05
27.916,5.84231045819155e-05
27.992,5.84932104534526e-05
28.068,5.85631037570787e-05
28.144,5.86327854581206e-05
28.22,5.87022565160688e-05
28.296,5.87715178846218e-05
28.372,5.88405705117293e-05
28.448,5.89094153396359e-05
28.524,5.89780533049236e-05
28.6,5.90464853385544e-05
28.676,5.91147123659126e-05
28.752,5.91827353068462e-05
28.828,5.92505550757083e-05
28.904,5.93181725813984e-05
28.98,5.93855887274023e-05
29.056,5.94528044118332e-05
29.132,5.9519820527471e-05
29.208,5.95866379618019e-05
29.284,5.96532575970577e-05
29.36,5.97196803102548e-05
29.436,5.97859069732322e-05
29.512,5.985193845269e-05
29.588,5.99177756102272e-05
29.664,5.99834193023791e-05
29.74,6.00488703806545e-05
29.816,6.01141296915723e-05
29.892,6.01791980766982e-05
29.968,6.0244076372681e-05
30.044,6.03087654112883e-05
30.12,6.03732660194418e-05
30.196,6.04375790192529e-05
30.272,6.05017052280578e-05
30.348,6.05656454584513e-05
30.424,6.06294005183221e-05
30.5,6.06929712108861e-05
30.576,6.07563583347207e-05
30.652,6.08195626837977e-05
30.728,6.08825850475169e-05
30.804,6.09454262107386e-05
30.88,6.10080869538163e-05
30.956,6.10705680526295e-05
31.032,6.11328702786146e-05
31.108,6.1194994398798e-05
31.184,6.12569411758264e-05
31.26,6.13187113679987e-05
31.336,6.13803057292969e-05
31.412,6.14417250094164e-05
31.488,6.15029699537968e-05
31.564,6.15640413036518e-05
31.64,6.16249397959992e-05
31.716,6.16856661636907e-05
31.792,6.17462211354411e-05
31.868,6.18066054358574e-05
31.944,6.18668197854679e-05
32.02,6.19268649007508e-05
32.096,6.19867414941624e-05
32.172,6.20464502741657e-05
32.248,6.2105991945258e-05
32.324,6.21653672079986e-05
32.4,6.22245767590366e-05
32.476,6.22836212911378e-05
32.552,6.23425014932118e-05
32.628,6.2401218050339e-05
32.704,6.2459771643797e-05
32.78,6.25181629510867e-05
32.856,6.25763926459591e-05
32.932,6.26344613984405e-05
33.008,6.26923698748587e-05
33.084,6.27501187378681e-05
33.16,6.28077086464754e-05
33.236,6.28651402560642e-05
33.312,6.29224142184204e-05
33.388,6.29795311817562e-05
33.464,6.30364917907352e-05
33.54,6.30932966864961e-05
33.616,6.31499465066775e-05
33.692,6.32064418854407e-05
33.768,6.32627834534943e-05
33.844,6.33189718381173e-05
33.92,6.33750076631821e-05
33.996,6.34308915491784e-05
34.072,6.3486624113235e-05
34.148,6.35422059691436e-05
34.224,6.35976377273806e-05
34.3,6.36529199951296e-05
34.376,6.37080533763039e-05
34.452,6.37630384715682e-05
34.528,6.38178758783602e-05
34.604,6.38725661909128e-05
34.68,6.39271100002751e-05
34.756,6.39815078943339e-05
34.832,6.40357604578349e-05
34.908,6.40898682724033e-05
34.984,6.41438319165651e-05
35.06,6.41976519657671e-05
35.136,6.42513289923979e-05
35.212,6.4304863565808e-05
35.288,6.43582562523298e-05
35.364,6.44115076152978e-05
35.44,6.44646182150681e-05
35.516,6.45175886090386e-05
35.592,6.45704193516676e-05
35.668,6.46231109944944e-05
35.744,6.46756640861572e-05
35.82,6.47280791724129e-05
35.896,6.4780356796156e-05
35.972,6.4832497497437e-05
36.048,6.48845018134811e-05
36.124,6.49363702787069e-05
36.2,6.49881034247444e-05
36.276,6.50397017804534e-05
36.352,6.50911658719411e-05
36.428,6.51424962225807e-05
36.504,6.51936933530286e-05
36.58,6.52447577812418e-05
36.656,6.52956900224962e-05
36.732,6.5346490589403e-05
36.808,6.53971599919267e-05
36.884,6.54476987374016e-05
36.96,6.54981073305488e-05
37.036,6.55483862734935e-05
37.112,6.55985360657808e-05
37.188,6.56485572043932e-05
37.264,6.56984501837664e-05
37.34,6.57482154958056e-05
37.416,6.57978536299021e-05
37.492,6.58473650729488e-05
37.568,6.58967503093565e-05
37.644,6.59460098210696e-05
37.72,6.59951440875818e-05
37.796,6.60441535859514e-05
37.872,6.60930387908172e-05
37.948,6.61418001744134e-05
38.024,6.61904382065852e-05
38.1,6.62389533548033e-05
38.176,6.62873460841796e-05
38.252,6.63356168574817e-05
38.328,6.63837661351474e-05
38.404,6.64317943752998e-05
38.48,6.64797020337616e-05
38.556,6.65274895640696e-05
38.632,6.65751574174889e-05
38.708,6.66227060430271e-05
38.784,6.66701358874487e-05
38.86,6.67174473952886e-05
38.936,6.67646410088665e-05
39.012,6.68117171683002e-05
39.088,6.68586763115196e-05
39.164,6.69055188742804e-05
39.24,6.6952245290177e-05
39.316,6.69988559906565e-05
39.392,6.70453514050318e-05
39.468,6.70917319604945e-05
39.544,6.71379980821282e-05
39.62,6.71841501929217e-05
39.696,6.72301887137816e-05
39.772,6.7276114063545e-05
39.848,6.73219266589925e-05
39.924,6.73676269148607e-05
40,6.74132152438546e-05
