"ResDensity","N_TraitValue"
12.82399542,2.00180259903018
14.08074683376,2.18963125947355
15.33749824752,2.37603856360368
16.59424966128,2.56104058435622
17.85100107504,2.74465315323623
19.1077524888,2.92689186483441
20.36450390256,3.10777208124229
21.62125531632,3.28730893636898
22.87800673008,3.46551734016224
24.13475814384,3.64241198273605
25.3915095576,3.81800733840734
26.64826097136,3.99231766964401
27.90501238512,4.16535703092668
29.16176379888,4.33713927252617
30.41851521264,4.50767804419906
31.6752666264,4.67698679880319
32.93201804016,4.84507879583525
34.18876945392,5.0119671048924
35.44552086768,5.17766460905976
36.70227228144,5.34218400822562
37.9590236952,5.50553782232626
39.21577510896,5.66773839452196
40.47252652272,5.82879789430606
41.72927793648,5.98872832054858
42.98602935024,6.14754150447608
44.242780764,6.30524911258927
45.49953217776,6.46186264951991
46.75628359152,6.61739346082847
48.01303500528,6.77185273574393
49.26978641904,6.92525150984718
50.5265378328,7.07760066769933
51.78328924656,7.22891094541623
53.04004066032,7.37919293319055
54.29679207408,7.52845707776253
55.55354348784,7.67671368484082
56.8102949016,7.82397292147433
58.06704631536,7.9702448183765
59.32379772912,8.11553927220282
60.58054914288,8.25986604778304
61.83730055664,8.40323478030874
63.0940519704,8.5456549774776
64.35080338416,8.68713602159521
65.60755479792,8.82768717163543
66.86430621168,8.9673175652603
68.12105762544,9.1060362208003
69.3778090392,9.24385203919603
70.63456045296,9.38077380590207
71.89131186672,9.51681019275386
73.14806328048,9.65196975979861
74.40481469424,9.78626095709072
75.661566108,9.91969212645294
76.91831752176,10.0522715032036
78.17506893552,10.1840072178509
79.43182034928,10.3149072977553
80.68857176304,10.4449796687595
81.9453231768,10.574232156789
83.20207459056,10.7026724894208
84.45882600432,10.8303082974241
85.71557741808,10.9571471162713
86.97232883184,11.083196387621
88.2290802456,11.2084634607735
89.48583165936,11.3329555940991
90.74258307312,11.4566799564401
91.99933448688,11.5796436284868
93.25608590064,11.7018536041287
94.5128373144,11.8233167917798
95.76958872816,11.9440400156813
97.02634014192,12.0640300171789
98.28309155568,12.1832934559781
99.53984296944,12.3018369113761
100.7965943832,12.4196668834722
102.05334579696,12.5367897943551
103.31009721072,12.6532119892704
104.56684862448,12.7689397377661
105.82360003824,12.8839792348182
107.080351452,12.9983366019361
108.33710286576,13.1120178882485
109.59385427952,13.2250290715701
110.85060569328,13.3373760594493
112.10735710704,13.4490646901974
113.3641085208,13.5601007339005
114.62085993456,13.6704898934128
115.87761134832,13.7802378053328
117.13436276208,13.8893500409634
118.39111417584,13.9978321072539
119.6478655896,14.105689447727
120.90461700336,14.2129274433891
122.16136841712,14.3195514136252
123.41811983088,14.4255666170786
124.67487124464,14.5309782525154
125.9316226584,14.6357914596742
127.18837407216,14.7400113201015
128.44512548592,14.8436428579731
129.70187689968,14.9466910409015
130.95862831344,15.0491607807291
132.2153797272,15.1510569343096
133.47213114096,15.2523843042746
134.72888255472,15.3531476397883
135.98563396848,15.4533516372898
137.24238538224,15.5530009412226
138.499136796,15.652100144752
139.75588820976,15.7506537904711
141.01263962352,15.8486663710949
142.26939103728,15.9461423301427
143.52614245104,16.0430860626101
144.7828938648,16.1395019156291
146.03964527856,16.2353941891182
147.29639669232,16.3307671364216
148.55314810608,16.4256249649379
149.80989951984,16.5199718367392
151.0666509336,16.6138118691792
152.32340234736,16.7071491354929
153.58015376112,16.7999876653856
154.83690517488,16.8923314456125
156.09365658864,16.9841844205503
157.3504080024,17.0755504927578
158.60715941616,17.1664335235293
159.86391082992,17.2568373334384
161.12066224368,17.3467657028731
162.37741365744,17.4362223725633
163.6341650712,17.5252110440989
164.89091648496,17.6137353804408
166.14766789872,17.7017990064234
167.40441931248,17.789405509249
168.66117072624,17.8765584389755
169.91792214,17.9632613089957
171.17467355376,18.049517596509
172.43142496752,18.1353307429871
173.68817638128,18.2207041546308
174.94492779504,18.3056412028214
176.2016792088,18.3901452245642
177.45843062256,18.4742195229253
178.71518203632,18.5578673674625
179.97193345008,18.6410919946488
181.22868486384,18.7238966082897
182.4854362776,18.8062843799348
183.74218769136,18.8882584492822
184.99893910512,18.9698219245777
186.25569051888,19.0509778830074
187.51244193264,19.1317293710851
188.7691933464,19.2120794050331
190.02594476016,19.2920309711579
191.28269617392,19.3715870262201
192.53944758768,19.4507504977991
193.79619900144,19.5295242846522
195.0529504152,19.6079112570681
196.30970182896,19.6859142572157
197.56645324272,19.763536099488
198.82320465648,19.8407795708399
200.07995607024,19.9176474311223
201.336707484,19.9941424134105
202.59345889776,20.0702672243283
203.85021031152,20.1460245443672
205.10696172528,20.2214170282007
206.36371313904,20.2964473049951
207.6204645528,20.3711179787145
208.87721596656,20.4454316284221
210.13396738032,20.5193908085776
211.39071879408,20.5929980493294
212.64747020784,20.6662558568033
213.9042216216,20.7391667133871
215.16097303536,20.8117330780107
216.41772444912,20.8839573864226
217.67447586288,20.9558420514628
218.93122727664,21.027389463331
220.1879786904,21.0986019898517
221.44473010416,21.1694819767355
222.70148151792,21.2400317478366
223.95823293168,21.3102536054067
225.21498434544,21.3801498303457
226.4717357592,21.4497226824482
227.72848717296,21.5189744006475
228.98523858672,21.5879072032557
230.24199000048,21.6565232882
231.49874141424,21.7248248332572
232.755492828,21.7928139962835
234.01224424176,21.8604929154419
235.26899565552,21.9278637094265
236.52574706928,21.9949284776831
237.78249848304,22.061689300628
239.0392498968,22.1281482398627
240.29600131056,22.1943073383859
241.55275272432,22.2601686208035
242.80950413808,22.3257340935345
244.06625555184,22.391005745015
245.3230069656,22.4559855458995
246.57975837936,22.5206754492586
247.83650979312,22.5850773907752
249.09326120688,22.6491932889373
250.35001262064,22.7130250452289
251.6067640344,22.7765745443173
252.86351544816,22.8398436542392
254.12026686192,22.9028342265834
255.37701827568,22.9655480966717
256.63376968944,23.0279870837368
257.8905211032,23.0901529910985
259.14727251696,23.1520476063373
260.40402393072,23.2136727014655
261.66077534448,23.2750300330966
262.91752675824,23.336121342612
264.174278172,23.3969483563258
265.43102958576,23.4575127856477
266.68778099952,23.5178163272428
267.94453241328,23.5778606631908
269.20128382704,23.637647461142
270.4580352408,23.6971783744718
271.71478665456,23.756455042433
272.97153806832,23.8154790903065
274.22828948208,23.8742521295495
275.48504089584,23.9327757579426
276.7417923096,23.991051559734
277.99854372336,24.0490811057832
279.25529513712,24.1068659537015
280.51204655088,24.1644076479916
281.76879796464,24.2217077201854
283.0255493784,24.2787676889795
284.28230079216,24.3355890603697
285.53905220592,24.3921733277833
286.79580361968,24.4485219722102
288.05255503344,24.5046364623316
289.3093064472,24.5605182546483
290.56605786096,24.616168793606
291.82280927472,24.6715895117204
293.07956068848,24.7267818296996
294.33631210224,24.7817471565658
295.593063516,24.8364868897751
296.84981492976,24.891002415336
298.10656634352,24.9452951079264
299.36331775728,24.999366331009
300.62006917104,25.0532174369456
301.8768205848,25.1068497671095
303.13357199856,25.1602646519977
304.39032341232,25.2134634113398
305.64707482608,25.2664473542077
306.90382623984,25.3192177791222
308.1605776536,25.3717759741598
309.41732906736,25.4241232170568
310.67408048112,25.4762607753133
311.93083189488,25.5281899062954
313.18758330864,25.5799118573362
314.4443347224,25.6314278658358
315.70108613616,25.6827391593599
316.95783754992,25.7338469557372
318.21458896368,25.7847524631561
319.47134037744,25.8354568802593
320.7280917912,25.8859613962386
321.98484320496,25.9362671909273
323.24159461872,25.9863754348925
324.49834603248,26.0362872895255
325.75509744624,26.0860039071318
327.01184886,26.1355264310196
328.26860027376,26.1848559955877
329.52535168752,26.2339937264119
330.78210310128,26.2829407403307
332.03885451504,26.3316981455296
333.2956059288,26.3802670416255
334.55235734256,26.4286485197485
335.80910875632,26.4768436626242
337.06586017008,26.5248535446541
338.32261158384,26.5726792319958
339.5793629976,26.6203217826415
340.83611441136,26.6677822464965
342.09286582512,26.7150616654558
343.34961723888,26.7621610734809
344.60636865264,26.8090814966745
345.8631200664,26.8558239533558
347.11987148016,26.9023894541335
348.37662289392,26.9487790019791
349.63337430768,26.9949935922984
350.89012572144,27.0410342130034
352.1468771352,27.0869018445821
353.40362854896,27.1325974601683
354.66037996272,27.1781220256105
355.91713137648,27.2234764995398
357.17388279024,27.2686618334373
358.430634204,27.3136789717008
359.68738561776,27.3585288517101
360.94413703152,27.4032124038925
362.20088844528,27.447730551787
363.45763985904,27.492084212108
364.7143912728,27.5362742948082
365.97114268656,27.5803017031405
367.22789410032,27.6241673337202
368.48464551408,27.6678720765852
369.74139692784,27.7114168152567
370.9981483416,27.7548024267984
372.25489975536,27.7980297818757
373.51165116912,27.8410997448134
374.76840258288,27.8840131736542
376.02515399664,27.9267709202147
377.2819054104,27.9693738301423
378.53865682416,28.011822742971
379.79540823792,28.0541184921764
381.05215965168,28.0962619052302
382.30891106544,28.1382538036541
383.5656624792,28.1800950030735
384.82241389296,28.2217863132701
386.07916530672,28.2633285382339
387.33591672048,28.3047224762155
388.59266813424,28.3459689197767
389.849419548,28.3870686558412
391.10617096176,28.4280224657447
392.36292237552,28.4688311252844
393.61967378928,28.5094954047682
394.87642520304,28.5500160690627
396.1331766168,28.5903938776416
397.38992803056,28.6306295846328
398.64667944432,28.6707239388657
399.90343085808,28.7106776839174
401.16018227184,28.7504915581587
402.4169336856,28.7901662947997
403.67368509936,28.8297026219346
404.93043651312,28.8691012625866
406.18718792688,28.9083629347517
407.44393934064,28.9474883514421
408.7006907544,28.9864782207299
409.95744216816,29.0253332457896
411.21419358192,29.0640541249401
412.47094499568,29.1026415516869
413.72769640944,29.1410962147633
414.9844478232,29.1794187981715
416.24119923696,29.217609981223
417.49795065072,29.2556704385788
418.75470206448,29.2936008402893
420.01145347824,29.3314018518335
421.268204892,29.3690741341577
422.52495630576,29.4066183437143
423.78170771952,29.4440351324999
425.03845913328,29.4813251480931
426.29521054704,29.5184890336915
427.5519619608,29.555527428149
428.80871337456,29.5924409660126
430.06546478832,29.629230277558
431.32221620208,29.665895988826
432.57896761584,29.7024387216581
433.8357190296,29.738859093731
435.09247044336,29.7751577185922
436.34922185712,29.8113352056937
437.60597327088,29.8473921604269
438.86272468464,29.8833291841555
440.1194760984,29.9191468742498
441.37622751216,29.9548458241191
442.63297892592,29.9904266232449
443.88973033968,30.0258898572132
445.14648175344,30.0612361077464
446.4032331672,30.0964659527357
447.65998458096,30.1315799662719
448.91673599472,30.1665787186772
450.17348740848,30.2014627765355
451.43023882224,30.2362327027235
452.686990236,30.2708890564407
453.94374164976,30.3054323932393
455.20049306352,30.339863265054
456.45724447728,30.3741822202317
457.71399589104,30.4083898035598
458.9707473048,30.4424865562961
460.22749871856,30.4764730161964
461.48425013232,30.5103497175432
462.74100154608,30.5441171911739
463.99775295984,30.5777759645079
465.2545043736,30.6113265615748
466.51125578736,30.644769503041
467.76800720112,30.6781053062371
469.02475861488,30.711334485184
470.28151002864,30.74445755062
471.5382614424,30.7774750100265
472.79501285616,30.8103873676541
474.05176426992,30.8431951245481
475.30851568368,30.8758987785741
476.56526709744,30.9084988244433
477.8220185112,30.940995753737
479.07876992496,30.9733900549318
480.33552133872,31.0056822134238
481.59227275248,31.0378727115528
482.84902416624,31.0699620286266
484.10577558,31.1019506409446
485.36252699376,31.1338390218211
486.61927840752,31.1656276416093
487.87602982128,31.1973169677239
489.13278123504,31.228907464664
490.3895326488,31.2603995940361
491.64628406256,31.2917938145766
492.90303547632,31.3230905821735
494.15978689008,31.3542903498892
495.41653830384,31.385393567982
496.6732897176,31.4164006839278
497.93004113136,31.4473121424414
499.18679254512,31.478128385498
500.44354395888,31.5088498523544
501.70029537264,31.5394769795693
502.9570467864,31.5700102010246
504.21379820016,31.6004499479456
505.47054961392,31.6307966489211
506.72730102768,31.6610507299241
507.98405244144,31.691212614331
509.2408038552,31.721282722942
510.49755526896,31.7512614740003
511.75430668272,31.7811492832116
513.01105809648,31.8109465637631
514.26780951024,31.8406537263431
515.524560924,31.8702711791592
516.78131233776,31.8997993279574
518.03806375152,31.9292385760407
519.29481516528,31.958589324287
520.55156657904,31.9878519711678
521.8083179928,32.0170269127659
523.06506940656,32.0461145427935
524.32182082032,32.0751152526098
525.57857223408,32.1040294312384
526.83532364784,32.132857465385
528.0920750616,32.1615997394544
529.34882647536,32.1902566355679
530.60557788912,32.2188285335796
531.86232930288,32.247315811094
533.11908071664,32.2757188434821
534.3758321304,32.3040380038978
535.63258354416,32.3322736632947
536.88933495792,32.3604261904421
538.14608637168,32.3884959519407
539.40283778544,32.4164833122393
540.6595891992,32.4443886336495
541.91634061296,32.4722122763625
543.17309202672,32.4999545984638
544.42984344048,32.5276159559485
545.68659485424,32.5551967027373
546.943346268,32.5826971906909
548.20009768176,32.6101177696251
549.45684909552,32.6374587873258
550.71360050928,32.6647205895637
551.97035192304,32.6919035201085
553.2271033368,32.7190079207439
554.48385475056,32.7460341312816
555.74060616432,32.7729824895755
556.99735757808,32.7998533315359
558.25410899184,32.8266469911434
559.5108604056,32.8533638004628
560.76761181936,32.8800040896565
562.02436323312,32.9065681869987
563.28111464688,32.9330564188882
564.53786606064,32.9594691098624
565.7946174744,32.9858065826101
567.05136888816,33.0120691579849
568.30812030192,33.038257155018
569.56487171568,33.0643708909313
570.82162312944,33.0904106811502
572.0783745432,33.1163768393163
573.33512595696,33.1422696772998
574.59187737072,33.1680895052123
575.84862878448,33.1938366314189
577.10538019824,33.2195113625507
578.362131612,33.2451140035168
579.61888302576,33.2706448575164
580.87563443952,33.2961042260508
582.13238585328,33.3214924089355
583.38913726704,33.3468097043115
584.6458886808,33.3720564086572
585.90264009456,33.3972328168002
587.15939150832,33.4223392219283
588.41614292208,33.4473759156014
589.67289433584,33.4723431877624
590.9296457496,33.4972413267485
592.18639716336,33.5220706193024
593.44314857712,33.5468313505831
594.69989999088,33.5715238041771
595.95665140464,33.5961482621091
597.2134028184,33.6207050048525
598.47015423216,33.6451943113405
599.72690564592,33.6696164589762
600.98365705968,33.6939717236435
602.24040847344,33.7182603797172
603.4971598872,33.7424827000733
604.75391130096,33.7666389560994
606.01066271472,33.7907294177048
607.26741412848,33.8147543533304
608.52416554224,33.8387140299587
609.780916956,33.862608713124
611.03766836976,33.8864386669217
612.29441978352,33.9102041540185
613.55117119728,33.9339054356617
614.80792261104,33.9575427716889
616.0646740248,33.9811164205377
617.32142543856,34.0046266392549
618.57817685232,34.0280736835056
619.83492826608,34.051457807583
621.09167967984,34.0747792644174
622.3484310936,34.098038305585
623.60518250736,34.1212351813174
624.86193392112,34.1443701405103
626.11868533488,34.1674434307325
627.37543674864,34.1904552982346
628.6321881624,34.2134059879582
629.88893957616,34.2362957435438
631.14569098992,34.2591248073402
632.40244240368,34.2818934204127
633.65919381744,34.3046018225515
634.9159452312,34.3272502522803
636.17269664496,34.3498389468647
637.42944805872,34.3723681423201
638.68619947248,34.3948380734205
639.94295088624,34.4172489737061
641.1997023,34.4396010754918
