"ResDensity","N_TraitValue"
1,1.49682548148525e-05
1.022,1.52513612765339e-05
1.044,1.55327630516166e-05
1.066,1.58124754906883e-05
1.088,1.60905137605806e-05
1.11,1.63668928471099e-05
1.132,1.66416275577701e-05
1.154,1.6914732524377e-05
1.176,1.71862222056661e-05
1.198,1.7456110889844e-05
1.22,1.77244126970956e-05
1.242,1.79911415820459e-05
1.264,1.82563113361801e-05
1.286,1.85199355902203e-05
1.308,1.87820278164612e-05
1.33,1.90426013310655e-05
1.352,1.93016692963184e-05
1.374,1.95592447228448e-05
1.396,1.98153404717867e-05
1.418,2.0069969256944e-05
1.44,2.03231436468788e-05
1.462,2.05748760669832e-05
1.484,2.08251788015121e-05
1.506,2.10740639955812e-05
1.528,2.1321543657132e-05
1.55,2.15676296588625e-05
1.572,2.18123337401261e-05
1.594,2.20556675087985e-05
1.616,2.22976424431127e-05
1.638,2.25382698934646e-05
1.66,2.27775610841871e-05
1.682,2.30155271152958e-05
1.704,2.32521789642052e-05
1.726,2.34875274874168e-05
1.748,2.37215834221792e-05
1.77,2.39543573881212e-05
1.792,2.41858598888577e-05
1.814,2.44161013135701e-05
1.836,2.46450919385598e-05
1.858,2.48728419287778e-05
1.88,2.50993613393281e-05
1.902,2.53246601169483e-05
1.924,2.55487481014649e-05
1.946,2.57716350272262e-05
1.968,2.59933305245117e-05
1.99,2.62138441209193e-05
2.012,2.64331852427301e-05
2.034,2.66513632162514e-05
2.056,2.68683872691389e-05
2.078,2.70842665316976e-05
2.1,2.72990100381619e-05
2.122,2.75126267279564e-05
2.144,2.77251254469358e-05
2.166,2.79365149486064e-05
2.188,2.81468038953278e-05
2.21,2.83560008594966e-05
2.232,2.85641143247105e-05
2.254,2.87711526869159e-05
2.276,2.89771242555366e-05
2.298,2.91820372545855e-05
2.32,2.93858998237592e-05
2.342,2.9588720019516e-05
2.364,2.97905058161369e-05
2.386,2.99912651067709e-05
2.408,3.01910057044642e-05
2.43,3.03897353431736e-05
2.452,3.05874616787649e-05
2.474,3.07841922899962e-05
2.496,3.09799346794857e-05
2.518,3.1174696274666e-05
2.54,3.13684844287232e-05
2.562,3.15613064215226e-05
2.584,3.17531694605202e-05
2.606,3.19440806816606e-05
2.628,3.21340471502619e-05
2.65,3.23230758618872e-05
2.672,3.25111737432035e-05
2.694,3.26983476528276e-05
2.716,3.28846043821596e-05
2.738,3.30699506562049e-05
2.76,3.32543931343828e-05
2.782,3.34379384113247e-05
2.804,3.362059301766e-05
2.826,3.38023634207902e-05
2.848,3.39832560256528e-05
2.87,3.41632771754734e-05
2.892,3.4342433152507e-05
2.914,3.45207301787691e-05
2.936,3.46981744167556e-05
2.958,3.48747719701533e-05
2.98,3.50505288845394e-05
3.002,3.52254511480715e-05
3.024,3.53995446921676e-05
3.046,3.55728153921769e-05
3.068,3.57452690680401e-05
3.09,3.59169114849417e-05
3.112,3.6087748353952e-05
3.134,3.62577853326608e-05
3.156,3.64270280258017e-05
3.178,3.65954819858682e-05
3.2,3.67631527137209e-05
3.222,3.69300456591858e-05
3.244,3.70961662216455e-05
3.266,3.72615197506211e-05
3.288,3.74261115463463e-05
3.31,3.7589946860334e-05
3.332,3.77530308959348e-05
3.354,3.79153688088878e-05
3.376,3.80769657078636e-05
3.398,3.82378266550011e-05
3.42,3.8397956666435e-05
3.442,3.8557360712818e-05
3.464,3.87160437198348e-05
3.486,3.88740105687095e-05
3.508,3.90312660967062e-05
3.53,3.91878150976225e-05
3.552,3.9343662322277e-05
3.574,3.94988124789898e-05
3.596,3.96532702340564e-05
3.618,3.98070402122156e-05
3.64,3.99601269971115e-05
3.662,4.01125351317484e-05
3.684,4.02642691189403e-05
3.706,4.04153334217549e-05
3.728,4.05657324639503e-05
3.75,4.07154706304076e-05
3.772,4.08645522675566e-05
3.794,4.10129816837966e-05
3.816,4.11607631499113e-05
3.838,4.13079008994784e-05
3.86,4.14543991292741e-05
3.882,4.16002619996717e-05
3.904,4.17454936350359e-05
3.926,4.18900981241113e-05
3.948,4.20340795204061e-05
3.97,4.2177441842571e-05
3.992,4.23201890747729e-05
4.014,4.24623251670642e-05
4.036,4.2603854035747e-05
4.058,4.27447795637326e-05
4.08,4.28851056008973e-05
4.102,4.30248359644321e-05
4.124,4.31639744391895e-05
4.146,4.33025247780249e-05
4.168,4.3440490702134e-05
4.19,4.35778759013864e-05
4.212,4.37146840346538e-05
4.234,4.38509187301354e-05
4.256,4.39865835856787e-05
4.278,4.41216821690955e-05
4.3,4.42562180184756e-05
4.322,4.4390194642495e-05
4.344,4.45236155207214e-05
4.366,4.46564841039148e-05
4.388,4.47888038143259e-05
4.41,4.4920578045989e-05
4.432,4.50518101650128e-05
4.454,4.51825035098668e-05
4.476,4.53126613916646e-05
4.498,4.54422870944431e-05
4.52,4.55713838754393e-05
4.542,4.56999549653625e-05
4.564,4.58280035686643e-05
4.586,4.59555328638046e-05
4.608,4.60825460035146e-05
4.63,4.62090461150566e-05
4.652,4.6335036300481e-05
4.674,4.64605196368792e-05
4.696,4.65854991766346e-05
4.718,4.670997794767e-05
4.74,4.68339589536923e-05
4.762,4.69574451744335e-05
4.784,4.70804395658904e-05
4.806,4.72029450605593e-05
4.828,4.73249645676702e-05
4.85,4.74465009734163e-05
4.872,4.75675571411819e-05
4.894,4.76881359117672e-05
4.916,4.78082401036106e-05
4.938,4.7927872513008e-05
4.96,4.80470359143304e-05
4.982,4.81657330602377e-05
5.004,4.82839666818912e-05
5.026,4.84017394891627e-05
5.048,4.85190541708417e-05
5.07,4.86359133948402e-05
5.092,4.87523198083945e-05
5.114,4.88682760382654e-05
5.136,4.8983784690936e-05
5.158,4.90988483528063e-05
5.18,4.92134695903869e-05
5.202,4.93276509504898e-05
5.224,4.94413949604165e-05
5.246,4.9554704128145e-05
5.268,4.96675809425138e-05
5.29,4.97800278734044e-05
5.312,4.98920473719213e-05
5.334,5.000364187057e-05
5.356,5.01148137834332e-05
5.378,5.0225565506345e-05
5.4,5.03358994170629e-05
5.422,5.04458178754376e-05
5.444,5.0555323223582e-05
5.466,5.06644177860369e-05
5.488,5.07731038699357e-05
5.51,5.08813837651673e-05
5.532,5.09892597445365e-05
5.554,5.10967340639232e-05
5.576,5.12038089624396e-05
5.598,5.1310486662586e-05
5.62,5.14167693704041e-05
5.642,5.15226592756294e-05
5.664,5.16281585518415e-05
5.686,5.17332693566127e-05
5.708,5.18379938316553e-05
5.73,5.19423341029669e-05
5.752,5.20462922809743e-05
5.774,5.2149870460676e-05
5.796,5.22530707217825e-05
5.818,5.23558951288558e-05
5.84,5.24583457314472e-05
5.862,5.25604245642331e-05
5.884,5.26621336471499e-05
5.906,5.27634749855274e-05
5.928,5.28644505702201e-05
5.95,5.29650623777383e-05
5.972,5.30653123703765e-05
5.994,5.31652024963408e-05
6.016,5.3264734689876e-05
6.038,5.33639108713895e-05
6.06,5.34627329475753e-05
6.082,5.35612028115361e-05
6.104,5.36593223429041e-05
6.126,5.37570934079608e-05
6.148,5.38545178597552e-05
6.17,5.39515975382207e-05
6.192,5.40483342702911e-05
6.214,5.41447298700155e-05
6.236,5.42407861386712e-05
6.258,5.43365048648759e-05
6.28,5.44318878246992e-05
6.302,5.45269367817721e-05
6.324,5.46216534873958e-05
6.346,5.4716039680649e-05
6.368,5.48100970884949e-05
6.39,5.49038274258859e-05
6.412,5.49972323958684e-05
6.434,5.50903136896853e-05
6.456,5.51830729868788e-05
6.478,5.5275511955391e-05
6.5,5.53676322516637e-05
6.522,5.54594355207379e-05
6.544,5.55509233963512e-05
6.566,5.5642097501035e-05
6.588,5.57329594462103e-05
6.61,5.58235108322827e-05
6.632,5.59137532487364e-05
6.654,5.60036882742269e-05
6.676,5.60933174766737e-05
6.698,5.61826424133506e-05
6.72,5.62716646309765e-05
6.742,5.63603856658047e-05
6.764,5.64488070437106e-05
6.786,5.653693028028e-05
6.808,5.66247568808952e-05
6.83,5.67122883408207e-05
6.852,5.67995261452884e-05
6.874,5.68864717695815e-05
6.896,5.69731266791172e-05
6.918,5.70594923295298e-05
6.94,5.71455701667515e-05
6.962,5.72313616270937e-05
6.984,5.73168681373263e-05
7.006,5.74020911147573e-05
7.028,5.74870319673107e-05
7.05,5.75716920936045e-05
7.072,5.7656072883027e-05
7.094,5.7740175715813e-05
7.116,5.78240019631191e-05
7.138,5.79075529870983e-05
7.16,5.79908301409734e-05
7.182,5.80738347691104e-05
7.204,5.8156568207091e-05
7.226,5.82390317817836e-05
7.248,5.8321226811415e-05
7.27,5.840315460564e-05
7.292,5.84848164656113e-05
7.314,5.85662136840484e-05
7.336,5.86473475453056e-05
7.358,5.87282193254398e-05
7.38,5.88088302922772e-05
7.402,5.88891817054795e-05
7.424,5.896927481661e-05
7.446,5.90491108691979e-05
7.468,5.91286910988031e-05
7.49,5.92080167330797e-05
7.512,5.92870889918396e-05
7.534,5.93659090871143e-05
7.556,5.94444782232175e-05
7.578,5.95227975968057e-05
7.6,5.960086839694e-05
7.622,5.96786918051452e-05
7.644,5.97562689954701e-05
7.666,5.98336011345463e-05
7.688,5.99106893816466e-05
7.71,5.9987534888743e-05
7.732,6.00641388005644e-05
7.754,6.01405022546527e-05
7.776,6.021662638142e-05
7.798,6.02925123042037e-05
7.82,6.0368161139322e-05
7.842,6.04435739961287e-05
7.864,6.05187519770673e-05
7.886,6.05936961777248e-05
7.908,6.0668407686885e-05
7.93,6.0742887586581e-05
7.952,6.08171369521476e-05
7.974,6.08911568522731e-05
7.996,6.09649483490503e-05
8.018,6.10385124980278e-05
8.04,6.11118503482596e-05
8.062,6.11849629423559e-05
8.084,6.12578513165316e-05
8.106,6.13305165006559e-05
8.128,6.14029595183002e-05
8.15,6.1475181386787e-05
8.172,6.15471831172368e-05
8.194,6.16189657146153e-05
8.216,6.16905301777809e-05
8.238,6.176187749953e-05
8.26,6.18330086666439e-05
8.282,6.19039246599334e-05
8.304,6.19746264542844e-05
8.326,6.20451150187028e-05
8.348,6.2115391316358e-05
8.37,6.21854563046274e-05
8.392,6.22553109351397e-05
8.414,6.23249561538181e-05
8.436,6.23943929009225e-05
8.458,6.24636221110926e-05
8.48,6.25326447133891e-05
8.502,6.26014616313357e-05
8.524,6.26700737829602e-05
8.546,6.27384820808353e-05
8.568,6.2806687432119e-05
8.59,6.28746907385947e-05
8.612,6.29424928967112e-05
8.634,6.30100947976215e-05
8.656,6.30774973272227e-05
8.678,6.31447013661938e-05
8.7,6.32117077900348e-05
8.722,6.32785174691042e-05
8.744,6.3345131268657e-05
8.766,6.34115500488819e-05
8.788,6.34777746649383e-05
8.81,6.35438059669932e-05
8.832,6.36096448002574e-05
8.854,6.36752920050215e-05
8.876,6.37407484166919e-05
8.898,6.38060148658261e-05
8.92,6.38710921781676e-05
8.942,6.39359811746813e-05
8.964,6.40006826715874e-05
8.986,6.4065197480396e-05
9.008,6.41295264079409e-05
9.03,6.41936702564133e-05
9.052,6.42576298233952e-05
9.074,6.4321405901892e-05
9.096,6.43849992803659e-05
9.118,6.44484107427683e-05
9.14,6.45116410685716e-05
9.162,6.45746910328012e-05
9.184,6.46375614060679e-05
9.206,6.47002529545982e-05
9.228,6.47627664402662e-05
9.25,6.48251026206244e-05
9.272,6.48872622489338e-05
9.294,6.49492460741948e-05
9.316,6.50110548411769e-05
9.338,6.50726892904489e-05
9.36,6.51341501584082e-05
9.382,6.519543817731e-05
9.404,6.52565540752968e-05
9.426,6.5317498576427e-05
9.448,6.53782724007033e-05
9.47,6.54388762641015e-05
9.492,6.54993108785984e-05
9.514,6.55595769521993e-05
9.536,6.56196751889665e-05
9.558,6.56796062890458e-05
9.58,6.57393709486944e-05
9.602,6.57989698603074e-05
9.624,6.58584037124447e-05
9.646,6.59176731898578e-05
9.668,6.59767789735157e-05
9.69,6.60357217406308e-05
9.712,6.60945021646855e-05
9.734,6.61531209154573e-05
9.756,6.62115786590443e-05
9.778,6.62698760578904e-05
9.8,6.63280137708107e-05
9.822,6.63859924530158e-05
9.844,6.64438127561367e-05
9.866,6.65014753282493e-05
9.888,6.65589808138983e-05
9.91,6.66163298541216e-05
9.932,6.66735230864736e-05
9.954,6.67305611450493e-05
9.976,6.67874446605078e-05
9.998,6.68441742600949e-05
10.02,6.69007505676668e-05
10.042,6.69571742037129e-05
10.064,6.70134457853779e-05
10.086,6.70695659264852e-05
10.108,6.71255352375583e-05
10.13,6.71813543258437e-05
10.152,6.72370237953325e-05
10.174,6.7292544246782e-05
10.196,6.73479162777378e-05
10.218,6.74031404825549e-05
10.24,6.7458217452419e-05
10.262,6.75131477753677e-05
10.284,6.75679320363114e-05
10.306,6.76225708170538e-05
10.328,6.7677064696313e-05
10.35,6.77314142497415e-05
10.372,6.77856200499468e-05
10.394,6.7839682666511e-05
10.416,6.78936026660115e-05
10.438,6.794738061204e-05
10.46,6.80010170652228e-05
10.482,6.80545125832399e-05
10.504,6.81078677208443e-05
10.526,6.81610830298815e-05
10.548,6.82141590593083e-05
10.57,6.82670963552115e-05
10.592,6.83198954608271e-05
10.614,6.83725569165583e-05
10.636,6.84250812599947e-05
10.658,6.84774690259297e-05
10.68,6.85297207463794e-05
10.702,6.85818369506001e-05
10.724,6.86338181651065e-05
10.746,6.86856649136892e-05
10.768,6.87373777174325e-05
10.79,6.87889570947318e-05
10.812,6.88404035613107e-05
10.834,6.88917176302385e-05
10.856,6.89428998119471e-05
10.878,6.89939506142479e-05
10.9,6.90448705423487e-05
10.922,6.90956600988703e-05
10.944,6.9146319783863e-05
10.966,6.91968500948231e-05
10.988,6.92472515267091e-05
11.01,6.9297524571958e-05
11.032,6.93476697205011e-05
11.054,6.93976874597801e-05
11.076,6.9447578274763e-05
11.098,6.94973426479594e-05
11.12,6.95469810594364e-05
11.142,6.95964939868338e-05
11.164,6.96458819053799e-05
11.186,6.96951452879058e-05
11.208,6.97442846048614e-05
11.23,6.97933003243299e-05
11.252,6.98421929120428e-05
11.274,6.98909628313946e-05
11.296,6.99396105434574e-05
11.318,6.99881365069956e-05
11.34,7.00365411784801e-05
11.362,7.00848250121028e-05
11.384,7.01329884597908e-05
11.406,7.01810319712202e-05
11.428,7.02289559938305e-05
11.45,7.02767609728383e-05
11.472,7.0324447351251e-05
11.494,7.03720155698808e-05
11.516,7.04194660673579e-05
11.538,7.04667992801441e-05
11.56,7.05140156425463e-05
11.582,7.05611155867299e-05
11.604,7.06080995427315e-05
11.626,7.06549679384724e-05
11.648,7.07017211997716e-05
11.67,7.07483597503585e-05
11.692,7.07948840118857e-05
11.714,7.08412944039418e-05
11.736,7.08875913440642e-05
11.758,7.09337752477512e-05
11.78,7.09798465284747e-05
11.802,7.10258055976925e-05
11.824,7.10716528648607e-05
11.846,7.11173887374453e-05
11.868,7.11630136209352e-05
11.89,7.12085279188531e-05
11.912,7.12539320327685e-05
11.934,7.12992263623085e-05
11.956,7.13444113051702e-05
11.978,7.13894872571321e-05
12,7.14344546120657e-05
