"ResDensity","N_TraitValue"
19.9323,0.000121844172286524
20.2931054,0.000124003760294585
20.6539108,0.000126161747973441
21.0147162,0.000128318137101283
21.3755216,0.000130472929453667
21.736327,0.000132626126803521
22.0971324,0.000134777730921149
22.4579378,0.000136927743574236
22.8187432,0.000139076166527854
23.1795486,0.000141223001544464
23.540354,0.000143368250383924
23.9011594,0.000145511914803493
24.2619648,0.000147653996557833
24.6227702,0.000149794497399018
24.9835756,0.000151933419076537
25.344381,0.000154070763337296
25.7051864,0.000156206531925629
26.0659918,0.000158340726583296
26.4267972,0.000160473349049491
26.7876026,0.00016260440106085
27.148408,0.000164733884351448
27.5092134,0.000166861800652809
27.8700188,0.000168988151693912
28.2308242,0.000171112939201191
28.5916296,0.000173236164898542
28.952435,0.000175357830507329
29.3132404,0.000177477937746387
29.6740458,0.000179596488332025
30.0348512,0.000181713483978035
30.3956566,0.000183828926395693
30.756462,0.000185942817293765
31.1172674,0.000188055158378513
31.4780728,0.000190165951353695
31.8388782,0.000192275197920574
32.1996836,0.000194382899777922
32.560489,0.000196489058622023
32.9212944,0.000198593676146678
33.2820998,0.000200696754043209
33.6429052,0.000202798294000468
34.0037106,0.000204898297704833
34.364516,0.00020699676684022
34.7253214,0.000209093703088085
35.0861268,0.000211189108127428
35.4469322,0.000213282983634797
35.8077376,0.000215375331284295
36.168543,0.00021746615274758
36.5293484,0.000219555449693876
36.8901538,0.000221643223789971
37.2509592,0.000223729476700224
37.6117646,0.000225814210086572
37.97257,0.000227897425608529
38.3333754,0.000229979124923194
38.6941808,0.000232059309685257
39.0549862,0.000234137981546998
39.4157916,0.000236215142158296
39.776597,0.000238290793166633
40.1374024,0.000240364936217095
40.4982078,0.000242437572952381
40.8590132,0.000244508705012801
41.2198186,0.000246578334036288
41.580624,0.000248646461658398
41.9414294,0.000250713089512313
42.3022348,0.000252778219228849
42.6630402,0.000254841852436457
43.0238456,0.00025690399076123
43.384651,0.000258964635826905
43.7454564,0.000261023789254868
44.1062618,0.00026308145266416
44.4670672,0.000265137627671479
44.8278726,0.000267192315891185
45.188678,0.000269245518935303
45.5494834,0.00027129723841353
45.9102888,0.000273347475933238
46.2710942,0.000275396233099476
46.6318996,0.000277443511514977
46.992705,0.000279489312780162
47.3535104,0.000281533638493142
47.7143158,0.000283576490249723
48.0751212,0.000285617869643414
48.4359266,0.000287657778265424
48.796732,0.000289696217704671
49.1575374,0.000291733189547788
49.5183428,0.000293768695379119
49.8791482,0.000295802736780733
50.2399536,0.000297835315332421
50.600759,0.000299866432611703
50.9615644,0.000301896090193831
51.3223698,0.000303924289651795
51.6831752,0.000305951032556325
52.0439806,0.000307976320475895
52.404786,0.00031000015497673
52.7655914,0.000312022537622804
53.1263968,0.000314043469975852
53.4872022,0.000316062953595368
53.8480076,0.000318080990038611
54.208813,0.000320097580860609
54.5696184,0.000322112727614163
54.9304238,0.00032412643184985
55.2912292,0.000326138695116029
55.6520346,0.000328149518958844
56.01284,0.000330158904922227
56.3736454,0.000332166854547903
56.7344508,0.000334173369375394
57.0952562,0.000336178450942022
57.4560616,0.000338182100782914
57.816867,0.000340184320431005
58.1776724,0.000342185111417044
58.5384778,0.000344184475269594
58.8992832,0.000346182413515039
59.2600886,0.000348178927677588
59.620894,0.000350174019279278
59.9816994,0.000352167689839975
60.3425048,0.000354159940877385
60.7033102,0.000356150773907049
61.0641156,0.000358140190442355
61.424921,0.000360128191994536
61.7857264,0.000362114780072677
62.1465318,0.000364099956183718
62.5073372,0.000366083721832456
62.8681426,0.000368066078521554
63.228948,0.000370047027751537
63.5897534,0.000372026571020802
63.9505588,0.000374004709825621
64.3113642,0.000375981445660142
64.6721696,0.000377956780016394
65.032975,0.000379930714384292
65.3937804,0.00038190325025164
65.7545858,0.000383874389104135
66.1153912,0.000385844132425367
66.4761966,0.000387812481696831
66.837002,0.000389779438397923
67.1978074,0.000391745004005945
67.5586128,0.000393709179996114
67.9194182,0.000395671967841558
68.2802236,0.000397633369013326
68.641029,0.000399593384980389
69.0018344,0.000401552017209642
69.3626398,0.000403509267165912
69.7234452,0.000405465136311958
70.0842506,0.000407419626108475
70.445056,0.0004093727380141
70.8058614,0.000411324473485413
71.1666668,0.000413274833976942
71.5274722,0.000415223820941166
71.8882776,0.00041717143582852
72.249083,0.000419117680087398
72.6098884,0.000421062555164152
72.9706938,0.000423006062503105
73.3314992,0.000424948203546547
73.6923046,0.000426888979734739
74.05311,0.000428828392505921
74.4139154,0.000430766443296312
74.7747208,0.000432703133540115
75.1355262,0.00043463846466952
75.4963316,0.000436572438114706
75.857137,0.000438505055303848
76.2179424,0.000440436317663118
76.5787478,0.000442366226616689
76.9395532,0.000444294783586738
77.3003586,0.000446221989993451
77.661164,0.000448147847255025
78.0219694,0.000450072356787674
78.3827748,0.000451995520005627
78.7435802,0.000453917338321137
79.1043856,0.000455837813144484
79.465191,0.000457756945883974
79.8259964,0.000459674737945947
80.1868018,0.000461591190734779
80.5476072,0.000463506305652884
80.9084126,0.000465420084100718
81.269218,0.000467332527476787
81.6300234,0.000469243637177643
81.9908288,0.00047115341459789
82.3516342,0.000473061861130192
82.7124396,0.00047496897816527
83.073245,0.000476874767091907
83.4340504,0.000478779229296957
83.7948558,0.000480682366165338
84.1556612,0.000482584179080045
84.5164666,0.000484484669422148
84.877272,0.000486383838570797
85.2380774,0.000488281687903226
85.5988828,0.000490178218794753
85.9596882,0.00049207343261879
86.3204936,0.000493967330746837
86.681299,0.000495859914548494
87.0421044,0.000497751185391461
87.4029098,0.000499641144641537
87.7637152,0.000501529793662632
88.1245206,0.000503417133816763
88.485326,0.000505303166464061
88.8461314,0.000507187892962771
89.2069368,0.000509071314669261
89.5677422,0.000510953432938018
89.9285476,0.000512834249121656
90.289353,0.00051471376457092
90.6501584,0.000516591980634685
91.0109638,0.000518468898659963
91.3717692,0.000520344519991904
91.7325746,0.000522218845973801
92.09338,0.00052409187794709
92.4541854,0.000525963617251357
92.8149908,0.000527834065224341
93.1757962,0.000529703223201934
93.5366016,0.000531571092518185
93.897407,0.000533437674505307
94.2582124,0.000535302970493675
94.6190178,0.000537166981811833
94.9798232,0.000539029709786493
95.3406286,0.000540891155742545
95.701434,0.000542751321003052
96.0622394,0.00054461020688926
96.4230448,0.000546467814720596
96.7838502,0.000548324145814674
97.1446556,0.000550179201487298
97.505461,0.000552032983052464
97.8662664,0.000553885491822365
98.2270718,0.000555736729107389
98.5878772,0.00055758669621613
98.9486826,0.000559435394455385
99.309488,0.000561282825130159
99.6702934,0.000563128989543669
100.0310988,0.000564973888997344
100.3919042,0.000566817524790833
100.7527096,0.000568659898222002
101.113515,0.000570501010586944
101.4743204,0.000572340863179976
101.8351258,0.000574179457293643
102.1959312,0.000576016794218726
102.5567366,0.000577852875244239
102.917542,0.000579687701657434
103.2783474,0.000581521274743807
103.6391528,0.000583353595787095
103.9999582,0.000585184666069286
104.3607636,0.000587014486870614
104.721569,0.000588843059469571
105.0823744,0.000590670385142903
105.4431798,0.000592496465165615
105.8039852,0.000594321300810975
106.1647906,0.000596144893350516
106.525596,0.00059796724405404
106.8864014,0.00059978835418962
107.2472068,0.000601608225023601
107.6080122,0.000603426857820609
107.9688176,0.000605244253843545
108.329623,0.000607060414353598
108.6904284,0.000608875340610239
109.0512338,0.000610689033871229
109.4120392,0.000612501495392622
109.7728446,0.000614312726428764
110.13365,0.0006161227282323
110.4944554,0.000617931502054175
110.8552608,0.000619739049143638
111.2160662,0.000621545370748241
111.5768716,0.000623350468113849
111.937677,0.000625154342484637
112.2984824,0.000626956995103094
112.6592878,0.000628758427210027
113.0200932,0.000630558640044564
113.3808986,0.000632357634844155
113.741704,0.000634155412844577
114.1025094,0.000635951975279936
114.4633148,0.000637747323382669
114.8241202,0.000639541458383547
115.1849256,0.00064133438151168
115.545731,0.000643126093994518
115.9065364,0.00064491659705785
116.2673418,0.000646705891925818
116.6281472,0.000648493979820905
116.9889526,0.00065028086196395
117.349758,0.000652066539574145
117.7105634,0.000653851013869038
118.0713688,0.000655634286064537
118.4321742,0.000657416357374913
118.7929796,0.000659197229012802
119.153785,0.000660976902189207
119.5145904,0.000662755378113503
119.8753958,0.000664532657993436
120.2362012,0.000666308743035131
120.5970066,0.00066808363444309
120.957812,0.000669857333420197
121.3186174,0.00067162984116772
121.6794228,0.000673401158885315
122.0402282,0.000675171287771027
122.4010336,0.000676940229021293
122.761839,0.000678707983830945
123.1226444,0.000680474553393214
123.4834498,0.00068223993889973
123.8442552,0.000684004141540528
124.2050606,0.000685767162504046
124.565866,0.000687529002977133
124.9266714,0.000689289664145048
125.2874768,0.000691049147191465
125.6482822,0.000692807453298472
126.0090876,0.000694564583646578
126.369893,0.000696320539414714
126.7306984,0.000698075321780234
127.0915038,0.00069982893191892
127.4523092,0.000701581371004984
127.8131146,0.000703332640211068
128.17392,0.000705082740708252
128.5347254,0.000706831673666052
128.8955308,0.000708579440252424
129.2563362,0.000710326041633765
129.6171416,0.000712071478974921
129.977947,0.000713815753439184
130.3387524,0.000715558866188295
130.6995578,0.00071730081838245
131.0603632,0.000719041611180301
131.4211686,0.000720781245738955
131.781974,0.000722519723213984
132.1427794,0.000724257044759421
132.5035848,0.000725993211527764
132.8643902,0.000727728224669981
133.2251956,0.000729462085335511
133.586001,0.000731194794672266
133.9468064,0.000732926353826633
134.3076118,0.000734656763943479
134.6684172,0.000736386026166151
135.0292226,0.000738114141636482
135.390028,0.000739841111494787
135.7508334,0.000741566936879873
136.1116388,0.000743291618929037
136.4724442,0.00074501515877807
136.8332496,0.000746737557561257
137.194055,0.000748458816411385
137.5548604,0.00075017893645974
137.9156658,0.000751897918836113
138.2764712,0.000753615764668797
138.6372766,0.000755332475084599
138.998082,0.000757048051208833
139.3588874,0.000758762494165329
139.7196928,0.000760475805076431
140.0804982,0.000762187985063002
140.4413036,0.000763899035244426
140.802109,0.00076560895673861
141.1629144,0.000767317750661987
141.5237198,0.000769025418129517
141.8845252,0.000770731960254692
142.2453306,0.000772437378149535
142.606136,0.000774141672924606
142.9669414,0.000775844845689003
143.3277468,0.000777546897550362
143.6885522,0.000779247829614864
144.0493576,0.000780947642987234
144.410163,0.000782646338770743
144.7709684,0.000784343918067213
145.1317738,0.000786040381977019
145.4925792,0.000787735731599089
145.8533846,0.000789429968030908
146.21419,0.000791123092368521
146.5749954,0.000792815105706535
146.9358008,0.000794506009138118
147.2966062,0.000796195803755008
147.6574116,0.000797884490647509
148.018217,0.000799572070904499
148.3790224,0.000801258545613425
148.7398278,0.000802943915860313
149.1006332,0.000804628182729767
149.4614386,0.000806311347304969
149.822244,0.000807993410667686
150.1830494,0.000809674373898268
150.5438548,0.000811354238075655
150.9046602,0.000813033004277373
151.2654656,0.000814710673579543
151.626271,0.000816387247056878
151.9870764,0.00081806272578269
152.3478818,0.000819737110828887
152.7086872,0.000821410403265979
153.0694926,0.000823082604163081
153.430298,0.000824753714587911
153.7911034,0.000826423735606797
154.1519088,0.000828092668284676
154.5127142,0.000829760513685098
154.8735196,0.000831427272870227
155.234325,0.000833092946900845
155.5951304,0.000834757536836352
155.9559358,0.000836421043734771
156.3167412,0.000838083468652746
156.6775466,0.000839744812645551
157.038352,0.000841405076767083
157.3991574,0.000843064262069875
157.7599628,0.000844722369605087
158.1207682,0.000846379400422518
158.4815736,0.000848035355570603
158.842379,0.000849690236096416
159.2031844,0.000851344043045671
159.5639898,0.000852996777462728
159.9247952,0.000854648440390591
160.2856006,0.000856299032870914
160.646406,0.000857948555943999
161.0072114,0.000859597010648802
161.3680168,0.000861244398022934
161.7288222,0.000862890719102661
162.0896276,0.000864535974922909
162.450433,0.000866180166517265
162.8112384,0.000867823294917979
163.1720438,0.000869465361155968
163.5328492,0.000871106366260814
163.8936546,0.000872746311260771
164.25446,0.000874385197182764
164.6152654,0.000876023025052392
164.9760708,0.00087765979589393
165.3368762,0.000879295510730332
165.6976816,0.000880930170583231
166.058487,0.000882563776472945
166.4192924,0.000884196329418475
166.7800978,0.000885827830437509
167.1409032,0.000887458280546424
167.5017086,0.000889087680760289
167.862514,0.000890716032092864
168.2233194,0.000892343335556606
168.5841248,0.000893969592162669
168.9449302,0.000895594802920907
169.3057356,0.000897218968839874
169.666541,0.00089884209092683
170.0273464,0.000900464170187737
170.3881518,0.000902085207627269
170.7489572,0.000903705204248807
171.1097626,0.000905324161054445
171.470568,0.000906942079044991
171.8313734,0.00090855895921997
172.1921788,0.000910174802577621
172.5529842,0.000911789610114909
172.9137896,0.000913403382827518
173.274595,0.000915016121709855
173.6354004,0.000916627827755057
173.9962058,0.000918238501954986
174.3570112,0.000919848145300237
174.7178166,0.000921456758780135
175.078622,0.000923064343382741
175.4394274,0.000924670900094852
175.8002328,0.000926276429902004
176.1610382,0.000927880933788473
176.5218436,0.000929484412737277
176.882649,0.00093108686773018
177.2434544,0.000932688299747691
177.6042598,0.000934288709769067
177.9650652,0.000935888098772319
178.3258706,0.000937486467734207
178.686676,0.000939083817630246
179.0474814,0.00094068014943471
179.4082868,0.000942275464120627
179.7690922,0.000943869762659791
180.1298976,0.000945463046022753
180.490703,0.000947055315178833
180.8515084,0.000948646571096113
181.2123138,0.000950236814741447
181.5731192,0.000951826047080458
181.9339246,0.00095341426907754
182.29473,0.000955001481695863
182.6555354,0.000956587685897372
183.0163408,0.000958172882642791
183.3771462,0.000959757072891622
183.7379516,0.000961340257602152
184.098757,0.000962922437731448
184.4595624,0.000964503614235368
184.8203678,0.000966083788068552
185.1811732,0.000967662960184435
185.5419786,0.000969241131535238
185.902784,0.000970818303071981
186.2635894,0.000972394475744476
186.6243948,0.000973969650501333
186.9852002,0.000975543828289961
187.3460056,0.000977117010056571
187.706811,0.000978689196746176
188.0676164,0.000980260389302594
188.4284218,0.000981830588668452
188.7892272,0.000983399795785182
189.1500326,0.000984968011593028
189.510838,0.000986535237031048
189.8716434,0.000988101473037113
190.2324488,0.000989666720547909
190.5932542,0.000991230980498942
190.9540596,0.000992794253824537
191.314865,0.000994356541457841
191.6756704,0.000995917844330825
192.0364758,0.000997478163374284
192.3972812,0.000999037499517842
192.7580866,0.00100059585368995
193.118892,0.00100215322681789
193.4796974,0.00100370961982779
193.8405028,0.00100526503364458
194.2013082,0.00100681946919207
194.5621136,0.00100837292739287
194.922919,0.00100992540916845
195.2837244,0.00101147691543912
195.6445298,0.00101302744712404
196.0053352,0.00101457700514119
196.3661406,0.00101612559040742
196.726946,0.00101767320383843
197.0877514,0.00101921984634877
197.4485568,0.00102076551885182
197.8093622,0.00102231022225985
198.1701676,0.00102385395748396
198.530973,0.00102539672543412
198.8917784,0.00102693852701915
199.2525838,0.00102847936314676
199.6133892,0.00103001923472348
199.9741946,0.00103155814265474
200.335,0.00103309608784482
