"ResDensity","N_TraitValue"
10,0.000839618988911669
10.3,0.000861536448960367
10.6,0.000883288729476361
10.9,0.000904877690747122
11.2,0.000926305165229986
11.5,0.000947572958070645
11.8,0.000968682847610084
12.1,0.000989636585880272
12.4,0.0010104358990889
12.7,0.00103108248809341
13,0.00105157802886469
13.3,0.00107192417294053
13.6,0.0010921225478693
13.9,0.00111217475764391
14.2,0.00113208238312643
14.5,0.00115184698246356
14.8,0.00117147009149317
15.1,0.00119095322414212
15.4,0.00121029787281559
15.7,0.00122950550877822
16,0.00124857758252708
16.3,0.0012675155241568
16.6,0.00128632074371708
16.9,0.00130499463156261
17.2,0.00132353855869579
17.5,0.00134195387710221
17.8,0.0013602419200793
18.1,0.00137840400255807
18.4,0.00139644142141826
18.7,0.00141435545579712
19,0.0014321473673917
19.3,0.00144981840075513
19.6,0.00146736978358681
19.9,0.00148480272701672
20.2,0.00150211842588405
20.5,0.00151931805901014
20.8,0.00153640278946605
21.1,0.0015533737648347
21.4,0.00157023211746784
21.7,0.00158697896473791
22,0.00160361540928489
22.3,0.00162014253925836
22.6,0.0016365614285547
22.9,0.00165287313704973
23.2,0.00166907871082677
23.5,0.00168517918240028
23.8,0.00170117557093512
24.1,0.00171706888246165
24.4,0.0017328601100866
24.7,0.00174855023419996
25,0.00176414022267785
25.3,0.00177963103108158
25.6,0.00179502360285284
25.9,0.0018103188695053
26.2,0.00182551775081248
26.5,0.00184062115499213
26.8,0.00185562997888714
27.1,0.0018705451081431
27.4,0.00188536741738246
27.7,0.00190009777037551
28,0.00191473702020819
28.3,0.00192928600944677
28.6,0.0019437455702995
28.9,0.00195811652477528
29.2,0.00197239968483948
29.5,0.0019865958525668
29.8,0.00200070582029147
30.1,0.00201473037075462
30.4,0.00202867027724907
30.7,0.00204252630376143
31,0.00205629920511167
31.3,0.00206998972709023
31.6,0.00208359860659257
31.9,0.00209712657175148
32.2,0.00211057434206685
32.5,0.0021239426285333
32.8,0.00213723213376545
33.1,0.00215044355212104
33.4,0.00216357756982185
33.7,0.00217663486507253
34,0.00218961610817732
34.3,0.00220252196165479
34.6,0.00221535308035049
34.9,0.00222811011154779
35.2,0.00224079369507666
35.5,0.00225340446342069
35.8,0.00226594304182219
36.1,0.00227841004838555
36.4,0.0022908060941788
36.7,0.00230313178333346
37,0.00231538771314265
37.3,0.00232757447415764
37.6,0.00233969265028265
37.9,0.00235174281886812
38.2,0.00236372555080243
38.5,0.00237564141060202
38.8,0.00238749095650006
39.1,0.00239927474053364
39.4,0.00241099330862946
39.7,0.00242264720068819
40,0.00243423695066733
40.3,0.00244576308666283
40.6,0.00245722613098924
40.9,0.00246862660025864
41.2,0.00247996500545824
41.5,0.00249124185202675
41.8,0.00250245763992945
42.1,0.0025136128637321
42.4,0.00252470801267365
42.7,0.00253574357073772
43,0.00254672001672304
43.3,0.00255763782431263
43.6,0.00256849746214198
43.9,0.00257929939386609
44.2,0.00259004407822549
44.5,0.00260073196911113
44.8,0.00261136351562832
45.1,0.00262193916215964
45.4,0.00263245934842687
45.7,0.00264292450955189
46,0.00265333507611673
46.3,0.00266369147422256
46.6,0.00267399412554789
46.9,0.00268424344740577
47.2,0.00269443985280012
47.5,0.00270458375048124
47.8,0.00271467554500041
48.1,0.0027247156367637
48.4,0.00273470442208486
48.7,0.00274464229323756
49,0.00275452963850665
49.3,0.00276436684223882
49.6,0.00277415428489232
49.9,0.00278389234308605
50.2,0.0027935813896479
50.5,0.00280322179366225
50.8,0.00281281392051691
51.1,0.00282235813194925
51.4,0.00283185478609168
51.7,0.00284130423751645
52,0.00285070683727977
52.3,0.00286006293296529
52.6,0.00286937286872694
52.9,0.0028786369853311
53.2,0.00288785562019822
53.5,0.00289702910744376
53.8,0.00290615777791854
54.1,0.00291524195924856
54.4,0.00292428197587416
54.7,0.00293327814908866
55,0.00294223079707641
55.3,0.00295114023495034
55.6,0.00296000677478888
55.9,0.00296883072567244
56.2,0.00297761239371931
56.5,0.00298635208212106
56.8,0.00299505009117743
57.1,0.00300370671833075
57.4,0.00301232225819979
57.7,0.00302089700261325
58,0.00302943124064267
58.3,0.00303792525863493
58.6,0.00304637934024427
58.9,0.00305479376646385
59.2,0.00306316881565694
59.5,0.00307150476358754
59.8,0.0030798018834507
60.1,0.00308806044590235
60.4,0.00309628071908872
60.7,0.00310446296867538
61,0.00311260745787584
61.3,0.00312071444747982
61.6,0.003128784195881
61.9,0.00313681695910458
62.2,0.00314481299083427
62.5,0.00315277254243903
62.8,0.00316069586299943
63.1,0.00316858319933358
63.4,0.00317643479602282
63.7,0.00318425089543695
64,0.00319203173775922
64.3,0.00319977756101088
64.6,0.00320748860107549
64.9,0.00321516509172284
65.2,0.0032228072646326
65.5,0.00323041534941759
65.8,0.00323798957364683
66.1,0.00324553016286817
66.4,0.00325303734063072
66.7,0.00326051132850695
67,0.00326795234611443
67.3,0.00327536061113741
67.6,0.00328273633934801
67.9,0.00329007974462718
68.2,0.00329739103898536
68.5,0.0033046704325829
68.8,0.00331191813375021
69.1,0.0033191343490076
69.4,0.0033263192830849
69.7,0.00333347313894086
70,0.00334059611778222
70.3,0.0033476884190826
70.6,0.00335475024060109
70.9,0.00336178177840067
71.2,0.00336878322686632
71.5,0.00337575477872298
71.8,0.00338269662505315
72.1,0.00338960895531445
72.4,0.00339649195735679
72.7,0.00340334581743938
73,0.0034101707202476
73.3,0.0034169668489095
73.6,0.00342373438501225
73.9,0.00343047350861829
74.2,0.00343718439828126
74.5,0.00344386723106185
74.8,0.00345052218254331
75.1,0.00345714942684684
75.4,0.00346374913664679
75.7,0.00347032148318564
76,0.00347686663628884
76.3,0.00348338476437938
76.6,0.00348987603449233
76.9,0.003496340612289
77.2,0.00350277866207111
77.5,0.00350919034679468
77.8,0.0035155758280838
78.1,0.00352193526624417
78.4,0.00352826882027656
78.7,0.00353457664789003
79,0.00354085890551504
79.3,0.00354711574831636
79.6,0.00355334733020588
79.9,0.0035595538038552
80.2,0.00356573532070809
80.5,0.00357189203099285
80.8,0.00357802408373444
81.1,0.00358413162676653
81.4,0.00359021480674336
81.7,0.0035962737691515
82,0.00360230865832142
82.3,0.00360831961743899
82.6,0.00361430678855676
82.9,0.00362027031260517
83.2,0.00362621032940364
83.5,0.00363212697767144
83.8,0.00363802039503852
84.1,0.00364389071805618
84.4,0.00364973808220761
84.7,0.00365556262191834
85,0.00366136447056649
85.3,0.00366714376049299
85.6,0.00367290062301162
85.9,0.00367863518841901
86.2,0.00368434758600437
86.5,0.0036900379440593
86.8,0.00369570638988736
87.1,0.00370135304981354
87.4,0.0037069780491937
87.7,0.00371258151242376
88,0.00371816356294899
88.3,0.00372372432327295
88.6,0.00372926391496654
88.9,0.00373478245867683
89.2,0.0037402800741358
89.5,0.00374575688016903
89.8,0.00375121299470426
90.1,0.00375664853477982
90.4,0.00376206361655303
90.7,0.00376745835530846
91,0.00377283286546615
91.3,0.00377818726058961
91.6,0.00378352165339393
91.9,0.00378883615575359
92.2,0.00379413087871037
92.5,0.003799405932481
92.8,0.00380466142646486
93.1,0.00380989746925155
93.4,0.00381511416862832
93.7,0.00382031163158752
94,0.00382548996433387
94.3,0.00383064927229172
94.6,0.00383578966011221
94.9,0.00384091123168032
95.2,0.00384601409012189
95.5,0.00385109833781054
95.8,0.0038561640763745
96.1,0.00386121140670341
96.4,0.00386624042895497
96.7,0.00387125124256161
97,0.00387624394623706
97.3,0.00388121863798274
97.6,0.00388617541509429
97.9,0.00389111437416782
98.2,0.00389603561110624
98.5,0.00390093922112544
98.8,0.00390582529876044
99.1,0.00391069393787146
99.4,0.00391554523164995
99.7,0.00392037927262452
100,0.0039251961526668
100.3,0.00392999596299731
100.6,0.00393477879419117
100.9,0.00393954473618385
101.2,0.00394429387827674
101.5,0.00394902630914279
101.8,0.00395374211683199
102.1,0.00395844138877687
102.4,0.00396312421179783
102.7,0.00396779067210859
103,0.00397244085532137
103.3,0.00397707484645223
103.6,0.00398169272992617
103.9,0.0039862945895823
104.2,0.00399088050867891
104.5,0.00399545056989847
104.8,0.00400000485535263
105.1,0.0040045434465871
105.4,0.00400906642458655
105.7,0.00401357386977941
106,0.00401806586204267
106.3,0.00402254248070652
106.6,0.00402700380455911
106.9,0.00403144991185113
107.2,0.00403588088030037
107.5,0.00404029678709628
107.8,0.00404469770890443
108.1,0.00404908372187097
108.4,0.00405345490162699
108.7,0.00405781132329291
109,0.00406215306148272
109.3,0.0040664801903083
109.6,0.00407079278338363
109.9,0.00407509091382893
110.2,0.0040793746542748
110.5,0.00408364407686635
110.8,0.00408789925326721
111.1,0.00409214025466356
111.4,0.00409636715176807
111.7,0.00410058001482387
112,0.00410477891360844
112.3,0.00410896391743741
112.6,0.00411313509516844
112.9,0.00411729251520496
113.2,0.0041214362454999
113.5,0.00412556635355942
113.8,0.00412968290644658
114.1,0.00413378597078493
114.4,0.00413787561276214
114.7,0.00414195189813354
115,0.00414601489222566
115.3,0.00415006465993972
115.6,0.00415410126575505
115.9,0.00415812477373256
116.2,0.00416213524751811
116.5,0.00416613275034585
116.8,0.00417011734504156
117.1,0.00417408909402596
117.4,0.00417804805931792
117.7,0.00418199430253774
118,0.0041859278849103
118.3,0.00418984886726827
118.6,0.00419375731005522
118.9,0.00419765327332872
119.2,0.00420153681676346
119.5,0.00420540799965422
119.8,0.00420926688091897
120.1,0.0042131135191018
120.4,0.00421694797237592
120.7,0.00422077029854656
121,0.00422458055505389
121.3,0.00422837879897591
121.6,0.00423216508703128
121.9,0.00423593947558214
122.2,0.00423970202063694
122.5,0.00424345277785316
122.8,0.0042471918025401
123.1,0.00425091914966158
123.4,0.00425463487383863
123.7,0.00425833902935217
124,0.00426203167014562
124.3,0.00426571284982758
124.6,0.00426938262167436
124.9,0.00427304103863259
125.2,0.00427668815332176
125.5,0.00428032401803671
125.8,0.0042839486847502
126.1,0.00428756220511532
126.4,0.00429116463046795
126.7,0.00429475601182923
127,0.00429833639990795
127.3,0.00430190584510293
127.6,0.00430546439750538
127.9,0.00430901210690124
128.2,0.00431254902277355
128.5,0.00431607519430468
128.8,0.00431959067037867
129.1,0.00432309549958343
129.4,0.00432658973021304
129.7,0.00433007341026993
130,0.00433354658746708
130.3,0.00433700930923022
130.6,0.00434046162269995
130.9,0.00434390357473394
131.2,0.00434733521190898
131.5,0.00435075658052314
131.8,0.0043541677265978
132.1,0.00435756869587976
132.4,0.00436095953384325
132.7,0.00436434028569201
133,0.0043677109963612
133.3,0.0043710717105195
133.6,0.00437442247257101
133.9,0.00437776332665725
134.2,0.00438109431665906
134.5,0.00438441548619856
134.8,0.004387726878641
135.1,0.00439102853709671
135.4,0.00439432050442295
135.7,0.00439760282322573
136,0.00440087553586169
136.3,0.00440413868443991
136.6,0.0044073923108237
136.9,0.00441063645663241
137.2,0.00441387116324321
137.5,0.00441709647179282
137.8,0.00442031242317928
138.1,0.00442351905806366
138.4,0.00442671641687179
138.7,0.00442990453979595
139,0.00443308346679657
139.3,0.00443625323760387
139.6,0.00443941389171952
139.9,0.00444256546841832
140.2,0.00444570800674979
140.5,0.00444884154553977
140.8,0.00445196612339206
141.1,0.00445508177869
141.4,0.00445818854959799
141.7,0.00446128647406312
142,0.00446437558981667
142.3,0.00446745593437563
142.6,0.00447052754504427
142.9,0.00447359045891562
143.2,0.00447664471287293
143.5,0.00447969034359122
143.8,0.00448272738753867
144.1,0.00448575588097814
144.4,0.00448877585996858
144.7,0.00449178736036648
145,0.00449479041782725
145.3,0.00449778506780669
145.6,0.00450077134556232
145.9,0.00450374928615482
146.2,0.00450671892444936
146.5,0.00450968029511698
146.8,0.00451263343263594
147.1,0.00451557837129305
147.4,0.00451851514518501
147.7,0.0045214437882197
148,0.00452436433411753
148.3,0.00452727681641267
148.6,0.00453018126845441
148.9,0.00453307772340837
149.2,0.00453596621425777
149.5,0.00453884677380474
149.8,0.00454171943467148
150.1,0.00454458422930155
150.4,0.00454744118996107
150.7,0.00455029034873992
151,0.00455313173755298
151.3,0.00455596538814127
151.6,0.00455879133207318
151.9,0.0045616096007456
152.2,0.00456442022538513
152.5,0.00456722323704917
152.8,0.00457001866662714
153.1,0.00457280654484154
153.4,0.00457558690224915
153.7,0.00457835976924206
154,0.00458112517604887
154.3,0.00458388315273572
154.6,0.00458663372920739
154.9,0.00458937693520843
155.2,0.00459211280032416
155.5,0.0045948413539818
155.8,0.00459756262545146
156.1,0.00460027664384725
156.4,0.00460298343812829
156.7,0.00460568303709971
157,0.00460837546941374
157.3,0.00461106076357065
157.6,0.00461373894791982
157.9,0.00461641005066068
158.2,0.00461907409984375
158.5,0.00462173112337159
158.8,0.00462438114899978
159.1,0.00462702420433791
159.4,0.0046296603168505
159.7,0.00463228951385798
160,0.00463491182253761
