"ResDensity","N_TraitValue"
1,3.70520176667481e-05
1.038,3.79161572595982e-05
1.076,3.8756199160785e-05
1.114,3.95731375036215e-05
1.152,4.03679124801631e-05
1.19,4.11414139507816e-05
1.228,4.18944847677184e-05
1.266,4.26279238387125e-05
1.304,4.33424889541159e-05
1.342,4.40388993985257e-05
1.38,4.47178383658557e-05
1.418,4.53799551948929e-05
1.456,4.60258674407149e-05
1.494,4.66561627958593e-05
1.532,4.72714008738072e-05
1.57,4.78721148661573e-05
1.608,4.84588130838047e-05
1.646,4.90319803914888e-05
1.684,4.95920795442178e-05
1.722,5.01395524333126e-05
1.76,5.06748212491222e-05
1.798,5.11982895668389e-05
1.836,5.17103433612836e-05
1.874,5.22113519560227e-05
1.912,5.27016689117226e-05
1.95,5.31816328582307e-05
1.988,5.36515682744994e-05
2.026,5.41117862201281e-05
2.064,5.45625850219873e-05
2.102,5.50042509191122e-05
2.14,5.54370586687931e-05
2.178,5.58612721165604e-05
2.216,5.6277144732549e-05
2.254,5.66849201165321e-05
2.292,5.70848324737412e-05
2.33,5.74771070634215e-05
2.368,5.78619606219324e-05
2.406,5.82396017620583e-05
2.444,5.86102313500791e-05
2.482,5.89740428620305e-05
2.52,5.93312227204826e-05
2.558,5.96819506130675e-05
2.596,6.00263997939009e-05
2.634,6.03647373689586e-05
2.672,6.06971245663967e-05
2.71,6.10237169927332e-05
2.748,6.13446648757469e-05
2.786,6.16601132948901e-05
2.824,6.19702023999576e-05
2.862,6.2275067618704e-05
2.9,6.25748398540563e-05
2.938,6.28696456715238e-05
2.976,6.31596074773714e-05
3.014,6.34448436880799e-05
3.052,6.37254688915894e-05
3.09,6.40015940007847e-05
3.128,6.42733263996566e-05
3.166,6.45407700825414e-05
3.204,6.48040257868201e-05
3.242,6.50631911194321e-05
3.28,6.53183606775366e-05
3.318,6.55696261636363e-05
3.356,6.58170764954567e-05
3.394,6.60607979108582e-05
3.432,6.63008740680404e-05
3.47,6.65373861412842e-05
3.508,6.67704129124607e-05
3.546,6.70000308585245e-05
3.584,6.72263142351954e-05
3.622,6.744933515702e-05
3.66,6.76691636739956e-05
3.698,6.78858678449275e-05
3.736,6.80995138076793e-05
3.774,6.83101658464714e-05
3.812,6.85178864563684e-05
3.85,6.87227364050942e-05
3.888,6.89247747923011e-05
3.926,6.9124059106415e-05
3.964,6.93206452791727e-05
4.002,6.95145877379576e-05
4.04,6.97059394560389e-05
4.078,6.98947520008109e-05
4.116,7.00810755801238e-05
4.154,7.02649590867953e-05
4.192,7.04464501413841e-05
4.23,7.06255951333047e-05
4.268,7.08024392603584e-05
4.306,7.09770265667506e-05
4.344,7.11493999796619e-05
4.382,7.13196013444367e-05
4.42,7.14876714584497e-05
4.458,7.16536501037085e-05
4.496,7.18175760782466e-05
4.534,7.19794872263581e-05
4.572,7.21394204677255e-05
4.61,7.22974118254856e-05
4.648,7.24534964532795e-05
4.686,7.26077086613293e-05
4.724,7.27600819415819e-05
4.762,7.29106489919583e-05
4.8,7.30594417397462e-05
4.838,7.32064913641697e-05
4.876,7.33518283181713e-05
4.914,7.34954823494364e-05
4.952,7.36374825206922e-05
4.99,7.37778572293091e-05
5.028,7.39166342262336e-05
5.066,7.4053840634277e-05
5.104,7.41895029657883e-05
5.142,7.43236471397323e-05
5.18,7.44562984981985e-05
5.218,7.45874818223618e-05
5.256,7.47172213479155e-05
5.294,7.48455407799985e-05
5.332,7.49724633076343e-05
5.37,7.50980116177013e-05
5.408,7.52222079084516e-05
5.446,7.53450739025958e-05
5.484,7.54666308599688e-05
5.522,7.55868995897937e-05
5.56,7.57059004625575e-05
5.598,7.5823653421513e-05
5.636,7.59401779938213e-05
5.674,7.60554933013466e-05
5.712,7.61696180711178e-05
5.75,7.62825706454662e-05
5.788,7.6394368991854e-05
5.826,7.65050307124019e-05
5.864,7.66145730531281e-05
5.902,7.67230129129081e-05
5.94,7.68303668521657e-05
5.978,7.69366511013037e-05
6.016,7.70418815688843e-05
6.054,7.71460738495669e-05
6.092,7.72492432318126e-05
6.13,7.73514047053628e-05
6.168,7.7452572968499e-05
6.206,7.75527624350932e-05
6.244,7.76519872414533e-05
6.282,7.77502612529725e-05
6.32,7.78475980705884e-05
6.358,7.79440110370579e-05
6.396,7.80395132430544e-05
6.434,7.81341175330931e-05
6.472,7.82278365112901e-05
6.51,7.83206825469601e-05
6.548,7.84126677800588e-05
6.586,7.85038041264744e-05
6.624,7.85941032831735e-05
6.662,7.86835767332057e-05
6.7,7.87722357505717e-05
6.738,7.88600914049584e-05
6.776,7.89471545663469e-05
6.814,7.90334359094959e-05
6.852,7.91189459183042e-05
6.89,7.92036948900579e-05
6.928,7.92876929395638e-05
6.966,7.93709500031742e-05
7.004,7.94534758427043e-05
7.042,7.95352800492488e-05
7.08,7.9616372046897e-05
7.118,7.96967610963522e-05
7.156,7.97764562984572e-05
7.194,7.98554665976293e-05
7.232,7.99338007852062e-05
7.27,8.00114675027069e-05
7.308,8.00884752450102e-05
7.346,8.01648323634514e-05
7.384,8.02405470688419e-05
7.422,8.0315627434412e-05
7.46,8.03900813986811e-05
7.498,8.04639167682556e-05
7.536,8.0537141220557e-05
7.574,8.06097623064842e-05
7.612,8.06817874530079e-05
7.65,8.07532239657035e-05
7.688,8.08240790312212e-05
7.726,8.08943597196957e-05
7.764,8.09640729870983e-05
7.802,8.10332256775321e-05
7.84,8.11018245254714e-05
7.878,8.11698761579482e-05
7.916,8.12373870966865e-05
7.954,8.13043637601856e-05
7.992,8.13708124657545e-05
8.03,8.14367394314979e-05
8.068,8.15021507782563e-05
8.106,8.15670525315002e-05
8.144,8.16314506231803e-05
8.182,8.16953508935348e-05
8.22,8.17587590928552e-05
8.258,8.18216808832113e-05
8.296,8.18841218401363e-05
8.334,8.1946087454274e-05
8.372,8.20075831329883e-05
8.41,8.20686142019361e-05
8.448,8.21291859066045e-05
8.486,8.21893034138142e-05
8.524,8.22489718131884e-05
8.562,8.23081961185892e-05
8.6,8.23669812695219e-05
8.638,8.24253321325087e-05
8.676,8.24832535024315e-05
8.714,8.2540750103845e-05
8.752,8.25978265922621e-05
8.79,8.26544875554096e-05
8.828,8.27107375144584e-05
8.866,8.27665809252252e-05
8.904,8.28220221793497e-05
8.942,8.28770656054457e-05
8.98,8.29317154702276e-05
9.018,8.29859759796131e-05
9.056,8.30398512798022e-05
9.094,8.3093345458333e-05
9.132,8.31464625451161e-05
9.17,8.31992065134461e-05
9.208,8.32515812809924e-05
9.246,8.33035907107696e-05
9.284,8.33552386120869e-05
9.322,8.34065287414783e-05
9.36,8.34574648036136e-05
9.398,8.350805045219e-05
9.436,8.3558289290806e-05
9.474,8.36081848738171e-05
9.512,8.36577407071742e-05
9.55,8.37069602492446e-05
9.588,8.37558469116164e-05
9.626,8.38044040598874e-05
9.664,8.38526350144366e-05
9.702,8.3900543051182e-05
9.74,8.39481314023214e-05
9.778,8.399540325706e-05
9.816,8.40423617623227e-05
9.854,8.40890100234522e-05
9.892,8.41353511048938e-05
9.93,8.41813880308663e-05
9.968,8.42271237860202e-05
10.006,8.42725613160823e-05
10.044,8.43177035284884e-05
10.082,8.43625532930034e-05
10.12,8.44071134423297e-05
10.158,8.44513867727029e-05
10.196,8.44953760444776e-05
10.234,8.45390839827006e-05
10.272,8.45825132776735e-05
10.31,8.46256665855051e-05
10.348,8.46685465286528e-05
10.386,8.47111556964535e-05
10.424,8.47534966456454e-05
10.462,8.47955719008788e-05
10.5,8.48373839552185e-05
10.538,8.48789352706356e-05
10.576,8.49202282784912e-05
10.614,8.49612653800107e-05
10.652,8.50020489467488e-05
10.69,8.50425813210468e-05
10.728,8.50828648164808e-05
10.766,8.5122901718302e-05
10.804,8.51626942838689e-05
10.842,8.52022447430715e-05
10.88,8.52415552987478e-05
10.918,8.5280628127093e-05
10.956,8.53194653780606e-05
10.994,8.53580691757573e-05
11.032,8.53964416188302e-05
11.07,8.54345847808465e-05
11.108,8.54725007106679e-05
11.146,8.55101914328168e-05
11.184,8.55476589478368e-05
11.222,8.55849052326469e-05
11.26,8.5621932240889e-05
11.298,8.56587419032695e-05
11.336,8.5695336127895e-05
11.374,8.57317168006016e-05
11.412,8.57678857852797e-05
11.45,8.58038449241914e-05
11.488,8.58395960382839e-05
11.526,8.58751409274966e-05
11.564,8.59104813710633e-05
11.602,8.59456191278091e-05
11.64,8.5980555936442e-05
11.678,8.60152935158399e-05
11.716,8.60498335653324e-05
11.754,8.60841777649781e-05
11.792,8.61183277758366e-05
11.83,8.61522852402367e-05
11.868,8.61860517820395e-05
11.906,8.62196290068972e-05
11.944,8.62530185025077e-05
11.982,8.62862218388651e-05
12.02,8.63192405685052e-05
12.058,8.6352076226748e-05
12.096,8.63847303319355e-05
12.134,8.64172043856656e-05
12.172,8.64494998730224e-05
12.21,8.64816182628028e-05
12.248,8.65135610077389e-05
12.286,8.6545329544717e-05
12.324,8.65769252949932e-05
12.362,8.66083496644053e-05
12.4,8.66396040435815e-05
12.438,8.66706898081452e-05
12.476,8.6701608318917e-05
12.514,8.67323609221133e-05
12.552,8.67629489495417e-05
12.59,8.67933737187932e-05
12.628,8.68236365334315e-05
12.666,8.68537386831789e-05
12.704,8.68836814440999e-05
12.742,8.69134660787811e-05
12.78,8.69430938365094e-05
12.818,8.69725659534455e-05
12.856,8.70018836527971e-05
12.894,8.70310481449872e-05
12.932,8.70600606278209e-05
12.97,8.708892228665e-05
13.008,8.71176342945334e-05
13.046,8.71461978123968e-05
13.084,8.71746139891892e-05
13.122,8.72028839620361e-05
13.16,8.72310088563923e-05
13.198,8.72589897861906e-05
13.236,8.72868278539888e-05
13.274,8.73145241511151e-05
13.312,8.734207975781e-05
13.35,8.73694957433672e-05
13.388,8.73967731662719e-05
13.426,8.74239130743368e-05
13.464,8.74509165048365e-05
13.502,8.74777844846393e-05
13.54,8.75045180303381e-05
13.578,8.75311181483777e-05
13.616,8.75575858351816e-05
13.654,8.75839220772765e-05
13.692,8.76101278514146e-05
13.73,8.76362041246947e-05
13.768,8.76621518546806e-05
13.806,8.7687971989519e-05
13.844,8.77136654680544e-05
13.882,8.77392332199434e-05
13.92,8.77646761657663e-05
13.958,8.7789995217138e-05
13.996,8.78151912768169e-05
14.034,8.78402652388117e-05
14.072,8.78652179884878e-05
14.11,8.78900504026711e-05
14.148,8.79147633497506e-05
14.186,8.793935768978e-05
14.224,8.79638342745774e-05
14.262,8.79881939478234e-05
14.3,8.80124375451581e-05
14.338,8.80365658942769e-05
14.376,8.80605798150245e-05
14.414,8.80844801194877e-05
14.452,8.81082676120872e-05
14.49,8.81319430896674e-05
14.528,8.81555073415861e-05
14.566,8.81789611498013e-05
14.604,8.82023052889586e-05
14.642,8.82255405264758e-05
14.68,8.82486676226275e-05
14.718,8.82716873306275e-05
14.756,8.82946003967112e-05
14.794,8.83174075602157e-05
14.832,8.83401095536595e-05
14.87,8.83627071028212e-05
14.908,8.83852009268163e-05
14.946,8.84075917381739e-05
14.984,8.84298802429119e-05
15.022,8.84520671406111e-05
15.06,8.84741531244883e-05
15.098,8.84961388814687e-05
15.136,8.8518025092257e-05
15.174,8.85398124314078e-05
15.212,8.85615015673947e-05
15.25,8.85830931626788e-05
15.288,8.8604587873776e-05
15.326,8.86259863513239e-05
15.364,8.86472892401468e-05
15.402,8.86684971793214e-05
15.44,8.86896108022396e-05
15.478,8.87106307366726e-05
15.516,8.87315576048325e-05
15.554,8.87523920234338e-05
15.592,8.8773134603754e-05
15.63,8.87937859516936e-05
15.668,8.88143466678348e-05
15.706,8.88348173474997e-05
15.744,8.88551985808082e-05
15.782,8.88754909527342e-05
15.82,8.88956950431617e-05
15.858,8.89158114269404e-05
15.896,8.89358406739396e-05
15.934,8.89557833491025e-05
15.972,8.89756400124992e-05
16.01,8.89954112193789e-05
16.048,8.90150975202222e-05
16.086,8.90346994607913e-05
16.124,8.90542175821815e-05
16.162,8.90736524208702e-05
16.2,8.90930045087662e-05
16.238,8.91122743732586e-05
16.276,8.91314625372642e-05
16.314,8.91505695192753e-05
16.352,8.91695958334059e-05
16.39,8.91885419894383e-05
16.428,8.92074084928681e-05
16.466,8.92261958449498e-05
16.504,8.92449045427405e-05
16.542,8.92635350791444e-05
16.58,8.92820879429555e-05
16.618,8.93005636189007e-05
16.656,8.9318962587682e-05
16.694,8.9337285326018e-05
16.732,8.93555323066854e-05
16.77,8.93737039985591e-05
16.808,8.93918008666532e-05
16.846,8.94098233721597e-05
16.884,8.94277719724886e-05
16.922,8.94456471213057e-05
16.96,8.94634492685717e-05
16.998,8.94811788605793e-05
17.036,8.94988363399909e-05
17.074,8.9516422145875e-05
17.112,8.95339367137432e-05
17.15,8.95513804755856e-05
17.188,8.95687538599067e-05
17.226,8.95860572917602e-05
17.264,8.96032911927837e-05
17.302,8.96204559812333e-05
17.34,8.9637552072017e-05
17.378,8.96545798767285e-05
17.416,8.96715398036796e-05
17.454,8.96884322579338e-05
17.492,8.97052576413376e-05
17.53,8.97220163525531e-05
17.568,8.9738708787089e-05
17.606,8.9755335337332e-05
17.644,8.97718963925773e-05
17.682,8.97883923390593e-05
17.72,8.98048235599811e-05
17.758,8.9821190435545e-05
17.796,8.98374933429811e-05
17.834,8.98537326565763e-05
17.872,8.98699087477036e-05
17.91,8.98860219848497e-05
17.948,8.99020727336434e-05
17.986,8.9918061356883e-05
18.024,8.99339882145639e-05
18.062,8.99498536639052e-05
18.1,8.9965658059377e-05
18.138,8.99814017527263e-05
18.176,8.99970850930033e-05
18.214,9.00127084265871e-05
18.252,9.00282720972115e-05
18.29,9.00437764459897e-05
18.328,9.00592218114396e-05
18.366,9.00746085295085e-05
18.404,9.0089936933597e-05
18.442,9.01052073545836e-05
18.48,9.01204201208481e-05
18.518,9.01355755582956e-05
18.556,9.01506739903793e-05
18.594,9.01657157381236e-05
18.632,9.01807011201471e-05
18.67,9.01956304526851e-05
18.708,9.02105040496115e-05
18.746,9.02253222224609e-05
18.784,9.02400852804508e-05
18.822,9.02547935305024e-05
18.86,9.02694472772624e-05
18.898,9.02840468231239e-05
18.936,9.02985924682471e-05
18.974,9.03130845105799e-05
19.012,9.03275232458784e-05
19.05,9.03419089677266e-05
19.088,9.03562419675571e-05
19.126,9.03705225346697e-05
19.164,9.0384750956252e-05
19.202,9.03989275173975e-05
19.24,9.04130525011258e-05
19.278,9.04271261884006e-05
19.316,9.04411488581484e-05
19.354,9.04551207872775e-05
19.392,9.04690422506957e-05
19.43,9.04829135213285e-05
19.468,9.04967348701367e-05
19.506,9.05105065661346e-05
19.544,9.05242288764068e-05
19.582,9.05379020661262e-05
19.62,9.05515263985702e-05
19.658,9.05651021351383e-05
19.696,9.05786295353685e-05
19.734,9.05921088569541e-05
19.772,9.06055403557595e-05
19.81,9.06189242858372e-05
19.848,9.06322608994432e-05
19.886,9.06455504470529e-05
19.924,9.06587931773771e-05
19.962,9.06719893373773e-05
20,9.06851391722809e-05
