"ResDensity","N_TraitValue"
0.05,14.0822975889056
0.0529,14.7015987767216
0.0558,15.3046982831861
0.0587,15.8922236831236
0.0616,16.4647705522353
0.0645,17.0229044809144
0.0674,17.5671629378683
0.0703,18.0980569964555
0.0732,18.6160729353933
0.0761,19.121673724374
0.079,19.6153004041304
0.0819,20.0973733695962
0.0848,20.5682935640087
0.0877,21.0284435910829
0.0906,21.4781887517397
0.0935,21.9178780112939
0.0964,22.3478449024823
0.0993,22.7684083692448
0.1022,23.1798735557426
0.1051,23.5825325447171
0.108,23.9766650489438
0.1109,24.3625390592199
0.1138,24.7404114520423
0.1167,25.1105285598699
0.1196,25.4731267066311
0.1225,25.8284327109231
0.1254,26.1766643591538
0.1283,26.5180308507013
0.1312,26.8527332170013
0.1341,27.180964716329
0.137,27.5029112059015
0.1399,27.8187514928089
0.1428,28.1286576651648
0.1457,28.4327954047648
0.1486,28.7313242824477
0.1515,29.0243980372645
0.1544,29.312164840482
0.1573,29.5947675453735
0.1602,29.8723439236815
0.1631,30.1450268895739
0.166,30.4129447118598
0.1689,30.6762212151764
0.1718,30.9349759708092
0.1747,31.1893244777644
0.1776,31.4393783346691
0.1805,31.6852454030364
0.1834,31.9270299623987
0.1863,32.1648328577753
0.1892,32.3987516399158
0.1921,32.628880698726
0.195,32.8553113902618
0.1979,33.0781321576482
0.2008,33.2974286462621
0.2037,33.5132838134913
0.2066,33.7257780333672
0.2095,33.9349891963477
0.2124,34.1409928045103
0.2153,34.3438620624004
0.2182,34.5436679637639
0.2211,34.7404793743803
0.224,34.9343631111994
0.2269,35.1253840179723
0.2298,35.3136050375568
0.2327,35.4990872810662
0.2356,35.6818900940218
0.2385,35.862071119659
0.2414,36.0396863595287
0.2443,36.2147902315284
0.2472,36.3874356254886
0.2501,36.557673956435
0.253,36.7255552156373
0.2559,36.8911280195529
0.2588,37.0544396567653
0.2617,37.2155361330119
0.2646,37.3744622143929
0.2675,37.5312614688445
0.2704,37.6859763059586
0.2733,37.8386480152248
0.2762,37.9893168027674
0.2791,38.138021826646
0.282,38.2848012307844
0.2849,38.4296921775906
0.2878,38.5727308793247
0.2907,38.7139526282729
0.2936,38.8533918257772
0.2965,38.9910820101745
0.2994,39.1270558836894
0.3023,39.2613453383285
0.3052,39.3939814808179
0.3081,39.5249946566255
0.311,39.6544144731066
0.3139,39.7822698218104
0.3168,39.9085888999821
0.3197,40.0333992312946
0.3226,40.1567276858424
0.3255,40.2786004994264
0.3284,40.3990432921606
0.3313,40.5180810864278
0.3342,40.6357383242099
0.3371,40.7520388838193
0.34,40.8670060960544
0.3429,40.980662759803
0.3458,41.0930311571151
0.3487,41.2041330677653
0.3516,41.3139897833268
0.3545,41.4226221207739
0.3574,41.5300504356326
0.3603,41.6362946346959
0.3632,41.7413741883219
0.3661,41.8453081423286
0.369,41.9481151295023
0.3719,42.0498133807338
0.3748,42.1504207357959
0.3777,42.2499546537758
0.3806,42.348432223176
0.3835,42.4458701716949
0.3864,42.5422848756987
0.3893,42.6376923693978
0.3922,42.7321083537355
0.3951,42.8255482050026
0.398,42.9180269831848
0.4009,43.0095594400548
0.4038,43.1001600270168
0.4067,43.1898429027128
0.4096,43.2786219403986
0.4125,43.3665107350986
0.4154,43.4535226105456
0.4183,43.5396706259145
0.4212,43.6249675823563
0.4241,43.7094260293391
0.427,43.7930582708035
0.4299,43.8758763711379
0.4328,43.9578921609802
0.4357,44.0391172428517
0.4386,44.119562996629
0.4415,44.1992405848588
0.4444,44.2781609579215
0.4473,44.3563348590484
0.4502,44.4337728291964
0.4531,44.5104852117867
0.456,44.5864821573105
0.4589,44.6617736278058
0.4618,44.7363694012114
0.4647,44.8102790755998
0.4676,44.8835120732939
0.4705,44.9560776448716
0.4734,45.027984873061
0.4763,45.0992426765302
0.4792,45.169859813575
0.4821,45.2398448857075
0.485,45.3092063411484
0.4879,45.3779524782271
0.4908,45.4460914486911
0.4937,45.5136312609283
0.4966,45.5805797831047
0.4995,45.6469447462202
0.5024,45.7127337470842
0.5053,45.7779542512151
0.5082,45.8426135956639
0.5111,45.9067189917659
0.514,45.9702775278219
0.5169,46.0332961717109
0.5198,46.0957817734363
0.5227,46.1577410676084
0.5256,46.219180675864
0.5285,46.2801071092251
0.5314,46.3405267703994
0.5343,46.4004459560233
0.5372,46.4598708588492
0.5401,46.5188075698792
0.543,46.5772620804465
0.5459,46.6352402842452
0.5488,46.692747979312
0.5517,46.7497908699583
0.5546,46.8063745686569
0.5575,46.8625045978826
0.5604,46.9181863919092
0.5633,46.9734252985629
0.5662,47.0282265809349
0.5691,47.0825954190529
0.572,47.1365369115134
0.5749,47.1900560770752
0.5778,47.2431578562165
0.5807,47.295847112655
0.5836,47.3481286348329
0.5865,47.4000071373676
0.5894,47.4514872624689
0.5923,47.502573581324
0.5952,47.5532705954502
0.5981,47.6035827380174
0.601,47.6535143751402
0.6039,47.7030698071413
0.6068,47.7522532697857
0.6097,47.8010689354878
0.6126,47.8495209144912
0.6155,47.8976132560228
0.6184,47.9453499494202
0.6213,47.9927349252355
0.6242,48.0397720563135
0.6271,48.0864651588474
0.63,48.1328179934107
0.6329,48.1788342659668
0.6358,48.2245176288565
0.6387,48.269871681765
0.6416,48.3148999726666
0.6445,48.3596059987504
0.6474,48.4039932073259
0.6503,48.4480649967084
0.6532,48.4918247170873
0.6561,48.535275671374
0.659,48.5784211160339
0.6619,48.6212642618992
0.6648,48.6638082749659
0.6677,48.7060562771735
0.6706,48.7480113471687
0.6735,48.7896765210534
0.6764,48.8310547931167
0.6793,48.8721491165528
0.6822,48.9129624041631
0.6851,48.9534975290448
0.688,48.9937573252646
0.6909,49.0337445885202
0.6938,49.0734620767861
0.6967,49.112912510949
0.6996,49.1520985754282
0.7025,49.1910229187852
0.7054,49.2296881543198
0.7083,49.2680968606556
0.7112,49.3062515823128
0.7141,49.3441548302701
0.717,49.3818090825161
0.7199,49.4192167845887
0.7228,49.4563803501049
0.7257,49.4933021612798
0.7286,49.5299845694358
0.7315,49.5664298955015
0.7344,49.6026404305015
0.7373,49.638618436036
0.7402,49.6743661447525
0.7431,49.7098857608066
0.746,49.7451794603161
0.7489,49.7802493918044
0.7518,49.8150976766373
0.7547,49.8497264094503
0.7576,49.8841376585686
0.7605,49.9183334664185
0.7634,49.9523158499319
0.7663,49.9860868009428
0.7692,50.019648286576
0.7721,50.0530022496299
0.775,50.0861506089506
0.7779,50.1190952598004
0.7808,50.1518380742186
0.7837,50.1843809013767
0.7866,50.2167255679258
0.7895,50.2488738783389
0.7924,50.2808276152464
0.7953,50.3125885397653
0.7982,50.3441583918233
0.8011,50.3755388904758
0.804,50.4067317342188
0.8069,50.4377386012945
0.8098,50.4685611499929
0.8127,50.4992010189472
0.8156,50.5296598274242
0.8185,50.5599391756096
0.8214,50.5900406448881
0.8243,50.619965798119
0.8272,50.6497161799064
0.8301,50.6792933168652
0.833,50.7086987178818
0.8359,50.7379338743714
0.8388,50.7670002605295
0.8417,50.7958993335799
0.8446,50.8246325340186
0.8475,50.8532012858525
0.8504,50.8816069968351
0.8533,50.9098510586976
0.8562,50.9379348473764
0.8591,50.9658597232362
0.862,50.9936270312897
0.8649,51.0212381014138
0.8678,51.048694248562
0.8707,51.0759967729725
0.8736,51.1031469603743
0.8765,51.1301460821883
0.8794,51.1569953957262
0.8823,51.1836961443859
0.8852,51.2102495578425
0.8881,51.2366568522383
0.891,51.2629192303674
0.8939,51.2890378818591
0.8968,51.3150139833571
0.8997,51.3408486986962
0.9026,51.3665431790766
0.9055,51.3920985632341
0.9084,51.417515977609
0.9113,51.4427965365113
0.9142,51.4679413422837
0.9171,51.4929514854617
0.92,51.5178280449312
0.9229,51.542572088084
0.9258,51.5671846709699
0.9287,51.5916668384474
0.9316,51.6160196243315
0.9345,51.640244051539
0.9374,51.664341132232
0.9403,51.6883118679585
0.9432,51.7121572497918
0.9461,51.7358782584662
0.949,51.7594758645122
0.9519,51.7829510283887
0.9548,51.8063047006132
0.9577,51.8295378218898
0.9606,51.8526513232362
0.9635,51.8756461261076
0.9664,51.8985231425191
0.9693,51.9212832751665
0.9722,51.9439274175451
0.9751,51.9664564540663
0.978,51.988871260173
0.9809,52.0111727024529
0.9838,52.0333616387502
0.9867,52.0554389182755
0.9896,52.0774053817146
0.9925,52.0992618613343
0.9954,52.1210091810886
0.9983,52.1426481567213
1.0012,52.1641795958686
1.0041,52.1856042981593
1.007,52.206923055314
1.0099,52.2281366512424
1.0128,52.2492458621393
1.0157,52.2702514565799
1.0186,52.2911541956122
1.0215,52.3119548328496
1.0244,52.3326541145611
1.0273,52.3532527797608
1.0302,52.3737515602955
1.0331,52.3941511809319
1.036,52.4144523594413
1.0389,52.4346558066847
1.0418,52.4547622266947
1.0447,52.4747723167584
1.0476,52.4946867674971
1.0505,52.5145062629461
1.0534,52.5342314806334
1.0563,52.5538630916562
1.0592,52.5734017607574
1.0621,52.5928481464006
1.065,52.6122029008442
1.0679,52.631466670214
1.0708,52.6506400945752
1.0737,52.6697238080037
1.0766,52.6887184386553
1.0795,52.7076246088352
1.0824,52.7264429350659
1.0853,52.7451740281536
1.0882,52.7638184932552
1.0911,52.7823769299429
1.094,52.8008499322685
1.0969,52.8192380888269
1.0998,52.8375419828188
1.1027,52.8557621921119
1.1056,52.8738992893021
1.1085,52.8919538417734
1.1114,52.909926411757
1.1143,52.9278175563895
1.1172,52.945627827771
1.1201,52.9633577730212
1.123,52.981007934336
1.1259,52.9985788490424
1.1288,53.0160710496533
1.1317,53.0334850639211
1.1346,53.0508214148908
1.1375,53.0680806209526
1.1404,53.085263195893
1.1433,53.1023696489467
1.1462,53.1194004848458
1.1491,53.1363562038704
1.152,53.1532373018971
1.1549,53.1700442704475
1.1578,53.1867775967357
1.1607,53.2034377637156
1.1636,53.2200252501274
1.1665,53.2365405305432
1.1694,53.2529840754124
1.1723,53.2693563511066
1.1752,53.2856578199632
1.1781,53.3018889403294
1.181,53.3180501666047
1.1839,53.334141949284
1.1868,53.3501647349985
1.1897,53.3661189665578
1.1926,53.3820050829906
1.1955,53.3978235195844
1.1984,53.4135747079259
1.2013,53.42925907594
1.2042,53.4448770479286
1.2071,53.4604290446087
1.21,53.4759154831505
1.2129,53.4913367772142
1.2158,53.5066933369874
1.2187,53.5219855692211
1.2216,53.5372138772658
1.2245,53.5523786611068
1.2274,53.5674803173993
1.2303,53.5825192395031
1.2332,53.5974958175165
1.2361,53.6124104383102
1.239,53.6272634855607
1.2419,53.642055339783
1.2448,53.6567863783631
1.2477,53.6714569755904
1.2506,53.686067502689
1.2535,53.7006183278491
1.2564,53.7151098162582
1.2593,53.7295423301315
1.2622,53.7439162287418
1.2651,53.7582318684499
1.268,53.7724896027333
1.2709,53.7866897822161
1.2738,53.8008327546971
1.2767,53.8149188651785
1.2796,53.828948455894
1.2825,53.8429218663362
1.2854,53.8568394332843
1.2883,53.8707014908312
1.2912,53.8845083704098
1.2941,53.8982604008199
1.297,53.9119579082541
1.2999,53.9256012163235
1.3028,53.9391906460833
1.3057,53.9527265160579
1.3086,53.9662091422661
1.3115,53.9796388382452
1.3144,53.9930159150756
1.3173,54.0063406814047
1.3202,54.019613443471
1.3231,54.0328345051268
1.326,54.0460041678623
1.3289,54.0591227308277
1.3318,54.0721904908566
1.3347,54.0852077424876
1.3376,54.0981747779871
1.3405,54.111091887371
1.3434,54.1239593584259
1.3463,54.1367774767311
1.3492,54.1495465256793
1.3521,54.1622667864976
1.355,54.1749385382683
1.3579,54.187562057949
1.3608,54.2001376203932
1.3637,54.2126654983697
1.3666,54.2251459625829
1.3695,54.2375792816917
1.3724,54.2499657223295
1.3753,54.2623055491225
1.3782,54.2745990247092
1.3811,54.2868464097585
1.384,54.2990479629885
1.3869,54.3112039411846
1.3898,54.3233145992174
1.3927,54.3353801900606
1.3956,54.3474009648087
1.3985,54.3593771726944
1.4014,54.3713090611056
1.4043,54.3831968756026
1.4072,54.3950408599352
1.4101,54.4068412560589
1.413,54.4185983041515
1.4159,54.4303122426296
1.4188,54.4419833081648
1.4217,54.453611735699
1.4246,54.4651977584609
1.4275,54.4767416079812
1.4304,54.4882435141081
1.4333,54.4997037050226
1.4362,54.5111224072536
1.4391,54.5224998456926
1.442,54.533836243609
1.4449,54.545131822664
1.4478,54.5563868029255
1.4507,54.5676014028824
1.4536,54.5787758394586
1.4565,54.5899103280269
1.4594,54.601005082423
1.4623,54.6120603149593
1.4652,54.623076236438
1.4681,54.6340530561651
1.471,54.6449909819632
1.4739,54.6558902201847
1.4768,54.6667509757248
1.4797,54.6775734520346
1.4826,54.6883578511333
1.4855,54.6991043736213
1.4884,54.7098132186922
1.4913,54.7204845841455
1.4942,54.7311186663982
1.4971,54.7417156604977
1.5,54.7522757601329
