"ResDensity","N_TraitValue"
15,0.000932245297621319
15.156,0.000938481869809048
15.312,0.000944672808534966
15.468,0.000950818612828499
15.624,0.000956919774469249
15.78,0.000962976778118173
15.936,0.000968990101445926
16.092,0.000974960215258435
16.248,0.000980887583619771
16.404,0.000986772663972405
16.56,0.000992615907254883
16.716,0.00099841775801701
16.872,0.00100417865453259
17.028,0.00100989902890981
17.184,0.00101557930719924
17.34,0.00102121990949964
17.496,0.00102682125006155
17.652,0.00103238373738865
17.808,0.00103790777433713
17.964,0.00104339375821291
18.12,0.00104884208086689
18.276,0.00105425312878831
18.432,0.00105962728319607
18.588,0.00106496492012829
18.744,0.00107026641053005
18.9,0.00107553212033926
19.056,0.00108076241057093
19.212,0.00108595763739962
19.368,0.00109111815224034
19.524,0.00109624430182776
19.68,0.00110133642829386
19.836,0.00110639486924408
19.992,0.00111141995783193
20.148,0.00111641202283209
20.304,0.00112137138871219
20.46,0.00112629837570303
20.616,0.00113119329986758
20.772,0.00113605647316849
20.928,0.00114088820353445
21.084,0.00114568879492513
21.24,0.00115045854739493
21.396,0.00115519775715551
21.552,0.00115990671663711
21.708,0.00116458571454867
21.864,0.00116923503593689
22.02,0.00117385496224406
22.176,0.0011784457713649
22.332,0.00118300773770225
22.488,0.00118754113222174
22.644,0.00119204622250547
22.8,0.00119652327280464
22.956,0.00120097254409122
23.112,0.00120539429410865
23.268,0.00120978877742163
23.424,0.00121415624546497
23.58,0.00121849694659154
23.736,0.00122281112611935
23.892,0.00122709902637774
24.048,0.00123136088675281
24.204,0.00123559694373193
24.36,0.00123980743094747
24.516,0.00124399257921981
24.672,0.00124815261659945
24.828,0.0012522877684085
24.984,0.0012563982572813
25.14,0.00126048430320444
25.296,0.00126454612355594
25.452,0.00126858393314387
25.608,0.00127259794424415
25.764,0.00127658836663779
25.92,0.00128055540764744
26.076,0.00128449927217327
26.232,0.00128842016272827
26.388,0.00129231827947291
26.544,0.00129619382024919
26.7,0.00130004698061414
26.856,0.00130387795387265
27.012,0.0013076869311099
27.168,0.00131147410122302
27.324,0.00131523965095241
27.48,0.00131898376491235
27.636,0.00132270662562126
27.792,0.00132640841353128
27.948,0.00133008930705747
28.104,0.00133374948260648
28.26,0.00133738911460469
28.416,0.00134100837552598
28.572,0.0013446074359189
28.728,0.00134818646443353
28.884,0.00135174562784779
29.04,0.00135528509109333
29.196,0.00135880501728105
29.352,0.00136230556772612
29.508,0.00136578690197265
29.664,0.0013692491778179
29.82,0.00137269255133614
29.976,0.00137611717690213
30.132,0.00137952320721412
30.288,0.00138291079331662
30.444,0.00138628008462268
30.6,0.00138963122893588
30.756,0.00139296437247193
30.912,0.00139627965987996
31.068,0.0013995772342634
31.224,0.00140285723720063
31.38,0.00140611980876519
31.536,0.00140936508754573
31.692,0.00141259321066569
31.848,0.00141580431380253
32.004,0.00141899853120678
32.16,0.00142217599572076
32.316,0.00142533683879698
32.472,0.00142848119051628
32.628,0.00143160917960565
32.784,0.00143472093345582
32.94,0.00143781657813855
33.096,0.00144089623842365
33.252,0.00144396003779576
33.408,0.00144700809847081
33.564,0.00145004054141235
33.72,0.00145305748634747
33.876,0.0014560590517826
34.032,0.00145904535501903
34.188,0.00146201651216816
34.344,0.00146497263816661
34.5,0.00146791384679095
34.656,0.00147084025067237
34.812,0.00147375196131106
34.968,0.00147664908909031
35.124,0.0014795317432905
35.28,0.00148240003210287
35.436,0.00148525406264298
35.592,0.00148809394096411
35.748,0.00149091977207037
35.904,0.00149373165992964
36.06,0.00149652970748634
36.216,0.00149931401667395
36.372,0.00150208468842746
36.528,0.00150484182269549
36.684,0.00150758551845235
36.84,0.00151031587370988
36.996,0.00151303298552913
37.152,0.00151573695003184
37.308,0.00151842786241177
37.464,0.00152110581694591
37.62,0.00152377090700545
37.776,0.00152642322506666
37.932,0.00152906286272157
38.088,0.0015316899106885
38.244,0.00153430445882251
38.4,0.00153690659612557
38.556,0.00153949641075672
38.712,0.00154207399004198
38.868,0.00154463942048419
39.024,0.00154719278777271
39.18,0.00154973417679289
39.336,0.00155226367163557
39.492,0.00155478135560627
39.648,0.00155728731123438
39.804,0.00155978162028217
39.96,0.00156226436375369
40.116,0.00156473562190352
40.272,0.00156719547424544
40.428,0.00156964399956094
40.584,0.00157208127590763
40.74,0.00157450738062755
40.896,0.00157692239035534
41.052,0.00157932638102632
41.208,0.00158171942788443
41.364,0.0015841016054901
41.52,0.00158647298772798
41.676,0.0015888336478146
41.832,0.00159118365830587
41.988,0.00159352309110453
42.144,0.00159585201746751
42.3,0.00159817050801313
42.456,0.00160047863272825
42.612,0.0016027764609753
42.768,0.00160506406149927
42.924,0.00160734150243449
43.08,0.00160960885131149
43.236,0.00161186617506359
43.392,0.00161411354003354
43.548,0.00161635101198
43.704,0.00161857865608394
43.86,0.001620796536955
44.016,0.00162300471863771
44.172,0.00162520326461769
44.328,0.00162739223782767
44.484,0.00162957170065357
44.64,0.00163174171494038
44.796,0.00163390234199802
44.952,0.0016360536426071
45.108,0.00163819567702467
45.264,0.00164032850498978
45.42,0.00164245218572909
45.576,0.0016445667779623
45.732,0.00164667233990762
45.888,0.00164876892928704
46.044,0.0016508566033317
46.2,0.001652935418787
46.356,0.00165500543191782
46.512,0.00165706669851352
46.668,0.00165911927389304
46.824,0.00166116321290978
46.98,0.0016631985699565
47.136,0.00166522539897019
47.292,0.00166724375343675
47.448,0.00166925368639579
47.604,0.00167125525044519
47.76,0.00167324849774577
47.916,0.00167523348002575
48.072,0.00167721024858526
48.228,0.00167917885430075
48.384,0.00168113934762938
48.54,0.00168309177861328
48.696,0.00168503619688385
48.852,0.00168697265166597
49.008,0.00168890119178211
49.164,0.00169082186565647
49.32,0.00169273472131903
49.476,0.00169463980640953
49.632,0.00169653716818147
49.788,0.00169842685350595
49.944,0.00170030890887561
50.1,0.00170218338040837
50.256,0.00170405031385123
50.412,0.00170590975458402
50.568,0.00170776174762302
50.724,0.00170960633762461
50.88,0.0017114435688889
51.036,0.00171327348536323
51.192,0.00171509613064568
51.348,0.00171691154798856
51.504,0.00171871978030179
51.66,0.00172052087015634
51.816,0.00172231485978751
51.972,0.00172410179109825
52.128,0.00172588170566244
52.284,0.00172765464472812
52.44,0.00172942064922062
52.596,0.0017311797597458
52.752,0.00173293201659306
52.908,0.00173467745973849
53.064,0.0017364161288479
53.22,0.00173814806327979
53.376,0.00173987330208835
53.532,0.00174159188402639
53.688,0.00174330384754823
53.844,0.00174500923081259
54,0.0017467080716854
54.156,0.00174840040774262
54.312,0.001750086276273
54.468,0.00175176571428084
54.624,0.00175343875848866
54.78,0.00175510544533991
54.936,0.00175676581100161
55.092,0.00175841989136694
55.248,0.00176006772205787
55.404,0.00176170933842768
55.56,0.0017633447755635
55.716,0.00176497406828883
55.872,0.00176659725116597
56.028,0.00176821435849851
56.184,0.0017698254243337
56.34,0.00177143048246489
56.496,0.00177302956643385
56.652,0.00177462270953313
56.808,0.00177620994480836
56.964,0.00177779130506053
57.12,0.00177936682284828
57.276,0.0017809365304901
57.432,0.00178250046006655
57.588,0.00178405864342244
57.744,0.00178561111216903
57.9,0.0017871578976861
58.056,0.00178869903112413
58.212,0.00179023454340634
58.368,0.0017917644652308
58.524,0.00179328882707245
58.68,0.00179480765918513
58.836,0.00179632099160357
58.992,0.0017978288541454
59.148,0.00179933127641308
59.304,0.00180082828779585
59.46,0.00180231991747163
59.616,0.00180380619440895
59.772,0.0018052871473688
59.928,0.00180676280490647
60.084,0.00180823319537344
60.24,0.00180969834691911
60.396,0.00181115828749271
60.552,0.00181261304484496
60.708,0.00181406264652991
60.864,0.00181550711990664
61.02,0.001816946492141
61.176,0.00181838079020731
61.332,0.00181981004089004
61.488,0.00182123427078547
61.644,0.00182265350630335
61.8,0.00182406777366854
61.956,0.00182547709892261
62.112,0.00182688150792545
62.268,0.00182828102635683
62.424,0.00182967567971801
62.58,0.00183106549333323
62.736,0.00183245049235129
62.892,0.00183383070174705
63.048,0.00183520614632293
63.204,0.00183657685071039
63.36,0.00183794283937142
63.516,0.00183930413659997
63.672,0.00184066076652341
63.828,0.00184201275310396
63.984,0.00184336012014005
64.14,0.00184470289126781
64.296,0.00184604108996234
64.452,0.00184737473953919
64.608,0.00184870386315563
64.764,0.00185002848381202
64.92,0.00185134862435314
65.076,0.0018526643074695
65.232,0.00185397555569865
65.388,0.00185528239142645
65.544,0.00185658483688835
65.7,0.00185788291417064
65.856,0.00185917664521174
66.012,0.00186046605180339
66.168,0.00186175115559188
66.324,0.00186303197807928
66.48,0.00186430854062465
66.636,0.00186558086444517
66.792,0.00186684897061738
66.948,0.00186811288007832
67.104,0.00186937261362666
67.26,0.00187062819192388
67.416,0.00187187963549536
67.572,0.00187312696473154
67.728,0.00187437019988899
67.884,0.00187560936109153
68.04,0.00187684446833131
68.196,0.00187807554146987
68.352,0.00187930260023924
68.508,0.00188052566424295
68.664,0.00188174475295711
68.82,0.00188295988573143
68.976,0.00188417108179024
69.132,0.00188537836023351
69.288,0.00188658174003785
69.444,0.0018877812400575
69.6,0.00188897687902534
69.756,0.00189016867555382
69.912,0.00189135664813597
70.068,0.00189254081514633
70.224,0.00189372119484192
70.38,0.00189489780536314
70.536,0.00189607066473474
70.692,0.00189723979086672
70.848,0.00189840520155524
71.004,0.00189956691448354
71.16,0.00190072494722282
71.316,0.00190187931723311
71.472,0.00190303004186418
71.628,0.00190417713835641
71.784,0.00190532062384161
71.94,0.00190646051534392
72.096,0.00190759682978061
72.252,0.00190872958396297
72.408,0.00190985879459709
72.564,0.0019109844782847
72.72,0.001912106651524
72.876,0.00191322533071044
73.032,0.00191434053213753
73.188,0.00191545227199764
73.344,0.00191656056638275
73.5,0.00191766543128529
73.656,0.00191876688259882
73.812,0.00191986493611889
73.968,0.00192095960754372
74.124,0.00192205091247497
74.28,0.00192313886641851
74.436,0.00192422348478511
74.592,0.0019253047828912
74.748,0.00192638277595957
74.904,0.0019274574791201
75.06,0.00192852890741047
75.216,0.00192959707577683
75.372,0.00193066199907453
75.528,0.00193172369206881
75.684,0.00193278216943544
75.84,0.00193383744576145
75.996,0.00193488953554578
76.152,0.0019359384531999
76.308,0.00193698421304855
76.464,0.00193802682933033
76.62,0.00193906631619837
76.776,0.00194010268772095
76.932,0.00194113595788219
77.088,0.0019421661405826
77.244,0.00194319324963975
77.4,0.00194421729878891
77.556,0.00194523830168359
77.712,0.00194625627189623
77.868,0.00194727122291873
78.024,0.00194828316816309
78.18,0.001949292120962
78.336,0.0019502980945694
78.492,0.00195130110216106
78.648,0.00195230115683521
78.804,0.00195329827161303
78.96,0.00195429245943927
79.116,0.0019552837331828
79.272,0.00195627210563715
79.428,0.00195725758952108
79.584,0.00195824019747911
79.74,0.00195921994208206
79.896,0.00196019683582762
80.052,0.00196117089114081
80.208,0.00196214212037459
80.364,0.00196311053581033
80.52,0.00196407614965833
80.676,0.00196503897405837
80.832,0.00196599902108017
80.988,0.00196695630272393
81.144,0.0019679108309208
81.3,0.00196886261753342
81.456,0.00196981167435635
81.612,0.00197075801311663
81.768,0.00197170164547419
81.924,0.00197264258302239
82.08,0.00197358083728846
82.236,0.00197451641973396
82.392,0.00197544934175529
82.548,0.00197637961468413
82.704,0.00197730724978787
82.86,0.00197823225827012
83.016,0.00197915465127112
83.172,0.00198007443986821
83.328,0.00198099163507624
83.484,0.00198190624784806
83.64,0.00198281828907493
83.796,0.00198372776958692
83.952,0.00198463470015341
84.108,0.00198553909148345
84.264,0.00198644095422622
84.42,0.00198734029897143
84.576,0.00198823713624973
84.732,0.00198913147653315
84.888,0.00199002333023547
85.044,0.00199091270771266
85.2,0.00199179961926325
85.356,0.00199268407512874
85.512,0.00199356608549401
85.668,0.00199444566048768
85.824,0.00199532281018251
85.98,0.00199619754459581
86.136,0.00199706987368978
86.292,0.00199793980737192
86.448,0.00199880735549538
86.604,0.00199967252785936
86.76,0.00200053533420945
86.916,0.00200139578423802
87.072,0.00200225388758456
87.228,0.00200310965383606
87.384,0.00200396309252737
87.54,0.00200481421314152
87.696,0.00200566302511013
87.852,0.00200650953781368
88.008,0.00200735376058192
88.164,0.00200819570269421
88.32,0.00200903537337981
88.476,0.00200987278181826
88.632,0.00201070793713972
88.788,0.00201154084842526
88.944,0.00201237152470723
89.1,0.00201319997496957
89.256,0.00201402620814812
89.412,0.00201485023313097
89.568,0.00201567205875877
89.724,0.00201649169382503
89.88,0.00201730914707644
90.036,0.00201812442721319
90.192,0.00201893754288929
90.348,0.00201974850271284
90.504,0.00202055731524636
90.66,0.00202136398900709
90.816,0.00202216853246728
90.972,0.0020229709540545
91.128,0.00202377126215191
91.284,0.00202456946509858
91.44,0.00202536557118976
91.596,0.00202615958867718
91.752,0.00202695152576932
91.908,0.00202774139063172
92.064,0.00202852919138723
92.22,0.0020293149361163
92.376,0.00203009863285726
92.532,0.00203088028960659
92.688,0.00203165991431921
92.844,0.00203243751490871
93,0.00203321309924766
