"ResDensity","N_TraitValue"
2,4.92457876943531e-05
2.124,5.18918751092389e-05
2.248,5.44970808553726e-05
2.372,5.70623450939023e-05
2.496,5.95885793772682e-05
2.62,6.20766677291756e-05
2.744,6.45274676760119e-05
2.868,6.69418112322358e-05
2.992,6.93205058421168e-05
3.116,7.16643352800653e-05
3.24,7.39740605116609e-05
3.364,7.62504205173677e-05
3.488,7.84941330808071e-05
3.612,8.07058955433574e-05
3.736,8.28863855267442e-05
3.86,8.50362616251959e-05
3.984,8.71561640686489e-05
4.108,8.92467153584056e-05
4.232,9.13085208765709e-05
4.356,9.33421694705205e-05
4.48,9.53482340135858e-05
4.604,9.73272719430787e-05
4.728,9.9279825776715e-05
4.852,0.000101206423608443
4.976,0.00010310757958463
5.1,0.000104983794361507
5.224,0.000106835555544727
5.348,0.000108663338111844
5.472,0.000110467604818497
5.596,0.000112248806589
5.72,0.000114007382892064
5.844,0.000115743762102277
5.968,0.000117458361847995
6.092,0.000119151589346214
6.216,0.000120823841725003
6.34,0.000122475506334024
6.464,0.000124106961043657
6.588,0.00012571857453321
6.712,0.000127310706568674
6.836,0.000128883708270475
6.96,0.00013043792237162
7.084,0.000131973683466656
7.208,0.000133491318251814
7.332,0.000134991145756696
7.456,0.000136473477567853
7.58,0.000137938618044595
7.704,0.000139386864527316
7.828,0.000140818507538677
7.952,0.000142233830977889
8.076,0.000143633112308404
8.2,0.000145016622739249
8.324,0.000146384627400274
8.448,0.000147737385511527
8.572,0.000149075150547012
8.696,0.000150398170393022
8.82,0.000151706687501267
8.944,0.000153000939036995
9.068,0.000154281157022298
9.192,0.000155547568474773
9.316,0.00015680039554173
9.44,0.000158039855630098
9.564,0.000159266161532198
9.688,0.000160479521547533
9.812,0.000161680139600737
9.936,0.000162868215355835
10.06,0.000164043944326931
10.184,0.000165207517985472
10.308,0.0001663591238642
10.432,0.000167498945657906
10.556,0.000168627163321115
10.68,0.000169743953162802
10.804,0.000170849487938238
10.928,0.00017194393693808
11.052,0.00017302746607479
11.176,0.000174100237966483
11.3,0.000175162412018285
11.424,0.000176214144501302
11.548,0.000177255588629256
11.672,0.000178286894632899
11.796,0.000179308209832255
11.92,0.00018031967870677
12.044,0.000181321442963456
12.168,0.000182313641603065
12.292,0.000183296410984394
12.416,0.00018426988488675
12.54,0.000185234194570662
12.664,0.000186189468836883
12.788,0.000187135834083737
12.912,0.000188073414362876
13.036,0.000189002331433483
13.16,0.000189922704814991
13.284,0.000190834651838344
13.408,0.000191738287695856
13.532,0.000192633725489724
13.656,0.000193521076279216
13.78,0.000194400449126586
13.904,0.000195271951141768
14.028,0.000196135687525857
14.152,0.000196991761613454
14.276,0.000197840274913866
14.4,0.000198681327151241
14.524,0.000199515016303632
14.648,0.000200341438641052
14.772,0.000201160688762528
14.896,0.000201972859632201
15.02,0.000202778042614492
15.144,0.000203576327508365
15.268,0.000204367802580713
15.392,0.000205152554598889
15.516,0.000205930668862422
15.64,0.000206702229233918
15.764,0.000207467318169195
15.888,0.000208226016746658
16.012,0.000208978404695937
16.136,0.000209724560425823
16.26,0.000210464561051505
16.384,0.000211198482421137
16.508,0.000211926399141755
16.632,0.00021264838460456
16.756,0.000213364511009584
16.88,0.000214074849389758
17.004,0.000214779469634401
17.128,0.000215478440512144
17.252,0.000216171829693298
17.376,0.0002168597037717
17.5,0.000217542128286029
17.624,0.000218219167740624
17.748,0.000218890885625808
17.872,0.000219557344437735
17.996,0.000220218605697777
18.12,0.00022087472997145
18.244,0.000221525776886908
18.368,0.000222171805153009
18.492,0.000222812872576962
18.616,0.000223449036081571
18.74,0.000224080351722081
18.864,0.000224706874702647
18.988,0.000225328659392423
19.112,0.000225945759341292
19.236,0.000226558227295237
19.36,0.000227166115211374
19.484,0.000227769474272641
19.608,0.000228368354902167
19.732,0.000228962806777314
19.856,0.000229552878843422
19.98,0.000230138619327234
20.104,0.000230720075750043
20.228,0.000231297294940538
20.352,0.000231870323047379
20.476,0.000232439205551499
20.6,0.00023300398727813
20.724,0.000233564712408585
20.848,0.000234121424491773
20.972,0.000234674166455479
21.096,0.000235222980617392
21.22,0.000235767908695912
21.344,0.000236308991820717
21.468,0.00023684627054311
21.592,0.000237379784846156
21.716,0.000237909574154594
21.84,0.000238435677344552
21.964,0.000238958132753058
22.088,0.000239476978187347
22.212,0.000239992250933989
22.336,0.000240503987767813
22.46,0.000241012224960663
22.584,0.000241516998289964
22.708,0.000242018343047119
22.832,0.000242516294045735
22.956,0.000243010885629679
23.08,0.000243502151680978
23.204,0.000243990125627551
23.328,0.000244474840450797
23.452,0.000244956328693022
23.576,0.000245434622464723
23.7,0.000245909753451729
23.824,0.000246381752922191
23.948,0.000246850651733452
24.072,0.000247316480338763
24.196,0.000247779268793879
24.32,0.000248239046763525
24.444,0.000248695843527732
24.568,0.000249149687988056
24.692,0.000249600608673669
24.816,0.000250048633747341
24.94,0.000250493791011301
25.064,0.000250936107912992
25.188,0.000251375611550706
25.312,0.000251812328679123
25.436,0.000252246285714741
25.56,0.000252677508741197
25.684,0.000253106023514499
25.808,0.000253531855468151
25.932,0.000253955029718185
26.056,0.000254375571068102
26.18,0.000254793504013712
26.304,0.000255208852747898
26.428,0.00025562164116528
26.552,0.000256031892866796
26.676,0.000256439631164204
26.8,0.000256844879084495
26.924,0.000257247659374228
27.048,0.000257647994503789
27.172,0.000258045906671565
27.296,0.000258441417808049
27.42,0.000258834549579874
27.544,0.00025922532339376
27.668,0.000259613760400408
27.792,0.000259999881498313
27.916,0.000260383707337509
28.04,0.000260765258323256
28.164,0.000261144554619654
28.288,0.000261521616153193
28.412,0.000261896462616243
28.536,0.000262269113470488
28.66,0.000262639587950285
28.784,0.000263007905065981
28.908,0.000263374083607161
29.032,0.000263738142145845
29.156,0.000264100099039626
29.28,0.000264459972434757
29.404,0.000264817780269185
29.528,0.000265173540275527
29.652,0.000265527269984005
29.776,0.00026587898672532
29.9,0.000266228707633489
30.024,0.00026657644964862
30.148,0.000266922229519653
30.272,0.000267266063807047
30.396,0.000267607968885422
30.52,0.000267947960946162
30.644,0.00026828605599997
30.768,0.000268622269879379
30.892,0.000268956618241225
31.016,0.00026928911656908
31.14,0.000269619780175636
31.264,0.000269948624205063
31.388,0.000270275663635316
31.512,0.00027060091328041
31.636,0.000270924387792657
31.76,0.000271246101664871
31.884,0.000271566069232522
32.008,0.000271884304675876
32.132,0.000272200822022085
32.256,0.000272515635147247
32.38,0.000272828757778437
32.504,0.000273140203495698
32.628,0.000273449985734011
32.752,0.000273758117785218
32.876,0.000274064612799931
33,0.000274369483789399
33.124,0.000274672743627349
33.248,0.000274974405051801
33.372,0.000275274480666847
33.496,0.000275572982944412
33.62,0.000275869924225975
33.744,0.000276165316724278
33.868,0.000276459172524993
33.992,0.000276751503588376
34.116,0.000277042321750886
34.24,0.000277331638726783
34.364,0.000277619466109703
34.488,0.000277905815374205
34.612,0.000278190697877295
34.736,0.00027847412485993
34.86,0.000278756107448496
34.984,0.000279036656656261
35.108,0.000279315783384811
35.232,0.000279593498425465
35.356,0.00027986981246066
35.48,0.000280144736065324
35.604,0.000280418279708226
35.728,0.000280690453753301
35.852,0.000280961268460965
35.976,0.000281230733989397
36.1,0.000281498860395815
36.224,0.000281765657637724
36.348,0.000282031135574151
36.472,0.000282295303966857
36.596,0.000282558172481536
36.72,0.000282819750688991
36.844,0.000283080048066299
36.968,0.000283339073997953
37.092,0.00028359683777699
37.216,0.000283853348606103
37.34,0.000284108615598738
37.464,0.000284362647780168
37.588,0.000284615454088564
37.712,0.000284867043376037
37.836,0.000285117424409675
37.96,0.000285366605872559
38.084,0.000285614596364769
38.208,0.000285861404404372
38.332,0.000286107038428396
38.456,0.000286351506793796
38.58,0.000286594817778396
38.704,0.000286836979581827
38.828,0.000287078000326449
38.952,0.000287317888058253
39.076,0.000287556650747766
39.2,0.000287794296290924
39.324,0.000288030832509949
39.448,0.000288266267154206
39.572,0.000288500607901045
39.696,0.000288733862356643
39.82,0.000288966038056821
39.944,0.000289197142467857
40.068,0.000289427182987288
40.192,0.000289656166944696
40.316,0.000289884101602492
40.44,0.000290110994156677
40.564,0.000290336851737605
40.688,0.000290561681410727
40.812,0.000290785490177328
40.936,0.000291008284975254
41.06,0.00029123007267963
41.184,0.000291450860103566
41.308,0.000291670653998854
41.432,0.000291889461056658
41.556,0.000292107287908192
41.68,0.000292324141125391
41.804,0.000292540027221569
41.928,0.000292754952652074
42.052,0.000292968923814933
42.176,0.00029318194705148
42.3,0.000293394028646991
42.424,0.000293605174831295
42.548,0.00029381539177939
42.672,0.00029402468561204
42.796,0.000294233062396371
42.92,0.000294440528146458
43.044,0.000294647088823904
43.168,0.000294852750338409
43.292,0.000295057518548335
43.416,0.000295261399261261
43.54,0.000295464398234534
43.664,0.000295666521175809
43.788,0.000295867773743587
43.912,0.000296068161547738
44.036,0.000296267690150027
44.16,0.000296466365064626
44.284,0.000296664191758623
44.408,0.000296861175652523
44.532,0.000297057322120744
44.656,0.000297252636492104
44.78,0.000297447124050305
44.904,0.000297640790034409
45.028,0.00029783363963931
45.152,0.000298025678016194
45.276,0.000298216910273003
45.4,0.000298407341474886
45.524,0.000298596976644644
45.648,0.000298785820763174
45.772,0.000298973878769904
45.896,0.000299161155563227
46.02,0.00029934765600092
46.144,0.000299533384900568
46.268,0.00029971834703998
46.392,0.000299902547157597
46.516,0.000300085989952894
46.64,0.000300268680086785
46.764,0.000300450622182014
46.888,0.000300631820823546
47.012,0.000300812280558952
47.136,0.000300992005898791
47.26,0.000301171001316982
47.384,0.000301349271251179
47.508,0.000301526820103137
47.632,0.000301703652239073
47.756,0.000301879771990023
47.88,0.000302055183652199
48.004,0.000302229891487338
48.128,0.000302403899723041
48.252,0.000302577212553123
48.376,0.000302749834137944
48.5,0.000302921768604743
48.624,0.000303093020047967
48.748,0.000303263592529599
48.872,0.000303433490079474
48.996,0.0003036027166956
49.12,0.000303771276344471
49.244,0.000303939172961375
49.368,0.000304106410450703
49.492,0.00030427299268625
49.616,0.000304438923511514
49.74,0.000304604206739994
49.864,0.000304768846155478
49.988,0.000304932845512334
50.112,0.000305096208535798
50.236,0.00030525893892225
50.36,0.0003054210403395
50.484,0.000305582516427055
50.608,0.000305743370796401
50.732,0.000305903607031264
50.856,0.000306063228687881
50.98,0.000306222239295263
51.104,0.000306380642355451
51.228,0.000306538441343777
51.352,0.000306695639709118
51.476,0.000306852240874145
51.6,0.000307008248235573
51.724,0.000307163665164406
51.848,0.000307318495006181
51.972,0.000307472741081207
52.096,0.000307626406684802
52.22,0.000307779495087527
52.344,0.000307932009535422
52.468,0.00030808395325023
52.592,0.000308235329429628
52.716,0.000308386141247449
52.84,0.000308536391853906
52.964,0.000308686084375807
53.088,0.000308835221916779
53.212,0.000308983807557475
53.336,0.000309131844355792
53.46,0.000309279335347075
53.584,0.00030942628354433
53.708,0.000309572691938428
53.832,0.000309718563498305
53.956,0.000309863901171164
54.08,0.000310008707882676
54.204,0.000310152986537172
54.328,0.000310296740017842
54.452,0.000310439971186922
54.576,0.000310582682885889
54.7,0.000310724877935644
54.824,0.000310866559136701
54.948,0.000311007729269373
55.072,0.000311148391093946
55.196,0.000311288547350868
55.32,0.00031142820076092
55.444,0.000311567354025397
55.568,0.00031170600982628
55.692,0.000311844170826407
55.816,0.000311981839669645
55.94,0.000312119018981061
56.064,0.000312255711367083
56.188,0.000312391919415671
56.312,0.000312527645696476
56.436,0.000312662892761004
56.56,0.000312797663142777
56.684,0.000312931959357487
56.808,0.000313065783903155
56.932,0.000313199139260288
57.056,0.000313332027892028
57.18,0.000313464452244308
57.304,0.000313596414745998
57.428,0.000313727917809055
57.552,0.000313858963828673
57.676,0.000313989555183422
57.8,0.000314119694235399
57.924,0.000314249383330366
58.048,0.000314378624797891
58.172,0.000314507420951489
58.296,0.00031463577408876
58.42,0.000314763686491525
58.544,0.000314891160425961
58.668,0.000315018198142737
58.792,0.000315144801877141
58.916,0.000315270973849218
59.04,0.000315396716263896
59.164,0.000315522031311113
59.288,0.00031564692116595
59.412,0.000315771387988749
59.536,0.000315895433925243
59.66,0.000316019061106678
59.784,0.000316142271649936
59.908,0.000316265067657652
60.032,0.000316387451218339
60.156,0.000316509424406503
60.28,0.00031663098928276
60.404,0.000316752147893954
60.528,0.00031687290227327
60.652,0.000316993254440349
60.776,0.000317113206401402
60.9,0.000317232760149316
61.024,0.000317351917663771
61.148,0.000317470680911345
61.272,0.000317589051845624
61.396,0.000317707032407309
61.52,0.000317824624524321
61.644,0.000317941830111908
61.768,0.000318058651072744
61.892,0.000318175089297041
62.016,0.000318291146662642
62.14,0.000318406825035125
62.264,0.000318522126267907
62.388,0.000318637052202337
62.512,0.000318751604667797
62.636,0.000318865785481797
62.76,0.000318979596450077
62.884,0.000319093039366693
63.008,0.000319206116014119
63.132,0.000319318828163337
63.256,0.00031943117757393
63.38,0.000319543165994173
63.504,0.000319654795161125
63.628,0.000319766066800718
63.752,0.000319876982627846
63.876,0.000319987544346451
64,0.000320097753649616
