"ResDensity","N_TraitValue"
25,0.00566683922897489
26.95,0.00584573505793702
28.9,0.00600985660380236
30.85,0.00616096151065742
32.8,0.00630053925595174
34.75,0.00642986041469675
36.7,0.00655001544830668
38.65,0.00666194552781969
40.6,0.00676646723678452
42.55,0.00686429252620825
44.5,0.00695604495317513
46.45,0.00704227298629419
48.4,0.00712346097803062
50.35,0.0072000382676665
52.3,0.00727238677619966
54.25,0.0073408473768248
56.2,0.0074057252652656
58.15,0.00746729450847753
60.1,0.00752580191473009
62.05,0.00758147034031985
64,0.00763450152632627
65.95,0.00768507854153035
67.9,0.00773336789384427
69.85,0.00777952136156936
71.8,0.00782367758691687
73.75,0.0078659634670362
75.7,0.00790649537194796
77.65,0.00794538021400032
79.6,0.00798271638954585
81.55,0.00801859461030248
83.5,0.0080530986391873
85.45,0.00808630594318835
87.4,0.00811828827398571
89.35,0.00814911218548122
91.3,0.0081788394960929
93.25,0.00820752770257142
95.2,0.00823523035116772
97.15,0.00826199737119323
99.1,0.00828787537534434
101.05,0.00831290793059162
103,0.00833713580294536
104.95,0.00836059717899035
106.9,0.00838332786672186
108.85,0.00840536147790478
110.8,0.00842672959390892
112.75,0.0084474619167415
114.7,0.00846758640679555
116.65,0.00848712940865788
118.6,0.00850611576616676
120.55,0.00852456892777616
122.5,0.00854251104316599
124.45,0.00855996305193537
126.4,0.00857694476512552
128.35,0.00859347494023977
130.3,0.00860957135035769
132.25,0.00862525084787894
134.2,0.00864052942337733
136.15,0.00865542225999722
138.1,0.00866994378378119
140.05,0.00868410771027976
142,0.00869792708775965
143.95,0.00871141433729667
145.9,0.00872458129001222
147.85,0.00873743922168804
149.8,0.00874999888497209
151.75,0.00876227053936884
153.7,0.00877426397918978
155.65,0.00878598855962423
157.6,0.0087974532210763
159.55,0.00880866651190105
161.5,0.00881963660966125
163.45,0.00883037134101608
165.4,0.00884087820034311
167.35,0.00885116436718698
169.3,0.0088612367226199
171.25,0.00887110186459247
173.2,0.00888076612234669
175.15,0.00889023556995742
177.1,0.0088995160390631
179.05,0.00890861313084175
181,0.00891753222728409
182.95,0.00892627850181128
184.9,0.00893485692928145
186.85,0.00894327229542551
188.8,0.00895152920575002
190.75,0.00895963209394187
192.7,0.00896758522980685
194.65,0.00897539272677229
196.6,0.00898305854898103
198.55,0.00899058651800295
200.5,0.00899798031918741
202.45,0.00900524350767921
204.4,0.00901237951411843
206.35,0.00901939165004347
208.3,0.00902628311301516
210.25,0.00903305699147857
212.2,0.00903971626937805
214.15,0.00904626383054005
216.1,0.00905270246283712
218.05,0.00905903486214589
220,0.00906526363611065
221.95,0.00907139130772374
223.9,0.00907742031873294
225.85,0.00908335303288563
227.8,0.00908919173901874
229.75,0.0090949386540029
231.7,0.0091005959255489
233.65,0.00910616563488377
235.6,0.00911164979930359
237.55,0.0091170503746096
239.5,0.00912236925743366
241.45,0.00912760828745909
243.4,0.00913276924954214
245.35,0.00913785387573938
247.3,0.00914286384724578
249.25,0.009147800796248
251.2,0.00915266630769731
253.15,0.00915746192100599
255.1,0.00916218913167127
257.05,0.00916684939283018
259,0.0091714441167488
260.95,0.0091759746762492
262.9,0.00918044240607691
264.85,0.00918484860421198
266.8,0.00918919453312619
268.75,0.009193481420989
270.7,0.00919771046282477
272.65,0.00920188282162336
274.6,0.0092059996294064
276.55,0.00921006198825126
278.5,0.00921407097127467
280.45,0.00921802762357777
282.4,0.00922193296315446
284.35,0.0092257879817646
286.3,0.00922959364577364
288.25,0.0092333508969603
290.2,0.00923706065329348
292.15,0.00924072380968009
294.1,0.00924434123868464
296.05,0.00924791379122225
298,0.00925144229722593
299.95,0.00925492756628931
301.9,0.00925837038828598
303.85,0.00926177153396622
305.8,0.0092651317555323
307.75,0.00926845178719309
309.7,0.00927173234569883
311.65,0.00927497413085704
313.6,0.00927817782603022
315.55,0.00928134409861602
317.5,0.00928447360051081
319.45,0.00928756696855712
321.4,0.00929062482497566
323.35,0.00929364777778256
325.3,0.00929663642119248
327.25,0.00929959133600793
329.2,0.00930251308999558
331.15,0.00930540223824997
333.1,0.00930825932354506
335.05,0.00931108487667418
337,0.00931387941677878
338.95,0.00931664345166642
340.9,0.00931937747811836
342.85,0.00932208198218726
344.8,0.00932475743948522
346.75,0.00932740431546259
348.7,0.009330023065678
350.65,0.00933261413605966
352.6,0.00933517796315855
354.55,0.0093377149743936
356.5,0.00934022558828924
358.45,0.00934271021470559
360.4,0.00934516925506146
362.35,0.00934760310255061
364.3,0.00935001214235132
366.25,0.0093523967518296
368.2,0.00935475730073627
370.15,0.00935709415139805
372.1,0.009359407658903
374.05,0.00936169817128039
376,0.00936396602967521
377.95,0.00936621156851757
379.9,0.00936843511568709
381.85,0.00937063699267253
383.8,0.0093728175147267
385.75,0.00937497699101698
387.7,0.00937711572477141
389.65,0.00937923401342065
391.6,0.00938133214873586
393.55,0.0093834104169627
395.5,0.00938546909895147
397.45,0.00938750847028368
399.4,0.00938952880139499
401.35,0.0093915303576948
403.3,0.00939351339968244
405.25,0.0093954781830602
407.2,0.00939742495884328
409.15,0.00939935397346665
411.1,0.00940126546888908
413.05,0.00940315968269429
415,0.00940503684818938
416.95,0.00940689719450066
418.9,0.00940874094666686
420.85,0.00941056832572987
422.8,0.00941237954882311
424.75,0.00941417482925748
426.7,0.00941595437660519
428.65,0.00941771839678124
430.6,0.00941946709212288
432.55,0.00942120066146699
434.5,0.00942291930022543
436.45,0.00942462320045846
438.4,0.00942631255094632
440.35,0.00942798753725892
442.3,0.00942964834182383
444.25,0.00943129514399248
446.2,0.00943292812010473
448.15,0.00943454744355185
450.1,0.00943615328483784
452.05,0.00943774581163933
454,0.0094393251888639
455.95,0.00944089157870705
457.9,0.00944244514070767
459.85,0.00944398603180227
461.8,0.00944551440637779
463.75,0.00944703041632316
465.7,0.00944853421107965
467.65,0.00945002593768994
469.6,0.00945150574084609
471.55,0.00945297376293629
473.5,0.00945443014409056
475.45,0.0094558750222253
477.4,0.00945730853308688
479.35,0.00945873081029412
481.3,0.00946014198537981
483.25,0.00946154218783127
485.2,0.00946293154512995
487.15,0.00946431018279012
489.1,0.0094656782243967
491.05,0.00946703579164211
493,0.00946838300436248
494.95,0.00946971998057277
496.9,0.00947104683650136
498.85,0.00947236368662364
500.8,0.00947367064369499
502.75,0.00947496781878293
504.7,0.00947625532129861
506.65,0.00947753325902756
508.6,0.00947880173815977
510.55,0.00948006086331908
512.5,0.00948131073759203
514.45,0.00948255146255586
516.4,0.00948378313830617
518.35,0.00948500586348375
520.3,0.00948621973530092
522.25,0.00948742484956733
524.2,0.00948862130071514
526.15,0.00948980918182372
528.1,0.00949098858464375
530.05,0.00949215959962084
532,0.0094933223159187
533.95,0.00949447682144173
535.9,0.00949562320285719
537.85,0.00949676154561688
539.8,0.00949789193397837
541.75,0.00949901445102581
543.7,0.00950012917869027
545.65,0.00950123619776966
547.6,0.00950233558794831
549.55,0.009503427427816
551.5,0.00950451179488678
553.45,0.00950558876561724
555.4,0.00950665841542454
557.35,0.00950772081870396
559.3,0.00950877604884619
561.25,0.00950982417825422
563.2,0.00951086527835989
565.15,0.00951189941964012
567.1,0.00951292667163282
569.05,0.00951394710295247
571,0.00951496078130542
572.95,0.00951596777350483
574.9,0.00951696814548536
576.85,0.00951796196231759
578.8,0.0095189492882221
580.75,0.00951993018658331
582.7,0.00952090471996303
584.65,0.0095218729501138
586.6,0.00952283493799191
588.55,0.00952379074377017
590.5,0.00952474042685051
592.45,0.00952568404587624
594.4,0.00952662165874414
596.35,0.0095275533226163
598.3,0.00952847909393173
600.25,0.00952939902841777
602.2,0.00953031318110128
604.15,0.00953122160631957
606.1,0.0095321243577312
608.05,0.00953302148832656
610,0.00953391305043821
611.95,0.00953479909575104
613.9,0.00953567967531231
615.85,0.00953655483954142
617.8,0.00953742463823953
619.75,0.00953828912059903
621.7,0.00953914833521278
623.65,0.00954000233008325
625.6,0.00954085115263145
627.55,0.00954169484970568
629.5,0.0095425334675902
631.45,0.00954336705201364
633.4,0.00954419564815735
635.35,0.00954501930066354
637.3,0.00954583805364333
639.25,0.00954665195068459
641.2,0.00954746103485968
643.15,0.00954826534873307
645.1,0.00954906493436879
647.05,0.00954985983333775
649,0.00955065008672499
650.95,0.00955143573513669
652.9,0.00955221681870718
654.85,0.00955299337710577
656.8,0.00955376544954343
658.75,0.00955453307477944
660.7,0.00955529629112781
662.65,0.00955605513646373
664.6,0.00955680964822979
666.55,0.00955755986344214
668.5,0.00955830581869654
670.45,0.00955904755017436
672.4,0.00955978509364836
674.35,0.00956051848448848
676.3,0.00956124775766749
678.25,0.00956197294776655
680.2,0.00956269408898065
682.15,0.00956341121512405
684.1,0.00956412435963549
686.05,0.00956483355558343
688,0.00956553883567114
689.95,0.00956624023224176
691.9,0.00956693777728321
693.85,0.00956763150243307
695.8,0.00956832143898335
697.75,0.00956900761788522
699.7,0.00956969006975361
701.65,0.00957036882487179
703.6,0.00957104391319581
705.55,0.00957171536435896
707.5,0.00957238320767607
709.45,0.00957304747214776
711.4,0.00957370818646472
713.35,0.00957436537901171
715.3,0.00957501907787177
717.25,0.00957566931083009
719.2,0.00957631610537804
721.15,0.00957695948871701
723.1,0.00957759948776219
725.05,0.00957823612914641
727,0.00957886943922373
728.95,0.00957949944407315
730.9,0.00958012616950218
732.85,0.00958074964105032
734.8,0.00958136988399259
736.75,0.0095819869233429
738.7,0.00958260078385743
740.65,0.00958321149003795
742.6,0.00958381906613506
744.55,0.00958442353615141
746.5,0.00958502492384486
748.45,0.00958562325273161
750.4,0.00958621854608922
752.35,0.00958681082695967
754.3,0.00958740011815234
756.25,0.00958798644224688
758.2,0.00958856982159617
760.15,0.00958915027832909
762.1,0.00958972783435338
764.05,0.00959030251135835
766,0.00959087433081762
767.95,0.00959144331399178
769.9,0.00959200948193104
771.85,0.0095925728554778
773.8,0.00959313345526927
775.75,0.00959369130173989
777.7,0.00959424641512391
779.65,0.00959479881545777
781.6,0.00959534852258255
783.55,0.00959589555614632
785.5,0.00959643993560652
787.45,0.0095969816802322
789.4,0.00959752080910636
791.35,0.00959805734112815
793.3,0.00959859129501511
795.25,0.00959912268930531
797.2,0.00959965154235952
799.15,0.00960017787236332
801.1,0.00960070169732919
803.05,0.00960122303509855
805,0.00960174190334379
806.95,0.00960225831957029
808.9,0.00960277230111834
810.85,0.00960328386516514
812.8,0.00960379302872667
814.75,0.00960429980865958
816.7,0.00960480422166309
818.65,0.00960530628428077
820.6,0.00960580601290238
822.55,0.00960630342376566
824.5,0.00960679853295805
826.45,0.00960729135641848
828.4,0.00960778190993903
830.35,0.00960827020916665
832.3,0.0096087562696048
834.25,0.00960924010661511
836.2,0.00960972173541901
838.15,0.00961020117109926
840.1,0.0096106784286016
842.05,0.00961115352273629
844,0.0096116264681796
845.95,0.00961209727947536
847.9,0.00961256597103643
849.85,0.00961303255714619
851.8,0.00961349705195997
853.75,0.00961395946950651
855.7,0.00961441982368932
857.65,0.00961487812828814
859.6,0.00961533439696028
861.55,0.00961578864324196
863.5,0.00961624088054968
865.45,0.00961669112218153
867.4,0.00961713938131849
869.35,0.00961758567102571
871.3,0.00961803000425381
873.25,0.00961847239384009
875.2,0.00961891285250979
877.15,0.00961935139287731
879.1,0.00961978802744743
881.05,0.00962022276861644
883,0.00962065562867338
884.95,0.00962108661980118
886.9,0.00962151575407776
888.85,0.00962194304347723
890.8,0.00962236849987094
892.75,0.00962279213502861
894.7,0.00962321396061943
896.65,0.00962363398821307
898.6,0.00962405222928083
900.55,0.00962446869519661
902.5,0.00962488339723795
904.45,0.00962529634658709
906.4,0.00962570755433194
908.35,0.00962611703146707
910.3,0.00962652478889472
912.25,0.00962693083742573
914.2,0.00962733518778053
916.15,0.00962773785059005
918.1,0.00962813883639669
920.05,0.00962853815565519
922,0.00962893581873359
923.95,0.0096293318359141
925.9,0.009629726217394
927.85,0.00963011897328648
929.8,0.00963051011362157
931.75,0.00963089964834691
933.7,0.00963128758732867
935.65,0.00963167394035234
937.6,0.00963205871712357
939.55,0.00963244192726897
941.5,0.00963282358033692
943.45,0.00963320368579836
945.4,0.00963358225304758
947.35,0.00963395929140301
949.3,0.00963433481010791
951.25,0.00963470881833124
953.2,0.00963508132516831
955.15,0.00963545233964157
957.1,0.0096358218707013
959.05,0.00963618992722638
961,0.00963655651802496
962.95,0.00963692165183516
964.9,0.00963728533732582
966.85,0.00963764758309709
968.8,0.00963800839768121
970.75,0.00963836778954311
972.7,0.00963872576708111
974.65,0.00963908233862755
976.6,0.00963943751244945
978.55,0.00963979129674913
980.5,0.00964014369966488
982.45,0.00964049472927155
984.4,0.00964084439358117
986.35,0.00964119270054358
988.3,0.00964153965804702
990.25,0.00964188527391871
992.2,0.00964222955592545
994.15,0.00964257251177424
996.1,0.00964291414911278
998.05,0.00964325447553011
1000,0.00964359349855711
