"ResDensity","N_TraitValue"
5,0.112644747878938
5.23,0.117060384916374
5.46,0.121418978306456
5.69,0.125721626337231
5.92,0.129969399282068
6.15,0.134163340287229
6.38,0.138304466225913
6.61,0.142393768520236
6.84,0.146432213932535
7.07,0.150420745327345
7.3,0.154360282405281
7.53,0.158251722410055
7.76,0.162095940809742
7.99,0.165893791953402
8.22,0.169646109704085
8.45,0.1733537080492
8.68,0.17701738168919
8.91,0.180637906605416
9.14,0.184216040608083
9.37,0.187752523865037
9.6,0.191248079412206
9.83,0.194703413646413
10.06,0.198119216801283
10.29,0.201496163406902
10.52,0.204834912733881
10.75,0.208136109222442
10.98,0.211400382897093
11.21,0.214628349767479
11.44,0.217820612215924
11.67,0.22097775937219
11.9,0.22410036747593
12.13,0.227189000227312
12.36,0.230244209126269
12.59,0.233266533800775
12.82,0.236256502324601
13.05,0.2392146315249
13.28,0.242141427280033
13.51,0.245037384807969
13.74,0.247902988945624
13.97,0.250738714419462
14.2,0.253545026107669
14.43,0.256322379294221
14.66,0.259071219915117
14.89,0.261791984797075
15.12,0.264485101888945
15.35,0.267150990486109
15.58,0.269790061448105
15.81,0.272402717409716
16.04,0.274989352985754
16.27,0.277550354969756
16.5,0.280086102526801
16.73,0.282596967380647
16.96,0.285083313995394
17.19,0.287545499751847
17.42,0.289983875118759
17.65,0.292398783819133
17.88,0.294790562991749
18.11,0.297159543348068
18.34,0.299506049324668
18.57,0.301830399231367
18.8,0.30413290539517
19.03,0.30641387430017
19.26,0.308673606723551
19.49,0.3109123978678
19.72,0.313130537489269
19.95,0.315328310023191
20.18,0.317505994705267
20.41,0.319663865689939
20.64,0.321802192165444
20.87,0.323921238465757
21.1,0.326021264179527
21.33,0.328102524256078
21.56,0.330165269108597
21.79,0.332209744714567
22.02,0.334236192713554
22.25,0.336244850502408
22.48,0.338235951327978
22.71,0.340209724377399
22.94,0.342166394866037
23.17,0.344106184123151
23.4,0.346029309675357
23.63,0.347935985327941
23.86,0.349826421244101
24.09,0.351700824022167
24.32,0.35355939677087
24.55,0.35540233918271
24.78,0.357229847605479
25.01,0.359042115111995
25.24,0.360839331568101
25.47,0.362621683698975
25.7,0.364389355153801
25.93,0.366142526568852
26.16,0.367881375629017
26.39,0.369606077127843
26.62,0.371316803026101
26.85,0.373013722508941
27.08,0.374697002041674
27.31,0.376366805424202
27.54,0.378023293844158
27.77,0.379666625928771
28,0.381296957795506
28.23,0.382914443101504
28.46,0.384519233091857
28.69,0.386111476646755
28.92,0.387691320327527
29.15,0.38925890842161
29.38,0.390814382986483
29.61,0.392357883892577
29.84,0.393889548865204
30.07,0.395409513525521
30.3,0.396917911430564
30.53,0.398414874112365
30.76,0.39990053111619
30.99,0.401375010037907
31.22,0.402838436560517
31.45,0.404290934489869
31.68,0.405732625789572
31.91,0.407163630615134
32.14,0.408584067347349
32.37,0.409994052624936
32.6,0.41139370137647
32.83,0.412783126851611
33.06,0.414162440651648
33.29,0.415531752759382
33.52,0.416891171568357
33.75,0.41824080391147
33.98,0.419580755088949
34.21,0.420911128895746
34.44,0.422232027648337
34.67,0.423543552210953
34.9,0.424845802021255
35.13,0.426138875115467
35.36,0.427422868152977
35.59,0.428697876440423
35.82,0.429963993955276
36.05,0.43122131336893
36.28,0.432469926069314
36.51,0.433709922183033
36.74,0.434941390597055
36.97,0.436164418979953
37.2,0.437379093802704
37.43,0.438585500359075
37.66,0.439783722785586
37.89,0.440973844081069
38.12,0.442155946125834
38.35,0.443330109700449
38.58,0.44449641450414
38.81,0.445654939172823
39.04,0.446805761296782
39.27,0.447948957437988
39.5,0.449084603147077
39.73,0.45021277298
39.96,0.451333540514332
40.19,0.452446978365271
40.42,0.453553158201324
40.65,0.45465215075968
40.88,0.455744025861291
41.11,0.45682885242566
41.34,0.45790669848534
41.57,0.458977631200156
41.8,0.46004171687116
42.03,0.461099020954305
42.26,0.462149608073874
42.49,0.463193542035645
42.72,0.464230885839807
42.95,0.465261701693637
43.18,0.466286051023931
43.41,0.467303994489212
43.64,0.468315591991696
43.87,0.469320902689051
44.1,0.470319985005922
44.33,0.471312896645253
44.56,0.472299694599396
44.79,0.473280435161017
45.02,0.474255173933798
45.25,0.475223965842945
45.48,0.47618686514551
45.71,0.477143925440515
45.94,0.478095199678901
46.17,0.479040740173292
46.4,0.479980598607583
46.63,0.480914826046361
46.86,0.481843472944152
47.09,0.482766589154502
47.32,0.483684223938902
47.55,0.48459642597555
47.78,0.485503243367956
48.01,0.486404723653401
48.24,0.487300913811245
48.47,0.488191860271082
48.7,0.489077608920767
48.93,0.489958205114286
49.16,0.490833693679504
49.39,0.491704118925768
49.62,0.492569524651385
49.85,0.493429954150963
50.08,0.49428545022264
50.31,0.495136055175172
50.54,0.495981810834913
50.77,0.496822758552668
51,0.497658939210434
51.23,0.498490393228023
51.46,0.499317160569578
51.69,0.500139280749975
51.92,0.500956792841116
52.15,0.501769735478124
52.38,0.502578146865422
52.61,0.503382064782728
52.84,0.504181526590929
53.07,0.50497656923788
53.3,0.505767229264087
53.53,0.506553542808311
53.76,0.507335545613071
53.99,0.508113273030061
54.22,0.508886760025478
54.45,0.509656041185262
54.68,0.510421150720249
54.91,0.511182122471246
55.14,0.511938989914017
55.37,0.512691786164194
55.6,0.513440543982107
55.83,0.514185295777535
56.06,0.514926073614384
56.29,0.515662909215288
56.52,0.516395833966134
56.75,0.517124878920525
56.98,0.517850074804161
57.21,0.518571452019157
57.44,0.519289040648291
57.67,0.520002870459188
57.9,0.520712970908432
58.13,0.521419371145624
58.36,0.522122100017364
58.59,0.522821186071183
58.82,0.523516657559405
59.05,0.524208542442958
59.28,0.524896868395114
59.51,0.525581662805186
59.74,0.526262952782155
59.97,0.526940765158252
60.2,0.527615126492478
60.43,0.528286063074072
60.66,0.52895360092593
60.89,0.529617765807969
61.12,0.53027858322044
61.35,0.53093607840719
61.58,0.531590276358879
61.81,0.532241201816146
62.04,0.532888879272726
62.27,0.533533332978526
62.5,0.534174586942646
62.73,0.534812664936366
62.96,0.535447590496082
63.19,0.536079386926197
63.42,0.536708077301977
63.65,0.537333684472355
63.88,0.537956231062704
64.11,0.538575739477563
64.34,0.539192231903323
64.57,0.539805730310877
64.8,0.540416256458231
65.03,0.541023831893074
65.26,0.541628477955317
65.49,0.542230215779585
65.72,0.542829066297686
65.95,0.543425050241035
66.18,0.544018188143046
66.41,0.544608500341492
66.64,0.545196006980828
66.87,0.545780728014483
67.1,0.546362683207119
67.33,0.546941892136859
67.56,0.547518374197479
67.79,0.548092148600579
68.02,0.548663234377709
68.25,0.549231650382481
68.48,0.549797415292639
68.71,0.550360547612107
68.94,0.550921065673003
69.17,0.551478987637634
69.4,0.552034331500454
69.63,0.552587115089996
69.86,0.553137356070788
70.09,0.553685071945226
70.32,0.554230280055435
70.55,0.554772997585099
70.78,0.555313241561262
71.01,0.555851028856115
71.24,0.556386376188749
71.47,0.556919300126886
71.7,0.557449817088593
71.93,0.557977943343962
72.16,0.55850369501678
72.39,0.559027088086164
72.62,0.559548138388183
72.85,0.560066861617453
73.08,0.560583273328718
73.31,0.561097388938398
73.54,0.561609223726126
73.77,0.562118792836264
74,0.562626111279393
74.23,0.56313119393379
74.46,0.563634055546879
74.69,0.56413471073667
74.92,0.564633173993175
75.15,0.565129459679802
75.38,0.56562358203474
75.61,0.566115555172316
75.84,0.566605393084342
76.07,0.567093109641442
76.3,0.567578718594358
76.53,0.568062233575244
76.76,0.568543668098943
76.99,0.569023035564244
77.22,0.569500349255127
77.45,0.569975622341987
77.68,0.57044886788285
77.91,0.570920098824564
78.14,0.571389328003985
78.37,0.571856568149137
78.6,0.572321831880366
78.83,0.572785131711477
79.06,0.573246480050854
79.29,0.573705889202569
79.52,0.574163371367475
79.75,0.574618938644285
79.98,0.575072603030645
80.21,0.575524376424176
80.44,0.575974270623524
80.67,0.576422297329384
80.9,0.576868468145513
81.13,0.577312794579732
81.36,0.577755288044916
81.59,0.578195959859973
81.82,0.578634821250807
82.05,0.57907188335127
82.28,0.579507157204107
82.51,0.579940653761884
82.74,0.580372383887907
82.97,0.580802358357128
83.2,0.581230587857046
83.43,0.581657082988585
83.66,0.582081854266977
83.89,0.58250491212262
84.12,0.582926266901934
84.35,0.583345928868208
84.58,0.583763908202424
84.81,0.584180215004091
85.04,0.584594859292052
85.27,0.585007851005289
85.5,0.585419200003716
85.73,0.585828916068969
85.96,0.586237008905174
86.19,0.586643488139719
86.42,0.587048363324007
86.65,0.587451643934206
86.88,0.587853339371989
87.11,0.588253458965264
87.34,0.588652011968895
87.57,0.589049007565416
87.8,0.589444454865738
88.03,0.589838362909844
88.26,0.590230740667478
88.49,0.590621597038826
88.72,0.591010940855191
88.95,0.591398780879655
89.18,0.591785125807738
89.41,0.592169984268048
89.64,0.592553364822922
89.87,0.592935275969065
90.1,0.593315726138171
90.33,0.59369472369755
90.56,0.594072276950737
90.79,0.594448394138103
91.02,0.594823083437448
91.25,0.595196352964599
91.48,0.595568210773995
91.71,0.595938664859266
91.94,0.596307723153803
92.17,0.596675393531329
92.4,0.597041683806456
92.63,0.59740660173524
92.86,0.597770155015727
93.09,0.598132351288496
93.32,0.598493198137193
93.55,0.598852703089059
93.78,0.59921087361546
94.01,0.599567717132394
94.24,0.599923241001012
94.47,0.600277452528121
94.7,0.600630358966681
94.93,0.600981967516308
95.16,0.601332285323754
95.39,0.601681319483401
95.62,0.602029077037731
95.85,0.602375564977806
96.08,0.602720790243734
96.31,0.603064759725133
96.54,0.603407480261588
96.77,0.603748958643105
97,0.60408920161056
97.23,0.604428215856143
97.46,0.604766008023796
97.69,0.605102584709646
97.92,0.605437952462436
98.15,0.605772117783949
98.38,0.606105087129429
98.61,0.606436866907995
98.84,0.606767463483053
99.07,0.607096883172704
99.3,0.607425132250146
99.53,0.607752216944069
99.76,0.608078143439055
99.99,0.608402917875963
100.22,0.608726546352315
100.45,0.609049034922681
100.68,0.609370389599053
100.91,0.609690616351221
101.14,0.61000972110714
101.37,0.610327709753299
101.6,0.610644588135081
101.83,0.610960362057121
102.06,0.611275037283661
102.29,0.611588619538902
102.52,0.611901114507349
102.75,0.612212527834154
102.98,0.612522865125459
103.21,0.612832131948732
103.44,0.613140333833095
103.67,0.61344747626966
103.9,0.61375356471185
104.13,0.614058604575728
104.36,0.614362601240307
104.59,0.614665560047876
104.82,0.614967486304306
105.05,0.615268385279365
105.28,0.615568262207018
105.51,0.615867122285738
105.74,0.616164970678802
105.97,0.616461812514588
106.2,0.616757652886871
106.43,0.617052496855114
106.66,0.617346349444756
106.89,0.617639215647499
107.12,0.617931100421588
107.35,0.618222008692094
107.58,0.618511945351186
107.81,0.618800915258412
108.04,0.619088923240965
108.27,0.619375974093956
108.5,0.619662072580674
108.73,0.619947223432858
108.96,0.62023143135095
109.19,0.620514701004359
109.42,0.620797037031711
109.65,0.621078444041109
109.88,0.621358926610378
110.11,0.621638489287315
110.34,0.621917136589938
110.57,0.622194873006725
110.8,0.622471702996855
111.03,0.62274763099045
111.26,0.62302266138881
111.49,0.623296798564645
111.72,0.623570046862311
111.95,0.623842410598033
112.18,0.62411389406014
112.41,0.624384501509283
112.64,0.624654237178662
112.87,0.624923105274248
113.1,0.625191109974997
113.33,0.625458255433068
113.56,0.625724545774042
113.79,0.625989985097127
114.02,0.626254577475374
114.25,0.626518326955884
114.48,0.626781237560012
114.71,0.627043313283574
114.94,0.627304558097049
115.17,0.627564975945778
115.4,0.627824570750164
115.63,0.628083346405869
115.86,0.628341306784008
116.09,0.628598455731343
116.32,0.628854797070472
116.55,0.629110334600021
116.78,0.62936507209483
117.01,0.629619013306141
117.24,0.629872161961778
117.47,0.630124521766334
117.7,0.630376096401349
117.93,0.630626889525491
118.16,0.630876904774729
118.39,0.631126145762516
118.62,0.631374616079956
118.85,0.63162231929598
119.08,0.631869258957517
119.31,0.632115438589662
119.54,0.632360861695843
119.77,0.632605531757992
120,0.632849452236702
