"ResDensity","N_TraitValue"
1,0.000219047869655843
1.046,0.00022822455015226
1.092,0.000237329458693786
1.138,0.000246363434006556
1.184,0.000255327301798954
1.23,0.000264221875013201
1.276,0.000273047954071118
1.322,0.000281806327114246
1.368,0.000290497770238452
1.414,0.00029912304772318
1.46,0.000307682912255491
1.506,0.000316178105149012
1.552,0.000324609356557959
1.598,0.000332977385686329
1.644,0.000341282900992413
1.69,0.000349526600388741
1.736,0.000357709171437577
1.782,0.000365831291542081
1.828,0.000373893628133256
1.874,0.000381896838852771
1.92,0.000389841571731789
1.966,0.000397728465365877
2.012,0.000405558149086121
2.058,0.000413331243126523
2.104,0.000421048358787782
2.15,0.000428710098597555
2.196,0.000436317056467274
2.242,0.000443869817845616
2.288,0.000451368959868698
2.334,0.000458815051507095
2.38,0.000466208653709736
2.426,0.000473550319544779
2.472,0.000480840594337519
2.518,0.000488080015805419
2.564,0.000495269114190313
2.61,0.000502408412387875
2.656,0.000509498426074397
2.702,0.000516539663830957
2.748,0.000523532627265022
2.794,0.000530477811129578
2.84,0.000537375703439804
2.886,0.000544226785587389
2.932,0.00055103153245252
2.978,0.000557790412513603
3.024,0.000564503887954785
3.07,0.000571172414771303
3.116,0.000577796442872732
3.162,0.000584376416184169
3.208,0.000590912772745409
3.254,0.00059740594480815
3.3,0.000603856358931282
3.346,0.000610264436074298
3.392,0.000616630591688871
3.438,0.000622955235808644
3.484,0.000629238773137258
3.53,0.000635481603134687
3.576,0.000641684120101882
3.622,0.000647846713263791
3.668,0.000653969766850784
3.714,0.000660053660178502
3.76,0.000666098767726195
3.806,0.000672105459213554
3.852,0.00067807409967609
3.898,0.000684005049539083
3.944,0.000689898664690134
3.99,0.00069575529655035
4.036,0.000701575292144196
4.082,0.000707358994168042
4.128,0.000713106741057419
4.174,0.000718818867053045
4.22,0.000724495702265609
4.266,0.000730137572739367
4.312,0.000735744800514568
4.358,0.000741317703688723
4.404,0.000746856596476767
4.45,0.00075236178927011
4.496,0.000757833588694623
4.542,0.000763272297667564
4.588,0.00076867821545348
4.634,0.0007740516377191
4.68,0.000779392856587238
4.726,0.000784702160689733
4.772,0.000789979835219442
4.818,0.000795226161981305
4.864,0.000800441419442507
4.91,0.000805625882781742
4.956,0.000810779823937623
5.002,0.00081590351165622
5.048,0.00082099721153778
5.094,0.00082606118608262
5.14,0.000831095694736219
5.186,0.000836100993933531
5.232,0.000841077337142524
5.278,0.000846024974906965
5.324,0.00085094415488847
5.37,0.000855835121907828
5.416,0.000860698117985621
5.462,0.000865533382382138
5.508,0.000870341151636622
5.554,0.000875121659605836
5.6,0.000879875137501989
5.646,0.000884601813930006
5.692,0.000889301914924181
5.738,0.000893975663984205
5.784,0.000898623282110596
5.83,0.000903244987839534
5.876,0.000907840997277112
5.922,0.000912411524133023
5.968,0.000916956779753685
6.014,0.000921476973154814
6.06,0.000925972311053472
6.106,0.000930442997899571
6.152,0.000934889235906877
6.198,0.000939311225083491
6.244,0.000943709163261848
6.29,0.000948083246128212
6.336,0.000952433667251708
6.382,0.000956760618112872
6.428,0.000961064288131745
6.474,0.000965344864695518
6.52,0.000969602533185724
6.566,0.000973837477005006
6.612,0.000978049877603448
6.658,0.000982239914504492
6.704,0.000986407765330441
6.75,0.000990553605827559
6.796,0.000994677609890775
6.842,0.000998779949587995
6.888,0.00100286079518403
6.934,0.00100692031516417
6.98,0.00101095867625735
7.026,0.00101497604345898
7.072,0.00101897258005342
7.118,0.00102294844763613
7.164,0.0010269038061354
7.21,0.00103083881383382
7.256,0.0010347536273894
7.302,0.00103864840185635
7.348,0.00104252329070556
7.394,0.00104637844584474
7.44,0.0010502140176383
7.486,0.00105403015492688
7.532,0.00105782700504658
7.578,0.001061604713848
7.624,0.00106536342571481
7.67,0.00106910328358224
7.716,0.00107282442895513
7.762,0.00107652700192584
7.808,0.00108021114119176
7.854,0.00108387698407269
7.9,0.00108752466652787
7.946,0.00109115432317279
7.992,0.00109476608729577
8.038,0.00109836009087425
8.084,0.00110193646459088
8.13,0.00110549533784937
8.176,0.00110903683879006
8.222,0.00111256109430534
8.268,0.00111606823005481
8.314,0.00111955837048015
8.36,0.00112303163881992
8.406,0.00112648815712402
8.452,0.001129928046268
8.498,0.00113335142596714
8.544,0.00113675841479035
8.59,0.00114014913017384
8.636,0.00114352368843466
8.682,0.00114688220478393
8.728,0.00115022479334003
8.774,0.00115355156714144
8.82,0.00115686263815957
8.866,0.00116015811731126
8.912,0.00116343811447119
8.958,0.00116670273848409
9.004,0.00116995209717678
9.05,0.00117318629737003
9.096,0.00117640544489029
9.142,0.00117960964458122
9.188,0.00118279900031505
9.234,0.00118597361500383
9.28,0.00118913359061052
9.326,0.00119227902815985
9.372,0.00119541002774914
9.418,0.00119852668855887
9.464,0.00120162910886321
9.51,0.00120471738604029
9.556,0.00120779161658243
9.602,0.00121085189610617
9.648,0.0012138983193622
9.694,0.0012169309802451
9.74,0.00121994997180305
9.786,0.00122295538624728
9.832,0.00122594731496152
9.878,0.00122892584851121
9.924,0.00123189107665267
9.97,0.00123484308834209
10.016,0.00123778197174446
10.062,0.00124070781424233
10.108,0.00124362070244446
10.154,0.00124652072219437
10.2,0.00124940795857881
10.246,0.001252282495936
10.292,0.00125514441786394
10.338,0.00125799380722845
10.384,0.00126083074617117
10.43,0.00126365531611748
10.476,0.0012664675977843
10.522,0.00126926767118771
10.568,0.00127205561565063
10.614,0.00127483150981025
10.66,0.00127759543162543
10.706,0.00128034745838402
10.752,0.00128308766671006
10.798,0.00128581613257087
10.844,0.0012885329312841
10.89,0.00129123813752462
10.936,0.00129393182533142
10.982,0.0012966140681143
11.028,0.0012992849386606
11.074,0.00130194450914173
11.12,0.00130459285111972
11.166,0.00130723003555358
11.212,0.00130985613280571
11.258,0.00131247121264809
11.304,0.00131507534426851
11.35,0.00131766859627664
11.396,0.00132025103671006
11.442,0.00132282273304023
11.488,0.00132538375217835
11.534,0.00132793416048116
11.58,0.00133047402375668
11.626,0.00133300340726988
11.672,0.00133552237574822
11.718,0.00133803099338726
11.764,0.00134052932385602
11.81,0.00134301743030244
11.856,0.00134549537535864
11.902,0.00134796322114623
11.948,0.00135042102928147
11.994,0.0013528688608804
12.04,0.00135530677656391
12.086,0.00135773483646275
12.132,0.00136015310022246
12.178,0.00136256162700827
12.224,0.00136496047550991
12.27,0.00136734970394641
12.316,0.00136972937007075
12.362,0.00137209953117456
12.408,0.00137446024409272
12.454,0.00137681156520787
12.5,0.00137915355045494
12.546,0.00138148625532554
12.592,0.00138380973487237
12.638,0.00138612404371357
12.684,0.00138842923603695
12.73,0.00139072536560426
12.776,0.00139301248575535
12.822,0.00139529064941231
12.868,0.00139755990908355
12.914,0.00139982031686783
12.96,0.00140207192445823
13.006,0.00140431478314616
13.052,0.00140654894382514
13.098,0.00140877445699477
13.144,0.00141099137276445
13.19,0.00141319974085718
13.236,0.00141539961061326
13.282,0.00141759103099398
13.328,0.00141977405058524
13.374,0.00142194871760114
13.42,0.00142411507988756
13.466,0.00142627318492561
13.512,0.00142842307983516
13.558,0.00143056481137822
13.604,0.00143269842596237
13.65,0.0014348239696441
13.696,0.00143694148813209
13.742,0.00143905102679054
13.788,0.00144115263064238
13.834,0.00144324634437247
13.88,0.00144533221233078
13.926,0.00144741027853553
13.972,0.00144948058667624
14.018,0.00145154318011686
14.064,0.00145359810189874
14.11,0.00145564539474365
14.156,0.00145768510105674
14.202,0.00145971726292947
14.248,0.0014617419221425
14.294,0.00146375912016853
14.34,0.00146576889817518
14.386,0.00146777129702777
14.432,0.00146976635729206
14.478,0.00147175411923704
14.524,0.0014737346228376
14.57,0.00147570790777723
14.616,0.00147767401345066
14.662,0.00147963297896648
14.708,0.00148158484314977
14.754,0.00148352964454459
14.8,0.0014854674214166
14.846,0.00148739821175551
14.892,0.00148932205327759
14.938,0.00149123898342812
14.984,0.00149314903938381
15.03,0.00149505225805523
15.076,0.00149694867608915
15.122,0.00149883832987094
15.168,0.00150072125552684
15.214,0.00150259748892631
15.26,0.00150446706568428
15.306,0.00150633002116342
15.352,0.00150818639047636
15.398,0.00151003620848788
15.444,0.00151187950981716
15.49,0.00151371632883983
15.536,0.00151554669969021
15.582,0.00151737065626337
15.628,0.00151918823221723
15.674,0.00152099946097465
15.72,0.00152280437572543
15.766,0.00152460300942842
15.812,0.00152639539481342
15.858,0.00152818156438328
15.904,0.00152996155041577
15.95,0.00153173538496557
15.996,0.00153350309986619
16.042,0.00153526472673185
16.088,0.00153702029695943
16.134,0.00153876984173024
16.18,0.00154051339201194
16.226,0.00154225097856035
16.272,0.00154398263192123
16.318,0.0015457083824321
16.364,0.00154742826022403
16.41,0.00154914229522331
16.456,0.00155085051715331
16.502,0.00155255295553607
16.548,0.0015542496396941
16.594,0.00155594059875201
16.64,0.00155762586163819
16.686,0.00155930545708647
16.732,0.00156097941363775
16.778,0.00156264775964158
16.824,0.00156431052325782
16.87,0.00156596773245819
16.916,0.00156761941502784
16.962,0.0015692655985669
17.008,0.00157090631049204
17.054,0.00157254157803798
17.1,0.00157417142825896
17.146,0.0015757958880303
17.192,0.00157741498404983
17.238,0.00157902874283936
17.284,0.00158063719074614
17.33,0.00158224035394429
17.376,0.00158383825843622
17.422,0.00158543093005401
17.468,0.00158701839446084
17.514,0.00158860067715237
17.56,0.00159017780345806
17.606,0.00159174979854256
17.652,0.00159331668740705
17.698,0.00159487849489054
17.744,0.00159643524567119
17.79,0.00159798696426764
17.836,0.00159953367504026
17.882,0.00160107540219242
17.928,0.00160261216977181
17.974,0.00160414400167161
18.02,0.00160567092163179
18.066,0.00160719295324033
18.112,0.00160871011993439
18.158,0.00161022244500155
18.204,0.00161172995158102
18.25,0.00161323266266477
18.296,0.00161473060109872
18.342,0.00161622378958393
18.388,0.00161771225067768
18.434,0.00161919600679467
18.48,0.00162067508020813
18.526,0.00162214949305088
18.572,0.00162361926731653
18.618,0.00162508442486049
18.664,0.00162654498740108
18.71,0.00162800097652063
18.756,0.00162945241366651
18.802,0.0016308993201522
18.848,0.00163234171715831
18.894,0.00163377962573365
18.94,0.00163521306679622
18.986,0.00163664206113426
19.032,0.00163806662940722
19.078,0.00163948679214675
19.124,0.00164090256975775
19.17,0.00164231398251927
19.216,0.00164372105058553
19.262,0.00164512379398683
19.308,0.00164652223263058
19.354,0.00164791638630215
19.4,0.00164930627466587
19.446,0.00165069191726593
19.492,0.00165207333352728
19.538,0.00165345054275656
19.584,0.00165482356414301
19.63,0.00165619241675934
19.676,0.0016575571195626
19.722,0.00165891769139509
19.768,0.00166027415098521
19.814,0.00166162651694832
19.86,0.00166297480778758
19.906,0.00166431904189481
19.952,0.00166565923755135
19.998,0.00166699541292881
20.044,0.00166832758608998
20.09,0.0016696557749896
20.136,0.00167097999747516
20.182,0.00167230027128771
20.228,0.00167361661406267
20.274,0.0016749290433306
20.32,0.00167623757651796
20.366,0.0016775422309479
20.412,0.00167884302384105
20.458,0.00168013997231621
20.504,0.00168143309339119
20.55,0.00168272240398346
20.596,0.00168400792091096
20.642,0.0016852896608928
20.688,0.00168656764054999
20.734,0.00168784187640616
20.78,0.00168911238488827
20.826,0.00169037918232732
20.872,0.00169164228495902
20.918,0.00169290170892456
20.964,0.0016941574702712
21.01,0.00169540958495303
21.056,0.0016966580688316
21.102,0.0016979029376766
21.148,0.00169914420716655
21.194,0.00170038189288941
21.24,0.00170161601034328
21.286,0.00170284657493702
21.332,0.00170407360199089
21.378,0.0017052971067372
21.424,0.00170651710432094
21.47,0.00170773360980037
21.516,0.00170894663814772
21.562,0.00171015620424969
21.608,0.00171136232290817
21.654,0.00171256500884078
21.7,0.00171376427668147
21.746,0.00171496014098114
21.792,0.00171615261620822
21.838,0.00171734171674924
21.884,0.00171852745690941
21.93,0.00171970985091323
21.976,0.00172088891290501
22.022,0.00172206465694944
22.068,0.00172323709703219
22.114,0.00172440624706043
22.16,0.00172557212086339
22.206,0.00172673473219289
22.252,0.0017278940947239
22.298,0.00172905022205508
22.344,0.00173020312770929
22.39,0.00173135282513414
22.436,0.0017324993277025
22.482,0.00173364264871299
22.528,0.00173478280139058
22.574,0.00173591979888699
22.62,0.00173705365428129
22.666,0.00173818438058034
22.712,0.00173931199071932
22.758,0.0017404364975622
22.804,0.00174155791390226
22.85,0.00174267625246253
22.896,0.00174379152589632
22.942,0.00174490374678766
22.988,0.00174601292765182
23.034,0.0017471190809357
23.08,0.00174822221901837
23.126,0.00174932235421151
23.172,0.00175041949875985
23.218,0.00175151366484165
23.264,0.00175260486456911
23.31,0.00175369310998889
23.356,0.00175477841308247
23.402,0.00175586078576665
23.448,0.00175694023989394
23.494,0.00175801678725305
23.54,0.00175909043956926
23.586,0.00176016120850487
23.632,0.00176122910565965
23.678,0.00176229414257121
23.724,0.00176335633071544
23.77,0.00176441568150693
23.816,0.00176547220629937
23.862,0.00176652591638593
23.908,0.00176757682299973
23.954,0.00176862493731415
24,0.00176967027044331
