"ResDensity","N_TraitValue"
4,0.000430528889294791
4.032,0.000433186144079074
4.064,0.000435833778860814
4.096,0.000438471845786251
4.128,0.000441100396625423
4.16,0.000443719482775545
4.192,0.000446329155264364
4.224,0.000448929464753472
4.256,0.000451520461541583
4.288,0.000454102195567779
4.32,0.000456674716414715
4.352,0.000459238073311796
4.384,0.000461792315138315
4.416,0.000464337490426561
4.448,0.000466873647364895
4.48,0.000469400833800787
4.512,0.000471919097243828
4.544,0.000474428484868706
4.576,0.000476929043518153
4.608,0.000479420819705858
4.64,0.000481903859619352
4.672,0.000484378209122864
4.704,0.000486843913760139
4.736,0.00048930101875724
4.768,0.000491749569025305
4.8,0.000494189609163292
4.832,0.000496621183460679
4.864,0.000499044335900149
4.896,0.000501459110160239
4.928,0.000503865549617966
4.96,0.000506263697351425
4.992,0.000508653596142354
5.024,0.000511035288478689
5.056,0.000513408816557069
5.088,0.000515774222285339
5.12,0.000518131547285009
5.152,0.000520480832893699
5.184,0.000522822120167555
5.216,0.000525155449883638
5.248,0.000527480862542296
5.28,0.000529798398369503
5.312,0.000532108097319182
5.344,0.000534409999075496
5.376,0.000536704143055127
5.408,0.000538990568409522
5.44,0.000541269314027121
5.472,0.000543540418535562
5.504,0.000545803920303863
5.536,0.000548059857444585
5.568,0.000550308267815967
5.6,0.000552549189024049
5.632,0.000554782658424763
5.664,0.000557008713126014
5.696,0.000559227389989732
5.728,0.000561438725633905
5.76,0.000563642756434601
5.792,0.000565839518527953
5.824,0.00056802904781214
5.856,0.000570211379949344
5.888,0.000572386550367677
5.92,0.000574554594263111
5.952,0.000576715546601364
5.984,0.00057886944211979
6.016,0.000581016315329233
6.048,0.000583156200515873
6.08,0.000585289131743053
6.112,0.000587415142853083
6.144,0.000589534267469033
6.176,0.000591646538996502
6.208,0.000593751990625378
6.24,0.000595850655331572
6.272,0.000597942565878742
6.304,0.000600027754819997
6.336,0.000602106254499588
6.368,0.000604178097054574
6.4,0.000606243314416488
6.432,0.000608301938312969
6.464,0.00061035400026939
6.496,0.000612399531610468
6.528,0.000614438563461857
6.56,0.000616471126751727
6.592,0.000618497252212327
6.624,0.000620516970381536
6.656,0.000622530311604394
6.688,0.000624537306034624
6.72,0.000626537983636137
6.752,0.000628532374184525
6.784,0.000630520507268532
6.816,0.000632502412291527
6.848,0.000634478118472943
6.88,0.000636447654849721
6.912,0.000638411050277728
6.944,0.00064036833343317
6.976,0.000642319532813984
7.008,0.000644264676741224
7.04,0.000646203793360428
7.072,0.000648136910642982
7.104,0.000650064056387457
7.136,0.000651985258220948
7.168,0.000653900543600389
7.2,0.000655809939813865
7.232,0.000657713473981907
7.264,0.000659611173058774
7.296,0.000661503063833728
7.328,0.000663389172932292
7.36,0.000665269526817503
7.392,0.000667144151791143
7.424,0.000669013073994975
7.456,0.000670876319411946
7.488,0.000672733913867404
7.52,0.000674585883030281
7.552,0.00067643225241428
7.584,0.000678273047379047
7.616,0.00068010829313133
7.648,0.000681938014726131
7.68,0.000683762237067844
7.712,0.00068558098491139
7.744,0.000687394282863331
7.776,0.000689202155382981
7.808,0.000691004626783511
7.84,0.00069280172123303
7.872,0.000694593462755673
7.904,0.000696379875232668
7.936,0.000698160982403398
7.968,0.000699936807866451
8,0.000701707375080664
8.032,0.000703472707366154
8.064,0.000705232827905346
8.096,0.000706987759743984
8.128,0.000708737525792135
8.16,0.000710482148825193
8.192,0.00071222165148486
8.224,0.000713956056280129
8.256,0.000715685385588256
8.288,0.000717409661655718
8.32,0.000719128906599172
8.352,0.000720843142406396
8.384,0.000722552390937231
8.416,0.000724256673924507
8.448,0.000725956012974964
8.48,0.000727650429570166
8.512,0.000729339945067408
8.544,0.00073102458070061
8.576,0.000732704357581208
8.608,0.000734379296699037
8.64,0.000736049418923204
8.672,0.000737714745002954
8.704,0.000739375295568531
8.736,0.00074103109113203
8.768,0.00074268215208824
8.8,0.000744328498715482
8.832,0.000745970151176439
8.864,0.000747607129518981
8.896,0.000749239453676978
8.928,0.000750867143471112
8.96,0.000752490218609676
8.992,0.000754108698689375
9.024,0.000755722603196106
9.056,0.000757331951505751
9.088,0.000758936762884941
9.12,0.000760537056491834
9.152,0.000762132851376872
9.184,0.00076372416648354
9.216,0.000765311020649112
9.248,0.0007668934326054
9.28,0.000768471420979485
9.312,0.000770045004294452
9.344,0.000771614200970111
9.376,0.00077317902932372
9.408,0.000774739507570697
9.44,0.000776295653825322
9.472,0.000777847486101445
9.504,0.000779395022313176
9.536,0.000780938280275574
9.568,0.000782477277705337
9.6,0.000784012032221471
9.632,0.00078554256134597
9.664,0.000787068882504478
9.696,0.000788591013026953
9.728,0.000790108970148321
9.76,0.000791622771009129
9.792,0.000793132432656185
9.824,0.000794637972043206
9.856,0.000796139406031445
9.888,0.000797636751390325
9.92,0.000799130024798061
9.952,0.000800619242842281
9.984,0.000802104422020639
10.016,0.000803585578741424
10.048,0.000805062729324166
10.08,0.000806535890000233
10.112,0.000808005076913427
10.144,0.000809470306120573
10.176,0.000810931593592107
10.208,0.000812388955212649
10.24,0.000813842406781588
10.272,0.000815291964013645
10.304,0.000816737642539443
10.336,0.00081817945790607
10.368,0.000819617425577632
10.4,0.000821051560935811
10.432,0.000822481879280409
10.464,0.000823908395829896
10.496,0.000825331125721947
10.528,0.000826750084013976
10.56,0.000828165285683674
10.592,0.000829576745629527
10.624,0.000830984478671347
10.656,0.000832388499550783
10.688,0.000833788822931844
10.72,0.000835185463401401
10.752,0.0008365784354697
10.784,0.000837967753570862
10.816,0.000839353432063379
10.848,0.000840735485230615
10.88,0.000842113927281291
10.912,0.000843488772349974
10.944,0.00084486003449756
10.976,0.000846227727711755
11.008,0.000847591865907546
11.04,0.000848952462927679
11.072,0.000850309532543123
11.104,0.000851663088453536
11.136,0.000853013144287725
11.168,0.000854359713604105
11.2,0.000855702809891152
11.232,0.000857042446567855
11.264,0.000858378636984158
11.296,0.000859711394421409
11.328,0.000861040732092799
11.36,0.000862366663143795
11.392,0.000863689200652578
11.424,0.000865008357630469
11.456,0.00086632414702236
11.488,0.000867636581707132
11.52,0.000868945674498082
11.552,0.000870251438143331
11.584,0.000871553885326249
11.616,0.000872853028665854
11.648,0.000874148880717229
11.68,0.000875441453971922
11.712,0.000876730760858347
11.744,0.000878016813742184
11.776,0.000879299624926772
11.808,0.000880579206653507
11.84,0.000881855571102224
11.872,0.000883128730391588
11.904,0.000884398696579476
11.936,0.000885665481663359
11.968,0.000886929097580677
12,0.00088818955620922
12.032,0.000889446869367491
12.064,0.000890701048815083
12.096,0.000891952106253044
12.128,0.000893200053324238
12.16,0.000894444901613708
12.192,0.000895686662649037
12.224,0.000896925347900698
12.256,0.000898160968782415
12.288,0.000899393536651505
12.32,0.000900623062809232
12.352,0.000901849558501151
12.384,0.00090307303491745
12.416,0.00090429350319329
12.448,0.000905510974409145
12.48,0.000906725459591135
12.512,0.00090793696971136
12.544,0.00090914551568823
12.576,0.000910351108386793
12.608,0.000911553758619062
12.64,0.000912753477144334
12.672,0.000913950274669518
12.704,0.000915144161849447
12.736,0.000916335149287196
12.768,0.000917523247534398
12.8,0.000918708467091554
12.832,0.00091989081840834
12.864,0.000921070311883919
12.896,0.000922246957867244
12.928,0.000923420766657357
12.96,0.000924591748503696
12.992,0.000925759913606387
13.024,0.000926925272116545
13.056,0.000928087834136566
13.088,0.000929247609720417
13.12,0.000930404608873931
13.152,0.000931558841555089
13.184,0.000932710317674308
13.216,0.000933859047094729
13.248,0.000935005039632489
13.28,0.000936148305057011
13.312,0.000937288853091273
13.344,0.00093842669341209
13.376,0.000939561835650384
13.408,0.000940694289391456
13.44,0.000941824064175259
13.472,0.00094295116949666
13.504,0.000944075614805714
13.536,0.000945197409507919
13.568,0.000946316562964485
13.6,0.000947433084492594
13.632,0.000948546983365653
13.664,0.000949658268813557
13.696,0.000950766950022941
13.728,0.000951873036137433
13.76,0.000952976536257907
13.792,0.000954077459442732
13.824,0.000955175814708017
13.856,0.000956271611027862
13.888,0.000957364857334598
13.92,0.000958455562519034
13.952,0.000959543735430694
13.984,0.000960629384878059
14.016,0.000961712519628802
14.048,0.000962793148410028
14.08,0.000963871279908505
14.112,0.000964946922770898
14.144,0.000966020085604
14.176,0.000967090776974962
14.208,0.00096815900541152
14.24,0.000969224779402223
14.272,0.000970288107396655
14.304,0.000971348997805662
14.336,0.000972407459001571
14.368,0.000973463499318412
14.4,0.000974517127052135
14.432,0.000975568350460828
14.464,0.000976617177764934
14.496,0.000977663617147462
14.528,0.000978707676754205
14.56,0.000979749364693946
14.592,0.000980788689038671
14.624,0.000981825657823777
14.656,0.000982860279048279
14.688,0.000983892560675013
14.72,0.000984922510630848
14.752,0.000985950136806879
14.784,0.000986975447058634
14.816,0.000987998449206276
14.848,0.000989019151034796
14.88,0.000990037560294216
14.912,0.000991053684699783
14.944,0.000992067531932161
14.976,0.000993079109637629
15.008,0.000994088425428273
15.04,0.000995095486882172
15.072,0.000996100301543594
15.104,0.00099710287692318
15.136,0.000998103220498132
15.168,0.000999101339712401
15.2,0.00100009724197687
15.232,0.00100109093466953
15.264,0.00100208242513569
15.296,0.00100307172068811
15.328,0.00100405882860723
15.36,0.00100504375614132
15.392,0.00100602651050666
15.424,0.00100700709888773
15.456,0.00100798552843737
15.488,0.00100896180627695
15.52,0.00100993593949658
15.552,0.00101090793515522
15.584,0.00101187780028092
15.616,0.00101284554187092
15.648,0.00101381116689187
15.68,0.00101477468227998
15.712,0.00101573609494118
15.744,0.0010166954117513
15.776,0.00101765263955622
15.808,0.00101860778517203
15.84,0.0010195608553852
15.872,0.00102051185695274
15.904,0.00102146079660238
15.936,0.00102240768103268
15.968,0.00102335251691324
16,0.0010242953108848
16.032,0.00102523606955946
16.064,0.0010261747995208
16.096,0.001027111507324
16.128,0.00102804619949608
16.16,0.00102897888253596
16.192,0.00102990956291468
16.224,0.0010308382470755
16.256,0.00103176494143407
16.288,0.00103268965237859
16.32,0.00103361238626993
16.352,0.00103453314944181
16.384,0.0010354519482009
16.416,0.00103636878882701
16.448,0.00103728367757319
16.48,0.00103819662066591
16.512,0.00103910762430518
16.544,0.00104001669466469
16.576,0.00104092383789197
16.608,0.0010418290601085
16.64,0.00104273236740987
16.672,0.00104363376586589
16.704,0.00104453326152077
16.736,0.00104543086039321
16.768,0.00104632656847656
16.8,0.00104722039173894
16.832,0.00104811233612339
16.864,0.00104900240754799
16.896,0.00104989061190598
16.928,0.00105077695506591
16.96,0.00105166144287177
16.992,0.00105254408114309
17.024,0.0010534248756751
17.056,0.00105430383223884
17.088,0.00105518095658129
17.12,0.0010560562544255
17.152,0.00105692973147071
17.184,0.00105780139339246
17.216,0.00105867124584274
17.248,0.0010595392944501
17.28,0.00106040554481976
17.312,0.00106127000253375
17.344,0.00106213267315101
17.376,0.00106299356220752
17.408,0.00106385267521644
17.44,0.00106471001766817
17.472,0.00106556559503054
17.504,0.00106641941274887
17.536,0.00106727147624609
17.568,0.0010681217909229
17.6,0.00106897036215783
17.632,0.00106981719530739
17.664,0.00107066229570616
17.696,0.00107150566866692
17.728,0.00107234731948075
17.76,0.00107318725341714
17.792,0.0010740254757241
17.824,0.0010748619916283
17.856,0.00107569680633511
17.888,0.00107652992502877
17.92,0.00107736135287249
17.952,0.00107819109500852
17.984,0.0010790191565583
18.016,0.00107984554262252
18.048,0.00108067025828127
18.08,0.00108149330859412
18.112,0.00108231469860022
18.144,0.00108313443331842
18.176,0.00108395251774735
18.208,0.00108476895686554
18.24,0.00108558375563152
18.272,0.00108639691898391
18.304,0.00108720845184152
18.336,0.00108801835910346
18.368,0.00108882664564923
18.4,0.00108963331633883
18.432,0.00109043837601283
18.464,0.00109124182949251
18.496,0.0010920436815799
18.528,0.00109284393705793
18.56,0.0010936426006905
18.592,0.00109443967722256
18.624,0.00109523517138024
18.656,0.00109602908787092
18.688,0.00109682143138331
18.72,0.00109761220658757
18.752,0.00109840141813541
18.784,0.00109918907066013
18.816,0.00109997516877676
18.848,0.00110075971708213
18.88,0.00110154272015496
18.912,0.00110232418255595
18.944,0.00110310410882787
18.976,0.00110388250349567
19.008,0.0011046593710665
19.04,0.00110543471602989
19.072,0.00110620854285776
19.104,0.00110698085600454
19.136,0.00110775165990725
19.168,0.0011085209589856
19.2,0.00110928875764204
19.232,0.00111005506026188
19.264,0.00111081987121334
19.296,0.00111158319484766
19.328,0.00111234503549918
19.36,0.0011131053974854
19.392,0.00111386428510709
19.424,0.00111462170264836
19.456,0.00111537765437671
19.488,0.00111613214454317
19.52,0.00111688517738233
19.552,0.00111763675711245
19.584,0.00111838688793552
19.616,0.00111913557403733
19.648,0.00111988281958759
19.68,0.00112062862873996
19.712,0.00112137300563216
19.744,0.00112211595438601
19.776,0.00112285747910755
19.808,0.00112359758388709
19.84,0.00112433627279928
19.872,0.00112507354990322
19.904,0.00112580941924248
19.936,0.00112654388484522
19.968,0.00112727695072425
20,0.00112800862087707
