"ResDensity","N_TraitValue"
10,0.000101926045859248
10.22,0.000104010386675206
10.44,0.000106088412832769
10.66,0.000108160152984593
10.88,0.000110225635610248
11.1,0.000112284889017522
11.32,0.000114337941343717
11.54,0.000116384820556926
11.76,0.000118425554457307
11.98,0.000120460170678342
12.2,0.000122488696688079
12.42,0.000124511159790375
12.64,0.000126527587126115
12.86,0.000128538005674431
13.08,0.000130542442253901
13.3,0.000132540923523746
13.52,0.000134533475985006
13.74,0.000136520125981719
13.96,0.000138500899702075
14.18,0.000140475823179571
14.4,0.000142444922294149
14.62,0.000144408222773329
14.84,0.000146365750193326
15.06,0.000148317529980166
15.28,0.000150263587410781
15.5,0.000152203947614103
15.72,0.000154138635572147
15.94,0.000156067676121081
16.16,0.000157991093952288
16.38,0.000159908913613423
16.6,0.000161821159509453
16.82,0.000163727855903695
17.04,0.000165629026918843
17.26,0.000167524696537983
17.48,0.000169414888605602
17.7,0.000171299626828588
17.92,0.000173178934777222
18.14,0.000175052835886159
18.36,0.000176921353455405
18.58,0.000178784510651277
18.8,0.000180642330507368
19.02,0.000182494835925489
19.24,0.000184342049676615
19.46,0.000186183994401817
19.68,0.000188020692613184
19.9,0.000189852166694745
20.12,0.000191678438903374
20.34,0.000193499531369695
20.56,0.000195315466098972
20.78,0.000197126264972
21,0.000198931949745981
21.22,0.000200732542055395
21.44,0.000202528063412866
21.66,0.000204318535210018
21.88,0.000206103978718322
22.1,0.000207884415089943
22.32,0.000209659865358573
22.54,0.000211430350440257
22.76,0.000213195891134219
22.98,0.000214956508123673
23.2,0.000216712221976631
23.42,0.000218463053146707
23.64,0.000220209021973906
23.86,0.000221950148685418
24.08,0.000223686453396392
24.3,0.000225417956110718
24.52,0.000227144676721789
24.74,0.000228866635013267
24.96,0.000230583850659836
25.18,0.000232296343227954
25.4,0.000234004132176593
25.62,0.000235707236857977
25.84,0.000237405676518316
26.06,0.000239099470298526
26.28,0.000240788637234952
26.5,0.000242473196260081
26.72,0.000244153166203245
26.94,0.000245828565791328
27.16,0.000247499413649458
27.38,0.000249165728301701
27.6,0.000250827528171741
27.82,0.000252484831583562
28.04,0.000254137656762121
28.26,0.000255786021834015
28.48,0.000257429944828146
28.7,0.000259069443676376
28.92,0.00026070453621418
29.14,0.00026233524018129
29.36,0.000263961573222345
29.58,0.000265583552887515
29.8,0.000267201196633143
30.02,0.000268814521822366
30.24,0.000270423545725737
30.46,0.000272028285521841
30.68,0.000273628758297908
30.9,0.000275224981050418
31.12,0.000276816970685703
31.34,0.000278404744020544
31.56,0.000279988317782764
31.78,0.000281567708611812
32,0.000283142933059351
32.22,0.000284714007589832
32.44,0.000286280948581071
32.66,0.000287843772324813
32.88,0.000289402495027303
33.1,0.000290957132809842
33.32,0.000292507701709343
33.54,0.000294054217678886
33.76,0.000295596696588259
33.98,0.000297135154224507
34.2,0.000298669606292466
34.42,0.0003002000684153
34.64,0.000301726556135032
34.86,0.000303249084913066
35.08,0.000304767670130714
35.3,0.000306282327089709
35.52,0.000307793071012725
35.74,0.000309299917043879
35.96,0.000310802880249246
36.18,0.000312301975617355
36.4,0.000313797218059688
36.62,0.000315288622411177
36.84,0.000316776203430691
37.06,0.000318259975801527
37.28,0.000319739954131889
37.5,0.000321216152955371
37.72,0.00032268858673143
37.94,0.00032415726984586
38.16,0.000325622216611259
38.38,0.000327083441267495
38.6,0.000328540957982166
38.82,0.000329994780851062
39.04,0.000331444923898612
39.26,0.000332891401078343
39.48,0.000334334226273322
39.7,0.000335773413296601
39.92,0.000337208975891662
40.14,0.000338640927732849
40.36,0.000340069282425804
40.58,0.0003414940535079
40.8,0.000342915254448666
41.02,0.000344332898650212
41.24,0.000345746999447654
41.46,0.000347157570109524
41.68,0.000348564623838195
41.9,0.000349968173770283
42.12,0.000351368232977064
42.34,0.000352764814464875
42.56,0.000354157931175519
42.78,0.000355547595986664
43,0.000356933821712238
43.22,0.000358316621102827
43.44,0.000359696006846062
43.66,0.00036107199156701
43.88,0.000362444587828555
44.1,0.000363813808131786
44.32,0.000365179664916373
44.54,0.000366542170560942
44.76,0.000367901337383456
44.98,0.000369257177641576
45.2,0.00037060970353304
45.42,0.00037195892719602
45.64,0.000373304860709491
45.86,0.000374647516093588
46.08,0.000375986905309968
46.3,0.000377323040262158
46.52,0.000378655932795916
46.74,0.000379985594699576
46.96,0.000381312037704395
47.18,0.000382635273484901
47.4,0.000383955313659235
47.62,0.000385272169789489
47.84,0.000386585853382045
48.06,0.000387896375887911
48.28,0.00038920374870305
48.5,0.000390507983168715
48.72,0.000391809090571775
48.94,0.00039310708214504
49.16,0.000394401969067585
49.38,0.000395693762465069
49.6,0.000396982473410059
49.82,0.000398268112922339
50.04,0.000399550691969229
50.26,0.000400830221465897
50.48,0.000402106712275665
50.7,0.000403380175210321
50.92,0.00040465062103042
51.14,0.000405918060445591
51.36,0.000407182504114835
51.58,0.000408443962646823
51.8,0.000409702446600198
52.02,0.000410957966483865
52.24,0.000412210532757282
52.46,0.000413460155830756
52.68,0.000414706846065727
52.9,0.000415950613775058
53.12,0.000417191469223314
53.34,0.00041842942262705
53.56,0.000419664484155088
53.78,0.000420896663928796
54,0.000422125972022366
54.22,0.000423352418463088
54.44,0.000424576013231619
54.66,0.000425796766262261
54.88,0.000427014687443222
55.1,0.000428229786616888
55.32,0.000429442073580089
55.54,0.000430651558084356
55.76,0.00043185824983619
55.98,0.000433062158497317
56.2,0.000434263293684946
56.42,0.000435461664972029
56.64,0.000436657281887508
56.86,0.000437850153916578
57.08,0.000439040290500926
57.3,0.000440227701038991
57.52,0.000441412394886203
57.74,0.000442594381355232
57.96,0.000443773669716236
58.18,0.000444950269197095
58.4,0.000446124188983658
58.62,0.000447295438219981
58.84,0.000448464026008563
59.06,0.000449629961410581
59.28,0.000450793253446128
59.5,0.000451953911094443
59.72,0.00045311194329414
59.94,0.000454267358943442
60.16,0.000455420166900406
60.38,0.00045657037598315
60.6,0.000457717994970077
60.82,0.000458863032600102
61.04,0.000460005497572867
61.26,0.000461145398548969
61.48,0.000462282744150173
61.7,0.000463417542959632
61.92,0.000464549803522102
62.14,0.00046567953434416
62.36,0.000466806743894409
62.58,0.000467931440603699
62.8,0.00046905363286533
63.02,0.000470173329035265
63.24,0.000471290537432336
63.46,0.000472405266338448
63.68,0.000473517523998788
63.9,0.000474627318622025
64.12,0.000475734658380514
64.34,0.000476839551410493
64.56,0.000477942005812286
64.78,0.0004790420296505
65,0.000480139630954222
65.22,0.000481234817717212
65.44,0.0004823275978981
65.66,0.000483417979420577
65.88,0.000484505970173587
66.1,0.000485591578011518
66.32,0.000486674810754389
66.54,0.00048775567618804
66.76,0.000488834182064318
66.98,0.000489910336101261
67.2,0.000490984145983283
67.42,0.000492055619361358
67.64,0.000493124763853201
67.86,0.000494191587043445
68.08,0.000495256096483827
68.3,0.000496318299693362
68.52,0.00049737820415852
68.74,0.000498435817333402
68.96,0.000499491146639917
69.18,0.000500544199467955
69.4,0.000501594983175554
69.62,0.000502643505089081
69.84,0.000503689772503393
70.06,0.000504733792682015
70.28,0.000505775572857298
70.5,0.000506815120230595
70.72,0.000507852441972423
70.94,0.000508887545222627
71.16,0.000509920437090546
71.38,0.000510951124655175
71.6,0.000511979614965325
71.82,0.000513005915039787
72.04,0.000514030031867489
72.26,0.000515051972407655
72.48,0.000516071743589965
72.7,0.000517089352314708
72.92,0.00051810480545294
73.14,0.000519118109846638
73.36,0.000520129272308853
73.58,0.000521138299623866
73.8,0.000522145198547335
74.02,0.000523149975806447
74.24,0.000524152638100071
74.46,0.000525153192098904
74.68,0.000526151644445619
74.9,0.000527148001755013
75.12,0.000528142270614152
75.34,0.000529134457582518
75.56,0.000530124569192151
75.78,0.000531112611947794
76,0.000532098592327034
76.22,0.000533082516780445
76.44,0.000534064391731728
76.66,0.000535044223577852
76.88,0.00053602201868919
77.1,0.000536997783409659
77.32,0.000537971524056858
77.54,0.000538943246922203
77.76,0.000539912958271063
77.98,0.000540880664342894
78.2,0.000541846371351375
78.42,0.000542810085484537
78.64,0.000543771812904899
78.86,0.000544731559749597
79.08,0.000545689332130517
79.3,0.000546645136134422
79.52,0.000547598977823081
79.74,0.000548550863233402
79.96,0.000549500798377551
80.18,0.000550448789243087
80.4,0.000551394841793081
80.62,0.000552338961966246
80.84,0.00055328115567706
81.06,0.000554221428815885
81.28,0.000555159787249099
81.5,0.000556096236819207
81.72,0.000557030783344973
81.94,0.00055796343262153
82.16,0.000558894190420511
82.38,0.000559823062490157
82.6,0.000560750054555444
82.82,0.000561675172318194
83.04,0.000562598421457199
83.26,0.000563519807628329
83.48,0.000564439336464655
83.7,0.00056535701357656
83.92,0.000566272844551851
84.14,0.000567186834955879
84.36,0.000568098990331644
84.58,0.000569009316199914
84.8,0.000569917818059331
85.02,0.000570824501386525
85.24,0.000571729371636222
85.46,0.000572632434241357
85.68,0.000573533694613177
85.9,0.000574433158141353
86.12,0.000575330830194087
86.34,0.000576226716118219
86.56,0.000577120821239331
86.78,0.000578013150861857
87,0.000578903710269181
87.22,0.000579792504723748
87.44,0.000580679539467165
87.66,0.000581564819720302
87.88,0.000582448350683399
88.1,0.000583330137536162
88.32,0.000584210185437871
88.54,0.000585088499527475
88.76,0.000585965084923693
88.98,0.000586839946725118
89.2,0.000587713090010309
89.42,0.000588584519837895
89.64,0.000589454241246668
89.86,0.000590322259255685
90.08,0.00059118857886436
90.3,0.000592053205052563
90.52,0.000592916142780715
90.74,0.00059377739698988
90.96,0.000594636972601865
91.18,0.000595494874519307
91.4,0.000596351107625771
91.62,0.000597205676785842
91.84,0.000598058586845214
92.06,0.000598909842630787
92.28,0.000599759448950753
92.5,0.000600607410594688
92.72,0.000601453732333645
92.94,0.000602298418920238
93.16,0.000603141475088737
93.38,0.00060398290555515
93.6,0.000604822715017317
93.82,0.000605660908154994
94.04,0.00060649748962994
94.26,0.000607332464086005
94.48,0.000608165836149215
94.7,0.000608997610427858
94.92,0.000609827791512566
95.14,0.000610656383976404
95.36,0.000611483392374953
95.58,0.000612308821246389
95.8,0.000613132675111572
96.02,0.000613954958474125
96.24,0.000614775675820516
96.46,0.000615594831620142
96.68,0.000616412430325408
96.9,0.000617228476371809
97.12,0.000618042974178009
97.34,0.000618855928145921
97.56,0.000619667342660786
97.78,0.000620477222091255
98,0.000621285570789463
98.22,0.000622092393091108
98.44,0.000622897693315531
98.66,0.000623701475765792
98.88,0.000624503744728743
99.1,0.000625304504475109
99.32,0.000626103759259564
99.54,0.000626901513320802
99.76,0.000627697770881614
99.98,0.000628492536148964
100.2,0.000629285813314062
100.42,0.000630077606552437
100.64,0.000630867920024012
100.86,0.000631656757873175
101.08,0.00063244412422885
101.3,0.000633230023204576
101.52,0.000634014458898569
101.74,0.000634797435393801
101.96,0.000635578956758067
102.18,0.000636359027044057
102.4,0.000637137650289424
102.62,0.000637914830516856
102.84,0.000638690571734146
103.06,0.000639464877934255
103.28,0.000640237753095389
103.5,0.000641009201181061
103.72,0.000641779226140161
103.94,0.000642547831907022
104.16,0.000643315022401489
104.38,0.000644080801528986
104.6,0.000644845173180577
104.82,0.000645608141233041
105.04,0.000646369709548929
105.26,0.000647129881976631
105.48,0.000647888662350448
105.7,0.000648646054490645
105.92,0.000649402062203525
106.14,0.000650156689281487
106.36,0.00065090993950309
106.58,0.00065166181663312
106.8,0.000652412324422648
107.02,0.000653161466609095
107.24,0.000653909246916293
107.46,0.000654655669054547
107.68,0.000655400736720696
107.9,0.000656144453598176
108.12,0.000656886823357079
108.34,0.00065762784965421
108.56,0.000658367536133156
108.78,0.000659105886424337
109,0.000659842904145068
109.22,0.000660578592899621
109.44,0.00066131295627928
109.66,0.000662045997862402
109.88,0.000662777721214472
110.1,0.000663508129888167
110.32,0.000664237227423404
110.54,0.000664965017347407
110.76,0.000665691503174758
110.98,0.000666416688407453
111.2,0.000667140576534963
111.42,0.000667863171034286
111.64,0.000668584475370004
111.86,0.00066930449299434
112.08,0.000670023227347207
112.3,0.000670740681856272
112.52,0.000671456859937004
112.74,0.000672171764992727
112.96,0.000672885400414682
113.18,0.00067359776958207
113.4,0.000674308875862115
113.62,0.00067501872261011
113.84,0.000675727313169475
114.06,0.000676434650871803
114.28,0.000677140739036921
114.5,0.000677845580972934
114.72,0.000678549179976281
114.94,0.000679251539331786
115.16,0.000679952662312705
115.38,0.000680652552180784
115.6,0.000681351212186305
115.82,0.000682048645568135
116.04,0.00068274485555378
116.26,0.000683439845359433
116.48,0.000684133618190023
116.7,0.000684826177239264
116.92,0.000685517525689705
117.14,0.00068620766671278
117.36,0.000686896603468853
117.58,0.00068758433910727
117.8,0.000688270876766402
118.02,0.000688956219573701
118.24,0.000689640370645738
118.46,0.000690323333088256
118.68,0.000691005109996217
118.9,0.000691685704453845
119.12,0.000692365119534677
119.34,0.000693043358301607
119.56,0.00069372042380693
119.78,0.000694396319092393
120,0.000695071047189236
