"ResDensity","N_TraitValue"
2,7.16780981092164e-06
2.124,7.61221401919878e-06
2.248,8.05661822747593e-06
2.372,8.50102243575307e-06
2.496,8.94542664403021e-06
2.62,9.38983085230735e-06
2.744,9.83423506058449e-06
2.868,1.02786392688616e-05
2.992,1.07230434771388e-05
3.116,1.11674476854159e-05
3.24,1.16118518936931e-05
3.364,1.20562561019702e-05
3.488,1.25006603102473e-05
3.612,1.29450645185245e-05
3.736,1.33894687268016e-05
3.86,1.38338729350788e-05
3.984,1.42782771433559e-05
4.108,1.47226813516331e-05
4.232,1.51670855599102e-05
4.356,1.56114897681873e-05
4.48,1.60558939764645e-05
4.604,1.65002981847416e-05
4.728,1.69447023930188e-05
4.852,1.73891066012959e-05
4.976,1.7833510809573e-05
5.1,1.82779150178502e-05
5.224,1.87223192261273e-05
5.348,1.91667234344045e-05
5.472,1.96111276426816e-05
5.596,2.00555318509588e-05
5.72,2.04999360592359e-05
5.844,2.0944340267513e-05
5.968,2.13887444757902e-05
6.092,2.18331486840673e-05
6.216,2.22775528923445e-05
6.34,2.27219571006216e-05
6.464,2.31663613088987e-05
6.588,2.36107655171759e-05
6.712,2.4055169725453e-05
6.836,2.44995739337302e-05
6.96,2.49439781420073e-05
7.084,2.53883823502845e-05
7.208,2.58327865585616e-05
7.332,2.62771907668387e-05
7.456,2.67215949751159e-05
7.58,2.7165999183393e-05
7.704,2.76104033916702e-05
7.828,2.80548075999473e-05
7.952,2.84992118082244e-05
8.076,2.89436160165016e-05
8.2,2.93880202247787e-05
8.324,2.98324244330559e-05
8.448,3.0276828641333e-05
8.572,3.07212328496102e-05
8.696,3.11656370578873e-05
8.82,3.16100412661644e-05
8.944,3.20544454744416e-05
9.068,3.24988496827187e-05
9.192,3.29432538909959e-05
9.316,3.3387658099273e-05
9.44,3.38320623075501e-05
9.564,3.42764665158273e-05
9.688,3.47208707241044e-05
9.812,3.51652749323816e-05
9.936,3.56096791406587e-05
10.06,3.60540833489359e-05
10.184,3.6498487557213e-05
10.308,3.69428917654901e-05
10.432,3.73872959737673e-05
10.556,3.78317001820444e-05
10.68,3.82761043903216e-05
10.804,3.87205085985987e-05
10.928,3.91649128068759e-05
11.052,3.9609317015153e-05
11.176,4.00537212234301e-05
11.3,4.04981254317073e-05
11.424,4.09425296399844e-05
11.548,4.13869338482616e-05
11.672,4.18313380565387e-05
11.796,4.22757422648158e-05
11.92,4.2720146473093e-05
12.044,4.31645506813701e-05
12.168,4.36089548896473e-05
12.292,4.40533590979244e-05
12.416,4.44977633062016e-05
12.54,4.49421675144787e-05
12.664,4.53865717227558e-05
12.788,4.5830975931033e-05
12.912,4.62753801393101e-05
13.036,4.67197843475873e-05
13.16,4.71641885558644e-05
13.284,4.76085927641416e-05
13.408,4.80529969724187e-05
13.532,4.84974011806958e-05
13.656,4.8941805388973e-05
13.78,4.93862095972501e-05
13.904,4.98306138055273e-05
14.028,5.02750180138044e-05
14.152,5.07194222220815e-05
14.276,5.11638264303587e-05
14.4,5.16082306386358e-05
14.524,5.2052634846913e-05
14.648,5.24970390551901e-05
14.772,5.29414432634673e-05
14.896,5.33858474717444e-05
15.02,5.38302516800215e-05
15.144,5.42746558882987e-05
15.268,5.47190600965758e-05
15.392,5.5163464304853e-05
15.516,5.56078685131301e-05
15.64,5.60522727214072e-05
15.764,5.64966769296844e-05
15.888,5.69410811379615e-05
16.012,5.73854853462387e-05
16.136,5.78298895545158e-05
16.26,5.82742937627929e-05
16.384,5.87186979710701e-05
16.508,5.91631021793472e-05
16.632,5.96075063876244e-05
16.756,6.00519105959015e-05
16.88,6.04963148041787e-05
17.004,6.09407190124558e-05
17.128,6.13851232207329e-05
17.252,6.18295274290101e-05
17.376,6.22739316372872e-05
17.5,6.27183358455644e-05
17.624,6.31627400538415e-05
17.748,6.36071442621186e-05
17.872,6.40515484703958e-05
17.996,6.44959526786729e-05
18.12,6.49403568869501e-05
18.244,6.53847610952272e-05
18.368,6.58291653035044e-05
18.492,6.62735695117815e-05
18.616,6.67179737200586e-05
18.74,6.71623779283358e-05
18.864,6.76067821366129e-05
18.988,6.80511863448901e-05
19.112,6.84955905531672e-05
19.236,6.89399947614444e-05
19.36,6.93843989697215e-05
19.484,6.98288031779986e-05
19.608,7.02732073862758e-05
19.732,7.07176115945529e-05
19.856,7.11620158028301e-05
19.98,7.16064200111072e-05
20.104,7.20508242193843e-05
20.228,7.24952284276615e-05
20.352,7.29396326359386e-05
20.476,7.33840368442158e-05
20.6,7.38284410524929e-05
20.724,7.42728452607701e-05
20.848,7.47172494690472e-05
20.972,7.51616536773243e-05
21.096,7.56060578856015e-05
21.22,7.60504620938786e-05
21.344,7.64948663021558e-05
21.468,7.69392705104329e-05
21.592,7.738367471871e-05
21.716,7.78280789269872e-05
21.84,7.82724831352643e-05
21.964,7.87168873435415e-05
22.088,7.91612915518186e-05
22.212,7.96056957600958e-05
22.336,8.00500999683729e-05
22.46,8.049450417665e-05
22.584,8.09389083849272e-05
22.708,8.13833125932043e-05
22.832,8.18277168014815e-05
22.956,8.22721210097586e-05
23.08,8.27165252180357e-05
23.204,8.31609294263129e-05
23.328,8.360533363459e-05
23.452,8.40497378428672e-05
23.576,8.44941420511443e-05
23.7,8.49385462594215e-05
23.824,8.53829504676986e-05
23.948,8.58273546759757e-05
24.072,8.62717588842529e-05
24.196,8.671616309253e-05
24.32,8.71605673008072e-05
24.444,8.76049715090843e-05
24.568,8.80493757173615e-05
24.692,8.84937799256386e-05
24.816,8.89381841339157e-05
24.94,8.93825883421929e-05
25.064,8.982699255047e-05
25.188,9.02713967587472e-05
25.312,9.07158009670243e-05
25.436,9.11602051753014e-05
25.56,9.16046093835786e-05
25.684,9.20490135918557e-05
25.808,9.24934178001329e-05
25.932,9.293782200841e-05
26.056,9.33822262166872e-05
26.18,9.38266304249643e-05
26.304,9.42710346332414e-05
26.428,9.47154388415186e-05
26.552,9.51598430497957e-05
26.676,9.56042472580729e-05
26.8,9.604865146635e-05
26.924,9.64930556746271e-05
27.048,9.69374598829043e-05
27.172,9.73818640911814e-05
27.296,9.78262682994586e-05
27.42,9.82706725077357e-05
27.544,9.87150767160129e-05
27.668,9.915948092429e-05
27.792,9.96038851325672e-05
27.916,0.000100048289340844
28.04,0.000100492693549121
28.164,0.000100937097757399
28.288,0.000101381501965676
28.412,0.000101825906173953
28.536,0.00010227031038223
28.66,0.000102714714590507
28.784,0.000103159118798784
28.908,0.000103603523007061
29.032,0.000104047927215339
29.156,0.000104492331423616
29.28,0.000104936735631893
29.404,0.00010538113984017
29.528,0.000105825544048447
29.652,0.000106269948256724
29.776,0.000106714352465001
29.9,0.000107158756673279
30.024,0.000107603160881556
30.148,0.000108047565089833
30.272,0.00010849196929811
30.396,0.000108936373506387
30.52,0.000109380777714664
30.644,0.000109825181922941
30.768,0.000110269586131219
30.892,0.000110713990339496
31.016,0.000111158394547773
31.14,0.00011160279875605
31.264,0.000112047202964327
31.388,0.000112491607172604
31.512,0.000112936011380881
31.636,0.000113380415589159
31.76,0.000113824819797436
31.884,0.000114269224005713
32.008,0.00011471362821399
32.132,0.000115158032422267
32.256,0.000115602436630544
32.38,0.000116046840838821
32.504,0.000116491245047099
32.628,0.000116935649255376
32.752,0.000117380053463653
32.876,0.00011782445767193
33,0.000118268861880207
33.124,0.000118713266088484
33.248,0.000119157670296761
33.372,0.000119602074505039
33.496,0.000120046478713316
33.62,0.000120490882921593
33.744,0.00012093528712987
33.868,0.000121379691338147
33.992,0.000121824095546424
34.116,0.000122268499754701
34.24,0.000122712903962979
34.364,0.000123157308171256
34.488,0.000123601712379533
34.612,0.00012404611658781
34.736,0.000124490520796087
34.86,0.000124934925004364
34.984,0.000125379329212641
35.108,0.000125823733420918
35.232,0.000126268137629196
35.356,0.000126712541837473
35.48,0.00012715694604575
35.604,0.000127601350254027
35.728,0.000128045754462304
35.852,0.000128490158670581
35.976,0.000128934562878858
36.1,0.000129378967087136
36.224,0.000129823371295413
36.348,0.00013026777550369
36.472,0.000130712179711967
36.596,0.000131156583920244
36.72,0.000131600988128521
36.844,0.000132045392336799
36.968,0.000132489796545076
37.092,0.000132934200753353
37.216,0.00013337860496163
37.34,0.000133823009169907
37.464,0.000134267413378184
37.588,0.000134711817586461
37.712,0.000135156221794738
37.836,0.000135600626003016
37.96,0.000136045030211293
38.084,0.00013648943441957
38.208,0.000136933838627847
38.332,0.000137378242836124
38.456,0.000137822647044401
38.58,0.000138267051252678
38.704,0.000138711455460956
38.828,0.000139155859669233
38.952,0.00013960026387751
39.076,0.000140044668085787
39.2,0.000140489072294064
39.324,0.000140933476502341
39.448,0.000141377880710618
39.572,0.000141822284918896
39.696,0.000142266689127173
39.82,0.00014271109333545
39.944,0.000143155497543727
40.068,0.000143599901752004
40.192,0.000144044305960281
40.316,0.000144488710168558
40.44,0.000144933114376836
40.564,0.000145377518585113
40.688,0.00014582192279339
40.812,0.000146266327001667
40.936,0.000146710731209944
41.06,0.000147155135418221
41.184,0.000147599539626498
41.308,0.000148043943834776
41.432,0.000148488348043053
41.556,0.00014893275225133
41.68,0.000149377156459607
41.804,0.000149821560667884
41.928,0.000150265964876161
42.052,0.000150710369084438
42.176,0.000151154773292716
42.3,0.000151599177500993
42.424,0.00015204358170927
42.548,0.000152487985917547
42.672,0.000152932390125824
42.796,0.000153376794334101
42.92,0.000153821198542378
43.044,0.000154265602750656
43.168,0.000154710006958933
43.292,0.00015515441116721
43.416,0.000155598815375487
43.54,0.000156043219583764
43.664,0.000156487623792041
43.788,0.000156932028000318
43.912,0.000157376432208596
44.036,0.000157820836416873
44.16,0.00015826524062515
44.284,0.000158709644833427
44.408,0.000159154049041704
44.532,0.000159598453249981
44.656,0.000160042857458258
44.78,0.000160487261666536
44.904,0.000160931665874813
45.028,0.00016137607008309
45.152,0.000161820474291367
45.276,0.000162264878499644
45.4,0.000162709282707921
45.524,0.000163153686916198
45.648,0.000163598091124476
45.772,0.000164042495332753
45.896,0.00016448689954103
46.02,0.000164931303749307
46.144,0.000165375707957584
46.268,0.000165820112165861
46.392,0.000166264516374138
46.516,0.000166708920582416
46.64,0.000167153324790693
46.764,0.00016759772899897
46.888,0.000168042133207247
47.012,0.000168486537415524
47.136,0.000168930941623801
47.26,0.000169375345832078
47.384,0.000169819750040356
47.508,0.000170264154248633
47.632,0.00017070855845691
47.756,0.000171152962665187
47.88,0.000171597366873464
48.004,0.000172041771081741
48.128,0.000172486175290018
48.252,0.000172930579498296
48.376,0.000173374983706573
48.5,0.00017381938791485
48.624,0.000174263792123127
48.748,0.000174708196331404
48.872,0.000175152600539681
48.996,0.000175597004747958
49.12,0.000176041408956236
49.244,0.000176485813164513
49.368,0.00017693021737279
49.492,0.000177374621581067
49.616,0.000177819025789344
49.74,0.000178263429997621
49.864,0.000178707834205898
49.988,0.000179152238414176
50.112,0.000179596642622453
50.236,0.00018004104683073
50.36,0.000180485451039007
50.484,0.000180929855247284
50.608,0.000181374259455561
50.732,0.000181818663663838
50.856,0.000182263067872116
50.98,0.000182707472080393
51.104,0.00018315187628867
51.228,0.000183596280496947
51.352,0.000184040684705224
51.476,0.000184485088913501
51.6,0.000184929493121778
51.724,0.000185373897330055
51.848,0.000185818301538333
51.972,0.00018626270574661
52.096,0.000186707109954887
52.22,0.000187151514163164
52.344,0.000187595918371441
52.468,0.000188040322579718
52.592,0.000188484726787996
52.716,0.000188929130996273
52.84,0.00018937353520455
52.964,0.000189817939412827
53.088,0.000190262343621104
53.212,0.000190706747829381
53.336,0.000191151152037658
53.46,0.000191595556245935
53.584,0.000192039960454213
53.708,0.00019248436466249
53.832,0.000192928768870767
53.956,0.000193373173079044
54.08,0.000193817577287321
54.204,0.000194261981495598
54.328,0.000194706385703875
54.452,0.000195150789912153
54.576,0.00019559519412043
54.7,0.000196039598328707
54.824,0.000196484002536984
54.948,0.000196928406745261
55.072,0.000197372810953538
55.196,0.000197817215161815
55.32,0.000198261619370093
55.444,0.00019870602357837
55.568,0.000199150427786647
55.692,0.000199594831994924
55.816,0.000200039236203201
55.94,0.000200483640411478
56.064,0.000200928044619755
56.188,0.000201372448828033
56.312,0.00020181685303631
56.436,0.000202261257244587
56.56,0.000202705661452864
56.684,0.000203150065661141
56.808,0.000203594469869418
56.932,0.000204038874077695
57.056,0.000204483278285973
57.18,0.00020492768249425
57.304,0.000205372086702527
57.428,0.000205816490910804
57.552,0.000206260895119081
57.676,0.000206705299327358
57.8,0.000207149703535635
57.924,0.000207594107743913
58.048,0.00020803851195219
58.172,0.000208482916160467
58.296,0.000208927320368744
58.42,0.000209371724577021
58.544,0.000209816128785298
58.668,0.000210260532993575
58.792,0.000210704937201853
58.916,0.00021114934141013
59.04,0.000211593745618407
59.164,0.000212038149826684
59.288,0.000212482554034961
59.412,0.000212926958243238
59.536,0.000213371362451515
59.66,0.000213815766659793
59.784,0.00021426017086807
59.908,0.000214704575076347
60.032,0.000215148979284624
60.156,0.000215593383492901
60.28,0.000216037787701178
60.404,0.000216482191909455
60.528,0.000216926596117733
60.652,0.00021737100032601
60.776,0.000217815404534287
60.9,0.000218259808742564
61.024,0.000218704212950841
61.148,0.000219148617159118
61.272,0.000219593021367395
61.396,0.000220037425575673
61.52,0.00022048182978395
61.644,0.000220926233992227
61.768,0.000221370638200504
61.892,0.000221815042408781
62.016,0.000222259446617058
62.14,0.000222703850825335
62.264,0.000223148255033613
62.388,0.00022359265924189
62.512,0.000224037063450167
62.636,0.000224481467658444
62.76,0.000224925871866721
62.884,0.000225370276074998
63.008,0.000225814680283275
63.132,0.000226259084491553
63.256,0.00022670348869983
63.38,0.000227147892908107
63.504,0.000227592297116384
63.628,0.000228036701324661
63.752,0.000228481105532938
63.876,0.000228925509741215
64,0.000229369913949493
