"ResDensity","N_TraitValue"
0.7096,75.2831004798745
0.8742194,91.4786322159024
1.0388388,107.236854663321
1.2034582,122.575244114542
1.3680776,137.510357891487
1.532697,152.057893965575
1.6973164,166.232745995596
1.8619358,180.049054189151
2.0265552,193.520252352769
2.1911746,206.659111459793
2.355794,219.477780033058
2.5204134,231.98782161076
2.6850328,244.200249538388
2.8496522,256.125559306751
3.0142716,267.77375863567
3.178891,279.154395484575
3.3435104,290.276584154786
3.5081298,301.149029633458
3.6727492,311.78005031583
3.8373686,322.177599230448
4.001988,332.349283881167
4.1666074,342.302384809973
4.3312268,352.043872975817
4.4958462,361.580426036628
4.6604656,370.918443614441
4.825085,380.064061616951
4.9897044,389.023165682861
5.1543238,397.801403812928
5.3189432,406.404198243664
5.4835626,414.836756616154
5.648182,423.104082488328
5.8128014,431.210985235281
5.9774208,439.162089378789
6.1420402,446.961843384073
6.3066596,454.61452795895
6.471279,462.124263887908
6.6358984,469.495019431241
6.8005178,476.730617317144
6.9651372,483.834741352657
7.1297566,490.810942677495
7.294376,497.662645683041
7.4589954,504.393153617265
7.6236148,511.00565389481
7.7882342,517.503223130207
7.9528536,523.888831910905
8.117473,530.165349325666
8.2820924,536.335547262848
8.4467118,542.402104492089
8.6113312,548.36761054202
8.7759506,554.234569385812
8.94057,560.005402945563
9.1051894,565.682454425837
9.2698088,571.267991485997
9.4344282,576.764209260338
9.5990476,582.173233234499
9.763667,587.497121986041
9.9282864,592.737869796639
10.0929058,597.897409142836
10.2575252,602.977613071904
10.4221446,607.980297468942
10.586764,612.907223220978
10.7513834,617.760098283495
10.9160028,622.54057965447
11.0806222,627.250275260726
11.2452416,631.890745761105
11.409861,636.463506270704
11.5744804,640.970028010193
11.7390998,645.41173988396
11.9037192,649.790029990667
12.0683386,654.106247069554
12.232958,658.361701885658
12.3975774,662.557668556945
12.5621968,666.695385826166
12.7268162,670.776058280112
12.8914356,674.800857518789
13.056055,678.770923276887
13.2206744,682.687364499811
13.3852938,686.551260376401
13.5499132,690.36366133036
13.7145326,694.125589972308
13.879152,697.838042014271
14.0437714,701.501987148322
14.2083908,705.118369891008
14.3730102,708.688110395103
14.5376296,712.21210523015
14.702249,715.691228133193
14.8668684,719.126330731005
15.0314878,722.518243235081
15.1961072,725.867775110577
15.3607266,729.175715720328
15.525346,732.442834945028
15.6899654,735.669883780587
15.8545848,738.857594913645
16.0192042,742.006683276168
16.1838236,745.117846580004
16.348443,748.191765832241
16.5130624,751.22910583217
16.6776818,754.230515650611
16.8423012,757.196629092324
17.0069206,760.128065142209
17.17154,763.025428395939
17.3361594,765.88930947567
17.5007788,768.720285431423
17.6653982,771.518920128699
17.8300176,774.285764622897
17.994637,777.021357521042
18.1592564,779.726225331318
18.3238758,782.400882800899
18.4884952,785.045833242515
18.6531146,787.661568850202
18.817734,790.248571004644
18.9823534,792.80731056851
19.1469728,795.33824817216
19.3115922,797.841834490093
19.4762116,800.318510508477
19.640831,802.768707784102
19.8054504,805.192848695065
19.9700698,807.591346683509
20.1346892,809.964606490689
20.2993086,812.313024384667
20.463928,814.636988380886
20.6285474,816.936878455891
20.7931668,819.213066754446
20.9577862,821.465917790277
21.1224056,823.695788640671
21.287025,825.903029135154
21.4516444,828.087982038452
21.6162638,830.250983227933
21.7808832,832.39236186574
21.9455026,834.512440565767
22.110122,836.6115355557
22.2747414,838.689956834255
22.4393608,840.748008323795
22.6039802,842.785988018488
22.7685996,844.804188128142
22.933219,846.802895217884
23.0978384,848.782390343799
23.2624578,850.742949184683
23.4270772,852.684842170035
23.5916966,854.6083346044
23.756316,856.513686788209
23.9209354,858.401154135205
24.0855548,860.270987286579
24.2501742,862.123432221929
24.4147936,863.958730367127
24.579413,865.777118699217
24.7440324,867.578829848412
24.9086518,869.364092197314
25.0732712,871.133129977411
25.2378906,872.886163362975
25.40251,874.623408562403
25.5671294,876.345077907114
25.7317488,878.051379938065
25.8963682,879.742519489952
26.0609876,881.418697773186
26.225607,883.080112453697
26.3902264,884.726957730643
26.5548458,886.359424412075
26.7194652,887.977699988642
26.8840846,889.58196870537
27.048704,891.172411631589
27.2133234,892.749206729067
27.3779428,894.312528918383
27.5425622,895.862550143623
27.7071816,897.399439435414
27.871801,898.923362972378
28.0364204,900.43448414103
28.2010398,901.932963594168
28.3656592,903.418959307815
28.5302786,904.892626636738
28.694898,906.354118368586
28.8595174,907.803584776699
29.0241368,909.241173671616
29.1887562,910.667030451324
29.3533756,912.081298150277
29.517995,913.484117487228
29.6826144,914.875626911904
29.8472338,916.255962650557
30.0118532,917.625258750421
30.1764726,918.983647123104
30.341092,920.331257586954
30.5057114,921.668217908414
30.6703308,922.994653842404
30.8349502,924.31068917175
30.9995696,925.616445745695
31.164189,926.912043517502
31.3288084,928.197600581192
31.4934278,929.473233207427
31.6580472,930.739055878564
31.8226666,931.995181322902
31.987286,933.241720548153
32.1519054,934.478782874142
32.3165248,935.706475964765
32.4811442,936.924905859225
32.6457636,938.134177002565
32.810383,939.334392275513
32.9750024,940.525653023656
33.1396218,941.708059085974
33.3042412,942.881708822727
33.4688606,944.046699142732
33.63348,945.203125530039
33.7980994,946.351082070017
33.9627188,947.490661474872
34.1273382,948.621955108608
34.2919576,949.745053011442
34.456577,950.860043923697
34.6211964,951.967015309173
34.7858158,953.066053378018
34.9504352,954.157243109111
35.1150546,955.240668271965
35.279674,956.31641144816
35.4442934,957.384554052334
35.6089128,958.445176352716
35.7735322,959.498357491237
35.9381516,960.544175503215
36.102771,961.582707336628
36.2673904,962.614028870989
36.4320098,963.638214935826
36.5966292,964.655339328782
36.7612486,965.665474833338
36.925868,966.668693236178
37.0904874,967.665065344194
37.2551068,968.654661001143
37.4197262,969.637549103973
37.5843456,970.613797618805
37.748965,971.583473596608
37.9135844,972.546643188542
38.0782038,973.50337166101
38.2428232,974.453723410394
38.4074426,975.397761977507
38.572062,976.335550061754
38.7366814,977.267149535014
38.9013008,978.192621455245
39.0659202,979.112026079829
39.2305396,980.025422878646
39.395159,980.932870546898
39.5597784,981.834427017682
39.7243978,982.73014947432
39.8890172,983.620094362451
40.0536366,984.504317401882
40.218256,985.382873598224
40.3828754,986.255817254296
40.5474948,987.123201981312
40.7121142,987.985080709859
40.8767336,988.841505700662
41.041353,989.692528555149
41.2059724,990.538200225813
41.3705918,991.378571026384
41.5352112,992.213690641805
41.6998306,993.043608138024
41.86445,993.868371971607
42.0290694,994.688029999167
42.1936888,995.502629486617
42.3583082,996.312217118263
42.5229276,997.116839005716
42.687547,997.91654069665
42.8521664,998.711367183399
43.0167858,999.50136291139
43.1814052,1000.28657178743
43.3460246,1001.06703718784
43.510644,1001.84280196645
43.6752634,1002.61390846242
43.8398828,1003.38039850798
44.0045022,1004.14231343596
44.1691216,1004.89969408724
44.333741,1005.65258081803
44.4983604,1006.40101350706
44.6629798,1007.14503156261
44.8275992,1007.88467392942
44.9922186,1008.6199790955
45.156838,1009.3509850988
45.3214574,1010.07772953375
45.4860768,1010.80024955775
45.6506962,1011.51858189746
45.8153156,1012.23276285504
45.979935,1012.94282831426
46.1445544,1013.64881374653
46.3091738,1014.35075421677
46.4737932,1015.04868438926
46.6384126,1015.74263853331
46.803032,1016.43265052889
46.9676514,1017.11875387212
47.1322708,1017.80098168071
47.2968902,1018.47936669932
47.4615096,1019.1539413047
47.626129,1019.82473751097
47.7907484,1020.49178697458
47.9553678,1021.15512099934
48.1199872,1021.81477054131
48.2846066,1022.47076621361
48.449226,1023.12313829115
48.6138454,1023.7719167153
48.7784648,1024.41713109848
48.9430842,1025.05881072863
49.1077036,1025.69698457369
49.272323,1026.33168128589
49.4369424,1026.96292920614
49.6015618,1027.59075636813
49.7661812,1028.21519050258
49.9308006,1028.83625904126
50.09542,1029.45398912104
50.2600394,1030.06840758784
50.4246588,1030.67954100048
50.5892782,1031.28741563458
50.7538976,1031.89205748625
50.918517,1032.49349227584
51.0831364,1033.09174545158
51.2477558,1033.68684219317
51.4123752,1034.27880741529
51.5769946,1034.86766577112
51.741614,1035.45344165573
51.9062334,1036.03615920944
52.0708528,1036.61584232117
52.2354722,1037.1925146317
52.4000916,1037.76619953684
52.564711,1038.33692019065
52.7293304,1038.90469950853
52.8939498,1039.46956017027
53.0585692,1040.0315246231
53.2231886,1040.59061508466
53.387808,1041.1468535459
53.5524274,1041.700261774
53.7170468,1042.25086131519
53.8816662,1042.79867349753
54.0462856,1043.3437194337
54.210905,1043.88602002369
54.3755244,1044.42559595749
54.5401438,1044.96246771768
54.7047632,1045.49665558206
54.8693826,1046.02817962622
55.034002,1046.55705972598
55.1986214,1047.08331555994
55.3632408,1047.60696661191
55.5278602,1048.12803217328
55.6924796,1048.6465313454
55.857099,1049.16248304196
56.0217184,1049.67590599121
56.1863378,1050.18681873829
56.3509572,1050.69523964746
56.5155766,1051.20118690425
56.680196,1051.70467851769
56.8448154,1052.20573232238
57.0094348,1052.70436598068
57.1740542,1053.2005969847
57.3386736,1053.69444265841
57.503293,1054.18592015961
57.6679124,1054.67504648196
57.8325318,1055.1618384569
57.9971512,1055.6463127556
58.1617706,1056.12848589086
58.32639,1056.60837421899
58.4910094,1057.08599394165
58.6556288,1057.56136110768
58.8202482,1058.03449161491
58.9848676,1058.50540121189
59.149487,1058.9741054997
59.3141064,1059.44061993361
59.4787258,1059.90495982482
59.6433452,1060.36714034214
59.8079646,1060.8271765136
59.972584,1061.28508322811
60.1372034,1061.74087523706
60.3018228,1062.19456715592
60.4664422,1062.64617346575
60.6310616,1063.09570851482
60.795681,1063.54318652006
60.9603004,1063.98862156859
61.1249198,1064.4320276192
61.2895392,1064.8734185038
61.4541586,1065.31280792884
61.618778,1065.75020947679
61.7833974,1066.18563660746
61.9480168,1066.61910265944
62.1126362,1067.05062085143
62.2772556,1067.48020428361
62.441875,1067.90786593893
62.6064944,1068.33361868446
62.7711138,1068.75747527265
62.9357332,1069.17944834259
63.1003526,1069.59955042133
63.264972,1070.01779392506
63.4295914,1070.43419116033
63.5942108,1070.84875432531
63.7588302,1071.26149551094
63.9234496,1071.67242670211
64.088069,1072.08155977882
64.2526884,1072.48890651735
64.4173078,1072.89447859135
64.5819272,1073.29828757299
64.7465466,1073.70034493403
64.911166,1074.10066204694
65.0757854,1074.49925018594
65.2404048,1074.89612052808
65.4050242,1075.29128415427
65.5696436,1075.68475205034
65.734263,1076.07653510801
65.8988824,1076.46664412593
66.0635018,1076.85508981069
66.2281212,1077.24188277772
66.3927406,1077.62703355237
66.55736,1078.01055257076
66.7219794,1078.3924501808
66.8865988,1078.77273664306
67.0512182,1079.15142213175
67.2158376,1079.52851673556
67.380457,1079.90403045861
67.5450764,1080.27797322132
67.7096958,1080.65035486127
67.8743152,1081.02118513408
68.0389346,1081.39047371424
68.203554,1081.75823019598
68.3681734,1082.12446409408
68.5327928,1082.4891848447
68.6974122,1082.85240180617
68.8620316,1083.21412425983
69.026651,1083.57436141079
69.1912704,1083.93312238872
69.3558898,1084.29041624861
69.5205092,1084.64625197156
69.6851286,1085.0006384655
69.849748,1085.35358456596
70.0143674,1085.70509903677
70.1789868,1086.05519057084
70.3436062,1086.40386779082
70.5082256,1086.75113924983
70.672845,1087.09701343219
70.8374644,1087.44149875405
71.0020838,1087.78460356412
71.1667032,1088.12633614432
71.3313226,1088.46670471048
71.495942,1088.80571741296
71.6605614,1089.14338233729
71.8251808,1089.47970750488
71.9898002,1089.81470087358
72.1544196,1090.14837033837
72.319039,1090.48072373192
72.4836584,1090.81176882526
72.6482778,1091.14151332834
72.8128972,1091.46996489066
72.9775166,1091.79713110185
73.142136,1092.12301949224
73.3067554,1092.44763753346
73.4713748,1092.77099263902
73.6359942,1093.09309216482
73.8006136,1093.41394340978
73.965233,1093.73355361634
74.1298524,1094.05192997103
74.2944718,1094.36907960498
74.4590912,1094.68500959449
74.6237106,1094.99972696154
74.78833,1095.3132386743
74.9529494,1095.62555164766
75.1175688,1095.93667274372
75.2821882,1096.24660877232
75.4468076,1096.55536649151
75.611427,1096.86295260806
75.7760464,1097.16937377793
75.9406658,1097.47463660676
76.1052852,1097.77874765034
76.2699046,1098.0817134151
76.434524,1098.38354035853
76.5991434,1098.68423488967
76.7637628,1098.98380336958
76.9283822,1099.28225211175
77.0930016,1099.57958738255
77.257621,1099.87581540171
77.4222404,1100.17094234268
77.5868598,1100.46497433314
77.7514792,1100.75791745538
77.9160986,1101.04977774669
78.080718,1101.34056119986
78.2453374,1101.63027376351
78.4099568,1101.91892134253
78.5745762,1102.20650979847
78.7391956,1102.49304494996
78.903815,1102.77853257309
79.0684344,1103.06297840176
79.2330538,1103.34638812814
79.3976732,1103.62876740297
79.5622926,1103.910121836
79.726912,1104.19045699634
79.8915314,1104.46977841278
80.0561508,1104.74809157425
80.2207702,1105.02540193008
80.3853896,1105.30171489044
80.550009,1105.57703582662
80.7146284,1105.85137007142
80.8792478,1106.1247229195
81.0438672,1106.39709962768
81.2084866,1106.66850541534
81.373106,1106.93894546467
81.5377254,1107.20842492109
81.7023448,1107.4769488935
81.8669642,1107.74452245464
82.0315836,1108.01115064143
82.196203,1108.27683845523
82.3608224,1108.5415908622
82.5254418,1108.80541279358
82.6900612,1109.06830914602
82.8546806,1109.33028478188
83.0193,1109.5913445295
