"ResDensity","N_TraitValue"
15,0.000473996095400675
15.156,0.000478925654792842
15.312,0.000483855214185009
15.468,0.000488784773577177
15.624,0.000493714332969344
15.78,0.000498643892361511
15.936,0.000503573451753678
16.092,0.000508503011145845
16.248,0.000513432570538012
16.404,0.000518362129930179
16.56,0.000523291689322346
16.716,0.000528221248714513
16.872,0.00053315080810668
17.028,0.000538080367498847
17.184,0.000543009926891014
17.34,0.000547939486283181
17.496,0.000552869045675348
17.652,0.000557798605067515
17.808,0.000562728164459682
17.964,0.000567657723851849
18.12,0.000572587283244016
18.276,0.000577516842636183
18.432,0.00058244640202835
18.588,0.000587375961420517
18.744,0.000592305520812684
18.9,0.000597235080204851
19.056,0.000602164639597018
19.212,0.000607094198989185
19.368,0.000612023758381352
19.524,0.000616953317773519
19.68,0.000621882877165686
19.836,0.000626812436557853
19.992,0.00063174199595002
20.148,0.000636671555342187
20.304,0.000641601114734354
20.46,0.000646530674126521
20.616,0.000651460233518688
20.772,0.000656389792910855
20.928,0.000661319352303022
21.084,0.000666248911695189
21.24,0.000671178471087356
21.396,0.000676108030479523
21.552,0.00068103758987169
21.708,0.000685967149263857
21.864,0.000690896708656024
22.02,0.000695826268048191
22.176,0.000700755827440359
22.332,0.000705685386832526
22.488,0.000710614946224693
22.644,0.00071554450561686
22.8,0.000720474065009027
22.956,0.000725403624401194
23.112,0.000730333183793361
23.268,0.000735262743185528
23.424,0.000740192302577695
23.58,0.000745121861969862
23.736,0.000750051421362029
23.892,0.000754980980754196
24.048,0.000759910540146363
24.204,0.00076484009953853
24.36,0.000769769658930697
24.516,0.000774699218322864
24.672,0.000779628777715031
24.828,0.000784558337107198
24.984,0.000789487896499365
25.14,0.000794417455891532
25.296,0.000799347015283699
25.452,0.000804276574675866
25.608,0.000809206134068033
25.764,0.0008141356934602
25.92,0.000819065252852367
26.076,0.000823994812244534
26.232,0.000828924371636701
26.388,0.000833853931028868
26.544,0.000838783490421035
26.7,0.000843713049813202
26.856,0.000848642609205369
27.012,0.000853572168597536
27.168,0.000858501727989703
27.324,0.00086343128738187
27.48,0.000868360846774037
27.636,0.000873290406166204
27.792,0.000878219965558371
27.948,0.000883149524950538
28.104,0.000888079084342705
28.26,0.000893008643734872
28.416,0.00089793820312704
28.572,0.000902867762519207
28.728,0.000907797321911374
28.884,0.000912726881303541
29.04,0.000917656440695708
29.196,0.000922586000087875
29.352,0.000927515559480042
29.508,0.000932445118872209
29.664,0.000937374678264376
29.82,0.000942304237656543
29.976,0.00094723379704871
30.132,0.000952163356440877
30.288,0.000957092915833044
30.444,0.000962022475225211
30.6,0.000966952034617378
30.756,0.000971881594009545
30.912,0.000976811153401712
31.068,0.000981740712793879
31.224,0.000986670272186046
31.38,0.000991599831578213
31.536,0.00099652939097038
31.692,0.00100145895036255
31.848,0.00100638850975471
32.004,0.00101131806914688
32.16,0.00101624762853905
32.316,0.00102117718793122
32.472,0.00102610674732338
32.628,0.00103103630671555
32.784,0.00103596586610772
32.94,0.00104089542549988
33.096,0.00104582498489205
33.252,0.00105075454428422
33.408,0.00105568410367638
33.564,0.00106061366306855
33.72,0.00106554322246072
33.876,0.00107047278185289
34.032,0.00107540234124505
34.188,0.00108033190063722
34.344,0.00108526146002939
34.5,0.00109019101942155
34.656,0.00109512057881372
34.812,0.00110005013820589
34.968,0.00110497969759805
35.124,0.00110990925699022
35.28,0.00111483881638239
35.436,0.00111976837577456
35.592,0.00112469793516672
35.748,0.00112962749455889
35.904,0.00113455705395106
36.06,0.00113948661334322
36.216,0.00114441617273539
36.372,0.00114934573212756
36.528,0.00115427529151972
36.684,0.00115920485091189
36.84,0.00116413441030406
36.996,0.00116906396969623
37.152,0.00117399352908839
37.308,0.00117892308848056
37.464,0.00118385264787273
37.62,0.00118878220726489
37.776,0.00119371176665706
37.932,0.00119864132604923
38.088,0.0012035708854414
38.244,0.00120850044483356
38.4,0.00121343000422573
38.556,0.0012183595636179
38.712,0.00122328912301006
38.868,0.00122821868240223
39.024,0.0012331482417944
39.18,0.00123807780118656
39.336,0.00124300736057873
39.492,0.0012479369199709
39.648,0.00125286647936307
39.804,0.00125779603875523
39.96,0.0012627255981474
40.116,0.00126765515753957
40.272,0.00127258471693173
40.428,0.0012775142763239
40.584,0.00128244383571607
40.74,0.00128737339510823
40.896,0.0012923029545004
41.052,0.00129723251389257
41.208,0.00130216207328474
41.364,0.0013070916326769
41.52,0.00131202119206907
41.676,0.00131695075146124
41.832,0.0013218803108534
41.988,0.00132680987024557
42.144,0.00133173942963774
42.3,0.0013366689890299
42.456,0.00134159854842207
42.612,0.00134652810781424
42.768,0.00135145766720641
42.924,0.00135638722659857
43.08,0.00136131678599074
43.236,0.00136624634538291
43.392,0.00137117590477507
43.548,0.00137610546416724
43.704,0.00138103502355941
43.86,0.00138596458295157
44.016,0.00139089414234374
44.172,0.00139582370173591
44.328,0.00140075326112808
44.484,0.00140568282052024
44.64,0.00141061237991241
44.796,0.00141554193930458
44.952,0.00142047149869674
45.108,0.00142540105808891
45.264,0.00143033061748108
45.42,0.00143526017687325
45.576,0.00144018973626541
45.732,0.00144511929565758
45.888,0.00145004885504975
46.044,0.00145497841444191
46.2,0.00145990797383408
46.356,0.00146483753322625
46.512,0.00146976709261841
46.668,0.00147469665201058
46.824,0.00147962621140275
46.98,0.00148455577079492
47.136,0.00148948533018708
47.292,0.00149441488957925
47.448,0.00149934444897142
47.604,0.00150427400836358
47.76,0.00150920356775575
47.916,0.00151413312714792
48.072,0.00151906268654008
48.228,0.00152399224593225
48.384,0.00152892180532442
48.54,0.00153385136471659
48.696,0.00153878092410875
48.852,0.00154371048350092
49.008,0.00154864004289309
49.164,0.00155356960228525
49.32,0.00155849916167742
49.476,0.00156342872106959
49.632,0.00156835828046175
49.788,0.00157328783985392
49.944,0.00157821739924609
50.1,0.00158314695863826
50.256,0.00158807651803042
50.412,0.00159300607742259
50.568,0.00159793563681476
50.724,0.00160286519620692
50.88,0.00160779475559909
51.036,0.00161272431499126
51.192,0.00161765387438342
51.348,0.00162258343377559
51.504,0.00162751299316776
51.66,0.00163244255255993
51.816,0.00163737211195209
51.972,0.00164230167134426
52.128,0.00164723123073643
52.284,0.00165216079012859
52.44,0.00165709034952076
52.596,0.00166201990891293
52.752,0.0016669494683051
52.908,0.00167187902769726
53.064,0.00167680858708943
53.22,0.0016817381464816
53.376,0.00168666770587376
53.532,0.00169159726526593
53.688,0.0016965268246581
53.844,0.00170145638405026
54,0.00170638594344243
54.156,0.0017113155028346
54.312,0.00171624506222677
54.468,0.00172117462161893
54.624,0.0017261041810111
54.78,0.00173103374040327
54.936,0.00173596329979543
55.092,0.0017408928591876
55.248,0.00174582241857977
55.404,0.00175075197797193
55.56,0.0017556815373641
55.716,0.00176061109675627
55.872,0.00176554065614844
56.028,0.0017704702155406
56.184,0.00177539977493277
56.34,0.00178032933432494
56.496,0.0017852588937171
56.652,0.00179018845310927
56.808,0.00179511801250144
56.964,0.0018000475718936
57.12,0.00180497713128577
57.276,0.00180990669067794
57.432,0.00181483625007011
57.588,0.00181976580946227
57.744,0.00182469536885444
57.9,0.00182962492824661
58.056,0.00183455448763877
58.212,0.00183948404703094
58.368,0.00184441360642311
58.524,0.00184934316581528
58.68,0.00185427272520744
58.836,0.00185920228459961
58.992,0.00186413184399178
59.148,0.00186906140338394
59.304,0.00187399096277611
59.46,0.00187892052216828
59.616,0.00188385008156044
59.772,0.00188877964095261
59.928,0.00189370920034478
60.084,0.00189863875973695
60.24,0.00190356831912911
60.396,0.00190849787852128
60.552,0.00191342743791345
60.708,0.00191835699730561
60.864,0.00192328655669778
61.02,0.00192821611608995
61.176,0.00193314567548211
61.332,0.00193807523487428
61.488,0.00194300479426645
61.644,0.00194793435365862
61.8,0.00195286391305078
61.956,0.00195779347244295
62.112,0.00196272303183512
62.268,0.00196765259122728
62.424,0.00197258215061945
62.58,0.00197751171001162
62.736,0.00198244126940378
62.892,0.00198737082879595
63.048,0.00199230038818812
63.204,0.00199722994758029
63.36,0.00200215950697245
63.516,0.00200708906636462
63.672,0.00201201862575679
63.828,0.00201694818514895
63.984,0.00202187774454112
64.14,0.00202680730393329
64.296,0.00203173686332545
64.452,0.00203666642271762
64.608,0.00204159598210979
64.764,0.00204652554150196
64.92,0.00205145510089412
65.076,0.00205638466028629
65.232,0.00206131421967846
65.388,0.00206624377907062
65.544,0.00207117333846279
65.7,0.00207610289785496
65.856,0.00208103245724713
66.012,0.00208596201663929
66.168,0.00209089157603146
66.324,0.00209582113542363
66.48,0.00210075069481579
66.636,0.00210568025420796
66.792,0.00211060981360013
66.948,0.00211553937299229
67.104,0.00212046893238446
67.26,0.00212539849177663
67.416,0.0021303280511688
67.572,0.00213525761056096
67.728,0.00214018716995313
67.884,0.0021451167293453
68.04,0.00215004628873746
68.196,0.00215497584812963
68.352,0.0021599054075218
68.508,0.00216483496691397
68.664,0.00216976452630613
68.82,0.0021746940856983
68.976,0.00217962364509047
69.132,0.00218455320448263
69.288,0.0021894827638748
69.444,0.00219441232326697
69.6,0.00219934188265913
69.756,0.0022042714420513
69.912,0.00220920100144347
70.068,0.00221413056083563
70.224,0.0022190601202278
70.38,0.00222398967961997
70.536,0.00222891923901214
70.692,0.0022338487984043
70.848,0.00223877835779647
71.004,0.00224370791718864
71.16,0.0022486374765808
71.316,0.00225356703597297
71.472,0.00225849659536514
71.628,0.00226342615475731
71.784,0.00226835571414947
71.94,0.00227328527354164
72.096,0.00227821483293381
72.252,0.00228314439232597
72.408,0.00228807395171814
72.564,0.00229300351111031
72.72,0.00229793307050247
72.876,0.00230286262989464
73.032,0.00230779218928681
73.188,0.00231272174867898
73.344,0.00231765130807114
73.5,0.00232258086746331
73.656,0.00232751042685548
73.812,0.00233243998624764
73.968,0.00233736954563981
74.124,0.00234229910503198
74.28,0.00234722866442414
74.436,0.00235215822381631
74.592,0.00235708778320848
74.748,0.00236201734260065
74.904,0.00236694690199281
75.06,0.00237187646138498
75.216,0.00237680602077715
75.372,0.00238173558016931
75.528,0.00238666513956148
75.684,0.00239159469895365
75.84,0.00239652425834581
75.996,0.00240145381773798
76.152,0.00240638337713015
76.308,0.00241131293652232
76.464,0.00241624249591448
76.62,0.00242117205530665
76.776,0.00242610161469882
76.932,0.00243103117409098
77.088,0.00243596073348315
77.244,0.00244089029287532
77.4,0.00244581985226749
77.556,0.00245074941165965
77.712,0.00245567897105182
77.868,0.00246060853044399
78.024,0.00246553808983615
78.18,0.00247046764922832
78.336,0.00247539720862049
78.492,0.00248032676801265
78.648,0.00248525632740482
78.804,0.00249018588679699
78.96,0.00249511544618916
79.116,0.00250004500558132
79.272,0.00250497456497349
79.428,0.00250990412436566
79.584,0.00251483368375782
79.74,0.00251976324314999
79.896,0.00252469280254216
80.052,0.00252962236193432
80.208,0.00253455192132649
80.364,0.00253948148071866
80.52,0.00254441104011083
80.676,0.00254934059950299
80.832,0.00255427015889516
80.988,0.00255919971828733
81.144,0.00256412927767949
81.3,0.00256905883707166
81.456,0.00257398839646383
81.612,0.00257891795585599
81.768,0.00258384751524816
81.924,0.00258877707464033
82.08,0.0025937066340325
82.236,0.00259863619342466
82.392,0.00260356575281683
82.548,0.002608495312209
82.704,0.00261342487160116
82.86,0.00261835443099333
83.016,0.0026232839903855
83.172,0.00262821354977766
83.328,0.00263314310916983
83.484,0.002638072668562
83.64,0.00264300222795417
83.796,0.00264793178734633
83.952,0.0026528613467385
84.108,0.00265779090613067
84.264,0.00266272046552283
84.42,0.002667650024915
84.576,0.00267257958430717
84.732,0.00267750914369934
84.888,0.0026824387030915
85.044,0.00268736826248367
85.2,0.00269229782187584
85.356,0.002697227381268
85.512,0.00270215694066017
85.668,0.00270708650005234
85.824,0.0027120160594445
85.98,0.00271694561883667
86.136,0.00272187517822884
86.292,0.00272680473762101
86.448,0.00273173429701317
86.604,0.00273666385640534
86.76,0.00274159341579751
86.916,0.00274652297518967
87.072,0.00275145253458184
87.228,0.00275638209397401
87.384,0.00276131165336617
87.54,0.00276624121275834
87.696,0.00277117077215051
87.852,0.00277610033154268
88.008,0.00278102989093484
88.164,0.00278595945032701
88.32,0.00279088900971918
88.476,0.00279581856911134
88.632,0.00280074812850351
88.788,0.00280567768789568
88.944,0.00281060724728784
89.1,0.00281553680668001
89.256,0.00282046636607218
89.412,0.00282539592546435
89.568,0.00283032548485651
89.724,0.00283525504424868
89.88,0.00284018460364085
90.036,0.00284511416303301
90.192,0.00285004372242518
90.348,0.00285497328181735
90.504,0.00285990284120952
90.66,0.00286483240060168
90.816,0.00286976195999385
90.972,0.00287469151938602
91.128,0.00287962107877818
91.284,0.00288455063817035
91.44,0.00288948019756252
91.596,0.00289440975695468
91.752,0.00289933931634685
91.908,0.00290426887573902
92.064,0.00290919843513118
92.22,0.00291412799452335
92.376,0.00291905755391552
92.532,0.00292398711330769
92.688,0.00292891667269985
92.844,0.00293384623209202
93,0.00293877579148419
