"ResDensity","N_TraitValue"
2,0.137045808659353
2.046,0.139771170743233
2.092,0.142479993910599
2.138,0.145172428256165
2.184,0.147848622063924
2.23,0.150508721834378
2.276,0.153152872311265
2.322,0.155781216507819
2.368,0.158393895732549
2.414,0.160991049614571
2.46,0.163572816128475
2.506,0.166139331618763
2.552,0.168690730823853
2.598,0.171227146899655
2.644,0.173748711442737
2.69,0.176255554513087
2.736,0.17874780465647
2.782,0.181225588926406
2.828,0.183689032905759
2.874,0.186138260727953
2.92,0.188573395097825
2.966,0.190994557312115
3.012,0.193401867279609
3.058,0.195795443540934
3.104,0.198175403288014
3.15,0.200541862383198
3.196,0.202894935378063
3.242,0.205234735531898
3.288,0.207561374829874
3.334,0.209874964000912
3.38,0.212175612535249
3.426,0.214463428701712
3.472,0.216738519564699
3.518,0.219000991000885
3.564,0.221250947715644
3.61,0.223488493259199
3.656,0.225713730042517
3.702,0.227926759352923
3.748,0.230127681369476
3.794,0.232316595178082
3.84,0.234493598786367
3.886,0.236658789138301
3.932,0.238812262128591
3.978,0.24095411261684
4.024,0.243084434441471
4.07,0.245203320433435
4.116,0.247310862429697
4.162,0.249407151286498
4.208,0.25149227689242
4.254,0.253566328181227
4.3,0.255629393144514
4.346,0.257681558844146
4.392,0.259722911424513
4.438,0.261753536124574
4.484,0.26377351728973
4.53,0.265782938383498
4.576,0.267781881999009
4.622,0.26977042987032
4.668,0.271748662883562
4.714,0.273716661087899
4.76,0.275674503706332
4.806,0.277622269146325
4.852,0.279560035010276
4.898,0.281487878105821
4.944,0.283405874455985
4.99,0.285314099309171
5.036,0.287212627149004
5.082,0.289101531704022
5.128,0.29098088595722
5.174,0.292850762155451
5.22,0.294711231818681
5.266,0.29656236574911
5.312,0.298404234040155
5.358,0.300236906085293
5.404,0.302060450586781
5.45,0.303874935564237
5.496,0.3056804283631
5.542,0.307476995662962
5.588,0.309264703485773
5.634,0.311043617203936
5.68,0.312813801548269
5.726,0.314575320615858
5.772,0.316328237877796
5.818,0.318072616186805
5.864,0.319808517784746
5.91,0.321536004310028
5.956,0.323255136804897
6.002,0.324965975722631
6.048,0.326668580934624
6.094,0.328363011737369
6.14,0.330049326859346
6.186,0.331727584467804
6.232,0.333397842175449
6.278,0.335060157047039
6.324,0.336714585605881
6.37,0.338361183840238
6.416,0.340000007209646
6.462,0.341631110651139
6.508,0.343254548585388
6.554,0.344870374922755
6.6,0.346478643069261
6.646,0.348079405932465
6.692,0.349672715927274
6.738,0.351258624981656
6.784,0.352837184542287
6.83,0.35440844558011
6.876,0.355972458595827
6.922,0.357529273625302
6.968,0.359078940244903
7.014,0.360621507576761
7.06,0.362157024293964
7.106,0.363685538625672
7.152,0.36520709836217
7.198,0.366721750859846
7.244,0.368229543046108
7.29,0.369730521424227
7.336,0.371224732078119
7.382,0.372712220677061
7.428,0.374193032480346
7.474,0.37566721234187
7.52,0.377134804714664
7.566,0.37859585365536
7.612,0.380050402828602
7.658,0.381498495511393
7.704,0.382940174597389
7.75,0.384375482601135
7.796,0.385804461662241
7.842,0.38722715354951
7.888,0.388643599665005
7.934,0.390053841048066
7.98,0.391457918379274
8.026,0.392855871984362
8.072,0.394247741838078
8.118,0.395633567567989
8.164,0.397013388458251
8.21,0.398387243453314
8.256,0.399755171161588
8.302,0.401117209859062
8.348,0.402473397492868
8.394,0.403823771684814
8.44,0.405168369734854
8.486,0.40650722862453
8.532,0.407840385020356
8.578,0.409167875277171
8.624,0.410489735441438
8.67,0.411806001254513
8.716,0.41311670815586
8.762,0.414421891286236
8.808,0.415721585490832
8.854,0.417015825322369
8.9,0.418304645044165
8.946,0.419588078633158
8.992,0.420866159782889
9.038,0.422138921906452
9.084,0.423406398139409
9.13,0.424668621342658
9.176,0.425925624105283
9.222,0.427177438747349
9.268,0.428424097322678
9.314,0.429665631621584
9.36,0.430902073173573
9.406,0.432133453250017
9.452,0.433359802866782
9.498,0.434581152786843
9.544,0.435797533522845
9.59,0.437008975339654
9.636,0.43821550825686
9.682,0.43941716205126
9.728,0.440613966259308
9.774,0.441805950179533
9.82,0.44299314287493
9.866,0.444175573175326
9.912,0.445353269679707
9.958,0.446526260758531
10.004,0.447694574555999
10.05,0.448858238992313
10.096,0.450017281765894
10.142,0.451171730355584
10.188,0.452321612022816
10.234,0.453466953813758
10.28,0.454607782561439
10.326,0.455744124887837
10.372,0.456876007205957
10.418,0.458003455721873
10.464,0.459126496436751
10.51,0.46024515514885
10.556,0.461359457455495
10.602,0.462469428755032
10.648,0.463575094248754
10.694,0.464676478942813
10.74,0.465773607650102
10.786,0.466866504992117
10.832,0.467955195400803
10.878,0.469039703120374
10.924,0.470120052209108
10.97,0.471196266541131
11.016,0.472268369808174
11.062,0.473336385521311
11.108,0.47440033701268
11.154,0.475460247437176
11.2,0.47651613977414
11.246,0.477568036829012
11.292,0.478615961234975
11.338,0.479659935454581
11.384,0.480699981781352
11.43,0.48173612234137
11.476,0.482768379094844
11.522,0.483796773837662
11.568,0.484821328202929
11.614,0.485842063662474
11.66,0.486859001528362
11.706,0.48787216295437
11.752,0.488881568937452
11.798,0.489887240319198
11.844,0.49088919778726
11.89,0.491887461876775
11.936,0.492882052971767
11.982,0.493872991306533
12.028,0.494860296967017
12.074,0.495843989892169
12.12,0.49682408987528
12.166,0.497800616565319
12.212,0.498773589468239
12.258,0.49974302794828
12.304,0.500708951229249
12.35,0.501671378395796
12.396,0.502630328394668
12.442,0.503585820035954
12.488,0.504537871994312
12.534,0.505486502810189
12.58,0.50643173089102
12.626,0.507373574512426
12.672,0.508312051819384
12.718,0.509247180827398
12.764,0.510178979423647
12.81,0.51110746536813
12.856,0.512032656294792
12.902,0.512954569712641
12.948,0.513873223006851
12.994,0.514788633439858
13.04,0.515700818152437
13.086,0.516609794164776
13.132,0.517515578377532
13.178,0.51841818757288
13.224,0.51931763841555
13.27,0.520213947453847
13.316,0.521107131120674
13.362,0.521997205734533
13.408,0.522884187500515
13.454,0.52376809251129
13.5,0.524648936748075
13.546,0.5255267360816
13.592,0.526401506273061
13.638,0.527273262975062
13.684,0.528142021732549
13.73,0.529007797983735
13.776,0.529870607061014
13.822,0.530730464191865
13.868,0.53158738449975
13.914,0.532441383004999
13.96,0.533292474625687
14.006,0.534140674178505
14.052,0.534985996379618
14.098,0.535828455845517
14.144,0.53666806709386
14.19,0.537504844544308
14.236,0.53833880251935
14.282,0.539169955245118
14.328,0.539998316852199
14.374,0.540823901376434
14.42,0.541646722759711
14.466,0.542466794850749
14.512,0.543284131405879
14.558,0.544098746089806
14.604,0.544910652476378
14.65,0.545719864049336
14.696,0.546526394203058
14.742,0.547330256243306
14.788,0.548131463387948
14.834,0.548930028767691
14.88,0.549725965426793
14.926,0.550519286323773
14.972,0.55131000433212
15.018,0.552098132240984
15.064,0.552883682755864
15.11,0.553666668499297
15.156,0.554447102011531
15.202,0.555224995751192
15.248,0.556000362095951
15.294,0.556773213343179
15.34,0.557543561710594
15.386,0.558311419336912
15.432,0.559076798282477
15.478,0.559839710529898
15.524,0.560600167984669
15.57,0.561358182475796
15.616,0.562113765756401
15.662,0.562866929504338
15.708,0.563617685322787
15.754,0.564366044740857
15.8,0.565112019214172
15.846,0.565855620125455
15.892,0.566596858785109
15.938,0.567335746431791
15.984,0.568072294232978
16.03,0.568806513285528
16.076,0.569538414616245
16.122,0.570268009182421
16.168,0.570995307872389
16.214,0.571720321506064
16.26,0.572443060835478
16.306,0.573163536545312
16.352,0.573881759253424
16.398,0.574597739511369
16.444,0.575311487804914
16.49,0.576023014554555
16.536,0.57673233011602
16.582,0.577439444780771
16.628,0.578144368776507
16.674,0.578847112267649
16.72,0.579547685355837
16.766,0.580246098080407
16.812,0.580942360418875
16.858,0.581636482287409
16.904,0.582328473541305
16.95,0.583018343975445
16.996,0.583706103324769
17.042,0.584391761264723
17.088,0.585075327411722
17.134,0.585756811323592
17.18,0.586436222500021
17.226,0.587113570382996
17.272,0.587788864357244
17.318,0.588462113750663
17.364,0.589133327834755
17.41,0.589802515825044
17.456,0.590469686881507
17.502,0.591134850108986
17.548,0.591798014557604
17.594,0.592459189223177
17.64,0.593118383047616
17.686,0.593775604919336
17.732,0.594430863673651
17.778,0.595084168093174
17.824,0.595735526908203
17.87,0.596384948797118
17.916,0.59703244238676
17.962,0.597678016252816
18.008,0.598321678920197
18.054,0.598963438863414
18.1,0.599603304506948
18.146,0.600241284225619
18.192,0.600877386344955
18.238,0.601511619141548
18.284,0.602143990843419
18.33,0.60277450963037
18.376,0.603403183634337
18.422,0.604030020939741
18.468,0.604655029583834
18.514,0.605278217557044
18.56,0.60589959280331
18.606,0.606519163220428
18.652,0.607136936660377
18.698,0.607752920929659
18.744,0.608367123789621
18.79,0.608979552956782
18.836,0.609590216103163
18.882,0.610199120856597
18.928,0.610806274801054
18.974,0.611411685476953
19.02,0.612015360381477
19.066,0.612617306968876
19.112,0.613217532650782
19.158,0.613816044796507
19.204,0.614412850733348
19.25,0.615007957746884
19.296,0.615601373081274
19.342,0.61619310393955
19.388,0.616783157483909
19.434,0.617371540836001
19.48,0.617958261077217
19.526,0.618543325248972
19.572,0.619126740352987
19.618,0.619708513351568
19.664,0.620288651167884
19.71,0.62086716068624
19.756,0.621444048752351
19.802,0.62201932217361
19.848,0.622592987719359
19.894,0.623165052121151
19.94,0.623735522073015
19.986,0.624304404231717
20.032,0.624871705217019
20.078,0.625437431611936
20.124,0.626001589962989
20.17,0.62656418678046
20.216,0.627125228538641
20.262,0.627684721676083
20.308,0.62824267259584
20.354,0.628799087665716
20.4,0.629353973218508
20.446,0.629907335552243
20.492,0.630459180930417
20.538,0.631009515582235
20.584,0.63155834570284
20.63,0.63210567745355
20.676,0.632651516962084
20.722,0.633195870322797
20.768,0.633738743596901
20.814,0.634280142812691
20.86,0.634820073965772
20.906,0.635358543019275
20.952,0.635895555904081
20.998,0.636431118519035
21.044,0.636965236731166
21.09,0.637497916375898
21.136,0.638029163257263
21.182,0.638558983148113
21.228,0.639087381790329
21.274,0.639614364895027
21.32,0.640139938142764
21.366,0.640664107183746
21.412,0.641186877638024
21.458,0.641708255095699
21.504,0.642228245117122
21.55,0.642746853233087
21.596,0.643264084945033
21.642,0.643779945725234
21.688,0.644294441016994
21.734,0.64480757623484
21.78,0.645319356764707
21.826,0.645829787964131
21.872,0.646338875162435
21.918,0.646846623660913
21.964,0.647353038733016
22.01,0.647858125624531
22.056,0.648361889553769
22.102,0.648864335711736
22.148,0.649365469262319
22.194,0.649865295342456
22.24,0.65036381906232
22.286,0.650861045505483
22.332,0.651356979729098
22.378,0.651851626764065
22.424,0.652344991615202
22.47,0.652837079261415
22.516,0.653327894655865
22.562,0.653817442726135
22.608,0.654305728374392
22.654,0.654792756477554
22.7,0.655278531887451
22.746,0.655763059430986
22.792,0.656246343910294
22.838,0.656728390102902
22.884,0.657209202761888
22.93,0.657688786616033
22.976,0.658167146369979
23.022,0.658644286704382
23.068,0.659120212276066
23.114,0.659594927718171
23.16,0.660068437640308
23.206,0.660540746628704
23.252,0.661011859246354
23.298,0.661481780033164
23.344,0.6619505135061
23.39,0.662418064159329
23.436,0.662884436464369
23.482,0.663349634870225
23.528,0.663813663803533
23.574,0.664276527668702
23.62,0.66473823084805
23.666,0.665198777701946
23.712,0.665658172568944
23.758,0.666116419765921
23.804,0.666573523588214
23.85,0.667029488309748
23.896,0.667484318183176
23.942,0.667938017440008
23.988,0.668390590290744
24.034,0.668842040925
24.08,0.669292373511642
24.126,0.669741592198914
24.172,0.670189701114562
24.218,0.670636704365962
24.264,0.671082606040248
24.31,0.671527410204432
24.356,0.671971120905532
24.402,0.672413742170693
24.448,0.672855278007306
24.494,0.673295732403135
24.54,0.673735109326432
24.586,0.674173412726058
24.632,0.6746106465316
24.678,0.675046814653492
24.724,0.675481920983128
24.77,0.675915969392978
24.816,0.676348963736705
24.862,0.676780907849277
24.908,0.677211805547082
24.954,0.677641660628039
25,0.678070476871709
