"ResDensity","N_TraitValue"
1.0129,1.27612734689392e-05
1.0203566,1.28552173052e-05
1.0278132,1.29491611414607e-05
1.0352698,1.30431049777214e-05
1.0427264,1.31370488139821e-05
1.050183,1.32309926502429e-05
1.0576396,1.33249364865036e-05
1.0650962,1.34188803227643e-05
1.0725528,1.35128241590251e-05
1.0800094,1.36067679952858e-05
1.087466,1.37007118315465e-05
1.0949226,1.37946556678072e-05
1.1023792,1.3888599504068e-05
1.1098358,1.39825433403287e-05
1.1172924,1.40764871765894e-05
1.124749,1.41704310128502e-05
1.1322056,1.42643748491109e-05
1.1396622,1.43583186853716e-05
1.1471188,1.44522625216323e-05
1.1545754,1.45462063578931e-05
1.162032,1.46401501941538e-05
1.1694886,1.47340940304145e-05
1.1769452,1.48280378666753e-05
1.1844018,1.4921981702936e-05
1.1918584,1.50159255391967e-05
1.199315,1.51098693754574e-05
1.2067716,1.52038132117182e-05
1.2142282,1.52977570479789e-05
1.2216848,1.53917008842396e-05
1.2291414,1.54856447205004e-05
1.236598,1.55795885567611e-05
1.2440546,1.56735323930218e-05
1.2515112,1.57674762292826e-05
1.2589678,1.58614200655433e-05
1.2664244,1.5955363901804e-05
1.273881,1.60493077380647e-05
1.2813376,1.61432515743255e-05
1.2887942,1.62371954105862e-05
1.2962508,1.63311392468469e-05
1.3037074,1.64250830831077e-05
1.311164,1.65190269193684e-05
1.3186206,1.66129707556291e-05
1.3260772,1.67069145918898e-05
1.3335338,1.68008584281506e-05
1.3409904,1.68948022644113e-05
1.348447,1.6988746100672e-05
1.3559036,1.70826899369328e-05
1.3633602,1.71766337731935e-05
1.3708168,1.72705776094542e-05
1.3782734,1.73645214457149e-05
1.38573,1.74584652819757e-05
1.3931866,1.75524091182364e-05
1.4006432,1.76463529544971e-05
1.4080998,1.77402967907579e-05
1.4155564,1.78342406270186e-05
1.423013,1.79281844632793e-05
1.4304696,1.802212829954e-05
1.4379262,1.81160721358008e-05
1.4453828,1.82100159720615e-05
1.4528394,1.83039598083222e-05
1.460296,1.8397903644583e-05
1.4677526,1.84918474808437e-05
1.4752092,1.85857913171044e-05
1.4826658,1.86797351533651e-05
1.4901224,1.87736789896259e-05
1.497579,1.88676228258866e-05
1.5050356,1.89615666621473e-05
1.5124922,1.90555104984081e-05
1.5199488,1.91494543346688e-05
1.5274054,1.92433981709295e-05
1.534862,1.93373420071902e-05
1.5423186,1.9431285843451e-05
1.5497752,1.95252296797117e-05
1.5572318,1.96191735159724e-05
1.5646884,1.97131173522332e-05
1.572145,1.98070611884939e-05
1.5796016,1.99010050247546e-05
1.5870582,1.99949488610153e-05
1.5945148,2.00888926972761e-05
1.6019714,2.01828365335368e-05
1.609428,2.02767803697975e-05
1.6168846,2.03707242060583e-05
1.6243412,2.0464668042319e-05
1.6317978,2.05586118785797e-05
1.6392544,2.06525557148405e-05
1.646711,2.07464995511012e-05
1.6541676,2.08404433873619e-05
1.6616242,2.09343872236226e-05
1.6690808,2.10283310598834e-05
1.6765374,2.11222748961441e-05
1.683994,2.12162187324048e-05
1.6914506,2.13101625686656e-05
1.6989072,2.14041064049263e-05
1.7063638,2.1498050241187e-05
1.7138204,2.15919940774477e-05
1.721277,2.16859379137085e-05
1.7287336,2.17798817499692e-05
1.7361902,2.18738255862299e-05
1.7436468,2.19677694224907e-05
1.7511034,2.20617132587514e-05
1.75856,2.21556570950121e-05
1.7660166,2.22496009312728e-05
1.7734732,2.23435447675336e-05
1.7809298,2.24374886037943e-05
1.7883864,2.2531432440055e-05
1.795843,2.26253762763158e-05
1.8032996,2.27193201125765e-05
1.8107562,2.28132639488372e-05
1.8182128,2.29072077850979e-05
1.8256694,2.30011516213587e-05
1.833126,2.30950954576194e-05
1.8405826,2.31890392938801e-05
1.8480392,2.32829831301409e-05
1.8554958,2.33769269664016e-05
1.8629524,2.34708708026623e-05
1.870409,2.3564814638923e-05
1.8778656,2.36587584751838e-05
1.8853222,2.37527023114445e-05
1.8927788,2.38466461477052e-05
1.9002354,2.3940589983966e-05
1.907692,2.40345338202267e-05
1.9151486,2.41284776564874e-05
1.9226052,2.42224214927481e-05
1.9300618,2.43163653290089e-05
1.9375184,2.44103091652696e-05
1.944975,2.45042530015303e-05
1.9524316,2.45981968377911e-05
1.9598882,2.46921406740518e-05
1.9673448,2.47860845103125e-05
1.9748014,2.48800283465732e-05
1.982258,2.4973972182834e-05
1.9897146,2.50679160190947e-05
1.9971712,2.51618598553554e-05
2.0046278,2.52558036916162e-05
2.0120844,2.53497475278769e-05
2.019541,2.54436913641376e-05
2.0269976,2.55376352003983e-05
2.0344542,2.56315790366591e-05
2.0419108,2.57255228729198e-05
2.0493674,2.58194667091805e-05
2.056824,2.59134105454413e-05
2.0642806,2.6007354381702e-05
2.0717372,2.61012982179627e-05
2.0791938,2.61952420542234e-05
2.0866504,2.62891858904842e-05
2.094107,2.63831297267449e-05
2.1015636,2.64770735630056e-05
2.1090202,2.65710173992664e-05
2.1164768,2.66649612355271e-05
2.1239334,2.67589050717878e-05
2.13139,2.68528489080486e-05
2.1388466,2.69467927443093e-05
2.1463032,2.704073658057e-05
2.1537598,2.71346804168307e-05
2.1612164,2.72286242530915e-05
2.168673,2.73225680893522e-05
2.1761296,2.74165119256129e-05
2.1835862,2.75104557618737e-05
2.1910428,2.76043995981344e-05
2.1984994,2.76983434343951e-05
2.205956,2.77922872706558e-05
2.2134126,2.78862311069166e-05
2.2208692,2.79801749431773e-05
2.2283258,2.8074118779438e-05
2.2357824,2.81680626156988e-05
2.243239,2.82620064519595e-05
2.2506956,2.83559502882202e-05
2.2581522,2.84498941244809e-05
2.2656088,2.85438379607417e-05
2.2730654,2.86377817970024e-05
2.280522,2.87317256332631e-05
2.2879786,2.88256694695239e-05
2.2954352,2.89196133057846e-05
2.3028918,2.90135571420453e-05
2.3103484,2.9107500978306e-05
2.317805,2.92014448145668e-05
2.3252616,2.92953886508275e-05
2.3327182,2.93893324870882e-05
2.3401748,2.9483276323349e-05
2.3476314,2.95772201596097e-05
2.355088,2.96711639958704e-05
2.3625446,2.97651078321311e-05
2.3700012,2.98590516683919e-05
2.3774578,2.99529955046526e-05
2.3849144,3.00469393409133e-05
2.392371,3.01408831771741e-05
2.3998276,3.02348270134348e-05
2.4072842,3.03287708496955e-05
2.4147408,3.04227146859563e-05
2.4221974,3.0516658522217e-05
2.429654,3.06106023584777e-05
2.4371106,3.07045461947384e-05
2.4445672,3.07984900309992e-05
2.4520238,3.08924338672599e-05
2.4594804,3.09863777035206e-05
2.466937,3.10803215397814e-05
2.4743936,3.11742653760421e-05
2.4818502,3.12682092123028e-05
2.4893068,3.13621530485635e-05
2.4967634,3.14560968848243e-05
2.50422,3.1550040721085e-05
2.5116766,3.16439845573457e-05
2.5191332,3.17379283936065e-05
2.5265898,3.18318722298672e-05
2.5340464,3.19258160661279e-05
2.541503,3.20197599023886e-05
2.5489596,3.21137037386494e-05
2.5564162,3.22076475749101e-05
2.5638728,3.23015914111708e-05
2.5713294,3.23955352474316e-05
2.578786,3.24894790836923e-05
2.5862426,3.2583422919953e-05
2.5936992,3.26773667562137e-05
2.6011558,3.27713105924745e-05
2.6086124,3.28652544287352e-05
2.616069,3.29591982649959e-05
2.6235256,3.30531421012567e-05
2.6309822,3.31470859375174e-05
2.6384388,3.32410297737781e-05
2.6458954,3.33349736100388e-05
2.653352,3.34289174462996e-05
2.6608086,3.35228612825603e-05
2.6682652,3.3616805118821e-05
2.6757218,3.37107489550818e-05
2.6831784,3.38046927913425e-05
2.690635,3.38986366276032e-05
2.6980916,3.39925804638639e-05
2.7055482,3.40865243001247e-05
2.7130048,3.41804681363854e-05
2.7204614,3.42744119726461e-05
2.727918,3.43683558089069e-05
2.7353746,3.44622996451676e-05
2.7428312,3.45562434814283e-05
2.7502878,3.4650187317689e-05
2.7577444,3.47441311539498e-05
2.765201,3.48380749902105e-05
2.7726576,3.49320188264712e-05
2.7801142,3.5025962662732e-05
2.7875708,3.51199064989927e-05
2.7950274,3.52138503352534e-05
2.802484,3.53077941715141e-05
2.8099406,3.54017380077749e-05
2.8173972,3.54956818440356e-05
2.8248538,3.55896256802963e-05
2.8323104,3.56835695165571e-05
2.839767,3.57775133528178e-05
2.8472236,3.58714571890785e-05
2.8546802,3.59654010253393e-05
2.8621368,3.60593448616e-05
2.8695934,3.61532886978607e-05
2.87705,3.62472325341214e-05
2.8845066,3.63411763703822e-05
2.8919632,3.64351202066429e-05
2.8994198,3.65290640429036e-05
2.9068764,3.66230078791644e-05
2.914333,3.67169517154251e-05
2.9217896,3.68108955516858e-05
2.9292462,3.69048393879465e-05
2.9367028,3.69987832242073e-05
2.9441594,3.7092727060468e-05
2.951616,3.71866708967287e-05
2.9590726,3.72806147329895e-05
2.9665292,3.73745585692502e-05
2.9739858,3.74685024055109e-05
2.9814424,3.75624462417716e-05
2.988899,3.76563900780324e-05
2.9963556,3.77503339142931e-05
3.0038122,3.78442777505538e-05
3.0112688,3.79382215868146e-05
3.0187254,3.80321654230753e-05
3.026182,3.8126109259336e-05
3.0336386,3.82200530955967e-05
3.0410952,3.83139969318575e-05
3.0485518,3.84079407681182e-05
3.0560084,3.85018846043789e-05
3.063465,3.85958284406397e-05
3.0709216,3.86897722769004e-05
3.0783782,3.87837161131611e-05
3.0858348,3.88776599494218e-05
3.0932914,3.89716037856826e-05
3.100748,3.90655476219433e-05
3.1082046,3.9159491458204e-05
3.1156612,3.92534352944648e-05
3.1231178,3.93473791307255e-05
3.1305744,3.94413229669862e-05
3.138031,3.95352668032469e-05
3.1454876,3.96292106395077e-05
3.1529442,3.97231544757684e-05
3.1604008,3.98170983120291e-05
3.1678574,3.99110421482899e-05
3.175314,4.00049859845506e-05
3.1827706,4.00989298208113e-05
3.1902272,4.01928736570721e-05
3.1976838,4.02868174933328e-05
3.2051404,4.03807613295935e-05
3.212597,4.04747051658542e-05
3.2200536,4.0568649002115e-05
3.2275102,4.06625928383757e-05
3.2349668,4.07565366746364e-05
3.2424234,4.08504805108972e-05
3.24988,4.09444243471579e-05
3.2573366,4.10383681834186e-05
3.2647932,4.11323120196793e-05
3.2722498,4.12262558559401e-05
3.2797064,4.13201996922008e-05
3.287163,4.14141435284615e-05
3.2946196,4.15080873647223e-05
3.3020762,4.1602031200983e-05
3.3095328,4.16959750372437e-05
3.3169894,4.17899188735044e-05
3.324446,4.18838627097652e-05
3.3319026,4.19778065460259e-05
3.3393592,4.20717503822866e-05
3.3468158,4.21656942185474e-05
3.3542724,4.22596380548081e-05
3.361729,4.23535818910688e-05
3.3691856,4.24475257273295e-05
3.3766422,4.25414695635903e-05
3.3840988,4.2635413399851e-05
3.3915554,4.27293572361117e-05
3.399012,4.28233010723725e-05
3.4064686,4.29172449086332e-05
3.4139252,4.30111887448939e-05
3.4213818,4.31051325811546e-05
3.4288384,4.31990764174154e-05
3.436295,4.32930202536761e-05
3.4437516,4.33869640899368e-05
3.4512082,4.34809079261976e-05
3.4586648,4.35748517624583e-05
3.4661214,4.3668795598719e-05
3.473578,4.37627394349798e-05
3.4810346,4.38566832712405e-05
3.4884912,4.39506271075012e-05
3.4959478,4.40445709437619e-05
3.5034044,4.41385147800227e-05
3.510861,4.42324586162834e-05
3.5183176,4.43264024525441e-05
3.5257742,4.44203462888048e-05
3.5332308,4.45142901250656e-05
3.5406874,4.46082339613263e-05
3.548144,4.4702177797587e-05
3.5556006,4.47961216338478e-05
3.5630572,4.48900654701085e-05
3.5705138,4.49840093063692e-05
3.5779704,4.50779531426299e-05
3.585427,4.51718969788907e-05
3.5928836,4.52658408151514e-05
3.6003402,4.53597846514121e-05
3.6077968,4.54537284876729e-05
3.6152534,4.55476723239336e-05
3.62271,4.56416161601943e-05
3.6301666,4.57355599964551e-05
3.6376232,4.58295038327158e-05
3.6450798,4.59234476689765e-05
3.6525364,4.60173915052372e-05
3.659993,4.6111335341498e-05
3.6674496,4.62052791777587e-05
3.6749062,4.62992230140194e-05
3.6823628,4.63931668502802e-05
3.6898194,4.64871106865409e-05
3.697276,4.65810545228016e-05
3.7047326,4.66749983590623e-05
3.7121892,4.67689421953231e-05
3.7196458,4.68628860315838e-05
3.7271024,4.69568298678445e-05
3.734559,4.70507737041053e-05
3.7420156,4.7144717540366e-05
3.7494722,4.72386613766267e-05
3.7569288,4.73326052128874e-05
3.7643854,4.74265490491482e-05
3.771842,4.75204928854089e-05
3.7792986,4.76144367216696e-05
3.7867552,4.77083805579304e-05
3.7942118,4.78023243941911e-05
3.8016684,4.78962682304518e-05
3.809125,4.79902120667125e-05
3.8165816,4.80841559029733e-05
3.8240382,4.8178099739234e-05
3.8314948,4.82720435754947e-05
3.8389514,4.83659874117555e-05
3.846408,4.84599312480162e-05
3.8538646,4.85538750842769e-05
3.8613212,4.86478189205376e-05
3.8687778,4.87417627567984e-05
3.8762344,4.88357065930591e-05
3.883691,4.89296504293198e-05
3.8911476,4.90235942655806e-05
3.8986042,4.91175381018413e-05
3.9060608,4.9211481938102e-05
3.9135174,4.93054257743628e-05
3.920974,4.93993696106235e-05
3.9284306,4.94933134468842e-05
3.9358872,4.95872572831449e-05
3.9433438,4.96812011194057e-05
3.9508004,4.97751449556664e-05
3.958257,4.98690887919271e-05
3.9657136,4.99630326281879e-05
3.9731702,5.00569764644486e-05
3.9806268,5.01509203007093e-05
3.9880834,5.024486413697e-05
3.99554,5.03388079732308e-05
4.0029966,5.04327518094915e-05
4.0104532,5.05266956457522e-05
4.0179098,5.0620639482013e-05
4.0253664,5.07145833182737e-05
4.032823,5.08085271545344e-05
4.0402796,5.09024709907951e-05
4.0477362,5.09964148270559e-05
4.0551928,5.10903586633166e-05
4.0626494,5.11843024995773e-05
4.070106,5.12782463358381e-05
4.0775626,5.13721901720988e-05
4.0850192,5.14661340083595e-05
4.0924758,5.15600778446202e-05
4.0999324,5.1654021680881e-05
4.107389,5.17479655171417e-05
4.1148456,5.18419093534024e-05
4.1223022,5.19358531896632e-05
4.1297588,5.20297970259239e-05
4.1372154,5.21237408621846e-05
4.144672,5.22176846984453e-05
4.1521286,5.23116285347061e-05
4.1595852,5.24055723709668e-05
4.1670418,5.24995162072275e-05
4.1744984,5.25934600434883e-05
4.181955,5.2687403879749e-05
4.1894116,5.27813477160097e-05
4.1968682,5.28752915522704e-05
4.2043248,5.29692353885312e-05
4.2117814,5.30631792247919e-05
4.219238,5.31571230610526e-05
4.2266946,5.32510668973134e-05
4.2341512,5.33450107335741e-05
4.2416078,5.34389545698348e-05
4.2490644,5.35328984060956e-05
4.256521,5.36268422423563e-05
4.2639776,5.3720786078617e-05
4.2714342,5.38147299148777e-05
4.2788908,5.39086737511385e-05
4.2863474,5.40026175873992e-05
4.293804,5.40965614236599e-05
4.3012606,5.41905052599207e-05
4.3087172,5.42844490961814e-05
4.3161738,5.43783929324421e-05
4.3236304,5.44723367687028e-05
4.331087,5.45662806049636e-05
4.3385436,5.46602244412243e-05
4.3460002,5.4754168277485e-05
4.3534568,5.48481121137458e-05
4.3609134,5.49420559500065e-05
4.36837,5.50359997862672e-05
4.3758266,5.51299436225279e-05
4.3832832,5.52238874587887e-05
4.3907398,5.53178312950494e-05
4.3981964,5.54117751313101e-05
4.405653,5.55057189675709e-05
4.4131096,5.55996628038316e-05
4.4205662,5.56936066400923e-05
4.4280228,5.5787550476353e-05
4.4354794,5.58814943126138e-05
4.442936,5.59754381488745e-05
4.4503926,5.60693819851352e-05
4.4578492,5.6163325821396e-05
4.4653058,5.62572696576567e-05
4.4727624,5.63512134939174e-05
4.480219,5.64451573301781e-05
4.4876756,5.65391011664389e-05
4.4951322,5.66330450026996e-05
4.5025888,5.67269888389603e-05
4.5100454,5.68209326752211e-05
4.517502,5.69148765114818e-05
4.5249586,5.70088203477425e-05
4.5324152,5.71027641840032e-05
4.5398718,5.7196708020264e-05
4.5473284,5.72906518565247e-05
4.554785,5.73845956927854e-05
4.5622416,5.74785395290462e-05
4.5696982,5.75724833653069e-05
4.5771548,5.76664272015676e-05
4.5846114,5.77603710378283e-05
4.592068,5.78543148740891e-05
4.5995246,5.79482587103498e-05
4.6069812,5.80422025466105e-05
4.6144378,5.81361463828713e-05
4.6218944,5.8230090219132e-05
4.629351,5.83240340553927e-05
4.6368076,5.84179778916534e-05
4.6442642,5.85119217279142e-05
4.6517208,5.86058655641749e-05
4.6591774,5.86998094004356e-05
4.666634,5.87937532366964e-05
4.6740906,5.88876970729571e-05
4.6815472,5.89816409092178e-05
4.6890038,5.90755847454786e-05
4.6964604,5.91695285817393e-05
4.703917,5.9263472418e-05
4.7113736,5.93574162542607e-05
4.7188302,5.94513600905215e-05
4.7262868,5.95453039267822e-05
4.7337434,5.96392477630429e-05
4.7412,5.97331915993037e-05
