"ResDensity","N_TraitValue"
5,0.171797980880914
5.23,0.176543324128974
5.46,0.181124794086464
5.69,0.185550735345771
5.92,0.18982893540191
6.15,0.193966670380123
6.38,0.197970746332139
6.61,0.201847536594121
6.84,0.205603015637645
7.07,0.209242789791867
7.3,0.212772125169154
7.53,0.216195973086731
7.76,0.219518993242427
7.99,0.222745574872641
8.22,0.225879856094566
8.45,0.228925741611887
8.68,0.231886918943261
8.91,0.23476687331539
9.14,0.237568901347152
9.37,0.240296123637759
9.6,0.242951496359999
9.83,0.245537821949104
10.06,0.248057758968497
10.29,0.250513831225443
10.52,0.252908436202282
10.75,0.255243852862479
10.98,0.257522248884904
11.21,0.259745687374611
11.44,0.261916133093791
11.67,0.264035458252454
11.9,0.266105447894703
12.13,0.268127804913183
12.36,0.270104154721303
12.59,0.272036049610169
12.82,0.27392497281479
13.05,0.275772342311919
13.28,0.277579514369993
13.51,0.27934778686982
13.74,0.281078402413126
13.97,0.282772551234592
14.2,0.284431373931726
14.43,0.286055964025731
14.66,0.287647370365447
14.89,0.289206599385477
15.12,0.290734617228703
15.35,0.292232351742614
15.58,0.293700694358097
15.81,0.295140501858704
16.04,0.296552598047745
16.27,0.29793777532006
16.5,0.299296796144738
16.73,0.300630394464634
16.96,0.301939277018068
17.19,0.303224124587717
17.42,0.304485593181332
17.65,0.305724315148584
17.88,0.30694090023803
18.11,0.308135936597919
18.34,0.30930999172428
18.57,0.310463613359515
18.8,0.311597330344471
19.03,0.312711653426787
19.26,0.313807076028112
19.49,0.314884074972608
19.72,0.315943111179002
19.95,0.316984630318302
20.18,0.318009063439138
20.41,0.319016827562579
20.64,0.320008326248152
20.87,0.320983950132668
21.1,0.321944077443378
21.33,0.322889074486864
21.56,0.323819296115002
21.79,0.324735086169238
22.02,0.325636777904337
22.25,0.326524694392726
22.48,0.327399148910435
22.71,0.328260445305614
22.94,0.329108878350551
23.17,0.329944734078022
23.4,0.330768290102801
23.63,0.331579815929074
23.86,0.332379573244488
24.09,0.333167816201489
24.32,0.333944791686601
24.55,0.334710739578242
24.78,0.335465892993632
25.01,0.336210478525342
25.24,0.336944716467979
25.47,0.337668821035483
25.7,0.338383000569491
25.93,0.339087457739194
26.16,0.339782389733077
26.39,0.34046798844295
26.62,0.341144440640597
26.85,0.341811928147412
27.08,0.342470627997332
27.31,0.343120712593374
27.54,0.343762349858079
27.77,0.344395703378117
28,0.345020932543336
28.23,0.345638192680492
28.46,0.346247635181893
28.69,0.346849407629197
28.92,0.347443653912552
29.15,0.348030514345303
29.38,0.348610125774445
29.61,0.349182621687008
29.84,0.349748132312547
30.07,0.350306784721907
30.3,0.350858702922411
30.53,0.351404007949632
30.76,0.351942817955881
30.99,0.352475248295551
31.22,0.353001411607456
31.45,0.353521417894269
31.68,0.354035374599194
31.91,0.354543386679972
32.14,0.355045556680345
32.37,0.355541984799052
32.6,0.356032768956487
32.83,0.356518004859086
33.06,0.356997786061551
33.29,0.357472204026979
33.52,0.35794134818499
33.75,0.358405305987929
33.98,0.358864162965212
34.21,0.359318002775888
34.44,0.359766907259487
34.67,0.360210956485222
34.9,0.360650228799597
35.13,0.361084800872492
35.36,0.361514747741773
35.59,0.361940142856485
35.82,0.362361058118686
36.05,0.362777563923958
36.28,0.363189729200658
36.51,0.363597621447943
36.74,0.364001306772627
36.97,0.364400849924891
37.2,0.364796314332909
37.43,0.365187762136418
37.66,0.365575254219264
37.89,0.365958850240975
38.12,0.366338608667377
38.35,0.366714586800306
38.58,0.367086840806428
38.81,0.367455425745214
39.04,0.367820395596082
39.27,0.368181803284761
39.5,0.368539700708864
39.73,0.368894138762745
39.96,0.369245167361615
40.19,0.369592835464981
40.42,0.369937191099411
40.65,0.370278281380648
40.88,0.3706161525351
41.11,0.370950849920727
41.34,0.371282418047341
41.57,0.371610900596333
41.8,0.37193634043986
42.03,0.372258779659502
42.26,0.372578259564394
42.49,0.372894820708875
42.72,0.373208502909646
42.95,0.373519345262464
43.18,0.373827386158391
43.41,0.374132663299594
43.64,0.374435213714732
43.87,0.374735073773926
44.1,0.375032279203338
44.33,0.375326865099354
44.56,0.375618865942407
44.79,0.375908315610426
45.02,0.37619524739194
45.25,0.376479693998841
45.48,0.376761687578816
45.71,0.377041259727457
45.94,0.377318441500066
46.17,0.37759326342315
46.4,0.377865755505633
46.63,0.378135947249774
46.86,0.378403867661821
47.09,0.378669545262388
47.32,0.378933008096576
47.55,0.379194283743842
47.78,0.379453399327624
48.01,0.379710381524729
48.24,0.379965256574484
48.47,0.38021805028767
48.7,0.380468788055237
48.93,0.380717494856801
49.16,0.380964195268944
49.39,0.381208913473309
49.62,0.3814516732645
49.85,0.381692498057794
50.08,0.381931410896673
50.31,0.382168434460173
50.54,0.382403591070057
50.77,0.382636902697828
51,0.38286839097157
51.23,0.383098077182631
51.46,0.383325982292151
51.69,0.38355212693744
51.92,0.383776531438206
52.15,0.383999215802644
52.38,0.384220199733378
52.61,0.384439502633278
52.84,0.384657143611134
53.07,0.384873141487212
53.3,0.385087514798671
53.53,0.385300281804874
53.76,0.385511460492571
53.99,0.385721068580963
54.22,0.385929123526662
54.45,0.38613564252854
54.68,0.38634064253246
54.91,0.386544140235922
55.14,0.386746152092586
55.37,0.386946694316715
55.6,0.38714578288751
55.83,0.387343433553352
56.06,0.38753966183596
56.29,0.38773448303445
56.52,0.387927912229312
56.75,0.388119964286304
56.98,0.388310653860257
57.21,0.388499995398803
57.44,0.388688003146029
57.67,0.38887469114604
57.9,0.389060073246466
58.13,0.38924416310188
58.36,0.38942697417715
58.59,0.389608519750727
58.82,0.389788812917855
59.05,0.389967866593722
59.28,0.390145693516546
59.51,0.390322306250593
59.74,0.390497717189134
59.97,0.390671938557352
60.2,0.390844982415174
60.43,0.391016860660057
60.66,0.391187585029718
60.89,0.391357167104799
61.12,0.391525618311492
61.35,0.391692949924103
61.58,0.391859173067565
61.81,0.392024298719909
62.04,0.392188337714676
62.27,0.392351300743287
62.5,0.39251319835737
62.73,0.392674040971031
62.96,0.392833838863093
63.19,0.392992602179282
63.42,0.393150340934375
63.65,0.393307065014307
63.88,0.393462784178235
64.11,0.393617508060566
64.34,0.393771246172939
64.57,0.393924007906182
64.8,0.394075802532216
65.03,0.394226639205937
65.26,0.394376526967052
65.49,0.39452547474189
65.72,0.394673491345169
65.95,0.394820585481738
66.18,0.394966765748282
66.41,0.395112040634998
66.64,0.395256418527239
66.87,0.395399907707123
67.1,0.395542516355125
67.33,0.395684252551624
67.56,0.395825124278434
67.79,0.395965139420298
68.02,0.396104305766365
68.25,0.396242631011627
68.48,0.396380122758346
68.71,0.396516788517439
68.94,0.39665263570985
69.17,0.396787671667892
69.4,0.396921903636566
69.63,0.397055338774859
69.86,0.397187984157011
70.09,0.397319846773774
70.32,0.397450933533632
70.55,0.397581251264012
70.78,0.397710806712467
71.01,0.397839606547844
71.24,0.397967657361424
71.47,0.398094965668049
71.7,0.398221537907226
71.93,0.398347380444215
72.16,0.398472499571093
72.39,0.398596901507802
72.62,0.398720592403184
72.85,0.398843578335992
73.08,0.398965865315884
73.31,0.399087459284404
73.54,0.399208366115943
73.77,0.399328591618688
74,0.399448141535548
74.23,0.399567021545071
74.46,0.399685237262341
74.69,0.399802794239866
74.92,0.399919697968444
75.15,0.400035953878016
75.38,0.400151567338514
75.61,0.40026654366068
75.84,0.400380888096885
76.07,0.400494605841924
76.3,0.400607702033806
76.53,0.400720181754528
76.76,0.400832050030833
76.99,0.400943311834962
77.22,0.401053972085391
77.45,0.401164035647552
77.68,0.401273507334551
77.91,0.401382391907864
78.14,0.401490694078034
78.37,0.401598418505344
78.6,0.40170556980049
78.83,0.401812152525237
79.06,0.401918171193065
79.29,0.402023630269809
79.52,0.402128534174284
79.75,0.402232887278903
79.98,0.402336693910285
80.21,0.402439958349852
80.44,0.402542684834417
80.67,0.402644877556766
80.9,0.402746540666225
81.13,0.402847678269226
81.36,0.402948294429854
81.59,0.403048393170398
81.82,0.403147978471881
82.05,0.403247054274594
82.28,0.403345624478608
82.51,0.403443692944293
82.74,0.403541263492818
82.97,0.403638339906648
83.2,0.403734925930034
83.43,0.403831025269492
83.66,0.40392664159428
83.89,0.404021778536863
84.12,0.404116439693374
84.35,0.404210628624066
84.58,0.404304348853759
84.81,0.404397603872281
85.04,0.404490397134898
85.27,0.404582732062746
85.5,0.404674612043244
85.73,0.404766040430516
85.96,0.404857020545793
86.19,0.404947555677819
86.42,0.405037649083247
86.65,0.405127303987026
86.88,0.405216523582791
87.11,0.405305311033237
87.34,0.405393669470497
87.57,0.405481601996509
87.8,0.405569111683376
88.03,0.405656201573729
88.26,0.405742874681076
88.49,0.40582913399015
88.72,0.405914982457253
88.95,0.406000423010593
89.18,0.406085458550617
89.41,0.406170091950337
89.64,0.406254326055659
89.87,0.406338163685695
90.1,0.406421607633086
90.33,0.406504660664301
90.56,0.406587325519955
90.79,0.406669604915101
91.02,0.40675150153953
91.25,0.406833018058068
91.48,0.406914157110859
91.71,0.406994921313654
91.94,0.407075313258091
92.17,0.407155335511973
92.4,0.407234990619538
92.63,0.407314281101734
92.86,0.40739320945648
93.09,0.407471778158932
93.32,0.40754998966174
93.55,0.407627846395303
93.78,0.407705350768022
94.01,0.407782505166546
94.24,0.407859311956019
94.47,0.407935773480323
94.7,0.408011892062312
94.93,0.408087670004052
95.16,0.40816310958705
95.39,0.408238213072484
95.62,0.408312982701429
95.85,0.408387420695078
96.08,0.408461529254967
96.31,0.408535310563186
96.54,0.408608766782598
96.77,0.408681900057046
97,0.408754712511566
97.23,0.408827206252589
97.46,0.408899383368147
97.69,0.408971245928071
97.92,0.409042795984192
98.15,0.409114035570533
98.38,0.409184966703502
98.61,0.409255591382087
98.84,0.409325911588036
99.07,0.409395929286051
99.3,0.409465646423962
99.53,0.409535064932916
99.76,0.409604186727548
99.99,0.409673013706164
100.22,0.409741547750908
100.45,0.40980979072794
100.68,0.409877744487601
100.91,0.409945410864579
101.14,0.41001279167808
101.37,0.410079888731987
101.6,0.410146703815021
101.83,0.4102132387009
102.06,0.410279495148496
102.29,0.410345474901994
102.52,0.410411179691038
102.75,0.410476611230886
102.98,0.410541771222562
103.21,0.410606661352996
103.44,0.410671283295177
103.67,0.410735638708294
103.9,0.410799729237876
104.13,0.410863556515933
104.36,0.4109271221611
104.59,0.410990427778765
104.82,0.411053474961209
105.05,0.411116265287742
105.28,0.411178800324829
105.51,0.411241081626225
105.74,0.411303110733099
105.97,0.411364889174167
106.2,0.411426418465813
106.43,0.411487700112215
106.66,0.411548735605468
106.89,0.411609526425701
107.12,0.411670074041206
107.35,0.411730379908543
107.58,0.41179044547267
107.81,0.411850272167048
108.04,0.411909861413762
108.27,0.41196921462363
108.5,0.412028333196316
108.73,0.412087218520439
108.96,0.412145871973682
109.19,0.4122042949229
109.42,0.412262488724226
109.65,0.412320454723174
109.88,0.412378194254748
110.11,0.412435708643536
110.34,0.412492999203821
110.57,0.412550067239673
110.8,0.412606914045053
111.03,0.412663540903907
111.26,0.412719949090268
111.49,0.412776139868346
111.72,0.412832114492625
111.95,0.412887874207955
112.18,0.412943420249649
112.41,0.412998753843566
112.64,0.413053876206208
112.87,0.413108788544808
113.1,0.413163492057416
113.33,0.413217987932985
113.56,0.413272277351464
113.79,0.413326361483873
114.02,0.413380241492398
114.25,0.413433918530465
114.48,0.413487393742827
114.71,0.413540668265647
114.94,0.413593743226574
115.17,0.413646619744823
115.4,0.413699298931259
115.63,0.413751781888469
115.86,0.413804069710842
116.09,0.413856163484642
116.32,0.413908064288087
116.55,0.413959773191423
116.78,0.414011291256993
117.01,0.414062619539316
117.24,0.414113759085153
117.47,0.414164710933585
117.7,0.414215476116077
117.93,0.41426605565655
118.16,0.41431645057145
118.39,0.414366661869817
118.62,0.414416690553352
118.85,0.41446653761648
119.08,0.414516204046422
119.31,0.414565690823256
119.54,0.414614998919982
119.77,0.414664129302586
120,0.414713082930106
