"ResDensity","N_TraitValue"
2.5087,0.147616646025867
4.0377592,0.218703784269853
5.5668184,0.279321887236519
7.0958776,0.331625009991304
8.6249368,0.37721419297192
10.153996,0.417304228998992
11.6830552,0.452833514695632
13.2121144,0.484538428692276
14.7411736,0.51300491826726
16.2702328,0.538705046483969
17.799292,0.562023378151634
19.3283512,0.583276354600761
20.8574104,0.602726738585671
22.3864696,0.620594533238861
23.9155288,0.637065339940243
25.444588,0.652296829566574
26.9736472,0.666423805950665
28.5027064,0.679562206350044
30.0317656,0.691812290474035
31.5608248,0.703261203811791
33.089884,0.713985053951276
34.6189432,0.724050604524412
36.1480024,0.733516666485974
37.6770616,0.742435247993898
39.2061208,0.750852510383084
40.73518,0.758809567338453
42.2642392,0.766343156474074
43.7932984,0.773486206468863
45.3223576,0.780268318230211
46.8514168,0.78671617491543
48.380476,0.792853892787706
49.9095352,0.798703322633027
51.4385944,0.804284309679131
52.9676536,0.809614918532435
54.4967128,0.814711628505317
56.025772,0.819589503783415
57.5548312,0.824262342134442
59.0838904,0.828742805250519
60.6129496,0.833042533317064
62.1420088,0.83717224599119
63.671068,0.841141831633983
65.2001272,0.844960426360408
66.7291864,0.848636484237116
68.2582456,0.852177839763447
69.7873048,0.855591763607505
71.316364,0.858885012431778
72.8454232,0.862063873526821
74.3744824,0.865134204873421
75.9035416,0.868101471170329
77.4326008,0.870970776293741
78.96166,0.873746892594139
80.4907192,0.876434287384249
82.0197784,0.879037146927371
83.5488376,0.881559398197009
85.0778968,0.884004728645705
86.606956,0.886376604192373
88.1360152,0.888678285612655
89.6650744,0.890912843495324
91.1941336,0.893083171908965
92.7231928,0.895192000906869
94.252252,0.897241907983741
95.7813112,0.899235328585319
97.3103704,0.901174565761005
98.8394296,0.903061799039935
100.3684888,0.904899092602426
101.897548,0.906688402811192
103.4266072,0.908431585160101
104.9556664,0.910130400692371
106.4847256,0.911786521934851
108.0137848,0.913401538390445
109.542844,0.914976961626582
111.0719032,0.916514229993977
112.6009624,0.918014713006643
114.1300216,0.919479715411196
115.6590808,0.920910480970861
117.18814,0.922308195987247
118.7171992,0.923673992580852
120.2462584,0.925008951749362
121.7753176,0.92631410622111
123.3043768,0.927590443119519
124.833436,0.928838906452991
126.3624952,0.930060399443415
127.8915544,0.931255786705395
129.4206136,0.932425896287222
130.9496728,0.933571521583734
132.478732,0.934693423130328
134.0077912,0.935792330286679
135.5368504,0.936868942817966
137.0659096,0.937923932380834
138.5949688,0.938957943920708
140.124028,0.939971596986578
141.6530872,0.940965486968873
143.1821464,0.941940186265639
144.7112056,0.942896245381803
146.2402648,0.943834193965974
147.769324,0.944754541788873
149.2983832,0.945657779667192
150.8274424,0.946544380336408
152.3565016,0.9474147992758
153.8855608,0.948269475488706
155.41462,0.949108832240822
156.9436792,0.949933277759152
158.4727384,0.950743205894036
160.0017976,0.951538996746511
161.5308568,0.952321017263106
163.059916,0.953089621800023
164.5889752,0.953845152658526
166.1180344,0.954587940593248
167.6470936,0.955318305294986
169.1761528,0.956036555849475
170.705212,0.956742991173521
172.2342712,0.957437900429788
173.7633304,0.958121563421446
175.2923896,0.95879425096781
176.8214488,0.959456225262032
178.350508,0.960107740211844
179.8795672,0.960749041764268
181.4086264,0.961380368215176
182.9376856,0.962001950504522
184.4667448,0.962614012498002
185.995804,0.963216771255873
187.5248632,0.963810437289604
189.0539224,0.964395214807005
190.5829816,0.964971301946423
192.1120408,0.965538891000572
193.6411,0.966098168630533
195.1701592,0.966649316070424
196.6992184,0.967192509323204
198.2282776,0.967727919348058
199.7573368,0.968255712239795
201.286396,0.968776049400629
202.8154552,0.969289087704745
204.3445144,0.969794979655977
205.8735736,0.970293873538949
207.4026328,0.970785913563985
208.931692,0.971271240006088
210.4607512,0.971749989338266
211.9898104,0.972222294359476
213.5188696,0.972688284317438
215.0479288,0.973148085026552
216.576988,0.973601818981148
218.1060472,0.974049605464286
219.6351064,0.9744915606523
221.1641656,0.974927797715287
222.6932248,0.975358426913722
224.222284,0.975783555691371
225.7513432,0.97620328876466
227.2804024,0.976617728208671
228.8094616,0.9770269735399
230.3385208,0.977431121795923
231.86758,0.977830267612107
233.3966392,0.978224503295485
234.9256984,0.978613918895924
236.4547576,0.978998602274699
237.9838168,0.979378639170582
239.512876,0.979754113263551
241.0419352,0.980125106236212
242.5709944,0.980491697833048
244.1000536,0.980853965917554
245.6291128,0.981211986527382
247.158172,0.981565833927539
248.6872312,0.98191558066175
250.2162904,0.982261297602036
251.7453496,0.982603053996594
253.2744088,0.982940917516038
254.803468,0.983274954298066
256.3325272,0.98360522899063
257.8615864,0.983931804793636
259.3906456,0.984254743499269
260.9197048,0.984574105530967
262.448764,0.984889949981114
263.9778232,0.985202334647486
265.5068824,0.985511316068518
267.0359416,0.98581694955741
268.5650008,0.986119289235144
270.09406,0.98641838806243
271.6231192,0.986714297870635
273.1521784,0.987007069391725
274.6812376,0.987296752287259
276.2102968,0.987583395176476
277.739356,0.987867045663497
279.2684152,0.988147750363677
280.7974744,0.988425554929149
282.3265336,0.98870050407357
283.8555928,0.988972641596119
285.384652,0.989242010404752
286.9137112,0.989508652538757
288.4427704,0.989772609190626
289.9718296,0.99003392072727
291.5008888,0.990292626710598
293.029948,0.990548765917482
294.5590072,0.990802376359139
296.0880664,0.99105349529993
297.6171256,0.991302159275615
299.1461848,0.991548404111075
300.675244,0.991792264937517
302.2043032,0.992033776209182
303.7333624,0.992272971719572
305.2624216,0.992509884617217
306.7914808,0.992744547420986
308.32054,0.992976992034967
309.8495992,0.993207249762929
311.3786584,0.993435351322373
312.9077176,0.993661326858196
314.4367768,0.993885205955968
315.965836,0.994107017654848
317.4948952,0.994326790460137
319.0239544,0.994544552355495
320.5530136,0.994760330814813
322.0820728,0.994974152813772
323.611132,0.995186044841086
325.1401912,0.995396032909438
326.6692504,0.995604142566128
328.1983096,0.995810398903432
329.7273688,0.99601482656869
331.256428,0.996217449774123
332.7854872,0.996418292306394
334.3145464,0.996617377535915
335.8436056,0.996814728425913
337.3726648,0.997010367541261
338.901724,0.997204317057077
340.4307832,0.997396598767104
341.9598424,0.997587234091871
343.4889016,0.997776244086654
345.0179608,0.997963649449221
346.54702,0.998149470527393
348.0760792,0.998333727326407
349.6051384,0.998516439516094
351.1341976,0.998697626437881
352.6632568,0.998877307111617
354.192316,0.999055500242227
355.7213752,0.9992322242262
357.2504344,0.999407497157929
358.7794936,0.999581336835879
360.3085528,0.999753760768613
361.837612,0.999924786180676
363.3666712,1.00009443001832
364.8957304,1.00026270895513
366.4247896,1.00042963939742
367.9538488,1.00059523748967
369.482908,1.00075951911962
371.0119672,1.00092249992343
372.5410264,1.00108419529061
374.0700856,1.00124462036886
375.5991448,1.00140379006882
377.128204,1.00156171906868
378.6572632,1.00171842181867
380.1863224,1.0018739125455
381.7153816,1.00202820525667
383.2444408,1.00218131374464
384.7735,1.00233325159096
386.3025592,1.0024840321703
387.8316184,1.00263366865435
389.3606776,1.00278217401566
390.8897368,1.00292956103143
392.418796,1.00307584228709
393.9478552,1.00322103017998
395.4769144,1.00336513692277
397.0059736,1.00350817454694
398.5350328,1.00365015490611
400.064092,1.00379108967929
401.5931512,1.00393099037413
403.1222104,1.00406986833001
404.6512696,1.00420773472114
406.1803288,1.00434460055953
407.709388,1.00448047669792
409.2384472,1.00461537383267
410.7675064,1.00474930250655
412.2965656,1.00488227311151
413.8256248,1.00501429589133
415.354684,1.00514538094428
416.8837432,1.00527553822569
418.4128024,1.00540477755046
419.9418616,1.00553310859554
421.4709208,1.00566054090232
422.99998,1.00578708387906
424.5290392,1.0059127468031
426.0580984,1.00603753882323
427.5871576,1.00616146896186
429.1162168,1.00628454611718
430.645276,1.00640677906534
432.1743352,1.00652817646249
433.7033944,1.00664874684683
435.2324536,1.00676849864066
436.7615128,1.00688744015228
438.290572,1.00700557957792
439.8196312,1.00712292500366
441.3486904,1.00723948440726
442.8777496,1.00735526565994
444.4068088,1.00747027652818
445.935868,1.00758452467546
447.4649272,1.00769801766394
448.9939864,1.00781076295614
450.5230456,1.00792276791659
452.0521048,1.0080340398134
453.581164,1.00814458581986
455.1102232,1.00825441301597
456.6392824,1.00836352838998
458.1683416,1.00847193883981
459.6974008,1.00857965117457
461.22646,1.00868667211592
462.7555192,1.00879300829955
464.2845784,1.00889866627648
465.8136376,1.00900365251443
467.3426968,1.00910797339915
468.871756,1.00921163523571
470.4008152,1.00931464424975
471.9298744,1.00941700658875
473.4589336,1.00951872832325
474.9879928,1.00961981544805
476.517052,1.00972027388336
478.0461112,1.00982010947602
479.5751704,1.00991932800055
481.1042296,1.01001793516033
482.6332888,1.01011593658867
484.162348,1.01021333784987
485.6914072,1.0103101444403
487.2204664,1.01040636178942
488.7495256,1.01050199526078
490.2785848,1.01059705015303
491.807644,1.01069153170093
493.3367032,1.01078544507625
494.8657624,1.01087879538875
496.3948216,1.01097158768712
497.9238808,1.01106382695984
499.45294,1.01115551813614
500.9819992,1.01124666608682
502.5110584,1.01133727562514
504.0401176,1.01142735150767
505.5691768,1.01151689843512
507.098236,1.01160592105313
508.6272952,1.01169442395313
510.1563544,1.01178241167306
511.6854136,1.01186988869822
513.2144728,1.01195685946196
514.743532,1.01204332834649
516.2725912,1.01212929968357
517.8016504,1.01221477775526
519.3307096,1.01229976679462
520.8597688,1.01238427098643
522.388828,1.01246829446783
523.9178872,1.01255184132905
525.4469464,1.01263491561402
526.9760056,1.01271752132108
528.5050648,1.01279966240358
530.034124,1.01288134277052
531.5631832,1.01296256628717
533.0922424,1.0130433367757
534.6213016,1.01312365801573
536.1503608,1.01320353374498
537.67942,1.01328296765982
539.2084792,1.01336196341583
540.7375384,1.01344052462836
542.2665976,1.01351865487313
543.7956568,1.01359635768671
545.324716,1.01367363656709
546.8537752,1.01375049497418
548.3828344,1.01382693633037
549.9118936,1.01390296402098
551.4409528,1.01397858139481
552.970012,1.01405379176459
554.4990712,1.01412859840751
556.0281304,1.01420300456565
557.5571896,1.01427701344648
559.0862488,1.01435062822331
560.615308,1.01442385203573
562.1443672,1.01449668799009
563.6734264,1.01456913915991
565.2024856,1.01464120858631
566.7315448,1.01471289927846
568.260604,1.01478421421398
569.7896632,1.01485515633938
571.3187224,1.0149257285704
572.8477816,1.01499593379249
574.3768408,1.01506577486116
575.9059,1.01513525460236
577.4349592,1.01520437581289
578.9640184,1.01527314126074
580.4930776,1.01534155368551
582.0221368,1.01540961579871
583.551196,1.01547733028419
585.0802552,1.01554469979841
586.6093144,1.01561172697086
588.1383736,1.01567841440438
589.6674328,1.01574476467547
591.196492,1.01581078033466
592.7255512,1.0158764639068
594.2546104,1.01594181789142
595.7836696,1.01600684476302
597.3127288,1.0160715469714
598.841788,1.01613592694194
600.3708472,1.01619998707594
601.8999064,1.01626372975089
603.4289656,1.01632715732078
604.9580248,1.01639027211637
606.487084,1.01645307644552
608.0161432,1.0165155725934
609.5452024,1.01657776282285
611.0742616,1.01663964937458
612.6033208,1.01670123446748
614.13238,1.01676252029887
615.6614392,1.01682350904479
617.1904984,1.0168842028602
618.7195576,1.0169446038793
620.2486168,1.01700471421572
621.777676,1.01706453596282
623.3067352,1.01712407119389
624.8357944,1.01718332196241
626.3648536,1.01724229030229
627.8939128,1.0173009782281
629.422972,1.01735938773528
630.9520312,1.0174175208004
632.4810904,1.01747537938135
634.0101496,1.01753296541757
635.5392088,1.0175902808303
637.068268,1.01764732752273
638.5973272,1.01770410738027
640.1263864,1.01776062227072
641.6554456,1.0178168740445
643.1845048,1.01787286453483
644.713564,1.01792859555794
646.2426232,1.01798406891327
647.7716824,1.01803928638365
649.3007416,1.01809424973552
650.8298008,1.01814896071908
652.35886,1.0182034210685
653.8879192,1.01825763250209
655.4169784,1.01831159672251
656.9460376,1.01836531541691
658.4750968,1.01841879025713
660.004156,1.01847202289984
661.5332152,1.01852501498679
663.0622744,1.01857776814486
664.5913336,1.01863028398636
666.1203928,1.01868256410907
667.649452,1.01873461009648
669.1785112,1.01878642351795
670.7075704,1.01883800592881
672.2366296,1.01888935887057
673.7656888,1.01894048387106
675.294748,1.01899138244456
676.8238072,1.01904205609199
678.3528664,1.019092506301
679.8819256,1.01914273454619
681.4109848,1.01919274228919
682.940044,1.01924253097882
684.4691032,1.01929210205124
685.9981624,1.0193414569301
687.5272216,1.01939059702664
689.0562808,1.01943952373984
690.58534,1.01948823845657
692.1143992,1.01953674255171
693.6434584,1.01958503738827
695.1725176,1.01963312431751
696.7015768,1.01968100467911
698.230636,1.01972867980125
699.7596952,1.01977615100073
701.2887544,1.01982341958315
702.8178136,1.01987048684295
704.3468728,1.0199173540636
705.875932,1.01996402251765
707.4049912,1.0200104934669
708.9340504,1.02005676816248
710.4631096,1.020102847845
711.9921688,1.02014873374461
713.521228,1.02019442708114
715.0502872,1.02023992906422
716.5793464,1.02028524089333
718.1084056,1.020330363758
719.6374648,1.02037529883781
721.166524,1.02042004730258
722.6955832,1.0204646103124
724.2246424,1.0205089890178
725.7537016,1.02055318455979
727.2827608,1.02059719806997
728.81182,1.02064103067067
730.3408792,1.02068468347499
731.8699384,1.02072815758692
733.3989976,1.02077145410143
734.9280568,1.02081457410457
736.457116,1.02085751867355
737.9861752,1.02090028887683
739.5152344,1.0209428857742
741.0442936,1.0209853104169
742.5733528,1.02102756384767
744.102412,1.02106964710086
745.6314712,1.0211115612025
747.1605304,1.02115330717038
748.6895896,1.02119488601416
750.2186488,1.02123629873542
751.747708,1.02127754632776
753.2767672,1.02131862977685
754.8058264,1.02135955006056
756.3348856,1.02140030814899
757.8639448,1.02144090500457
759.393004,1.02148134158214
760.9220632,1.02152161882899
762.4511224,1.02156173768499
763.9801816,1.02160169908261
765.5092408,1.02164150394703
767.0383,1.02168115319617
