"ResDensity","N_TraitValue"
13,0.000638608344856952
13.494,0.000662875461961517
13.988,0.000687142579066081
14.482,0.000711409696170645
14.976,0.000735676813275209
15.47,0.000759943930379773
15.964,0.000784211047484337
16.458,0.000808478164588902
16.952,0.000832745281693466
17.446,0.00085701239879803
17.94,0.000881279515902594
18.434,0.000905546633007159
18.928,0.000929813750111723
19.422,0.000954080867216287
19.916,0.000978347984320851
20.41,0.00100261510142542
20.904,0.00102688221852998
21.398,0.00105114933563454
21.892,0.00107541645273911
22.386,0.00109968356984367
22.88,0.00112395068694824
23.374,0.0011482178040528
23.868,0.00117248492115736
24.362,0.00119675203826193
24.856,0.00122101915536649
25.35,0.00124528627247106
25.844,0.00126955338957562
26.338,0.00129382050668019
26.832,0.00131808762378475
27.326,0.00134235474088931
27.82,0.00136662185799388
28.314,0.00139088897509844
28.808,0.00141515609220301
29.302,0.00143942320930757
29.796,0.00146369032641213
30.29,0.0014879574435167
30.784,0.00151222456062126
31.278,0.00153649167772583
31.772,0.00156075879483039
32.266,0.00158502591193496
32.76,0.00160929302903952
33.254,0.00163356014614408
33.748,0.00165782726324865
34.242,0.00168209438035321
34.736,0.00170636149745778
35.23,0.00173062861456234
35.724,0.00175489573166691
36.218,0.00177916284877147
36.712,0.00180342996587603
37.206,0.0018276970829806
37.7,0.00185196420008516
38.194,0.00187623131718973
38.688,0.00190049843429429
39.182,0.00192476555139885
39.676,0.00194903266850342
40.17,0.00197329978560798
40.664,0.00199756690271255
41.158,0.00202183401981711
41.652,0.00204610113692168
42.146,0.00207036825402624
42.64,0.0020946353711308
43.134,0.00211890248823537
43.628,0.00214316960533993
44.122,0.0021674367224445
44.616,0.00219170383954906
45.11,0.00221597095665362
45.604,0.00224023807375819
46.098,0.00226450519086275
46.592,0.00228877230796732
47.086,0.00231303942507188
47.58,0.00233730654217645
48.074,0.00236157365928101
48.568,0.00238584077638557
49.062,0.00241010789349014
49.556,0.0024343750105947
50.05,0.00245864212769927
50.544,0.00248290924480383
51.038,0.00250717636190839
51.532,0.00253144347901296
52.026,0.00255571059611752
52.52,0.00257997771322209
53.014,0.00260424483032665
53.508,0.00262851194743122
54.002,0.00265277906453578
54.496,0.00267704618164034
54.99,0.00270131329874491
55.484,0.00272558041584947
55.978,0.00274984753295404
56.472,0.0027741146500586
56.966,0.00279838176716317
57.46,0.00282264888426773
57.954,0.00284691600137229
58.448,0.00287118311847686
58.942,0.00289545023558142
59.436,0.00291971735268599
59.93,0.00294398446979055
60.424,0.00296825158689511
60.918,0.00299251870399968
61.412,0.00301678582110424
61.906,0.00304105293820881
62.4,0.00306532005531337
62.894,0.00308958717241794
63.388,0.0031138542895225
63.882,0.00313812140662706
64.376,0.00316238852373163
64.87,0.00318665564083619
65.364,0.00321092275794076
65.858,0.00323518987504532
66.352,0.00325945699214988
66.846,0.00328372410925445
67.34,0.00330799122635901
67.834,0.00333225834346358
68.328,0.00335652546056814
68.822,0.00338079257767271
69.316,0.00340505969477727
69.81,0.00342932681188183
70.304,0.0034535939289864
70.798,0.00347786104609096
71.292,0.00350212816319553
71.786,0.00352639528030009
72.28,0.00355066239740466
72.774,0.00357492951450922
73.268,0.00359919663161378
73.762,0.00362346374871835
74.256,0.00364773086582291
74.75,0.00367199798292748
75.244,0.00369626510003204
75.738,0.0037205322171366
76.232,0.00374479933424117
76.726,0.00376906645134573
77.22,0.0037933335684503
77.714,0.00381760068555486
78.208,0.00384186780265943
78.702,0.00386613491976399
79.196,0.00389040203686855
79.69,0.00391466915397312
80.184,0.00393893627107768
80.678,0.00396320338818225
81.172,0.00398747050528681
81.666,0.00401173762239137
82.16,0.00403600473949594
82.654,0.0040602718566005
83.148,0.00408453897370507
83.642,0.00410880609080963
84.136,0.0041330732079142
84.63,0.00415734032501876
85.124,0.00418160744212332
85.618,0.00420587455922789
86.112,0.00423014167633245
86.606,0.00425440879343702
87.1,0.00427867591054158
87.594,0.00430294302764614
88.088,0.00432721014475071
88.582,0.00435147726185527
89.076,0.00437574437895984
89.57,0.0044000114960644
90.064,0.00442427861316897
90.558,0.00444854573027353
91.052,0.00447281284737809
91.546,0.00449707996448266
92.04,0.00452134708158722
92.534,0.00454561419869179
93.028,0.00456988131579635
93.522,0.00459414843290092
94.016,0.00461841555000548
94.51,0.00464268266711004
95.004,0.00466694978421461
95.498,0.00469121690131917
95.992,0.00471548401842374
96.486,0.0047397511355283
96.98,0.00476401825263286
97.474,0.00478828536973743
97.968,0.00481255248684199
98.462,0.00483681960394656
98.956,0.00486108672105112
99.45,0.00488535383815569
99.944,0.00490962095526025
100.438,0.00493388807236481
100.932,0.00495815518946938
101.426,0.00498242230657394
101.92,0.00500668942367851
102.414,0.00503095654078307
102.908,0.00505522365788764
103.402,0.0050794907749922
103.896,0.00510375789209676
104.39,0.00512802500920133
104.884,0.00515229212630589
105.378,0.00517655924341046
105.872,0.00520082636051502
106.366,0.00522509347761958
106.86,0.00524936059472415
107.354,0.00527362771182871
107.848,0.00529789482893328
108.342,0.00532216194603784
108.836,0.00534642906314241
109.33,0.00537069618024697
109.824,0.00539496329735153
110.318,0.0054192304144561
110.812,0.00544349753156066
111.306,0.00546776464866523
111.8,0.00549203176576979
112.294,0.00551629888287435
112.788,0.00554056599997892
113.282,0.00556483311708348
113.776,0.00558910023418805
114.27,0.00561336735129261
114.764,0.00563763446839718
115.258,0.00566190158550174
115.752,0.0056861687026063
116.246,0.00571043581971087
116.74,0.00573470293681543
117.234,0.00575897005392
117.728,0.00578323717102456
118.222,0.00580750428812912
118.716,0.00583177140523369
119.21,0.00585603852233825
119.704,0.00588030563944282
120.198,0.00590457275654738
120.692,0.00592883987365195
121.186,0.00595310699075651
121.68,0.00597737410786107
122.174,0.00600164122496564
122.668,0.0060259083420702
123.162,0.00605017545917477
123.656,0.00607444257627933
124.15,0.0060987096933839
124.644,0.00612297681048846
125.138,0.00614724392759302
125.632,0.00617151104469759
126.126,0.00619577816180215
126.62,0.00622004527890672
127.114,0.00624431239601128
127.608,0.00626857951311584
128.102,0.00629284663022041
128.596,0.00631711374732497
129.09,0.00634138086442954
129.584,0.0063656479815341
130.078,0.00638991509863867
130.572,0.00641418221574323
131.066,0.00643844933284779
131.56,0.00646271644995236
132.054,0.00648698356705692
132.548,0.00651125068416149
133.042,0.00653551780126605
133.536,0.00655978491837061
134.03,0.00658405203547518
134.524,0.00660831915257974
135.018,0.00663258626968431
135.512,0.00665685338678887
136.006,0.00668112050389344
136.5,0.006705387620998
136.994,0.00672965473810256
137.488,0.00675392185520713
137.982,0.00677818897231169
138.476,0.00680245608941626
138.97,0.00682672320652082
139.464,0.00685099032362538
139.958,0.00687525744072995
140.452,0.00689952455783451
140.946,0.00692379167493908
141.44,0.00694805879204364
141.934,0.00697232590914821
142.428,0.00699659302625277
142.922,0.00702086014335733
143.416,0.0070451272604619
143.91,0.00706939437756646
144.404,0.00709366149467103
144.898,0.00711792861177559
145.392,0.00714219572888015
145.886,0.00716646284598472
146.38,0.00719072996308928
146.874,0.00721499708019385
147.368,0.00723926419729841
147.862,0.00726353131440298
148.356,0.00728779843150754
148.85,0.0073120655486121
149.344,0.00733633266571667
149.838,0.00736059978282123
150.332,0.0073848668999258
150.826,0.00740913401703036
151.32,0.00743340113413492
151.814,0.00745766825123949
152.308,0.00748193536834405
152.802,0.00750620248544862
153.296,0.00753046960255318
153.79,0.00755473671965775
154.284,0.00757900383676231
154.778,0.00760327095386687
155.272,0.00762753807097144
155.766,0.007651805188076
156.26,0.00767607230518057
156.754,0.00770033942228513
157.248,0.0077246065393897
157.742,0.00774887365649426
158.236,0.00777314077359882
158.73,0.00779740789070339
159.224,0.00782167500780795
159.718,0.00784594212491252
160.212,0.00787020924201708
160.706,0.00789447635912164
161.2,0.00791874347622621
161.694,0.00794301059333077
162.188,0.00796727771043534
162.682,0.0079915448275399
163.176,0.00801581194464446
163.67,0.00804007906174903
164.164,0.00806434617885359
164.658,0.00808861329595816
165.152,0.00811288041306272
165.646,0.00813714753016729
166.14,0.00816141464727185
166.634,0.00818568176437641
167.128,0.00820994888148098
167.622,0.00823421599858554
168.116,0.00825848311569011
168.61,0.00828275023279467
169.104,0.00830701734989924
169.598,0.0083312844670038
170.092,0.00835555158410836
170.586,0.00837981870121293
171.08,0.00840408581831749
171.574,0.00842835293542206
172.068,0.00845262005252662
172.562,0.00847688716963119
173.056,0.00850115428673575
173.55,0.00852542140384031
174.044,0.00854968852094488
174.538,0.00857395563804944
175.032,0.00859822275515401
175.526,0.00862248987225857
176.02,0.00864675698936314
176.514,0.0086710241064677
177.008,0.00869529122357226
177.502,0.00871955834067683
177.996,0.00874382545778139
178.49,0.00876809257488596
178.984,0.00879235969199052
179.478,0.00881662680909509
179.972,0.00884089392619965
180.466,0.00886516104330421
180.96,0.00888942816040878
181.454,0.00891369527751334
181.948,0.00893796239461791
182.442,0.00896222951172247
182.936,0.00898649662882703
183.43,0.0090107637459316
183.924,0.00903503086303616
184.418,0.00905929798014073
184.912,0.00908356509724529
185.406,0.00910783221434986
185.9,0.00913209933145442
186.394,0.00915636644855898
186.888,0.00918063356566355
187.382,0.00920490068276811
187.876,0.00922916779987267
188.37,0.00925343491697724
188.864,0.0092777020340818
189.358,0.00930196915118637
189.852,0.00932623626829093
190.346,0.0093505033853955
190.84,0.00937477050250006
191.334,0.00939903761960463
191.828,0.00942330473670919
192.322,0.00944757185381375
192.816,0.00947183897091832
193.31,0.00949610608802288
193.804,0.00952037320512744
194.298,0.00954464032223201
194.792,0.00956890743933657
195.286,0.00959317455644114
195.78,0.0096174416735457
196.274,0.00964170879065027
196.768,0.00966597590775483
197.262,0.0096902430248594
197.756,0.00971451014196396
198.25,0.00973877725906852
198.744,0.00976304437617309
199.238,0.00978731149327765
199.732,0.00981157861038222
200.226,0.00983584572748678
200.72,0.00986011284459134
201.214,0.00988437996169591
201.708,0.00990864707880047
202.202,0.00993291419590504
202.696,0.0099571813130096
203.19,0.00998144843011417
203.684,0.0100057155472187
204.178,0.0100299826643233
204.672,0.0100542497814279
205.166,0.0100785168985324
205.66,0.010102784015637
206.154,0.0101270511327416
206.648,0.0101513182498461
207.142,0.0101755853669507
207.636,0.0101998524840552
208.13,0.0102241196011598
208.624,0.0102483867182644
209.118,0.0102726538353689
209.612,0.0102969209524735
210.106,0.0103211880695781
210.6,0.0103454551866826
211.094,0.0103697223037872
211.588,0.0103939894208918
212.082,0.0104182565379963
212.576,0.0104425236551009
213.07,0.0104667907722054
213.564,0.01049105788931
214.058,0.0105153250064146
214.552,0.0105395921235191
215.046,0.0105638592406237
215.54,0.0105881263577283
216.034,0.0106123934748328
216.528,0.0106366605919374
217.022,0.010660927709042
217.516,0.0106851948261465
218.01,0.0107094619432511
218.504,0.0107337290603557
218.998,0.0107579961774602
219.492,0.0107822632945648
219.986,0.0108065304116693
220.48,0.0108307975287739
220.974,0.0108550646458785
221.468,0.010879331762983
221.962,0.0109035988800876
222.456,0.0109278659971922
222.95,0.0109521331142967
223.444,0.0109764002314013
223.938,0.0110006673485059
224.432,0.0110249344656104
224.926,0.011049201582715
225.42,0.0110734686998196
225.914,0.0110977358169241
226.408,0.0111220029340287
226.902,0.0111462700511332
227.396,0.0111705371682378
227.89,0.0111948042853424
228.384,0.0112190714024469
228.878,0.0112433385195515
229.372,0.0112676056366561
229.866,0.0112918727537606
230.36,0.0113161398708652
230.854,0.0113404069879698
231.348,0.0113646741050743
231.842,0.0113889412221789
232.336,0.0114132083392835
232.83,0.011437475456388
233.324,0.0114617425734926
233.818,0.0114860096905971
234.312,0.0115102768077017
234.806,0.0115345439248063
235.3,0.0115588110419108
235.794,0.0115830781590154
236.288,0.01160734527612
236.782,0.0116316123932245
237.276,0.0116558795103291
237.77,0.0116801466274337
238.264,0.0117044137445382
238.758,0.0117286808616428
239.252,0.0117529479787474
239.746,0.0117772150958519
240.24,0.0118014822129565
240.734,0.011825749330061
241.228,0.0118500164471656
241.722,0.0118742835642702
242.216,0.0118985506813747
242.71,0.0119228177984793
243.204,0.0119470849155839
243.698,0.0119713520326884
244.192,0.011995619149793
244.686,0.0120198862668976
245.18,0.0120441533840021
245.674,0.0120684205011067
246.168,0.0120926876182113
246.662,0.0121169547353158
247.156,0.0121412218524204
247.65,0.0121654889695249
248.144,0.0121897560866295
248.638,0.0122140232037341
249.132,0.0122382903208386
249.626,0.0122625574379432
250.12,0.0122868245550478
250.614,0.0123110916721523
251.108,0.0123353587892569
251.602,0.0123596259063615
252.096,0.012383893023466
252.59,0.0124081601405706
253.084,0.0124324272576751
253.578,0.0124566943747797
254.072,0.0124809614918843
254.566,0.0125052286089888
255.06,0.0125294957260934
255.554,0.012553762843198
256.048,0.0125780299603025
256.542,0.0126022970774071
257.036,0.0126265641945117
257.53,0.0126508313116162
258.024,0.0126750984287208
258.518,0.0126993655458254
259.012,0.0127236326629299
259.506,0.0127478997800345
260,0.012772166897139
