"ResDensity","N_TraitValue"
40,2.9192143499838e-06
43.88,3.19127078547158e-06
47.76,3.46144650433071e-06
51.64,3.72976094137755e-06
55.52,3.99623326456886e-06
59.4,4.26088237956639e-06
63.28,4.52372693420822e-06
67.16,4.78478532288881e-06
71.04,5.04407569085018e-06
74.92,5.3016159383861e-06
78.8,5.5574237249615e-06
82.68,5.81151647324901e-06
86.56,6.06391137308455e-06
90.44,6.31462538534394e-06
94.32,6.56367524574229e-06
98.2,6.81107746855797e-06
102.08,7.05684835028295e-06
105.96,7.30100397320114e-06
109.84,7.5435602088964e-06
113.72,7.78453272169188e-06
117.6,8.02393697202214e-06
121.48,8.26178821973975e-06
125.36,8.49810152735759e-06
129.24,8.73289176322866e-06
133.12,8.96617360466443e-06
137,9.19796154099334e-06
140.88,9.42826987656081e-06
144.76,9.65711273367184e-06
148.64,9.88450405547771e-06
152.52,1.01104576088079e-05
156.4,1.03349869869485e-05
160.28,1.05581056123681e-05
164.16,1.07798267393928e-05
168.04,1.10001634568305e-05
171.92,1.12191286905469e-05
175.8,1.14367352059931e-05
179.68,1.16529956106865e-05
183.56,1.18679223566454e-05
187.44,1.20815277427795e-05
191.32,1.22938239172354e-05
195.2,1.25048228797e-05
199.08,1.27145364836616e-05
202.96,1.29229764386291e-05
206.84,1.31301543123121e-05
210.72,1.33360815327602e-05
214.6,1.35407693904651e-05
218.48,1.37442290404235e-05
222.36,1.39464715041638e-05
226.24,1.41475076717363e-05
230.12,1.43473483036679e-05
234,1.45460040328821e-05
237.88,1.47434853665848e-05
241.76,1.49398026881168e-05
245.64,1.51349662587739e-05
249.52,1.53289862195946e-05
253.4,1.55218725931164e-05
257.28,1.57136352851024e-05
261.16,1.59042840862363e-05
265.04,1.60938286737891e-05
268.92,1.62822786132563e-05
272.8,1.64696433599674e-05
276.68,1.66559322606671e-05
280.56,1.68411545550696e-05
284.44,1.70253193773862e-05
288.32,1.72084357578269e-05
292.2,1.73905126240764e-05
296.08,1.75715588027452e-05
299.96,1.77515830207954e-05
303.84,1.79305939069436e-05
307.72,1.81085999930392e-05
311.6,1.82856097154201e-05
315.48,1.84616314162451e-05
319.36,1.8636673344805e-05
323.24,1.88107436588108e-05
327.12,1.89838504256615e-05
331,1.91560016236901e-05
334.88,1.93272051433894e-05
338.76,1.94974687886177e-05
342.64,1.96668002777845e-05
346.52,1.98352072450166e-05
350.4,2.00026972413059e-05
354.28,2.01692777356376e-05
358.16,2.03349561161006e-05
362.04,2.04997396909795e-05
365.92,2.06636356898299e-05
369.8,2.0826651264535e-05
373.68,2.09887934903461e-05
377.56,2.11500693669067e-05
381.44,2.1310485819259e-05
385.32,2.14700496988357e-05
389.2,2.16287677844353e-05
393.08,2.17866467831819e-05
396.96,2.19436933314703e-05
400.84,2.20999139958957e-05
404.72,2.22553152741687e-05
408.6,2.24099035960168e-05
412.48,2.25636853240709e-05
416.36,2.27166667547378e-05
420.24,2.28688541190604e-05
424.12,2.3020253583563e-05
428,2.31708712510847e-05
431.88,2.33207131615989e-05
435.76,2.34697852930213e-05
439.64,2.36180935620043e-05
443.52,2.37656438247202e-05
447.4,2.3912441877632e-05
451.28,2.4058493458252e-05
455.16,2.420380424589e-05
459.04,2.43483798623889e-05
462.92,2.44922258728501e-05
466.8,2.46353477863472e-05
470.68,2.47777510566297e-05
474.56,2.49194410828156e-05
478.44,2.50604232100734e-05
482.32,2.5200702730295e-05
486.2,2.53402848827572e-05
490.08,2.54791748547742e-05
493.96,2.56173777823404e-05
497.84,2.5754898750763e-05
501.72,2.58917427952864e-05
505.6,2.60279149017061e-05
509.48,2.61634200069748e-05
513.36,2.62982629997987e-05
517.24,2.64324487212254e-05
521.12,2.65659819652234e-05
525,2.66988674792531e-05
528.88,2.68311099648292e-05
532.76,2.69627140780753e-05
536.64,2.70936844302704e-05
540.52,2.72240255883873e-05
544.4,2.73537420756237e-05
548.28,2.74828383719255e-05
552.16,2.76113189145021e-05
556.04,2.77391880983353e-05
559.92,2.78664502766802e-05
563.8,2.7993109761559e-05
567.68,2.81191708242486e-05
571.56,2.82446376957603e-05
575.44,2.83695145673131e-05
579.32,2.8493805590801e-05
583.2,2.86175148792522e-05
587.08,2.87406465072838e-05
590.96,2.88632045115484e-05
594.84,2.89851928911757e-05
598.72,2.91066156082071e-05
602.6,2.92274765880251e-05
606.48,2.9347779719776e-05
610.36,2.9467528856787e-05
614.24,2.95867278169779e-05
618.12,2.97053803832667e-05
622,2.98234903039698e-05
625.88,2.99410612931966e-05
629.76,3.00580970312392e-05
633.64,3.0174601164956e-05
637.52,3.02905773081506e-05
641.4,3.04060290419457e-05
645.28,3.05209599151514e-05
649.16,3.0635373444629e-05
653.04,3.07492731156496e-05
656.92,3.08626623822483e-05
660.8,3.09755446675728e-05
664.68,3.10879233642284e-05
668.56,3.11998018346178e-05
672.44,3.13111834112761e-05
676.32,3.14220713972022e-05
680.2,3.15324690661848e-05
684.08,3.1642379663125e-05
687.96,3.1751806404354e-05
691.84,3.18607524779469e-05
695.72,3.19692210440324e-05
699.6,3.20772152350982e-05
703.48,3.21847381562927e-05
707.36,3.22917928857223e-05
711.24,3.23983824747456e-05
715.12,3.2504509948263e-05
719,3.26101783050029e-05
722.88,3.27153905178044e-05
726.76,3.28201495338954e-05
730.64,3.29244582751688e-05
734.52,3.30283196384532e-05
738.4,3.31317364957817e-05
742.28,3.32347116946565e-05
746.16,3.33372480583101e-05
750.04,3.34393483859634e-05
753.92,3.35410154530803e-05
757.8,3.36422520116195e-05
761.68,3.37430607902828e-05
765.56,3.38434444947596e-05
769.44,3.394340580797e-05
773.32,3.4042947390303e-05
777.2,3.41420718798528e-05
781.08,3.42407818926521e-05
784.96,3.43390800229018e-05
788.84,3.44369688431986e-05
792.72,3.45344509047592e-05
796.6,3.46315287376421e-05
800.48,3.47282048509665e-05
804.36,3.48244817331283e-05
808.24,3.49203618520138e-05
812.12,3.50158476552105e-05
816,3.51109415702153e-05
819.88,3.52056460046402e-05
823.76,3.52999633464159e-05
827.64,3.53938959639917e-05
831.52,3.54874462065345e-05
835.4,3.55806164041245e-05
839.28,3.56734088679482e-05
843.16,3.576582589049e-05
847.04,3.58578697457209e-05
850.92,3.59495426892847e-05
854.8,3.60408469586827e-05
858.68,3.61317847734555e-05
862.56,3.62223583353628e-05
866.44,3.63125698285613e-05
870.32,3.64024214197801e-05
874.2,3.64919152584941e-05
878.08,3.65810534770959e-05
881.96,3.66698381910644e-05
885.84,3.67582714991327e-05
889.72,3.68463554834535e-05
893.6,3.69340922097622e-05
897.48,3.70214837275384e-05
901.36,3.71085320701659e-05
905.24,3.719523925509e-05
909.12,3.72816072839733e-05
913,3.73676381428502e-05
916.88,3.74533338022788e-05
920.76,3.75386962174912e-05
924.64,3.76237273285426e-05
928.52,3.77084290604581e-05
932.4,3.77928033233778e-05
936.28,3.78768520127007e-05
940.16,3.79605770092264e-05
944.04,3.80439801792954e-05
947.92,3.81270633749281e-05
951.8,3.82098284339613e-05
955.68,3.82922771801844e-05
959.56,3.83744114234727e-05
963.44,3.84562329599203e-05
967.32,3.85377435719709e-05
971.2,3.86189450285471e-05
975.08,3.86998390851786e-05
978.96,3.87804274841286e-05
982.84,3.88607119545186e-05
986.72,3.89406942124527e-05
990.6,3.90203759611392e-05
994.48,3.9099758891012e-05
998.36,3.917884467985e-05
1002.24,3.92576349928951e-05
1006.12,3.93361314829692e-05
1010,3.941433579059e-05
1013.88,3.94922495440851e-05
1017.76,3.95698743597047e-05
1021.64,3.96472118417342e-05
1025.52,3.97242635826037e-05
1029.4,3.98010311629981e-05
1033.28,3.98775161519647e-05
1037.16,3.99537201070204e-05
1041.04,4.00296445742574e-05
1044.92,4.01052910884474e-05
1048.8,4.01806611731456e-05
1052.68,4.02557563407924e-05
1056.56,4.03305780928151e-05
1060.44,4.04051279197276e-05
1064.32,4.04794073012293e-05
1068.2,4.05534177063036e-05
1072.08,4.06271605933139e-05
1075.96,4.07006374101e-05
1079.84,4.07738495940728e-05
1083.72,4.08467985723077e-05
1087.6,4.09194857616377e-05
1091.48,4.09919125687447e-05
1095.36,4.10640803902508e-05
1099.24,4.11359906128075e-05
1103.12,4.12076446131851e-05
1107,4.127904375836e-05
1110.88,4.13501894056019e-05
1114.76,4.14210829025599e-05
1118.64,4.14917255873475e-05
1122.52,4.15621187886265e-05
1126.4,4.1632263825691e-05
1130.28,4.17021620085489e-05
1134.16,4.17718146380045e-05
1138.04,4.1841223005738e-05
1141.92,4.19103883943866e-05
1145.8,4.19793120776224e-05
1149.68,4.20479953202314e-05
1153.56,4.21164393781903e-05
1157.44,4.21846454987436e-05
1161.32,4.22526149204787e-05
1165.2,4.23203488734016e-05
1169.08,4.23878485790104e-05
1172.96,4.24551152503693e-05
1176.84,4.25221500921809e-05
1180.72,4.25889543008584e-05
1184.6,4.26555290645963e-05
1188.48,4.27218755634417e-05
1192.36,4.27879949693629e-05
1196.24,4.28538884463195e-05
1200.12,4.29195571503299e-05
1204,4.29850022295394e-05
1207.88,4.30502248242867e-05
1211.76,4.31152260671706e-05
1215.64,4.31800070831152e-05
1219.52,4.32445689894348e-05
1223.4,4.33089128958986e-05
1227.28,4.33730399047935e-05
1231.16,4.34369511109877e-05
1235.04,4.35006476019928e-05
1238.92,4.35641304580255e-05
1242.8,4.36274007520686e-05
1246.68,4.36904595499314e-05
1250.56,4.37533079103098e-05
1254.44,4.38159468848453e-05
1258.32,4.38783775181838e-05
1262.2,4.39406008480335e-05
1266.08,4.40026179052226e-05
1269.96,4.40644297137563e-05
1273.84,4.41260372908726e-05
1277.72,4.4187441647099e-05
1281.6,4.42486437863069e-05
1285.48,4.43096447057667e-05
1289.36,4.43704453962021e-05
1293.24,4.44310468418434e-05
1297.12,4.4491450020481e-05
1301,4.45516559035174e-05
1304.88,4.461166545602e-05
1308.76,4.46714796367721e-05
1312.64,4.47310993983243e-05
1316.52,4.47905256870447e-05
1320.4,4.48497594431695e-05
1324.28,4.49088016008521e-05
1328.16,4.49676530882124e-05
1332.04,4.50263148273856e-05
1335.92,4.50847877345701e-05
1339.8,4.51430727200753e-05
1343.68,4.52011706883687e-05
1347.56,4.5259082538123e-05
1351.44,4.53168091622624e-05
1355.32,4.53743514480079e-05
1359.2,4.54317102769236e-05
1363.08,4.54888865249612e-05
1366.96,4.55458810625048e-05
1370.84,4.56026947544147e-05
1374.72,4.56593284600717e-05
1378.6,4.57157830334202e-05
1382.48,4.57720593230108e-05
1386.36,4.58281581720435e-05
1390.24,4.58840804184089e-05
1394.12,4.59398268947309e-05
1398,4.59953984284072e-05
1401.88,4.60507958416509e-05
1405.76,4.61060199515305e-05
1409.64,4.61610715700103e-05
1413.52,4.62159515039903e-05
1417.4,4.62706605553456e-05
1421.28,4.63251995209651e-05
1425.16,4.63795691927909e-05
1429.04,4.64337703578557e-05
1432.92,4.64878037983217e-05
1436.8,4.65416702915175e-05
1440.68,4.65953706099759e-05
1444.56,4.66489055214705e-05
1448.44,4.67022757890525e-05
1452.32,4.67554821710867e-05
1456.2,4.68085254212876e-05
1460.08,4.68614062887551e-05
1463.96,4.69141255180097e-05
1467.84,4.69666838490269e-05
1471.72,4.70190820172729e-05
1475.6,4.7071320753738e-05
1479.48,4.71234007849707e-05
1483.36,4.7175322833112e-05
1487.24,4.72270876159281e-05
1491.12,4.72786958468437e-05
1495,4.73301482349749e-05
1498.88,4.73814454851616e-05
1502.76,4.74325882979996e-05
1506.64,4.74835773698726e-05
1510.52,4.75344133929837e-05
1514.4,4.75850970553869e-05
1518.28,4.7635629041018e-05
1522.16,4.76860100297254e-05
1526.04,4.77362406973005e-05
1529.92,4.77863217155081e-05
1533.8,4.78362537521163e-05
1537.68,4.7886037470926e-05
1541.56,4.79356735318006e-05
1545.44,4.79851625906949e-05
1549.32,4.8034505299684e-05
1553.2,4.80837023069923e-05
1557.08,4.81327542570213e-05
1560.96,4.81816617903785e-05
1564.84,4.82304255439044e-05
1568.72,4.82790461507008e-05
1572.6,4.8327524240158e-05
1576.48,4.83758604379819e-05
1580.36,4.84240553662209e-05
1584.24,4.84721096432928e-05
1588.12,4.85200238840111e-05
1592,4.8567798699611e-05
1595.88,4.86154346977759e-05
1599.76,4.86629324826627e-05
1603.64,4.87102926549275e-05
1607.52,4.87575158117511e-05
1611.4,4.88046025468637e-05
1615.28,4.88515534505704e-05
1619.16,4.88983691097751e-05
1623.04,4.89450501080056e-05
1626.92,4.89915970254374e-05
1630.8,4.90380104389181e-05
1634.68,4.90842909219911e-05
1638.56,4.91304390449189e-05
1642.44,4.9176455374707e-05
1646.32,4.9222340475127e-05
1650.2,4.92680949067395e-05
1654.08,4.93137192269168e-05
1657.96,4.93592139898659e-05
1661.84,4.94045797466507e-05
1665.72,4.94498170452143e-05
1669.6,4.94949264304011e-05
1673.48,4.95399084439786e-05
1677.36,4.95847636246591e-05
1681.24,4.96294925081213e-05
1685.12,4.96740956270315e-05
1689,4.97185735110648e-05
1692.88,4.9762926686926e-05
1696.76,4.98071556783708e-05
1700.64,4.98512610062256e-05
1704.52,4.98952431884086e-05
1708.4,4.99391027399502e-05
1712.28,4.99828401730122e-05
1716.16,5.00264559969089e-05
1720.04,5.0069950718126e-05
1723.92,5.01133248403405e-05
1727.8,5.01565788644403e-05
1731.68,5.01997132885432e-05
1735.56,5.02427286080162e-05
1739.44,5.02856253154944e-05
1743.32,5.03284039008998e-05
1747.2,5.03710648514601e-05
1751.08,5.04136086517269e-05
1754.96,5.04560357835942e-05
1758.84,5.04983467263169e-05
1762.72,5.05405419565283e-05
1766.6,5.05826219482582e-05
1770.48,5.06245871729508e-05
1774.36,5.06664380994824e-05
1778.24,5.07081751941784e-05
1782.12,5.0749798920831e-05
1786,5.07913097407163e-05
1789.88,5.08327081126111e-05
1793.76,5.08739944928105e-05
1797.64,5.09151693351436e-05
1801.52,5.09562330909912e-05
1805.4,5.09971862093014e-05
1809.28,5.10380291366067e-05
1813.16,5.10787623170397e-05
1817.04,5.11193861923493e-05
1820.92,5.11599012019171e-05
1824.8,5.12003077827726e-05
1828.68,5.12406063696093e-05
1832.56,5.12807973948002e-05
1836.44,5.13208812884134e-05
1840.32,5.13608584782271e-05
1844.2,5.1400729389745e-05
1848.08,5.14404944462118e-05
1851.96,5.14801540686274e-05
1855.84,5.15197086757623e-05
1859.72,5.15591586841722e-05
1863.6,5.15985045082126e-05
1867.48,5.16377465600533e-05
1871.36,5.1676885249693e-05
1875.24,5.1715920984973e-05
1879.12,5.17548541715923e-05
1883,5.17936852131206e-05
1886.88,5.18324145110131e-05
1890.76,5.18710424646239e-05
1894.64,5.19095694712197e-05
1898.52,5.19479959259938e-05
1902.4,5.19863222220792e-05
1906.28,5.20245487505621e-05
1910.16,5.20626759004953e-05
1914.04,5.21007040589116e-05
1917.92,5.21386336108362e-05
1921.8,5.21764649393006e-05
1925.68,5.22141984253549e-05
1929.56,5.22518344480805e-05
1933.44,5.22893733846034e-05
1937.32,5.23268156101063e-05
1941.2,5.23641614978411e-05
1945.08,5.24014114191415e-05
1948.96,5.24385657434355e-05
1952.84,5.24756248382569e-05
1956.72,5.25125890692582e-05
1960.6,5.25494588002223e-05
1964.48,5.25862343930742e-05
1968.36,5.26229162078932e-05
1972.24,5.26595046029247e-05
1976.12,5.26959999345915e-05
1980,5.27324025575056e-05
