"ResDensity","N_TraitValue"
0.5,0.000964402749664899
0.531,0.00102385832771814
0.562,0.00108327474674086
0.593,0.00114265204540708
0.624,0.00120199026233993
0.655,0.00126128943611172
0.686,0.00132054960524401
0.717,0.0013797708082077
0.748,0.00143895308342311
0.779,0.00149809646926006
0.81,0.001557201004038
0.841,0.00161626672602599
0.872,0.00167529367344291
0.903,0.00173428188445742
0.934,0.00179323139718815
0.965,0.00185214224970369
0.996,0.00191101448002275
1.027,0.00196984812611418
1.058,0.00202864322589709
1.089,0.00208739981724091
1.12,0.00214611793796549
1.151,0.00220479762584117
1.182,0.00226343891858886
1.213,0.00232204185388012
1.244,0.00238060646933726
1.275,0.00243913280253337
1.306,0.00249762089099247
1.337,0.00255607077218953
1.368,0.00261448248355061
1.399,0.00267285606245286
1.43,0.00273119154622467
1.461,0.00278948897214572
1.492,0.00284774837744708
1.523,0.00290596979931123
1.554,0.00296415327487223
1.585,0.00302229884121572
1.616,0.00308040653537905
1.647,0.00313847639435131
1.678,0.00319650845507346
1.709,0.00325450275443839
1.74,0.00331245932929098
1.771,0.00337037821642818
1.802,0.00342825945259913
1.833,0.00348610307450519
1.864,0.00354390911880003
1.895,0.00360167762208971
1.926,0.00365940862093278
1.957,0.00371710215184032
1.988,0.00377475825127603
2.019,0.00383237695565632
2.05,0.00388995830135037
2.081,0.00394750232468022
2.112,0.00400500906192084
2.143,0.0040624785493002
2.174,0.00411991082299935
2.205,0.0041773059191525
2.236,0.0042346638738471
2.267,0.00429198472312391
2.298,0.00434926850297706
2.329,0.00440651524935416
2.36,0.00446372499815634
2.391,0.00452089778523835
2.422,0.00457803364640862
2.453,0.00463513261742934
2.484,0.00469219473401653
2.515,0.00474922003184013
2.546,0.00480620854652407
2.577,0.00486316031364632
2.608,0.00492007536873898
2.639,0.00497695374728836
2.67,0.00503379548473508
2.701,0.00509060061647406
2.732,0.00514736917785468
2.763,0.00520410120418082
2.794,0.00526079673071092
2.825,0.00531745579265807
2.856,0.00537407842519008
2.887,0.00543066466342956
2.918,0.00548721454245397
2.949,0.0055437280972957
2.98,0.00560020536294219
3.011,0.00565664637433591
3.042,0.00571305116637452
3.073,0.00576941977391089
3.104,0.00582575223175318
3.135,0.00588204857466494
3.166,0.00593830883736514
3.197,0.00599453305452827
3.228,0.00605072126078441
3.259,0.00610687349071928
3.29,0.00616298977887434
3.321,0.00621907015974683
3.352,0.00627511466778985
3.383,0.00633112333741248
3.414,0.00638709620297976
3.445,0.00644303329881283
3.476,0.00649893465918897
3.507,0.00655480031834168
3.538,0.00661063031046076
3.569,0.00666642466969234
3.6,0.00672218343013901
3.631,0.00677790662585983
3.662,0.00683359429087044
3.693,0.00688924645914312
3.724,0.00694486316460683
3.755,0.00700044444114732
3.786,0.00705599032260719
3.817,0.00711150084278594
3.848,0.00716697603544004
3.879,0.00722241593428303
3.91,0.00727782057298555
3.941,0.00733318998517543
3.972,0.00738852420443775
4.003,0.0074438232643149
4.034,0.00749908719830669
4.065,0.00755431603987034
4.096,0.00760950982242063
4.127,0.00766466857932992
4.158,0.00771979234392822
4.189,0.00777488114950327
4.22,0.00782993502930059
4.251,0.00788495401652359
4.282,0.00793993814433358
4.313,0.00799488744584986
4.344,0.0080498019541498
4.375,0.00810468170226889
4.406,0.00815952672320081
4.437,0.0082143370498975
4.468,0.00826911271526923
4.499,0.00832385375218465
4.53,0.00837856019347086
4.561,0.00843323207191348
4.592,0.00848786942025674
4.623,0.0085424722712035
4.654,0.00859704065741534
4.685,0.00865157461151261
4.716,0.00870607416607454
4.747,0.00876053935363924
4.778,0.00881497020670381
4.809,0.00886936675772438
4.84,0.00892372903911621
4.871,0.0089780570832537
4.902,0.00903235092247051
4.933,0.00908661058905957
4.964,0.0091408361152732
4.995,0.00919502753332313
5.026,0.00924918487538059
5.057,0.00930330817357636
5.088,0.00935739746000083
5.119,0.00941145276670408
5.15,0.00946547412569593
5.181,0.009519461568946
5.212,0.00957341512838379
5.243,0.00962733483589875
5.274,0.00968122072334027
5.305,0.00973507282251787
5.336,0.00978889116520114
5.367,0.00984267578311988
5.398,0.00989642670796411
5.429,0.00995014397138419
5.46,0.0100038276049908
5.491,0.0100574776403552
5.522,0.0101110941090089
5.553,0.0101646770424441
5.584,0.0102182264721137
5.615,0.0102717424294312
5.646,0.0103252249457708
5.677,0.0103786740524675
5.708,0.0104320897808172
5.739,0.0104854721620768
5.77,0.0105388212274641
5.801,0.0105921370081579
5.832,0.0106454195352982
5.863,0.0106986688399861
5.894,0.010751884953284
5.925,0.0108050679062155
5.956,0.0108582177297657
5.987,0.0109113344548809
6.018,0.010964418112469
6.049,0.0110174687333995
6.08,0.0110704863485032
6.111,0.0111234709885729
6.142,0.0111764226843629
6.173,0.0112293414665893
6.204,0.01128222736593
6.235,0.011335080413025
6.266,0.0113879006384759
6.297,0.0114406880728466
6.328,0.0114934427466628
6.359,0.0115461646904126
6.39,0.0115988539345461
6.421,0.0116515105094757
6.452,0.011704134445576
6.483,0.0117567257731842
6.514,0.0118092845225996
6.545,0.0118618107240843
6.576,0.0119143044078625
6.607,0.0119667656041215
6.638,0.0120191943430109
6.669,0.0120715906546431
6.7,0.0121239545690933
6.731,0.0121762861163994
6.762,0.0122285853265623
6.793,0.0122808522295459
6.824,0.0123330868552768
6.855,0.0123852892336449
6.886,0.0124374593945032
6.917,0.0124895973676678
6.948,0.012541703182918
6.979,0.0125937768699964
7.01,0.012645818458609
7.041,0.012697827978425
7.072,0.0127498054590772
7.103,0.012801750930162
7.134,0.012853664421239
7.165,0.0129055459618319
7.196,0.0129573955814276
7.227,0.0130092133094771
7.258,0.013060999175395
7.289,0.0131127532085596
7.32,0.0131644754383135
7.351,0.0132161658939628
7.382,0.0132678246047779
7.413,0.0133194515999931
7.444,0.013371046908807
7.475,0.0134226105603822
7.506,0.0134741425838455
7.537,0.0135256430082882
7.568,0.0135771118627656
7.599,0.0136285491762978
7.63,0.0136799549778689
7.661,0.0137313292964278
7.692,0.013782672160888
7.723,0.0138339836001273
7.754,0.0138852636429884
7.785,0.0139365123182786
7.816,0.0139877296547701
7.847,0.0140389156811998
7.878,0.0140900704262696
7.909,0.0141411939186461
7.94,0.0141922861869611
7.971,0.0142433472598114
8.002,0.0142943771657588
8.033,0.0143453759333303
8.064,0.0143963435910182
8.095,0.0144472801672798
8.126,0.0144981856905379
8.157,0.0145490601891807
8.188,0.0145999036915616
8.219,0.0146507162259996
8.25,0.0147014978207791
8.281,0.0147522485041503
8.312,0.0148029683043288
8.343,0.014853657249496
8.374,0.0149043153677988
8.405,0.0149549426873503
8.436,0.0150055392362288
8.467,0.0150561050424792
8.498,0.0151066401341118
8.529,0.015157144539103
8.56,0.0152076182853954
8.591,0.0152580614008975
8.622,0.0153084739134841
8.653,0.015358855850996
8.684,0.0154092072412404
8.715,0.0154595281119908
8.746,0.0155098184909868
8.777,0.0155600784059346
8.808,0.0156103078845069
8.839,0.0156605069543427
8.87,0.0157106756430477
8.901,0.0157608139781942
8.932,0.015810921987321
8.963,0.0158609996979336
8.994,0.0159110471375046
9.025,0.0159610643334728
9.056,0.0160110513132444
9.087,0.0160610081041922
9.118,0.0161109347336561
9.149,0.0161608312289428
9.18,0.0162106976173261
9.211,0.0162605339260472
9.242,0.0163103401823139
9.273,0.0163601164133018
9.304,0.0164098626461533
9.335,0.0164595789079782
9.366,0.0165092652258537
9.397,0.0165589216268245
9.428,0.0166085481379025
9.459,0.0166581447860672
9.49,0.0167077115982657
9.521,0.0167572486014127
9.552,0.0168067558223903
9.583,0.0168562332880486
9.614,0.0169056810252053
9.645,0.0169550990606457
9.676,0.0170044874211234
9.707,0.0170538461333593
9.738,0.0171031752240427
9.769,0.0171524747198307
9.8,0.0172017446473483
9.831,0.0172509850331887
9.862,0.0173001959039133
9.893,0.0173493772860515
9.924,0.0173985292061011
9.955,0.0174476516905279
9.986,0.0174967447657662
10.017,0.0175458084582187
10.048,0.0175948427942564
10.079,0.0176438478002187
10.11,0.0176928235024137
10.141,0.0177417699271178
10.172,0.0177906871005762
10.203,0.0178395750490026
10.234,0.0178884337985795
10.265,0.017937263375458
10.296,0.0179860638057582
10.327,0.0180348351155687
10.358,0.0180835773309473
10.389,0.0181322904779205
10.42,0.0181809745824839
10.451,0.0182296296706021
10.482,0.0182782557682085
10.513,0.0183268529012061
10.544,0.0183754210954666
10.575,0.0184239603768311
10.606,0.0184724707711099
10.637,0.0185209523040827
10.668,0.0185694050014983
10.699,0.0186178288890751
10.73,0.0186662239925008
10.761,0.0187145903374326
10.792,0.0187629279494972
10.823,0.018811236854291
10.854,0.0188595170773798
10.885,0.0189077686442991
10.916,0.0189559915805543
10.947,0.0190041859116202
10.978,0.0190523516629417
11.009,0.0191004888599333
11.04,0.0191485975279795
11.071,0.0191966776924347
11.102,0.0192447293786233
11.133,0.0192927526118397
11.164,0.0193407474173482
11.195,0.0193887138203833
11.226,0.0194366518461498
11.257,0.0194845615198225
11.288,0.0195324428665464
11.319,0.0195802959114369
11.35,0.0196281206795798
11.381,0.0196759171960309
11.412,0.0197236854858168
11.443,0.0197714255739343
11.474,0.0198191374853508
11.505,0.0198668212450043
11.536,0.0199144768778032
11.567,0.0199621044086267
11.598,0.0200097038623245
11.629,0.0200572752637172
11.66,0.0201048186375959
11.691,0.0201523340087228
11.722,0.0201998214018308
11.753,0.0202472808416235
11.784,0.0202947123527757
11.815,0.020342115959933
11.846,0.0203894916877122
11.877,0.020436839560701
11.908,0.0204841596034581
11.939,0.0205314518405135
11.97,0.0205787162963684
12.001,0.0206259529954951
12.032,0.0206731619623373
12.063,0.0207203432213098
12.094,0.020767496796799
12.125,0.0208146227131626
12.156,0.0208617209947296
12.187,0.0209087916658007
12.218,0.0209558347506479
12.249,0.0210028502735148
12.28,0.0210498382586168
12.311,0.0210967987301408
12.342,0.0211437317122453
12.373,0.0211906372290606
12.404,0.0212375153046889
12.435,0.0212843659632039
12.466,0.0213311892286514
12.497,0.0213779851250491
12.528,0.0214247536763865
12.559,0.0214714949066251
12.59,0.0215182088396984
12.621,0.021564895499512
12.652,0.0216115549099437
12.683,0.0216581870948432
12.714,0.0217047920780325
12.745,0.0217513698833058
12.776,0.0217979205344297
12.807,0.0218444440551428
12.838,0.0218909404691562
12.869,0.0219374098001535
12.9,0.0219838520717905
12.931,0.0220302673076956
12.962,0.0220766555314697
12.993,0.0221230167666861
13.024,0.0221693510368907
13.055,0.0222156583656022
13.086,0.0222619387763119
13.117,0.0223081922924836
13.148,0.0223544189375541
13.179,0.0224006187349328
13.21,0.0224467917080019
13.241,0.0224929378801166
13.272,0.022539057274605
13.303,0.0225851499147679
13.334,0.0226312158238793
13.365,0.0226772550251862
13.396,0.0227232675419085
13.427,0.0227692533972393
13.458,0.0228152126143449
13.489,0.0228611452163646
13.52,0.022907051226411
13.551,0.02295293066757
13.582,0.0229987835629007
13.613,0.0230446099354354
13.644,0.0230904098081802
13.675,0.023136183204114
13.706,0.0231819301461897
13.737,0.0232276506573333
13.768,0.0232733447604444
13.799,0.0233190124783963
13.83,0.0233646538340358
13.861,0.0234102688501832
13.892,0.0234558575496327
13.923,0.023501419955152
13.954,0.0235469560894827
13.985,0.0235924659753401
14.016,0.0236379496354134
14.047,0.0236834070923655
14.078,0.0237288383688334
14.109,0.0237742434874279
14.14,0.0238196224707337
14.171,0.0238649753413096
14.202,0.0239103021216886
14.233,0.0239556028343776
14.264,0.0240008775018575
14.295,0.0240461261465837
14.326,0.0240913487909854
14.357,0.0241365454574664
14.388,0.0241817161684046
14.419,0.0242268609461521
14.45,0.0242719798130355
14.481,0.0243170727913557
14.512,0.0243621399033881
14.543,0.0244071811713825
14.574,0.0244521966175631
14.605,0.0244971862641288
14.636,0.0245421501332529
14.667,0.0245870882470834
14.698,0.024632000627743
14.729,0.0246768872973287
14.76,0.0247217482779128
14.791,0.0247665835915418
14.822,0.0248113932602373
14.853,0.0248561773059956
14.884,0.0249009357507879
14.915,0.0249456686165602
14.946,0.0249903759252335
14.977,0.0250350576987038
15.008,0.025079713958842
15.039,0.025124344727494
15.07,0.0251689500264809
15.101,0.0252135298775989
15.132,0.0252580843026191
15.163,0.0253026133232881
15.194,0.0253471169613274
15.225,0.025391595238434
15.256,0.0254360481762801
15.287,0.0254804757965131
15.318,0.0255248781207559
15.349,0.0255692551706067
15.38,0.0256136069676392
15.411,0.0256579335334023
15.442,0.0257022348894208
15.473,0.0257465110571947
15.504,0.0257907620581996
15.535,0.0258349879138869
15.566,0.0258791886456834
15.597,0.0259233642749917
15.628,0.02596751482319
15.659,0.0260116403116323
15.69,0.0260557407616483
15.721,0.0260998161945436
15.752,0.0261438666315995
15.783,0.0261878920940734
15.814,0.0262318926031982
15.845,0.0262758681801832
15.876,0.0263198188462134
15.907,0.0263637446224499
15.938,0.0264076455300297
15.969,0.026451521590066
16,0.0264953728236481
