"ResDensity","N_TraitValue"
0.1254,0.18846801078554
0.1331598,0.198137310328805
0.1409196,0.207615908910848
0.1486794,0.216909393038586
0.1564392,0.226023133123161
0.164199,0.234962293828559
0.1719588,0.243731843831177
0.1797186,0.252336565029069
0.1874784,0.26078106123676
0.1952382,0.269069766398826
0.202998,0.27720695235303
0.2107578,0.285196736171593
0.2185176,0.293043087107083
0.2262774,0.300749833167552
0.2340372,0.308320667343815
0.241797,0.31575915351014
0.2495568,0.323068732018164
0.2573166,0.330252725002486
0.2650764,0.337314341415122
0.2728362,0.344256681804851
0.280596,0.351082742856413
0.2883558,0.357795421703513
0.2961156,0.364397520028676
0.3038754,0.370891747962141
0.3116352,0.377280727791201
0.319395,0.383566997490634
0.3271548,0.389753014084236
0.3349146,0.395841156846795
0.3426744,0.40183373035527
0.3504342,0.407732967397408
0.358194,0.413541031745497
0.3659538,0.419260020802504
0.3737136,0.424891968127388
0.3814734,0.430438845845984
0.3892332,0.435902566953458
0.396993,0.441284987513973
0.4047528,0.446587908762896
0.4125126,0.451813079116533
0.4202724,0.456962196094105
0.4280322,0.462036908156416
0.435792,0.467038816465373
0.4435518,0.471969476568328
0.4513116,0.476830400010947
0.4590714,0.481623055882129
0.4668312,0.486348872294282
0.474591,0.491009237802098
0.4823508,0.495605502762787
0.4901106,0.500138980640566
0.4978704,0.504610949258046
0.5056302,0.509022651997031
0.51339,0.513375298951096
0.5211498,0.517670068032183
0.5289096,0.521908106033348
0.5366694,0.526090529649666
0.5444292,0.530218426459212
0.552189,0.53429285586592
0.5599488,0.538314850006037
0.5677086,0.542285414619812
0.5754684,0.546205529889953
0.5832282,0.550076151248324
0.590988,0.553898210152285
0.5987478,0.557672614831988
0.6065076,0.561400251009896
0.6142674,0.565081982593719
0.6220272,0.56871865234391
0.629787,0.572311082516794
0.6375468,0.575860075484378
0.6453066,0.579366414331802
0.6530664,0.582830863433389
0.6608262,0.586254169008162
0.668586,0.589637059655688
0.6763458,0.59298024687306
0.6841056,0.596284425553779
0.6918654,0.599550274469271
0.6996252,0.602778456733749
0.707385,0.605969620253083
0.7151448,0.609124398158306
0.7229046,0.612243409224391
0.7306644,0.615327258274853
0.7384242,0.618376536572748
0.746184,0.621391822198594
0.7539438,0.624373680415728
0.7617036,0.627322664023573
0.7694634,0.630239313699287
0.7772232,0.633124158328238
0.784983,0.635977715323721
0.7927428,0.638800490936337
0.8005026,0.641592980553401
0.8082624,0.644355668988779
0.8160222,0.647089030763482
0.823782,0.649793530377384
0.8315418,0.652469622572364
0.8393016,0.655117752587211
0.8470614,0.657738356404575
0.8548212,0.660331860990253
0.862581,0.662898684525104
0.8703408,0.665439236629822
0.8781006,0.667953918582863
0.8858604,0.670443123531735
0.8936202,0.672907236697904
0.90138,0.675346635575532
0.9091398,0.677761690124268
0.9168996,0.680152762956294
0.9246594,0.682520209517826
0.9324192,0.68486437826526
0.940179,0.687185610836151
0.9479388,0.689484242215198
0.9556986,0.691760600895395
0.9634584,0.694015009034535
0.9712182,0.696247782607196
0.978978,0.698459231552377
0.9867378,0.700649659916923
0.9944976,0.702819365994883
1.0022574,0.704968642462927
1.0100172,0.707097776511954
1.017777,0.709207049975026
1.0255368,0.711296739451728
1.0332966,0.71336711642909
1.0410564,0.71541844739916
1.0488162,0.717450993973361
1.056576,0.719465012993708
1.0643358,0.721460756641006
1.0720956,0.723438472540112
1.0798554,0.725398403862358
1.0876152,0.727340789425225
1.095375,0.729265863789346
1.1031348,0.73117385735294
1.1108946,0.733064996443724
1.1186544,0.73493950340842
1.1264142,0.736797596699896
1.134174,0.738639490962037
1.1419338,0.740465397112399
1.1496936,0.742275522422726
1.1574534,0.744070070597384
1.1652132,0.745849241849782
1.172973,0.747613232976833
1.1807328,0.74936223743152
1.1884926,0.751096445393624
1.1962524,0.752816043838652
1.2040122,0.754521216605046
1.211772,0.756212144459696
1.2195318,0.757889005161824
1.2272916,0.759551973525277
1.2350514,0.76120122147928
1.2428112,0.762836918127691
1.250571,0.764459229806802
1.2583308,0.766068320141723
1.2660906,0.767664350101401
1.2738504,0.769247478052295
1.2816102,0.770817859810761
1.28937,0.772375648694179
1.2971298,0.773920995570842
1.3048896,0.775454048908675
1.3126494,0.776974954822774
1.3204092,0.778483857121835
1.328169,0.779980897353485
1.3359288,0.781466214848538
1.3436886,0.782939946764232
1.3514484,0.784402228126443
1.3592082,0.785853191870928
1.366968,0.787292968883613
1.3747278,0.788721688039947
1.3824876,0.790139476243359
1.3902474,0.791546458462834
1.3980072,0.792942757769632
1.405767,0.794328495373175
1.4135268,0.795703790656118
1.4212866,0.797068761208641
1.4290464,0.798423522861959
1.4368062,0.799768189721091
1.444566,0.801102874196897
1.4523258,0.802427687037404
1.4600856,0.803742737358437
1.4678454,0.805048132673581
1.4756052,0.806343978923483
1.483365,0.807630380504507
1.4911248,0.808907440296776
1.4988846,0.810175259691596
1.5066444,0.811433938618295
1.5144042,0.812683575570472
1.522164,0.813924267631696
1.5299238,0.815156110500644
1.5376836,0.816379198515712
1.5454434,0.817593624679091
1.5532032,0.818799480680351
1.560963,0.819996856919509
1.5687228,0.821185842529625
1.5764826,0.822366525398916
1.5842424,0.823538992192418
1.5920022,0.824703328373187
1.599762,0.825859618223068
1.6075218,0.827007944863028
1.6152816,0.828148390273082
1.6230414,0.829281035311794
1.6308012,0.830405959735393
1.638561,0.831523242216494
1.6463208,0.832632960362437
1.6540806,0.833735190733257
1.6618404,0.834830008859293
1.6696002,0.83591748925844
1.67736,0.836997705453056
1.6851198,0.838070729986533
1.6928796,0.839136634439534
1.7006394,0.840195489445915
1.7083992,0.841247364708325
1.716159,0.842292329013501
1.7239188,0.843330450247267
1.7316786,0.844361795409229
1.7394384,0.845386430627194
1.7471982,0.846404421171302
1.754958,0.847415831467885
1.7627178,0.848420725113064
1.7704776,0.84941916488607
1.7782374,0.850411212762327
1.7859972,0.851396929926269
1.793757,0.852376376783925
1.8015168,0.853349612975253
1.8092766,0.854316697386248
1.8170364,0.855277688160821
1.8247962,0.85623264271245
1.832556,0.857181617735612
1.8403158,0.858124669217008
1.8480756,0.85906185244657
1.8558354,0.859993222028267
1.8635952,0.860918831890712
1.871355,0.86183873529757
1.8791148,0.862752984857773
1.8868746,0.863661632535555
1.8946344,0.86456472966029
1.9023942,0.865462326936166
1.910154,0.866354474451665
1.9179138,0.867241221688891
1.9256736,0.868122617532709
1.9334334,0.868998710279735
1.9411932,0.869869547647154
1.948953,0.870735176781386
1.9567128,0.871595644266591
1.9644726,0.872450996133032
1.9722324,0.873301277865276
1.9799922,0.874146534410263
1.987752,0.87498681018522
1.9955118,0.875822149085447
2.0032716,0.876652594491957
2.0110314,0.877478189278988
2.0187912,0.878298975821381
2.026551,0.87911499600183
2.0343108,0.879926291218006
2.0420706,0.880732902389557
2.0498304,0.881534869964989
2.0575902,0.88233223392843
2.06535,0.883125033806267
2.0731098,0.883913308673687
2.0808696,0.88469709716109
2.0886294,0.885476437460405
2.0963892,0.88625136733129
2.104149,0.887021924107229
2.1119088,0.887788144701534
2.1196686,0.888550065613231
2.1274284,0.889307722932864
2.1351882,0.890061152348188
2.142948,0.890810389149773
2.1507078,0.891555468236519
2.1584676,0.892296424121067
2.1662274,0.893033290935134
2.1739872,0.893766102434754
2.181747,0.894494892005427
2.1895068,0.895219692667197
2.1972666,0.895940537079632
2.2050264,0.896657457546733
2.2127862,0.897370486021762
2.220546,0.898079654111983
2.2283058,0.898784993083339
2.2360656,0.899486533865044
2.2438254,0.900184307054103
2.2515852,0.900878342919761
2.259345,0.901568671407882
2.2671048,0.902255322145254
2.2748646,0.902938324443828
2.2826244,0.903617707304889
2.2903842,0.904293499423162
2.298144,0.904965729190849
2.3059038,0.905634424701608
2.3136636,0.906299613754466
2.3214234,0.906961323857673
2.3291832,0.90761958223249
2.336943,0.908274415816924
2.3447028,0.908925851269405
2.3524626,0.909573914972399
2.3602224,0.910218633035975
2.3679822,0.910860031301306
2.375742,0.911498135344126
2.3835018,0.912132970478127
2.3912616,0.912764561758309
2.3990214,0.913392933984272
2.4067812,0.914018111703467
2.414541,0.914640119214389
2.4223008,0.915258980569725
2.4300606,0.915874719579458
2.4378204,0.916487359813916
2.4455802,0.917096924606784
2.45334,0.917703437058062
2.4610998,0.918306920036988
2.4688596,0.918907396184906
2.4766194,0.919504887918105
2.4843792,0.920099417430604
2.492139,0.9206910066969
2.4998988,0.921279677474676
2.5076586,0.921865451307471
2.5154184,0.922448349527303
2.5231782,0.923028393257264
2.530938,0.923605603414068
2.5386978,0.924180000710566
2.5464576,0.924751605658224
2.5542174,0.925320438569565
2.5619772,0.925886519560576
2.569737,0.926449868553074
2.5774968,0.927010505277052
2.5852566,0.927568449272974
2.5930164,0.92812371989405
2.6007762,0.928676336308472
2.608536,0.92922631750162
2.6162958,0.929773682278237
2.6240556,0.930318449264571
2.6318154,0.930860636910489
2.6395752,0.931400263491558
2.647335,0.931937347111101
2.6550948,0.932471905702219
2.6628546,0.933003957029791
2.6706144,0.933533518692435
2.6783742,0.934060608124456
2.686134,0.934585242597753
2.6938938,0.935107439223711
2.7016536,0.935627214955058
2.7094134,0.936144586587699
2.7171732,0.936659570762529
2.724933,0.937172183967212
2.7326928,0.937682442537947
2.7404526,0.938190362661195
2.7482124,0.938695960375399
2.7559722,0.939199251572668
2.763732,0.939700252000442
2.7714918,0.940198977263134
2.7792516,0.940695442823753
2.7870114,0.9411896640055
2.7947712,0.941681655993344
2.802531,0.942171433835578
2.8102908,0.942659012445355
2.8180506,0.943144406602198
2.8258104,0.943627630953496
2.8335702,0.944108700015978
2.84133,0.944587628177163
2.8490898,0.9450644296968
2.8568496,0.945539118708276
2.8646094,0.946011709220021
2.8723692,0.946482215116877
2.880129,0.946950650161466
2.8878888,0.947417027995527
2.8956486,0.947881362141241
2.9034084,0.94834366600254
2.9111682,0.948803952866395
2.918928,0.949262235904086
2.9266878,0.949718528172466
2.9344476,0.950172842615195
2.9422074,0.950625192063965
2.9499672,0.95107558923971
2.957727,0.951524046753794
2.9654868,0.951970577109195
2.9732466,0.952415192701662
2.9810064,0.952857905820861
2.9887662,0.953298728651513
2.996526,0.953737673274507
3.0042858,0.954174751668004
3.0120456,0.954609975708529
3.0198054,0.955043357172045
3.0275652,0.955474907735016
3.035325,0.955904638975454
3.0430848,0.956332562373958
3.0508446,0.95675868931473
3.0586044,0.957183031086593
3.0663642,0.95760559888398
3.074124,0.958026403807924
3.0818838,0.958445456867028
3.0896436,0.958862768978422
3.0974034,0.959278350968718
3.1051632,0.959692213574939
3.112923,0.960104367445449
3.1206828,0.960514823140865
3.1284426,0.960923591134956
3.1362024,0.961330681815536
3.1439622,0.961736105485347
3.151722,0.962139872362922
3.1594818,0.96254199258345
3.1672416,0.962942476199617
3.1750014,0.963341333182451
3.1827612,0.963738573422145
3.190521,0.964134206728875
3.1982808,0.964528242833607
3.2060406,0.964920691388899
3.2138004,0.965311561969684
3.2215602,0.965700864074052
3.22932,0.966088607124016
3.2370798,0.966474800466277
3.2448396,0.966859453372971
3.2525994,0.967242575042413
3.2603592,0.967624174599829
3.268119,0.968004261098082
3.2758788,0.968382843518386
3.2836386,0.968759930771015
3.2913984,0.969135531696001
3.2991582,0.969509655063827
3.306918,0.969882309576106
3.3146778,0.970253503866259
3.3224376,0.970623246500179
3.3301974,0.970991545976893
3.3379572,0.971358410729208
3.345717,0.971723849124363
3.3534768,0.972087869464657
3.3612366,0.972450479988081
3.3689964,0.97281168886894
3.3767562,0.973171504218466
3.384516,0.973529934085428
3.3922758,0.973886986456728
3.4000356,0.974242669257995
3.4077954,0.974596990354175
3.4155552,0.974949957550109
3.423315,0.975301578591101
3.4310748,0.975651861163494
3.4388346,0.976000812895223
3.4465944,0.976348441356369
3.4543542,0.976694754059711
3.462114,0.977039758461263
3.4698738,0.977383461960811
3.4776336,0.97772587190244
3.4853934,0.978066995575062
3.4931532,0.978406840212925
3.500913,0.978745412996134
3.5086728,0.979082721051149
3.5164326,0.979418771451289
3.5241924,0.979753571217224
3.5319522,0.980087127317468
3.539712,0.980419446668856
3.5474718,0.98075053613703
3.5552316,0.981080402536903
3.5629914,0.981409052633137
3.5707512,0.981736493140593
3.578511,0.982062730724801
3.5862708,0.982387772002403
3.5940306,0.982711623541604
3.6017904,0.983034291862614
3.6095502,0.983355783438087
3.61731,0.983676104693552
3.6250698,0.983995262007839
3.6328296,0.984313261713509
3.6405894,0.984630110097265
3.6483492,0.984945813400373
3.656109,0.985260377819068
3.6638688,0.985573809504958
3.6716286,0.985886114565431
3.6793884,0.986197299064045
3.6871482,0.986507369020926
3.694908,0.986816330413151
3.7026678,0.987124189175136
3.7104276,0.987430951199014
3.7181874,0.987736622335013
3.7259472,0.988041208391824
3.733707,0.988344715136974
3.7414668,0.988647148297186
3.7492266,0.988948513558741
3.7569864,0.989248816567832
3.7647462,0.989548062930923
3.772506,0.989846258215089
3.7802658,0.990143407948369
3.7880256,0.990439517620101
3.7957854,0.990734592681267
3.8035452,0.991028638544822
3.811305,0.991321660586027
3.8190648,0.991613664142776
3.8268246,0.991904654515922
3.8345844,0.992194636969593
3.8423442,0.992483616731518
3.850104,0.99277159899333
3.8578638,0.993058588910887
3.8656236,0.993344591604575
3.8733834,0.993629612159611
3.8811432,0.993913655626347
3.888903,0.994196727020569
3.8966628,0.994478831323791
3.9044226,0.994759973483545
3.9121824,0.995040158413673
3.9199422,0.995319390994616
3.927702,0.995597676073689
3.9354618,0.99587501846537
3.9432216,0.996151422951572
3.9509814,0.996426894281923
3.9587412,0.996701437174032
3.966501,0.996975056313763
3.9742608,0.9972477563555
3.9820206,0.99751954192241
3.9897804,0.997790417606705
3.9975402,0.998060387969903
4.0053,0.998329457543079
