"ResDensity","N_TraitValue"
3,2.79756541549104e-05
3.12,2.90946803211068e-05
3.24,3.02137064873033e-05
3.36,3.13327326534997e-05
3.48,3.24517588196961e-05
3.6,3.35707849858925e-05
3.72,3.46898111520889e-05
3.84,3.58088373182853e-05
3.96,3.69278634844817e-05
4.08,3.80468896506782e-05
4.2,3.91659158168746e-05
4.32,4.0284941983071e-05
4.44,4.14039681492674e-05
4.56,4.25229943154638e-05
4.68,4.36420204816602e-05
4.8,4.47610466478567e-05
4.92,4.58800728140531e-05
5.04,4.69990989802495e-05
5.16,4.81181251464459e-05
5.28,4.92371513126423e-05
5.4,5.03561774788388e-05
5.52,5.14752036450352e-05
5.64,5.25942298112316e-05
5.76,5.3713255977428e-05
5.88,5.48322821436244e-05
6,5.59513083098208e-05
6.12,5.70703344760172e-05
6.24,5.81893606422137e-05
6.36,5.93083868084101e-05
6.48,6.04274129746065e-05
6.6,6.15464391408029e-05
6.72,6.26654653069993e-05
6.84,6.37844914731957e-05
6.96,6.49035176393922e-05
7.08,6.60225438055886e-05
7.2,6.7141569971785e-05
7.32,6.82605961379814e-05
7.44,6.93796223041778e-05
7.56,7.04986484703742e-05
7.68,7.16176746365707e-05
7.8,7.27367008027671e-05
7.92,7.38557269689635e-05
8.04,7.49747531351599e-05
8.16,7.60937793013563e-05
8.28,7.72128054675527e-05
8.4,7.83318316337491e-05
8.52,7.94508577999456e-05
8.64,8.0569883966142e-05
8.76,8.16889101323384e-05
8.88,8.28079362985348e-05
9,8.39269624647312e-05
9.12,8.50459886309277e-05
9.24,8.61650147971241e-05
9.36,8.72840409633205e-05
9.48,8.84030671295169e-05
9.6,8.95220932957133e-05
9.72,9.06411194619097e-05
9.84,9.17601456281062e-05
9.96,9.28791717943026e-05
10.08,9.3998197960499e-05
10.2,9.51172241266954e-05
10.32,9.62362502928918e-05
10.44,9.73552764590882e-05
10.56,9.84743026252846e-05
10.68,9.95933287914811e-05
10.8,0.000100712354957678
10.92,0.000101831381123874
11.04,0.00010295040729007
11.16,0.000104069433456267
11.28,0.000105188459622463
11.4,0.00010630748578866
11.52,0.000107426511954856
11.64,0.000108545538121052
11.76,0.000109664564287249
11.88,0.000110783590453445
12,0.000111902616619642
12.12,0.000113021642785838
12.24,0.000114140668952034
12.36,0.000115259695118231
12.48,0.000116378721284427
12.6,0.000117497747450624
12.72,0.00011861677361682
12.84,0.000119735799783017
12.96,0.000120854825949213
13.08,0.000121973852115409
13.2,0.000123092878281606
13.32,0.000124211904447802
13.44,0.000125330930613999
13.56,0.000126449956780195
13.68,0.000127568982946391
13.8,0.000128688009112588
13.92,0.000129807035278784
14.04,0.000130926061444981
14.16,0.000132045087611177
14.28,0.000133164113777374
14.4,0.00013428313994357
14.52,0.000135402166109766
14.64,0.000136521192275963
14.76,0.000137640218442159
14.88,0.000138759244608356
15,0.000139878270774552
15.12,0.000140997296940748
15.24,0.000142116323106945
15.36,0.000143235349273141
15.48,0.000144354375439338
15.6,0.000145473401605534
15.72,0.000146592427771731
15.84,0.000147711453937927
15.96,0.000148830480104123
16.08,0.00014994950627032
16.2,0.000151068532436516
16.32,0.000152187558602713
16.44,0.000153306584768909
16.56,0.000154425610935105
16.68,0.000155544637101302
16.8,0.000156663663267498
16.92,0.000157782689433695
17.04,0.000158901715599891
17.16,0.000160020741766088
17.28,0.000161139767932284
17.4,0.00016225879409848
17.52,0.000163377820264677
17.64,0.000164496846430873
17.76,0.00016561587259707
17.88,0.000166734898763266
18,0.000167853924929462
18.12,0.000168972951095659
18.24,0.000170091977261855
18.36,0.000171211003428052
18.48,0.000172330029594248
18.6,0.000173449055760445
18.72,0.000174568081926641
18.84,0.000175687108092837
18.96,0.000176806134259034
19.08,0.00017792516042523
19.2,0.000179044186591427
19.32,0.000180163212757623
19.44,0.000181282238923819
19.56,0.000182401265090016
19.68,0.000183520291256212
19.8,0.000184639317422409
19.92,0.000185758343588605
20.04,0.000186877369754802
20.16,0.000187996395920998
20.28,0.000189115422087194
20.4,0.000190234448253391
20.52,0.000191353474419587
20.64,0.000192472500585784
20.76,0.00019359152675198
20.88,0.000194710552918176
21,0.000195829579084373
21.12,0.000196948605250569
21.24,0.000198067631416766
21.36,0.000199186657582962
21.48,0.000200305683749159
21.6,0.000201424709915355
21.72,0.000202543736081551
21.84,0.000203662762247748
21.96,0.000204781788413944
22.08,0.000205900814580141
22.2,0.000207019840746337
22.32,0.000208138866912533
22.44,0.00020925789307873
22.56,0.000210376919244926
22.68,0.000211495945411123
22.8,0.000212614971577319
22.92,0.000213733997743516
23.04,0.000214853023909712
23.16,0.000215972050075908
23.28,0.000217091076242105
23.4,0.000218210102408301
23.52,0.000219329128574498
23.64,0.000220448154740694
23.76,0.00022156718090689
23.88,0.000222686207073087
24,0.000223805233239283
24.12,0.00022492425940548
24.24,0.000226043285571676
24.36,0.000227162311737873
24.48,0.000228281337904069
24.6,0.000229400364070265
24.72,0.000230519390236462
24.84,0.000231638416402658
24.96,0.000232757442568855
25.08,0.000233876468735051
25.2,0.000234995494901247
25.32,0.000236114521067444
25.44,0.00023723354723364
25.56,0.000238352573399837
25.68,0.000239471599566033
25.8,0.00024059062573223
25.92,0.000241709651898426
26.04,0.000242828678064622
26.16,0.000243947704230819
26.28,0.000245066730397015
26.4,0.000246185756563212
26.52,0.000247304782729408
26.64,0.000248423808895604
26.76,0.000249542835061801
26.88,0.000250661861227997
27,0.000251780887394194
27.12,0.00025289991356039
27.24,0.000254018939726587
27.36,0.000255137965892783
27.48,0.000256256992058979
27.6,0.000257376018225176
27.72,0.000258495044391372
27.84,0.000259614070557569
27.96,0.000260733096723765
28.08,0.000261852122889961
28.2,0.000262971149056158
28.32,0.000264090175222354
28.44,0.000265209201388551
28.56,0.000266328227554747
28.68,0.000267447253720944
28.8,0.00026856627988714
28.92,0.000269685306053336
29.04,0.000270804332219533
29.16,0.000271923358385729
29.28,0.000273042384551926
29.4,0.000274161410718122
29.52,0.000275280436884318
29.64,0.000276399463050515
29.76,0.000277518489216711
29.88,0.000278637515382908
30,0.000279756541549104
30.12,0.000280875567715301
30.24,0.000281994593881497
30.36,0.000283113620047693
30.48,0.00028423264621389
30.6,0.000285351672380086
30.72,0.000286470698546283
30.84,0.000287589724712479
30.96,0.000288708750878675
31.08,0.000289827777044872
31.2,0.000290946803211068
31.32,0.000292065829377265
31.44,0.000293184855543461
31.56,0.000294303881709658
31.68,0.000295422907875854
31.8,0.00029654193404205
31.92,0.000297660960208247
32.04,0.000298779986374443
32.16,0.00029989901254064
32.28,0.000301018038706836
32.4,0.000302137064873032
32.52,0.000303256091039229
32.64,0.000304375117205425
32.76,0.000305494143371622
32.88,0.000306613169537818
33,0.000307732195704015
33.12,0.000308851221870211
33.24,0.000309970248036407
33.36,0.000311089274202604
33.48,0.0003122083003688
33.6,0.000313327326534997
33.72,0.000314446352701193
33.84,0.00031556537886739
33.96,0.000316684405033586
34.08,0.000317803431199782
34.2,0.000318922457365979
34.32,0.000320041483532175
34.44,0.000321160509698372
34.56,0.000322279535864568
34.68,0.000323398562030764
34.8,0.000324517588196961
34.92,0.000325636614363157
35.04,0.000326755640529354
35.16,0.00032787466669555
35.28,0.000328993692861746
35.4,0.000330112719027943
35.52,0.000331231745194139
35.64,0.000332350771360336
35.76,0.000333469797526532
35.88,0.000334588823692729
36,0.000335707849858925
36.12,0.000336826876025121
36.24,0.000337945902191318
36.36,0.000339064928357514
36.48,0.000340183954523711
36.6,0.000341302980689907
36.72,0.000342422006856103
36.84,0.0003435410330223
36.96,0.000344660059188496
37.08,0.000345779085354693
37.2,0.000346898111520889
37.32,0.000348017137687086
37.44,0.000349136163853282
37.56,0.000350255190019478
37.68,0.000351374216185675
37.8,0.000352493242351871
37.92,0.000353612268518068
38.04,0.000354731294684264
38.16,0.00035585032085046
38.28,0.000356969347016657
38.4,0.000358088373182853
38.52,0.00035920739934905
38.64,0.000360326425515246
38.76,0.000361445451681443
38.88,0.000362564477847639
39,0.000363683504013835
39.12,0.000364802530180032
39.24,0.000365921556346228
39.36,0.000367040582512425
39.48,0.000368159608678621
39.6,0.000369278634844818
39.72,0.000370397661011014
39.84,0.00037151668717721
39.96,0.000372635713343407
40.08,0.000373754739509603
40.2,0.0003748737656758
40.32,0.000375992791841996
40.44,0.000377111818008192
40.56,0.000378230844174389
40.68,0.000379349870340585
40.8,0.000380468896506782
40.92,0.000381587922672978
41.04,0.000382706948839174
41.16,0.000383825975005371
41.28,0.000384945001171567
41.4,0.000386064027337764
41.52,0.00038718305350396
41.64,0.000388302079670157
41.76,0.000389421105836353
41.88,0.000390540132002549
42,0.000391659158168746
42.12,0.000392778184334942
42.24,0.000393897210501139
42.36,0.000395016236667335
42.48,0.000396135262833531
42.6,0.000397254288999728
42.72,0.000398373315165924
42.84,0.000399492341332121
42.96,0.000400611367498317
43.08,0.000401730393664514
43.2,0.00040284941983071
43.32,0.000403968445996906
43.44,0.000405087472163103
43.56,0.000406206498329299
43.68,0.000407325524495496
43.8,0.000408444550661692
43.92,0.000409563576827889
44.04,0.000410682602994085
44.16,0.000411801629160281
44.28,0.000412920655326478
44.4,0.000414039681492674
44.52,0.000415158707658871
44.64,0.000416277733825067
44.76,0.000417396759991263
44.88,0.00041851578615746
45,0.000419634812323656
45.12,0.000420753838489853
45.24,0.000421872864656049
45.36,0.000422991890822245
45.48,0.000424110916988442
45.6,0.000425229943154638
45.72,0.000426348969320835
45.84,0.000427467995487031
45.96,0.000428587021653228
46.08,0.000429706047819424
46.2,0.00043082507398562
46.32,0.000431944100151817
46.44,0.000433063126318013
46.56,0.00043418215248421
46.68,0.000435301178650406
46.8,0.000436420204816602
46.92,0.000437539230982799
47.04,0.000438658257148995
47.16,0.000439777283315192
47.28,0.000440896309481388
47.4,0.000442015335647585
47.52,0.000443134361813781
47.64,0.000444253387979977
47.76,0.000445372414146174
47.88,0.00044649144031237
48,0.000447610466478567
48.12,0.000448729492644763
48.24,0.000449848518810959
48.36,0.000450967544977156
48.48,0.000452086571143352
48.6,0.000453205597309549
48.72,0.000454324623475745
48.84,0.000455443649641942
48.96,0.000456562675808138
49.08,0.000457681701974334
49.2,0.000458800728140531
49.32,0.000459919754306727
49.44,0.000461038780472924
49.56,0.00046215780663912
49.68,0.000463276832805316
49.8,0.000464395858971513
49.92,0.000465514885137709
50.04,0.000466633911303906
50.16,0.000467752937470102
50.28,0.000468871963636299
50.4,0.000469990989802495
50.52,0.000471110015968691
50.64,0.000472229042134888
50.76,0.000473348068301084
50.88,0.000474467094467281
51,0.000475586120633477
51.12,0.000476705146799673
51.24,0.00047782417296587
51.36,0.000478943199132066
51.48,0.000480062225298263
51.6,0.000481181251464459
51.72,0.000482300277630656
51.84,0.000483419303796852
51.96,0.000484538329963048
52.08,0.000485657356129245
52.2,0.000486776382295441
52.32,0.000487895408461638
52.44,0.000489014434627834
52.56,0.00049013346079403
52.68,0.000491252486960227
52.8,0.000492371513126423
52.92,0.00049349053929262
53.04,0.000494609565458816
53.16,0.000495728591625013
53.28,0.000496847617791209
53.4,0.000497966643957405
53.52,0.000499085670123602
53.64,0.000500204696289798
53.76,0.000501323722455995
53.88,0.000502442748622191
54,0.000503561774788387
54.12,0.000504680800954584
54.24,0.00050579982712078
54.36,0.000506918853286977
54.48,0.000508037879453173
54.6,0.00050915690561937
54.72,0.000510275931785566
54.84,0.000511394957951762
54.96,0.000512513984117959
55.08,0.000513633010284155
55.2,0.000514752036450352
55.32,0.000515871062616548
55.44,0.000516990088782744
55.56,0.000518109114948941
55.68,0.000519228141115137
55.8,0.000520347167281334
55.92,0.00052146619344753
56.04,0.000522585219613727
56.16,0.000523704245779923
56.28,0.000524823271946119
56.4,0.000525942298112316
56.52,0.000527061324278512
56.64,0.000528180350444709
56.76,0.000529299376610905
56.88,0.000530418402777101
57,0.000531537428943298
57.12,0.000532656455109494
57.24,0.000533775481275691
57.36,0.000534894507441887
57.48,0.000536013533608084
57.6,0.00053713255977428
57.72,0.000538251585940476
57.84,0.000539370612106673
57.96,0.000540489638272869
58.08,0.000541608664439066
58.2,0.000542727690605262
58.32,0.000543846716771458
58.44,0.000544965742937655
58.56,0.000546084769103851
58.68,0.000547203795270048
58.8,0.000548322821436244
58.92,0.000549441847602441
59.04,0.000550560873768637
59.16,0.000551679899934833
59.28,0.00055279892610103
59.4,0.000553917952267226
59.52,0.000555036978433423
59.64,0.000556156004599619
59.76,0.000557275030765815
59.88,0.000558394056932012
60,0.000559513083098208
60.12,0.000560632109264405
60.24,0.000561751135430601
60.36,0.000562870161596798
60.48,0.000563989187762994
60.6,0.00056510821392919
60.72,0.000566227240095387
60.84,0.000567346266261583
60.96,0.00056846529242778
61.08,0.000569584318593976
61.2,0.000570703344760172
61.32,0.000571822370926369
61.44,0.000572941397092565
61.56,0.000574060423258762
61.68,0.000575179449424958
61.8,0.000576298475591155
61.92,0.000577417501757351
62.04,0.000578536527923547
62.16,0.000579655554089744
62.28,0.00058077458025594
62.4,0.000581893606422137
62.52,0.000583012632588333
62.64,0.000584131658754529
62.76,0.000585250684920726
62.88,0.000586369711086922
63,0.000587488737253119
