"ResDensity","N_TraitValue"
10,0.000419922358584803
10.3,0.000429964698716066
10.6,0.000439889075378661
10.9,0.000449697554942731
11.2,0.000459392155796351
11.5,0.000468974849730197
11.8,0.000478447563274541
12.1,0.000487812178990469
12.4,0.000497070536717154
12.7,0.000506224434776906
13,0.000515275631139661
13.3,0.000524225844548498
13.6,0.00053307675560769
13.9,0.00054183000783474
14.2,0.000550487208677784
14.5,0.000559049930499686
14.8,0.000567519711530087
15.1,0.000575898056786619
15.4,0.000584186438966446
15.7,0.000592386299309242
16,0.000600499048432659
16.3,0.000608526067141316
16.6,0.000616468707210268
16.9,0.000624328292143906
17.2,0.000632106117911169
17.5,0.000639803453657928
17.8,0.000647421542397375
18.1,0.000654961601679188
18.4,0.000662424824238247
18.7,0.000669812378623616
19,0.000677125409808484
19.3,0.000684365039781752
19.6,0.000691532368121885
19.9,0.000698628472553659
20.2,0.000705654409488397
20.5,0.000712611214548253
20.8,0.000719499903075096
21.1,0.000726321470624523
21.4,0.000733076893445494
21.7,0.000739767128946093
22,0.000746393116145857
22.3,0.00075295577611515
22.6,0.000759456012401987
22.9,0.000765894711446741
23.2,0.000772272742985132
23.5,0.000778590960439867
23.8,0.000784850201301325
24.1,0.000791051287497624
24.4,0.000797195025754417
24.7,0.000803282207944766
25,0.000809313611429384
25.3,0.000815289999387569
25.6,0.000821212121139131
25.9,0.000827080712457582
26.2,0.000832896495874872
26.5,0.000838660180977939
26.8,0.00084437246469732
27.1,0.000850034031588079
27.4,0.000855645554103286
27.7,0.000861207692860268
28,0.000866721096899873
28.3,0.00087218640393894
28.6,0.00087760424061619
28.9,0.000882975222731749
29.2,0.000888299955480467
29.5,0.000893579033679245
29.8,0.000898813041988544
30.1,0.00090400255512823
30.4,0.000909148138087954
30.7,0.0009142503463322
31,0.000919309726000176
31.3,0.000924326814100686
31.6,0.000929302138702147
31.9,0.000934236219117862
32.2,0.000939129566086727
32.5,0.00094398268194946
32.8,0.000948796060820514
33.1,0.000953570188755784
33.4,0.000958305543916216
33.7,0.000963002596727464
34,0.000967661810035673
34.3,0.000972283639259521
34.6,0.000976868532538608
34.9,0.000981416930878316
35.2,0.000985929268291202
35.5,0.000990405971935065
35.8,0.000994847462247733
36.1,0.0009992541530787
36.4,0.00100362645181767
36.7,0.0010079647595201
37,0.00101226947102984
37.3,0.00101654097509892
37.6,0.00102077965450461
37.9,0.00102498588616371
38.2,0.00102916004124433
38.5,0.00103330248527505
38.8,0.00103741357825162
39.1,0.00104149367474127
39.4,0.00104554312398461
39.7,0.00104956226999534
40,0.00105355145165761
40.3,0.00105751100282133
40.6,0.00106144125239524
40.9,0.00106534252443806
41.2,0.00106921513824752
41.5,0.00107305940844745
41.8,0.00107687564507305
42.1,0.00108066415365419
42.4,0.00108442523529696
42.7,0.00108815918676349
43,0.00109186630054992
43.3,0.00109554686496287
43.6,0.00109920116419413
43.9,0.00110282947839381
44.2,0.00110643208374195
44.5,0.00111000925251861
44.8,0.00111356125317243
45.1,0.00111708835038784
45.4,0.00112059080515073
45.7,0.00112406887481291
46,0.0011275228131551
46.3,0.00113095287044865
46.6,0.00113435929351602
46.9,0.00113774232578996
47.2,0.00114110220737152
47.5,0.00114443917508684
47.8,0.00114775346254281
48.1,0.00115104530018159
48.4,0.00115431491533397
48.7,0.00115756253227179
49,0.00116078837225915
49.3,0.00116399265360268
49.6,0.00116717559170079
49.9,0.00117033739909197
50.2,0.00117347828550204
50.5,0.00117659845789057
50.8,0.00117969812049631
51.1,0.00118277747488177
51.4,0.00118583671997691
51.7,0.00118887605212199
52,0.00119189566510953
52.3,0.00119489575022557
52.6,0.00119787649629001
52.9,0.00120083808969623
53.2,0.00120378071444998
53.5,0.00120670455220744
53.8,0.00120960978231265
54.1,0.00121249658183413
54.4,0.00121536512560091
54.7,0.00121821558623778
55,0.00122104813419994
55.3,0.00122386293780697
55.6,0.00122666016327618
55.9,0.00122943997475532
56.2,0.00123220253435471
56.5,0.00123494800217871
56.8,0.00123767653635671
57.1,0.00124038829307343
57.4,0.00124308342659877
57.7,0.00124576208931704
58,0.0012484244317557
58.3,0.00125107060261352
58.6,0.00125370074878831
58.9,0.00125631501540408
59.2,0.00125891354583772
59.5,0.00126149648174525
59.8,0.00126406396308753
60.1,0.00126661612815554
60.4,0.00126915311359525
60.7,0.00127167505443195
61,0.00127418208409425
61.3,0.00127667433443759
61.6,0.00127915193576736
61.9,0.00128161501686163
62.2,0.00128406370499342
62.5,0.00128649812595268
62.8,0.00128891840406778
63.1,0.00129132466222669
63.4,0.00129371702189779
63.7,0.00129609560315032
64,0.00129846052467442
64.3,0.00130081190380094
64.6,0.00130314985652078
64.9,0.001305474497504
65.2,0.00130778594011857
65.5,0.00131008429644878
65.8,0.00131236967731336
66.1,0.00131464219228332
66.4,0.00131690194969942
66.7,0.00131914905668941
67,0.00132138361918497
67.3,0.00132360574193834
67.6,0.00132581552853867
67.9,0.00132801308142817
68.2,0.00133019850191789
68.5,0.00133237189020332
68.8,0.00133453334537969
69.1,0.00133668296545703
69.4,0.00133882084737498
69.7,0.0013409470870174
70,0.00134306177922665
70.3,0.00134516501781771
70.6,0.00134725689559209
70.9,0.00134933750435143
71.2,0.00135140693491095
71.5,0.00135346527711268
71.8,0.00135551261983842
72.1,0.00135754905102258
72.4,0.00135957465766475
72.7,0.00136158952584206
73,0.00136359374072143
73.3,0.00136558738657154
73.6,0.00136757054677462
73.9,0.00136954330383813
74.2,0.00137150573940613
74.5,0.00137345793427061
74.8,0.00137539996838256
75.1,0.00137733192086284
75.4,0.00137925387001298
75.7,0.00138116589332576
76,0.00138306806749556
76.3,0.0013849604684287
76.6,0.00138684317125346
76.9,0.0013887162503301
77.2,0.00139057977926056
77.5,0.0013924338308982
77.8,0.0013942784773572
78.1,0.00139611379002198
78.4,0.00139793983955637
78.7,0.00139975669591271
79,0.00140156442834073
79.3,0.0014033631053964
79.6,0.0014051527949506
79.9,0.0014069335641976
80.2,0.00140870547966352
80.5,0.00141046860721461
80.8,0.00141222301206539
81.1,0.0014139687587867
81.4,0.00141570591131363
81.7,0.00141743453295332
82,0.00141915468639265
82.3,0.00142086643370581
82.6,0.00142256983636179
82.9,0.0014242649552317
83.2,0.00142595185059606
83.5,0.00142763058215193
83.8,0.00142930120901995
84.1,0.00143096378975127
84.4,0.00143261838233442
84.7,0.00143426504420202
85,0.00143590383223744
85.3,0.00143753480278137
85.6,0.00143915801163823
85.9,0.00144077351408258
86.2,0.00144238136486536
86.5,0.0014439816182201
86.8,0.00144557432786901
87.1,0.001447159547029
87.4,0.00144873732841757
87.7,0.0014503077242587
88,0.0014518707862886
88.3,0.00145342656576137
88.6,0.00145497511345463
88.9,0.00145651647967502
89.2,0.00145805071426367
89.5,0.00145957786660157
89.8,0.00146109798561483
90.1,0.00146261111977998
90.4,0.00146411731712903
90.7,0.00146561662525463
91,0.00146710909131505
91.3,0.00146859476203913
91.6,0.00147007368373114
91.9,0.00147154590227563
92.2,0.00147301146314213
92.5,0.00147447041138985
92.8,0.00147592279167233
93.1,0.00147736864824194
93.4,0.0014788080249544
93.7,0.00148024096527323
94,0.0014816675122741
94.3,0.00148308770864915
94.6,0.00148450159671127
94.9,0.00148590921839828
95.2,0.00148731061527708
95.5,0.00148870582854776
95.8,0.00149009489904759
96.1,0.00149147786725508
96.4,0.00149285477329383
96.7,0.00149422565693649
97,0.00149559055760851
97.3,0.00149694951439198
97.6,0.00149830256602934
97.9,0.00149964975092706
98.2,0.00150099110715926
98.5,0.00150232667247133
98.8,0.00150365648428344
99.1,0.00150498057969406
99.4,0.00150629899548339
99.7,0.00150761176811676
100,0.00150891893374803
100.3,0.00151022052822286
100.6,0.00151151658708203
100.9,0.00151280714556465
101.2,0.00151409223861134
101.5,0.00151537190086743
101.8,0.00151664616668603
102.1,0.00151791507013112
102.4,0.0015191786449806
102.7,0.00152043692472925
103,0.00152168994259173
103.3,0.00152293773150548
103.6,0.00152418032413361
103.9,0.00152541775286774
104.2,0.00152665004983086
104.5,0.00152787724688003
104.8,0.0015290993756092
105.1,0.00153031646735189
105.4,0.00153152855318386
105.7,0.00153273566392578
106,0.0015339378301458
106.3,0.00153513508216219
106.6,0.00153632745004583
106.9,0.00153751496362276
107.2,0.00153869765247668
107.5,0.00153987554595137
107.8,0.00154104867315313
108.1,0.00154221706295319
108.4,0.00154338074399007
108.7,0.00154453974467193
109,0.00154569409317885
109.3,0.00154684381746515
109.6,0.00154798894526162
109.9,0.0015491295040778
110.2,0.00155026552120409
110.5,0.00155139702371402
110.8,0.00155252403846636
111.1,0.00155364659210722
111.4,0.00155476471107221
111.7,0.00155587842158847
112,0.00155698774967672
112.3,0.00155809272115333
112.6,0.00155919336163226
112.9,0.00156028969652709
113.2,0.00156138175105297
113.5,0.00156246955022851
113.8,0.00156355311887775
114.1,0.00156463248163199
114.4,0.00156570766293173
114.7,0.00156677868702843
115,0.00156784557798638
115.3,0.00156890835968453
115.6,0.00156996705581821
115.9,0.00157102168990091
116.2,0.00157207228526606
116.5,0.0015731188650687
116.8,0.00157416145228721
117.1,0.00157520006972498
117.4,0.00157623474001208
117.7,0.0015772654856069
118,0.00157829232879778
118.3,0.00157931529170459
118.6,0.00158033439628037
118.9,0.00158134966431284
119.2,0.00158236111742602
119.5,0.00158336877708169
119.8,0.00158437266458097
120.1,0.00158537280106579
120.4,0.00158636920752038
120.7,0.00158736190477275
121,0.0015883509134961
121.3,0.00158933625421033
121.6,0.00159031794728338
121.9,0.00159129601293268
122.2,0.00159227047122653
122.5,0.00159324134208545
122.8,0.00159420864528359
123.1,0.00159517240045001
123.4,0.00159613262707003
123.7,0.00159708934448659
124,0.00159804257190146
124.3,0.00159899232837661
124.6,0.00159993863283542
124.9,0.00160088150406397
125.2,0.00160182096071228
125.5,0.00160275702129551
125.8,0.00160368970419523
126.1,0.00160461902766058
126.4,0.00160554500980946
126.7,0.00160646766862974
127,0.00160738702198039
127.3,0.00160830308759266
127.6,0.0016092158830712
127.9,0.0016101254258952
128.2,0.00161103173341949
128.5,0.00161193482287567
128.8,0.00161283471137318
129.1,0.00161373141590039
129.4,0.00161462495332565
129.7,0.00161551534039839
130,0.00161640259375012
130.3,0.0016172867298955
130.6,0.00161816776523335
130.9,0.00161904571604765
131.2,0.00161992059850857
131.5,0.00162079242867346
131.8,0.00162166122248779
132.1,0.0016225269957862
132.4,0.00162338976429338
132.7,0.00162424954362509
133,0.00162510634928904
133.3,0.00162596019668588
133.6,0.00162681110111007
133.9,0.00162765907775086
134.2,0.00162850414169311
134.5,0.00162934630791826
134.8,0.00163018559130517
135.1,0.00163102200663101
135.4,0.00163185556857212
135.7,0.00163268629170489
136,0.00163351419050659
136.3,0.00163433927935622
136.6,0.00163516157253532
136.9,0.00163598108422883
137.2,0.00163679782852589
137.5,0.00163761181942063
137.8,0.00163842307081301
138.1,0.00163923159650955
138.4,0.00164003741022419
138.7,0.00164084052557899
139,0.00164164095610495
139.3,0.00164243871524275
139.6,0.00164323381634351
139.9,0.00164402627266952
140.2,0.00164481609739499
140.5,0.00164560330360677
140.8,0.00164638790430509
141.1,0.00164716991240427
141.4,0.00164794934073341
141.7,0.0016487262020371
142,0.00164950050897615
142.3,0.00165027227412821
142.6,0.00165104150998852
142.9,0.00165180822897054
143.2,0.00165257244340663
143.5,0.00165333416554871
143.8,0.00165409340756893
144.1,0.00165485018156029
144.4,0.00165560449953731
144.7,0.00165635637343663
145,0.0016571058151177
145.3,0.00165785283636333
145.6,0.00165859744888037
145.9,0.00165933966430028
146.2,0.00166007949417976
146.5,0.00166081695000134
146.8,0.00166155204317396
147.1,0.0016622847850336
147.4,0.00166301518684381
147.7,0.00166374325979632
148,0.00166446901501163
148.3,0.00166519246353952
148.6,0.00166591361635964
148.9,0.0016666324843821
149.2,0.00166734907844795
149.5,0.00166806340932978
149.8,0.00166877548773226
150.1,0.00166948532429261
150.4,0.00167019292958123
150.7,0.00167089831410213
151,0.00167160148829352
151.3,0.00167230246252826
151.6,0.00167300124711446
151.9,0.00167369785229588
152.2,0.0016743922882525
152.5,0.00167508456510101
152.8,0.00167577469289528
153.1,0.00167646268162685
153.4,0.00167714854122542
153.7,0.00167783228155933
154,0.00167851391243603
154.3,0.00167919344360254
154.6,0.00167987088474594
154.9,0.00168054624549378
155.2,0.00168121953541461
155.5,0.00168189076401835
155.8,0.00168255994075681
156.1,0.00168322707502409
156.4,0.00168389217615704
156.7,0.00168455525343566
157,0.00168521631608359
157.3,0.0016858753732685
157.6,0.0016865324341025
157.9,0.00168718750764262
158.2,0.00168784060289114
158.5,0.00168849172879608
158.8,0.00168914089425157
159.1,0.00168978810809826
159.4,0.00169043337912373
159.7,0.00169107671606287
160,0.00169171812759829
