"ResDensity","N_TraitValue"
10.751,0.0161846094649984
12.8618836,0.0182260653698706
14.9727672,0.0200411974657903
17.0836508,0.0216656657660621
19.1945344,0.0231280125644089
21.305418,0.0244513538974945
23.4163016,0.0256546105395025
25.5271852,0.0267534184270722
27.6380688,0.0277608118579786
29.7489524,0.0286877429849337
31.859836,0.0295434816109705
33.9707196,0.0303359262732723
36.0816032,0.0310718487615936
38.1924868,0.0317570881165789
40.3033704,0.032396705880254
42.414254,0.0329951113368874
44.5251376,0.0335561633006045
46.6360212,0.034083253418643
48.7469048,0.0345793747913663
50.8577884,0.0350471788423195
52.968672,0.0354890227204976
55.0795556,0.0359070090240881
57.1904392,0.0363030192586614
59.3013228,0.036678742153239
61.4122064,0.0370356977332082
63.52309,0.0373752578738171
65.6339736,0.0376986639202588
67.7448572,0.0380070418514313
69.8557408,0.0383014153777973
71.9666244,0.0385827172944177
74.077508,0.0388517993544469
76.1883916,0.0391094408832559
78.2992752,0.0393563563166901
80.4101588,0.0395932018170314
82.5210424,0.0398205810956797
84.631926,0.0400390505513538
86.7428096,0.0402491238158785
88.8536932,0.0404512757857447
90.9645768,0.0406459462060506
93.0754604,0.040833542863753
95.186344,0.0410144444390288
97.2972276,0.0411890030567053
99.4081112,0.041357546573931
101.5189948,0.0415203806353612
103.6298784,0.0416777905229612
105.740762,0.0418300428239819
107.8516456,0.0419773869376233
109.9625292,0.0421200564382962
112.0734128,0.0422582703111599
114.1842964,0.0423922340736792
116.29518,0.0425221407952846
118.4060636,0.0426481720257739
120.5169472,0.0427704986418441
122.6278308,0.0428892816200554
124.7387144,0.0430046727435782
126.849598,0.0431168152492494
128.9604816,0.043225844420737
131.0713652,0.0433318881329786
133.1822488,0.0434350673524995
135.2931324,0.0435354965977277
137.404016,0.0436332843629867
139.5148996,0.0437285335094672
141.6257832,0.0438213416261399
143.7366668,0.0439118013632708
145.8475504,0.0440000007409354
147.958434,0.0440860234346914
150.0693176,0.0441699490403588
152.1802012,0.0442518533196683
154.2910848,0.0443318084283721
156.4019684,0.0444098831282603
158.512852,0.0444861429843916
160.6237356,0.0445606505487295
162.7346192,0.0446334655312625
164.8455028,0.0447046449595937
166.9563864,0.0447742433278958
169.06727,0.0448423127360493
171.1781536,0.0449089030197101
173.2890372,0.0449740618719897
175.3999208,0.0450378349573716
177.5108044,0.0451002660184362
179.621688,0.045161396975918
181.7325716,0.0452212680225763
183.8434552,0.0452799177113213
185.9543388,0.045337383038001
188.0652224,0.0453936995192231
190.176106,0.0454489012655559
192.2869896,0.0455030210504242
194.3978732,0.0455560903749944
196.5087568,0.0456081395293168
198.6196404,0.045659197649976
200.730524,0.045709292774479
202.8414076,0.0457584518925945
204.9522912,0.0458067009948417
207.0631748,0.0458540651183102
209.1740584,0.0459005683899821
211.284942,0.0459462340677128
213.3958256,0.0459910845790179
215.5067092,0.0460351415578
217.6175928,0.0460784258791449
219.7284764,0.0461209576923018
221.83936,0.0461627564519583
223.9502436,0.0462038409479126
226.0611272,0.0462442293332373
228.1720108,0.0462839391510232
230.2828944,0.0463229873597871
232.393778,0.0463613903576193
234.5046616,0.046399164005145
236.6155452,0.0464363236473646
238.7264288,0.0464728841344388
240.8373124,0.0465088598414756
242.948196,0.0465442646873759
245.0590796,0.0465791121527882
247.1699632,0.046613415297223
249.2808468,0.0466471867753706
251.3917304,0.0466804388526665
253.502614,0.0467131834201435
255.6134976,0.0467454320086099
257.7243812,0.0467771958021873
259.8352648,0.0468084856512428
261.9461484,0.0468393120847468
264.057032,0.0468696853220854
266.1679156,0.0468996152843558
268.2787992,0.0469291116051709
270.3896828,0.0469581836409973
272.5005664,0.0469868404810505
274.61145,0.0470150909567694
276.7223336,0.0470429436508902
278.8332172,0.04707040690614
280.9441008,0.047097488833568
283.0549844,0.0471241973205323
285.165868,0.0471505400383582
287.2767516,0.0471765244496845
289.3876352,0.0472021578155119
291.4985188,0.0472274472019673
293.6094024,0.0472523994867979
295.720286,0.0472770213656074
297.8311696,0.0473013193578458
299.9420532,0.0473252998125648
302.0529368,0.0473489689139485
304.1638204,0.0473723326866307
306.274704,0.0473953970008069
308.3855876,0.0474181675771517
310.4964712,0.0474406499915494
312.6073548,0.0474628496796459
314.7182384,0.04748477194123
316.829122,0.0475064219444513
318.9400056,0.0475278047298828
321.0508892,0.0475489252144326
323.1617728,0.0475697881951137
325.2726564,0.047590398352676
327.38354,0.0476107602551077
329.4944236,0.0476308783610102
331.6053072,0.0476507570228532
333.7161908,0.0476704004901139
335.8270744,0.0476898129123052
337.937958,0.0477089983418984
340.0488416,0.0477279607371429
342.1597252,0.0477467039647895
344.2706088,0.0477652318027184
346.3814924,0.0477835479424783
348.492376,0.0478016559917378
350.6032596,0.0478195594766553
352.7141432,0.047837261844167
354.8250268,0.0478547664642002
356.9359104,0.0478720766318115
359.046794,0.0478891955692547
361.1576776,0.0479061264279807
363.2685612,0.0479228722905708
365.3794448,0.0479394361726088
367.4903284,0.0479558210244905
369.601212,0.0479720297331762
371.7120956,0.0479880651238863
373.8229792,0.0480039299617428
375.9338628,0.048019626953359
378.0447464,0.0480351587483792
380.15563,0.0480505279409692
382.2665136,0.0480657370712609
384.3773972,0.0480807886267521
386.4882808,0.0480956850436626
388.5991644,0.0481104287082485
390.710048,0.048125021958077
392.8209316,0.0481394670832617
394.9318152,0.0481537663276604
397.0426988,0.0481679218900376
399.1535824,0.0481819359251913
401.264466,0.0481958105450462
403.3753496,0.0482095478197154
405.4862332,0.0482231497785295
407.5971168,0.0482366184110362
409.7080004,0.0482499556679701
411.818884,0.0482631634621951
413.9297676,0.0482762436696187
416.0406512,0.0482891981300801
418.1515348,0.048302028648213
420.2624184,0.048314736994284
422.373302,0.048327324905006
424.4841856,0.0483397940843305
426.5950692,0.0483521462042155
428.7059528,0.0483643829053736
430.8168364,0.048376505797998
432.92772,0.0483885164624691
435.0386036,0.0484004164500414
437.1494872,0.0484122072835111
439.2603708,0.0484238904578659
441.3712544,0.0484354674409169
443.482138,0.0484469396739132
445.5930216,0.0484583085721403
447.7039052,0.0484695755255018
449.8147888,0.0484807418990863
451.9256724,0.0484918090337182
454.036556,0.0485027782464948
456.1474396,0.0485136508313089
458.2583232,0.0485244280593573
460.3692068,0.0485351111796363
462.4800904,0.0485457014194243
464.590974,0.0485561999847521
466.7018576,0.0485666080608602
468.8127412,0.0485769268126452
470.9236248,0.0485871573850943
473.0345084,0.048597300903709
475.145392,0.0486073584749176
477.2562756,0.0486173311864778
479.3671592,0.0486272201078687
481.4780428,0.0486370262906731
483.5889264,0.0486467507689505
485.69981,0.0486563945596003
487.8106936,0.0486659586627165
489.9215772,0.0486754440619334
492.0324608,0.0486848517247627
494.1433444,0.0486941826029226
496.254228,0.0487034376326588
498.3651116,0.0487126177350575
500.4759952,0.0487217238163513
502.5868788,0.0487307567682168
504.6977624,0.0487397174680665
506.808646,0.0487486067793321
508.9195296,0.0487574255517424
511.0304132,0.0487661746215938
513.1412968,0.0487748548120149
515.2521804,0.0487834669332244
517.363064,0.0487920117827833
519.4739476,0.0488004901458412
521.5848312,0.0488089027953767
523.6957148,0.0488172504924324
525.8065984,0.0488255339863442
527.917482,0.048833754014966
530.0283656,0.0488419113048881
532.1392492,0.048850006571652
534.2501328,0.0488580405199592
536.3610164,0.0488660138438757
538.4719,0.0488739272270322
540.5827836,0.048881781342819
542.6936672,0.0488895768545776
544.8045508,0.048897314415787
546.9154344,0.0489049946702465
549.026318,0.0489126182522542
551.1372016,0.0489201857867817
553.2480852,0.0489276978896448
555.3589688,0.0489351551676707
557.4698524,0.0489425582188613
559.580736,0.048949907632553
561.6916196,0.0489572039895732
563.8025032,0.0489644478623931
565.9133868,0.048971639815278
568.0242704,0.0489787804044331
570.135154,0.0489858701781473
572.2460376,0.0489929096769334
574.3569212,0.0489998994336658
576.4678048,0.0490068399737143
578.5786884,0.0490137318150764
580.689572,0.0490205754685057
582.8004556,0.0490273714376386
584.9113392,0.0490341202191171
587.0222228,0.0490408223027105
589.1331064,0.0490474781714336
591.24399,0.0490540883016626
593.3548736,0.0490606531632489
595.4657572,0.0490671732196306
597.5766408,0.0490736489279411
599.6875244,0.0490800807391166
601.798408,0.049086469098
603.9092916,0.0490928144434441
606.0201752,0.0490991172084118
608.1310588,0.0491053778200746
610.2419424,0.0491115966999092
612.352826,0.0491177742637919
614.4637096,0.0491239109220917
616.5745932,0.0491300070797606
618.6854768,0.0491360631364232
620.7963604,0.0491420794864636
622.907244,0.0491480565191115
625.0181276,0.0491539946185256
627.1290112,0.0491598941638765
629.2398948,0.0491657555294266
631.3507784,0.0491715790846103
633.461662,0.0491773651941106
635.5725456,0.0491831142179358
637.6834292,0.0491888265114942
639.7943128,0.0491945024256671
641.9051964,0.0492001423068805
644.01608,0.0492057464971762
646.1269636,0.0492113153342803
648.2378472,0.0492168491516714
650.3487308,0.0492223482786471
652.4596144,0.0492278130403892
654.570498,0.049233243758028
656.6813816,0.0492386407487051
658.7922652,0.049244004325635
660.9031488,0.049249334798166
663.0140324,0.0492546324718394
665.124916,0.049259897648448
667.2357996,0.0492651306260934
669.3466832,0.0492703316992424
671.4575668,0.049275501158782
673.5684504,0.0492806392920735
675.679334,0.0492857463830063
677.7902176,0.0492908227120498
679.9011012,0.0492958685563046
682.0119848,0.0493008841895533
684.1228684,0.0493058698823099
686.233752,0.0493108259018683
688.3446356,0.04931575251235
690.4555192,0.0493206499747514
692.5664028,0.0493255185469897
694.6772864,0.0493303584839478
696.78817,0.0493351700375195
698.8990536,0.0493399534566526
701.0099372,0.0493447089873921
703.1208208,0.0493494368729224
705.2317044,0.0493541373536086
707.342588,0.0493588106670375
709.4534716,0.0493634570480573
711.5643552,0.0493680767288172
713.6752388,0.0493726699388058
715.7861224,0.0493772369048896
717.897006,0.0493817778513498
720.0078896,0.0493862929999191
722.1187732,0.0493907825698183
724.2296568,0.0493952467777912
726.3405404,0.0493996858381397
728.451424,0.0494040999627579
730.5623076,0.0494084893611665
732.6731912,0.0494128542405449
734.7840748,0.0494171948057648
736.8949584,0.0494215112594215
739.005842,0.0494258038018658
741.1167256,0.0494300726312349
743.2276092,0.0494343179434832
745.3384928,0.0494385399324115
747.4493764,0.0494427387896974
749.56026,0.0494469147049237
751.6711436,0.0494510678656071
753.7820272,0.0494551984572264
755.8929108,0.0494593066632501
758.0037944,0.0494633926651631
760.114678,0.0494674566424943
762.2255616,0.0494714987728419
764.3364452,0.0494755192319002
766.4473288,0.0494795181934842
768.5582124,0.0494834958295556
770.669096,0.0494874523102463
772.7799796,0.0494913878038837
774.8908632,0.0494953024770141
777.0017468,0.0494991964944261
779.1126304,0.049503070019174
781.223514,0.0495069232126002
783.3343976,0.0495107562343582
785.4452812,0.049514569242434
787.5561648,0.0495183623931681
789.6670484,0.049522135841277
791.777932,0.0495258897398738
793.8888156,0.0495296242404896
795.9996992,0.0495333394930932
798.1105828,0.0495370356461115
800.2214664,0.0495407128464494
802.33235,0.0495443712395088
804.4432336,0.0495480109692083
806.5541172,0.0495516321780017
808.6650008,0.0495552350068968
810.7758844,0.0495588195954737
812.886768,0.0495623860819024
814.9976516,0.0495659346029612
817.1085352,0.0495694652940539
819.2194188,0.0495729782892268
821.3303024,0.0495764737211861
823.441186,0.0495799517213142
825.5520696,0.0495834124196864
827.6629532,0.049586855945087
829.7738368,0.0495902824250255
831.8847204,0.0495936919857521
833.995604,0.0495970847522731
836.1064876,0.0496004608483667
838.2173712,0.0496038203965973
840.3282548,0.0496071635183311
842.4391384,0.0496104903337503
844.550022,0.0496138009618672
846.6609056,0.0496170955205393
848.7717892,0.0496203741264823
850.8826728,0.0496236368952845
852.9935564,0.0496268839414203
855.10444,0.0496301153782632
857.2153236,0.0496333313180996
859.3262072,0.0496365318721413
861.4370908,0.0496397171505385
863.5479744,0.0496428872623927
865.658858,0.0496460423157686
867.7697416,0.0496491824177068
869.8806252,0.0496523076742359
871.9915088,0.0496554181903842
874.1023924,0.0496585140701915
876.213276,0.0496615954167211
878.3241596,0.0496646623320706
880.4350432,0.0496677149173837
882.5459268,0.0496707532728611
884.6568104,0.0496737774977714
886.767694,0.0496767876904621
888.8785776,0.0496797839483701
890.9894612,0.0496827663680323
893.1003448,0.0496857350450959
895.2112284,0.0496886900743287
897.322112,0.0496916315496293
899.4329956,0.0496945595640365
901.5438792,0.0496974742097399
903.6547628,0.049700375578089
905.7656464,0.049703263759603
907.87653,0.0497061388439801
909.9874136,0.0497090009201067
912.0982972,0.0497118500760669
914.2091808,0.0497146863991513
916.3200644,0.0497175099758657
918.430948,0.0497203208919405
920.5418316,0.0497231192323386
922.6527152,0.0497259050812647
924.7635988,0.0497286785221733
926.8744824,0.0497314396377771
928.985366,0.0497341885100554
931.0962496,0.0497369252202618
933.2071332,0.0497396498489329
935.3180168,0.0497423624758954
937.4289004,0.0497450631802746
939.539784,0.0497477520405016
941.6506676,0.0497504291343211
943.7615512,0.0497530945387988
945.8724348,0.0497557483303291
947.9833184,0.049758390584642
950.094202,0.0497610213768104
952.2050856,0.0497636407812574
954.3159692,0.049766248871763
956.4268528,0.0497688457214715
958.5377364,0.0497714314028979
960.64862,0.0497740059879348
962.7595036,0.049776569547859
964.8703872,0.0497791221533384
966.9812708,0.049781663874438
969.0921544,0.0497841947806266
971.203038,0.0497867149407831
973.3139216,0.0497892244232029
975.4248052,0.0497917232956035
977.5356888,0.0497942116251315
979.6465724,0.0497966894783676
981.757456,0.0497991569213334
983.8683396,0.0498016140194968
985.9792232,0.0498040608377779
988.0901068,0.0498064974405547
990.2009904,0.0498089238916687
992.311874,0.0498113402544306
994.4227576,0.0498137465916258
996.5336412,0.0498161429655197
998.6445248,0.0498185294378632
1000.7554084,0.0498209060698979
1002.866292,0.0498232729223614
1004.9771756,0.0498256300554927
1007.0880592,0.0498279775290366
1009.1989428,0.0498303154022497
1011.3098264,0.0498326437339047
1013.42071,0.0498349625822954
1015.5315936,0.0498372720052421
1017.6424772,0.0498395720600956
1019.7533608,0.0498418628037427
1021.8642444,0.0498441442926102
1023.975128,0.0498464165826701
1026.0860116,0.049848679729444
1028.1968952,0.0498509337880075
1030.3077788,0.0498531788129947
1032.4186624,0.0498554148586026
1034.529546,0.0498576419785958
1036.6404296,0.0498598602263103
1038.7513132,0.049862069654658
1040.8621968,0.0498642703161311
1042.9730804,0.0498664622628058
1045.083964,0.0498686455463467
1047.1948476,0.049870820218011
1049.3057312,0.0498729863286522
1051.4166148,0.0498751439287242
1053.5274984,0.0498772930682852
1055.638382,0.0498794337970017
1057.7492656,0.0498815661641521
1059.8601492,0.0498836902186305
1061.9710328,0.0498858060089509
1064.0819164,0.04988791358325
1066.1928,0.0498900129892919
