"ResDensity","N_TraitValue"
0.11,0.173449656699324
0.11162,0.174233612360096
0.11324,0.175001952947912
0.11486,0.175755140401084
0.11648,0.176493618615241
0.1181,0.177217814315717
0.11972,0.177928137879797
0.12134,0.178624984112174
0.12296,0.179308732976668
0.12458,0.179979750287081
0.1262,0.180638388359809
0.12782,0.181284986630672
0.12944,0.181919872238215
0.13106,0.182543360575606
0.13268,0.183155755813064
0.1343,0.18375735139266
0.13592,0.184348430497158
0.13754,0.18492926649449
0.13916,0.185500123359316
0.14078,0.186061256073048
0.1424,0.186612911003593
0.14402,0.187155326266031
0.14564,0.187688732065302
0.14726,0.188213351021977
0.14888,0.188729398482041
0.1505,0.189237082811633
0.15212,0.189736605677563
0.15374,0.190228162314403
0.15536,0.190711941778913
0.15698,0.191188127192475
0.1586,0.191656895972205
0.16022,0.192118420051348
0.16184,0.192572866089532
0.16346,0.193020395673422
0.16508,0.193461165508285
0.1667,0.193895327600935
0.16832,0.194323029434516
0.16994,0.194744414135534
0.17156,0.195159620633548
0.17318,0.195568783813889
0.1748,0.195972034663749
0.17642,0.196369500411997
0.17804,0.196761304663007
0.17966,0.197147567524816
0.18128,0.197528405731879
0.1829,0.19790393276269
0.18452,0.198274258952516
0.18614,0.198639491601474
0.18776,0.198999735078189
0.18938,0.199355090919224
0.191,0.199705657924494
0.19262,0.200051532248847
0.19424,0.200392807489994
0.19586,0.200729574772952
0.19748,0.201061922831164
0.1991,0.201389938084447
0.20072,0.201713704713909
0.20234,0.202033304733974
0.20396,0.202348818061647
0.20558,0.202660322583135
0.2072,0.20296789421795
0.20882,0.20327160698059
0.21044,0.203571533039922
0.21206,0.203867742776353
0.21368,0.204160304836893
0.2153,0.204449286188187
0.21692,0.204734752167624
0.21854,0.205016766532583
0.22016,0.205295391507906
0.22178,0.205570687831673
0.2234,0.205842714799338
0.22502,0.206111530306313
0.22664,0.20637719088904
0.22826,0.206639751764637
0.22988,0.20689926686916
0.2315,0.207155788894533
0.23312,0.207409369324224
0.23474,0.207660058467685
0.23636,0.20790790549363
0.23798,0.208152958462185
0.2396,0.208395264355956
0.24122,0.208634869110056
0.24284,0.208871817641141
0.24446,0.209106153875477
0.24608,0.209337920776086
0.2477,0.209567160369011
0.24932,0.209793913768715
0.25094,0.210018221202666
0.25256,0.210240122035128
0.25418,0.210459654790194
0.2558,0.210676857174076
0.25742,0.210891766096702
0.25904,0.21110441769262
0.26066,0.211314847341257
0.26228,0.211523089686537
0.2639,0.211729178655902
0.26552,0.21193314747873
0.26714,0.212135028704205
0.26876,0.212334854218626
0.27038,0.212532655262203
0.272,0.212728462445331
0.27362,0.212922305764391
0.27524,0.213114214617059
0.27686,0.213304217817178
0.27848,0.213492343609172
0.2801,0.213678619682052
0.28172,0.213863073182991
0.28334,0.214045730730522
0.28496,0.214226618427339
0.28658,0.214405761872734
0.2882,0.214583186174674
0.28982,0.21475891596153
0.29144,0.214932975393479
0.29306,0.215105388173569
0.29468,0.215276177558489
0.2963,0.215445366369018
0.29792,0.215612977000197
0.29954,0.215779031431208
0.30116,0.21594355123498
0.30278,0.216106557587537
0.3044,0.216268071277081
0.30602,0.216428112712831
0.30764,0.216586701933619
0.30926,0.216743858616255
0.31088,0.216899602083665
0.3125,0.217053951312815
0.31412,0.217206924942411
0.31574,0.217358541280411
0.31736,0.217508818311323
0.31898,0.217657773703321
0.3206,0.217805424815166
0.32222,0.21795178870295
0.32384,0.21809688212667
0.32546,0.218240721556615
0.32708,0.218383323179609
0.3287,0.218524702905077
0.33032,0.218664876370965
0.33194,0.218803858949502
0.33356,0.218941665752827
0.33518,0.219078311638459
0.3368,0.219213811214642
0.33842,0.219348178845549
0.34004,0.219481428656359
0.34166,0.219613574538204
0.34328,0.219744630153003
0.3449,0.219874608938164
0.34652,0.220003524111179
0.34814,0.220131388674105
0.34976,0.220258215417936
0.35138,0.220384016926868
0.353,0.22050880558246
0.35462,0.220632593567698
0.35624,0.220755392870961
0.35786,0.220877215289887
0.35948,0.220998072435156
0.3611,0.221117975734177
0.36272,0.221236936434689
0.36434,0.22135496560828
0.36596,0.221472074153821
0.36758,0.221588272800821
0.3692,0.221703572112703
0.37082,0.221817982490008
0.37244,0.22193151417352
0.37406,0.222044177247321
0.37568,0.222155981641781
0.3773,0.22226693713647
0.37892,0.222377053363014
0.38054,0.222486339807881
0.38216,0.222594805815104
0.38378,0.222702460588946
0.3854,0.222809313196501
0.38702,0.222915372570244
0.38864,0.223020647510517
0.39026,0.223125146687963
0.39188,0.223228878645908
0.3935,0.223331851802689
0.39512,0.223434074453932
0.39674,0.223535554774778
0.39836,0.223636300822062
0.39998,0.223736320536451
0.4016,0.223835621744522
0.40322,0.223934212160811
0.40484,0.224032099389804
0.40646,0.224129290927898
0.40808,0.224225794165314
0.4097,0.224321616387965
0.41132,0.224416764779296
0.41294,0.224511246422077
0.41456,0.224605068300158
0.41618,0.224698237300194
0.4178,0.224790760213327
0.41942,0.224882643736838
0.42104,0.22497389447576
0.42266,0.225064518944466
0.42428,0.225154523568214
0.4259,0.225243914684669
0.42752,0.225332698545388
0.42914,0.22542088131728
0.43076,0.225508469084032
0.43238,0.22559546784751
0.434,0.225681883529127
0.43562,0.22576772197119
0.43724,0.225852988938213
0.43886,0.225937690118212
0.44048,0.226021831123964
0.4421,0.226105417494253
0.44372,0.226188454695081
0.44534,0.226270948120861
0.44696,0.226352903095586
0.44858,0.226434324873972
0.4502,0.226515218642585
0.45182,0.226595589520937
0.45344,0.226675442562571
0.45506,0.226754782756119
0.45668,0.226833615026339
0.4583,0.226911944235134
0.45992,0.226989775182555
0.46154,0.227067112607778
0.46316,0.227143961190067
0.46478,0.227220325549719
0.4664,0.227296210248988
0.46802,0.227371619792994
0.46964,0.227446558630617
0.47126,0.227521031155368
0.47288,0.22759504170625
0.4745,0.227668594568602
0.47612,0.227741693974923
0.47774,0.227814344105685
0.47936,0.227886549090132
0.48098,0.227958313007058
0.4826,0.228029639885581
0.48422,0.228100533705891
0.48584,0.228170998399994
0.48746,0.228241037852439
0.48908,0.228310655901031
0.4907,0.228379856337529
0.49232,0.228448642908342
0.49394,0.228517019315197
0.49556,0.228584989215807
0.49718,0.228652556224525
0.4988,0.228719723912979
0.50042,0.228786495810708
0.50204,0.228852875405775
0.50366,0.228918866145378
0.50528,0.228984471436443
0.5069,0.229049694646215
0.50852,0.22911453910283
0.51014,0.229179008095884
0.51176,0.229243104876986
0.51338,0.229306832660308
0.515,0.229370194623122
0.51662,0.229433193906325
0.51824,0.229495833614962
0.51986,0.229558116818732
0.52148,0.229620046552493
0.5231,0.229681625816754
0.52472,0.229742857578159
0.52634,0.229803744769962
0.52796,0.229864290292498
0.52958,0.229924497013644
0.5312,0.229984367769269
0.53282,0.230043905363679
0.53444,0.23010311257006
0.53606,0.230161992130903
0.53768,0.230220546758429
0.5393,0.230278779135007
0.54092,0.230336691913563
0.54254,0.230394287717981
0.54416,0.230451569143502
0.54578,0.230508538757112
0.5474,0.230565199097926
0.54902,0.230621552677566
0.55064,0.230677601980531
0.55226,0.230733349464562
0.55388,0.230788797561002
0.5555,0.23084394867515
0.55712,0.230898805186607
0.55874,0.23095336944962
0.56036,0.231007643793418
0.56198,0.231061630522543
0.5636,0.231115331917178
0.56522,0.231168750233466
0.56684,0.231221887703825
0.56846,0.231274746537265
0.57008,0.231327328919685
0.5717,0.231379637014183
0.57332,0.231431672961346
0.57494,0.231483438879547
0.57656,0.231534936865229
0.57818,0.231586168993189
0.5798,0.231637137316858
0.58142,0.231687843868573
0.58304,0.23173829065985
0.58466,0.231788479681648
0.58628,0.231838412904629
0.5879,0.231888092279422
0.58952,0.23193751973687
0.59114,0.231986697188286
0.59276,0.232035626525695
0.59438,0.232084309622078
0.596,0.232132748331615
0.59762,0.232180944489912
0.59924,0.232228899914242
0.60086,0.232276616403765
0.60248,0.232324095739761
0.6041,0.232371339685846
0.60572,0.232418349988191
0.60734,0.232465128375741
0.60896,0.232511676560422
0.61058,0.232557996237353
0.6122,0.232604089085051
0.61382,0.232649956765634
0.61544,0.232695600925019
0.61706,0.232741023193122
0.61868,0.232786225184048
0.6203,0.232831208496288
0.62192,0.2328759747129
0.62354,0.232920525401702
0.62516,0.23296486211545
0.62678,0.23300898639202
0.6284,0.233052899754586
0.63002,0.233096603711797
0.63164,0.233140099757945
0.63326,0.23318338937314
0.63488,0.233226474023475
0.6365,0.233269355161195
0.63812,0.233312034224856
0.63974,0.233354512639487
0.64136,0.233396791816751
0.64298,0.233438873155099
0.6446,0.233480758039925
0.64622,0.233522447843717
0.64784,0.233563943926209
0.64946,0.233605247634528
0.65108,0.233646360303338
0.6527,0.233687283254985
0.65432,0.233728017799642
0.65594,0.233768565235442
0.65756,0.233808926848622
0.65918,0.233849103913656
0.6608,0.23388909769339
0.66242,0.233928909439174
0.66404,0.233968540390993
0.66566,0.234007991777595
0.66728,0.234047264816619
0.6689,0.234086360714718
0.67052,0.234125280667688
0.67214,0.234164025860581
0.67376,0.234202597467835
0.67538,0.234240996653387
0.677,0.234279224570789
0.67862,0.234317282363328
0.68024,0.234355171164137
0.68186,0.234392892096308
0.68348,0.234430446273003
0.6851,0.234467834797566
0.68672,0.234505058763624
0.68834,0.234542119255203
0.68996,0.234579017346826
0.69158,0.23461575410362
0.6932,0.234652330581418
0.69482,0.234688747826859
0.69644,0.234725006877491
0.69806,0.234761108761866
0.69968,0.234797054499639
0.7013,0.234832845101663
0.70292,0.234868481570086
0.70454,0.234903964898442
0.70616,0.234939296071743
0.70778,0.234974476066575
0.7094,0.23500950585118
0.71102,0.235044386385553
0.71264,0.235079118621525
0.71426,0.235113703502848
0.71588,0.235148141965287
0.7175,0.235182434936698
0.71912,0.235216583337113
0.72074,0.235250588078826
0.72236,0.235284450066469
0.72398,0.235318170197095
0.7256,0.235351749360256
0.72722,0.235385188438084
0.72884,0.235418488305364
0.73046,0.235451649829614
0.73208,0.235484673871158
0.7337,0.235517561283201
0.73532,0.235550312911904
0.73694,0.235582929596453
0.73856,0.235615412169135
0.74018,0.235647761455406
0.7418,0.235679978273962
0.74342,0.235712063436807
0.74504,0.235744017749322
0.74666,0.235775842010333
0.74828,0.235807537012176
0.7499,0.235839103540764
0.75152,0.235870542375653
0.75314,0.235901854290103
0.75476,0.235933040051143
0.75638,0.235964100419636
0.758,0.235995036150335
0.75962,0.236025847991952
0.76124,0.236056536687212
0.76286,0.236087102972915
0.76448,0.236117547579994
0.7661,0.236147871233577
0.76772,0.236178074653038
0.76934,0.236208158552062
0.77096,0.236238123638692
0.77258,0.236267970615392
0.7742,0.236297700179101
0.77582,0.236327313021281
0.77744,0.236356809827978
0.77906,0.236386191279873
0.78068,0.236415458052331
0.7823,0.236444610815456
0.78392,0.236473650234142
0.78554,0.236502576968123
0.78716,0.236531391672021
0.78878,0.2365600949954
0.7904,0.23658868758281
0.79202,0.236617170073839
0.79364,0.236645543103155
0.79526,0.236673807300563
0.79688,0.236701963291041
0.7985,0.236730011694793
0.80012,0.236757953127293
0.80174,0.236785788199326
0.80336,0.236813517517039
0.80498,0.236841141681981
0.8066,0.236868661291147
0.80822,0.236896076937022
0.80984,0.236923389207622
0.81146,0.236950598686538
0.81308,0.236977705952975
0.8147,0.237004711581796
0.81632,0.23703161614356
0.81794,0.237058420204565
0.81956,0.237085124326884
0.82118,0.237111729068409
0.8228,0.237138234982885
0.82442,0.237164642619951
0.82604,0.23719095252518
0.82766,0.237217165240111
0.82928,0.237243281302291
0.8309,0.237269301245311
0.83252,0.23729522559884
0.83414,0.237321054888664
0.83576,0.237346789636717
0.83738,0.237372430361123
0.839,0.237397977576224
0.84062,0.237423431792619
0.84224,0.237448793517195
0.84386,0.237474063253163
0.84548,0.23749924150009
0.8471,0.237524328753933
0.84872,0.237549325507068
0.85034,0.237574232248329
0.85196,0.237599049463031
0.85358,0.237623777633011
0.8552,0.237648417236652
0.85682,0.237672968748916
0.85844,0.237697432641377
0.86006,0.237721809382246
0.86168,0.237746099436408
0.8633,0.237770303265444
0.86492,0.237794421327665
0.86654,0.23781845407814
0.86816,0.237842401968724
0.86978,0.237866265448086
0.8714,0.237890044961739
0.87302,0.237913740952066
0.87464,0.237937353858346
0.87626,0.237960884116785
0.87788,0.237984332160541
0.8795,0.238007698419748
0.88112,0.238030983321547
0.88274,0.238054187290109
0.88436,0.238077310746661
0.88598,0.238100354109512
0.8876,0.238123317794079
0.88922,0.238146202212911
0.89084,0.238169007775713
0.89246,0.238191734889372
0.89408,0.23821438395798
0.8957,0.238236955382859
0.89732,0.238259449562583
0.89894,0.238281866893005
0.90056,0.238304207767275
0.90218,0.238326472575868
0.9038,0.238348661706603
0.90542,0.238370775544668
0.90704,0.238392814472641
0.90866,0.238414778870513
0.91028,0.238436669115709
0.9119,0.23845848558311
0.91352,0.238480228645072
0.91514,0.238501898671454
0.91676,0.238523496029631
0.91838,0.238545021084519
0.92,0.238566474198595
