"ResDensity","N_TraitValue"
1,0.000107414968574982
1.046,0.000110223697273926
1.092,0.000112927800186605
1.138,0.000115533016423129
1.184,0.00011804467288225
1.23,0.000120467720607369
1.276,0.000122806767361443
1.322,0.000125066106871735
1.368,0.000127249745134949
1.414,0.000129361424121803
1.46,0.000131404643176115
1.506,0.000133382678365835
1.552,0.000135298600011115
1.598,0.000137155288586674
1.644,0.000138955449171692
1.69,0.000140701624599683
1.736,0.000142396207442796
1.782,0.000144041450949305
1.828,0.000145639479039448
1.874,0.000147192295452855
1.92,0.0001487017921304
1.966,0.000150169756904204
2.012,0.000151597880561519
2.058,0.000152987763341147
2.104,0.000154340920914907
2.15,0.000155658789901122
2.196,0.000156942732952308
2.242,0.000158194043454945
2.288,0.000159413949875391
2.334,0.000160603619782645
2.38,0.000161764163575649
2.426,0.00016289663794014
2.472,0.000164002049057669
2.518,0.000165081355587281
2.564,0.00016613547143841
2.61,0.000167165268351871
2.656,0.000168171578304244
2.702,0.000169155195749605
2.748,0.000170116879711294
2.794,0.00017105735573529
2.84,0.000171977317715769
2.886,0.000172877429602486
2.932,0.000173758326998815
2.978,0.000174620618658539
3.024,0.000175464887888776
3.07,0.00017629169386586
3.116,0.000177101572870396
3.162,0.000177895039447234
3.208,0.000178672587495621
3.254,0.000179434691294402
3.3,0.000180181806466726
3.346,0.000180914370888387
3.392,0.000181632805543606
3.438,0.000182337515331768
3.484,0.000183028889828354
3.53,0.000183707304003092
3.576,0.000184373118898085
3.622,0.000185026682268513
3.668,0.000185668329188282
3.714,0.000186298382622851
3.76,0.00018691715397128
3.806,0.000187524943579426
3.852,0.000188122041226044
3.898,0.000188708726583469
3.944,0.000189285269654402
3.99,0.000189851931186232
4.036,0.000190408963064242
4.082,0.00019095660868494
4.128,0.000191495103310665
4.174,0.000192024674406575
4.22,0.000192545541961012
4.266,0.000193057918790205
4.312,0.000193562010828192
4.358,0.000194058017402787
4.404,0.000194546131498376
4.45,0.000195026540006272
4.496,0.000195499423963298
4.542,0.000195964958779251
4.588,0.00019642331445384
4.634,0.000196874655783671
4.68,0.000197319142559793
4.726,0.000197756929756313
4.772,0.000198188167710556
4.818,0.000198613002295184
4.864,0.000199031575082714
4.91,0.000199444023502815
4.956,0.000199850480992745
5.002,0.000200251077141284
5.048,0.000200645937826486
5.094,0.00020103518534755
5.14,0.000201418938551112
5.186,0.000201797312952228
5.232,0.000202170420850301
5.278,0.000202538371440203
5.324,0.000202901270918816
5.37,0.000203259222587227
5.416,0.000203612326948757
5.462,0.000203960681803044
5.508,0.000204304382336351
5.554,0.000204643521208279
5.6,0.000204978188635051
5.646,0.000205308472469523
5.692,0.000205634458278067
5.738,0.000205956229414481
5.784,0.000206273867091044
5.83,0.000206587450446851
5.876,0.000206897056613547
5.922,0.000207202760778581
5.968,0.000207504636246078
6.014,0.00020780275449544
6.06,0.000208097185237771
6.106,0.000208387996470223
6.152,0.000208675254528352
6.198,0.000208959024136559
6.244,0.000209239368456713
6.29,0.000209516349135019
6.336,0.00020979002634721
6.382,0.000210060458842131
6.428,0.000210327703983785
6.474,0.000210591817791896
6.52,0.000210852854981061
6.566,0.000211110868998533
6.612,0.000211365912060707
6.658,0.00021161803518835
6.704,0.000211867288240625
6.75,0.000212113719947964
6.796,0.000212357377943829
6.842,0.000212598308795405
6.888,0.000212836558033272
6.934,0.000213072170180087
6.98,0.000213305188778324
7.026,0.000213535656417098
7.072,0.000213763614758116
7.118,0.000213989104560784
7.164,0.000214212165706503
7.21,0.000214432837222185
7.256,0.000214651157303011
7.302,0.000214867163334479
7.348,0.000215080891913739
7.394,0.000215292378870266
7.44,0.000215501659285885
7.486,0.000215708767514172
7.532,0.000215913737199248
7.578,0.000216116601294005
7.624,0.000216317392077766
7.67,0.000216516141173404
7.716,0.000216712879563947
7.762,0.000216907637608684
7.808,0.000217100445058773
7.854,0.000217291331072402
7.9,0.000217480324229482
7.946,0.000217667452545915
7.992,0.000217852743487438
8.038,0.000218036223983061
8.084,0.000218217920438117
8.13,0.000218397858746927
8.176,0.000218576064305103
8.222,0.000218752562021497
8.268,0.000218927376329809
8.314,0.000219100531199857
8.36,0.000219272050148544
8.406,0.000219441956250495
8.452,0.00021961027214841
8.498,0.000219777020063126
8.544,0.000219942221803391
8.59,0.000220105898775375
8.636,0.000220268071991918
8.682,0.00022042876208152
8.728,0.000220587989297091
8.774,0.000220745773524458
8.82,0.000220902134290647
8.866,0.000221057090771935
8.912,0.000221210661801694
8.958,0.00022136286587802
9.004,0.000221513721171159
9.05,0.000221663245530743
9.096,0.000221811456492825
9.142,0.000221958371286738
9.188,0.000222104006841772
9.234,0.000222248379793676
9.28,0.000222391506490991
9.326,0.000222533403001229
9.372,0.000222674085116874
9.418,0.000222813568361252
9.464,0.000222951867994236
9.51,0.000223088999017812
9.556,0.000223224976181502
9.602,0.000223359813987657
9.648,0.00022349352669661
9.694,0.000223626128331704
9.74,0.000223757632684193
9.786,0.000223888053318028
9.832,0.000224017403574516
9.878,0.000224145696576874
9.924,0.000224272945234663
9.97,0.00022439916224812
10.016,0.000224524360112386
10.062,0.000224648551121626
10.108,0.000224771747373055
10.154,0.000224893960770866
10.2,0.000225015203030065
10.246,0.000225135485680213
10.292,0.000225254820069083
10.338,0.000225373217366227
10.384,0.000225490688566462
10.43,0.000225607244493275
10.476,0.000225722895802142
10.522,0.000225837652983783
10.568,0.000225951526367328
10.614,0.000226064526123418
10.66,0.000226176662267237
10.706,0.000226287944661463
10.752,0.000226398383019168
10.798,0.000226507986906639
10.844,0.00022661676574614
10.89,0.000226724728818618
10.936,0.000226831885266335
10.982,0.000226938244095454
11.028,0.000227043814178559
11.074,0.000227148604257125
11.12,0.00022725262294393
11.166,0.000227355878725412
11.212,0.000227458379963983
11.258,0.000227560134900281
11.304,0.000227661151655381
11.35,0.000227761438232954
11.396,0.000227861002521384
11.442,0.000227959852295833
11.488,0.000228057995220269
11.534,0.00022815543884944
11.58,0.000228252190630821
11.626,0.000228348257906504
11.672,0.000228443647915062
11.718,0.000228538367793361
11.764,0.000228632424578343
11.81,0.00022872582520877
11.856,0.000228818576526927
11.902,0.000228910685280296
11.948,0.00022900215812319
11.994,0.000229093001618358
12.04,0.00022918322223855
12.086,0.000229272826368062
12.132,0.000229361820304234
12.178,0.000229450210258929
12.224,0.000229538002359981
12.27,0.000229625202652604
12.316,0.000229711817100787
12.362,0.000229797851588651
12.408,0.000229883311921779
12.454,0.000229968203828524
12.5,0.000230052532961293
12.546,0.000230136304897792
12.592,0.000230219525142265
12.638,0.000230302199126696
12.684,0.000230384332211989
12.73,0.00023046592968913
12.776,0.000230546996780321
12.822,0.000230627538640097
12.868,0.000230707560356415
12.914,0.000230787066951725
12.96,0.000230866063384027
13.006,0.000230944554547894
13.052,0.000231022545275488
13.098,0.00023110004033755
13.144,0.000231177044444371
13.19,0.000231253562246749
13.236,0.000231329598336927
13.282,0.000231405157249505
13.328,0.000231480243462348
13.374,0.000231554861397468
13.42,0.000231629015421894
13.466,0.000231702709848518
13.512,0.000231775948936941
13.558,0.000231848736894284
13.604,0.000231921077875999
13.65,0.000231992975986661
13.696,0.000232064435280738
13.742,0.000232135459763362
13.788,0.000232206053391067
13.834,0.000232276220072533
13.88,0.000232345963669304
13.926,0.000232415287996493
13.972,0.000232484196823482
14.018,0.000232552693874606
14.064,0.000232620782829818
14.11,0.000232688467325356
14.156,0.000232755750954383
14.202,0.000232822637267627
14.248,0.000232889129774006
14.294,0.000232955231941239
14.34,0.000233020947196451
14.386,0.000233086278926763
14.432,0.000233151230479877
14.478,0.000233215805164647
14.524,0.000233280006251637
14.57,0.000233343836973679
14.616,0.000233407300526413
14.662,0.000233470400068818
14.708,0.000233533138723742
14.754,0.000233595519578411
14.8,0.000233657545684938
14.846,0.000233719220060822
14.892,0.000233780545689436
14.938,0.000233841525520507
14.984,0.000233902162470593
15.03,0.000233962459423542
15.076,0.000234022419230954
15.122,0.000234082044712629
15.168,0.000234141338657008
15.214,0.00023420030382161
15.26,0.000234258942933458
15.306,0.000234317258689497
15.352,0.000234375253757014
15.398,0.000234432930774037
15.444,0.000234490292349742
15.49,0.000234547341064842
15.536,0.000234604079471973
15.582,0.00023466051009608
15.628,0.000234716635434787
15.674,0.000234772457958767
15.72,0.000234827980112105
15.766,0.000234883204312654
15.812,0.000234938132952386
15.858,0.000234992768397738
15.904,0.000235047112989952
15.95,0.000235101169045407
15.996,0.000235154938855952
16.042,0.000235208424689226
16.088,0.00023526162878898
16.134,0.00023531455337539
16.18,0.000235367200645363
16.226,0.000235419572772845
16.272,0.000235471671909119
16.318,0.000235523500183098
16.364,0.000235575059701615
16.41,0.000235626352549712
16.456,0.000235677380790917
16.502,0.000235728146467522
16.548,0.000235778651600858
16.594,0.000235828898191558
16.64,0.000235878888219827
16.686,0.000235928623645697
16.732,0.000235978106409288
16.778,0.000236027338431056
16.824,0.000236076321612044
16.87,0.000236125057834126
16.916,0.000236173548960247
16.962,0.000236221796834664
17.008,0.000236269803283175
17.054,0.000236317570113351
17.1,0.000236365099114764
17.146,0.000236412392059212
17.192,0.000236459450700934
17.238,0.000236506276776832
17.284,0.000236552872006681
17.33,0.000236599238093342
17.376,0.000236645376722969
17.422,0.000236691289565212
17.468,0.000236736978273422
17.514,0.000236782444484842
17.56,0.000236827689820813
17.606,0.000236872715886958
17.652,0.000236917524273375
17.698,0.000236962116554826
17.744,0.000237006494290918
17.79,0.000237050659026289
17.836,0.000237094612290782
17.882,0.000237138355599626
17.928,0.00023718189045361
17.974,0.000237225218339251
18.02,0.000237268340728966
18.066,0.000237311259081238
18.112,0.000237353974840783
18.158,0.000237396489438706
18.204,0.000237438804292668
18.25,0.000237480920807038
18.296,0.000237522840373052
18.342,0.000237564564368963
18.388,0.000237606094160197
18.434,0.000237647431099495
18.48,0.000237688576527066
18.526,0.000237729531770728
18.572,0.000237770298146054
18.618,0.00023781087695651
18.664,0.000237851269493596
18.71,0.000237891477036981
18.756,0.00023793150085464
18.802,0.000237971342202986
18.848,0.000238011002327003
18.894,0.000238050482460374
18.94,0.00023808978382561
18.986,0.000238128907634174
19.032,0.000238167855086611
19.078,0.000238206627372664
19.124,0.0002382452256714
19.17,0.000238283651151326
19.216,0.00023832190497051
19.262,0.000238359988276695
19.308,0.000238397902207418
19.354,0.000238435647890115
19.4,0.000238473226442242
19.446,0.000238510638971379
19.492,0.000238547886575342
19.538,0.000238584970342288
19.584,0.000238621891350824
19.63,0.000238658650670109
19.676,0.000238695249359957
19.722,0.000238731688470943
19.768,0.000238767969044496
19.814,0.000238804092113007
19.86,0.000238840058699919
19.906,0.00023887586981983
19.952,0.000238911526478584
19.998,0.000238947029673368
20.044,0.000238982380392803
20.09,0.000239017579617036
20.136,0.000239052628317833
20.182,0.000239087527458664
20.228,0.000239122277994796
20.274,0.000239156880873377
20.32,0.000239191337033523
20.366,0.000239225647406404
20.412,0.000239259812915326
20.458,0.000239293834475815
20.504,0.000239327712995698
20.55,0.000239361449375186
20.596,0.000239395044506949
20.642,0.0002394284992762
20.688,0.00023946181456077
20.734,0.000239494991231185
20.78,0.000239528030150743
20.826,0.000239560932175586
20.872,0.000239593698154778
20.918,0.000239626328930375
20.964,0.000239658825337498
21.01,0.000239691188204405
21.056,0.000239723418352559
21.102,0.000239755516596701
21.148,0.000239787483744917
21.194,0.000239819320598704
21.24,0.00023985102795304
21.286,0.000239882606596448
21.332,0.000239914057311063
21.378,0.000239945380872695
21.424,0.000239976578050895
21.47,0.000240007649609015
21.516,0.000240038596304271
21.562,0.000240069418887809
21.608,0.000240100118104759
21.654,0.000240130694694298
21.7,0.000240161149389712
21.746,0.000240191482918451
21.792,0.000240221696002186
21.838,0.000240251789356871
21.884,0.000240281763692796
21.93,0.000240311619714644
21.976,0.000240341358121544
22.022,0.00024037097960713
22.068,0.000240400484859592
22.114,0.000240429874561728
22.16,0.000240459149391001
22.206,0.000240488310019586
22.252,0.000240517357114425
22.298,0.000240546291337278
22.344,0.000240575113344769
22.39,0.000240603823788442
22.436,0.000240632423314804
22.482,0.000240660912565378
22.528,0.000240689292176749
22.574,0.000240717562780611
22.62,0.000240745725003816
22.666,0.000240773779468417
22.712,0.000240801726791718
22.758,0.000240829567586313
22.804,0.00024085730246014
22.85,0.000240884932016517
22.896,0.000240912456854188
22.942,0.000240939877567368
22.988,0.000240967194745786
23.034,0.000240994408974723
23.08,0.000241021520835061
23.126,0.000241048530903316
23.172,0.000241075439751685
23.218,0.000241102247948085
23.264,0.000241128956056191
23.31,0.000241155564635477
23.356,0.000241182074241257
23.402,0.000241208485424718
23.448,0.000241234798732965
23.494,0.000241261014709054
23.54,0.000241287133892032
23.586,0.000241313156816971
23.632,0.000241339084015008
23.678,0.000241364916013379
23.724,0.000241390653335456
23.77,0.00024141629650078
23.816,0.000241441846025098
23.862,0.0002414673024204
23.908,0.000241492666194946
23.954,0.000241517937853306
24,0.000241543117896394
