"ResDensity","N_TraitValue"
1024.1355,1.8312150656579
3719.887229,3.86711086329655
6415.638958,4.7015034969724
9111.390687,5.15566880214851
11807.142416,5.44127871529431
14502.894145,5.63748066739034
17198.645874,5.78057550886516
19894.397603,5.88955512839103
22590.149332,5.97532021794138
25285.901061,6.04457442199826
27981.65279,6.10166693961082
30677.404519,6.1495427470387
33373.156248,6.19026699529769
36068.907977,6.22533074039353
38764.659706,6.25583747207507
41460.411435,6.28262135420182
44156.163164,6.30632466657856
46851.914893,6.32744997879458
49547.666622,6.34639617859827
52243.418351,6.36348389792959
54939.17008,6.37897380646373
57634.921809,6.3930800026722
60330.673538,6.40597996965121
63026.425267,6.41782208168268
65722.176996,6.42873133681771
68417.928725,6.43881378605284
71113.680454,6.44815999222115
73809.432183,6.45684775784637
76505.183912,6.46494429608207
79200.935641,6.47250797301973
81896.68737,6.47958971695411
84592.439099,6.48623416658423
87288.190828,6.49248061288223
89983.942557,6.49836377662982
92679.694286,6.50391445412759
95375.446015,6.50916005643633
98071.197744,6.51412506208336
100766.949473,6.51883139901308
103462.701202,6.52329876835614
106158.452931,6.5275449201008
108854.20466,6.5315858888013
111549.956389,6.53543619592245
114245.708118,6.53910902420331
116941.459847,6.54261636845216
119637.211576,6.54596916640789
122332.963305,6.54917741267554
125028.715034,6.55225025823626
127724.466763,6.55519609761851
130420.218492,6.5580226454793
133115.970221,6.56073700406654
135811.72195,6.56334572280484
138507.473679,6.5658548510569
141203.225408,6.56826998495558
143898.977137,6.5705963090695
146594.728866,6.57283863355529
149290.480595,6.57500142735664
151986.232324,6.57708884793244
154681.984053,6.57910476793008
157377.735782,6.5810527991639
160073.487511,6.58293631421136
162769.23924,6.58475846589834
165464.990969,6.5865222049106
168160.742698,6.58823029573819
170856.494427,6.58988533113415
173552.246156,6.59148974524648
176247.997885,6.59304582556326
178943.749614,6.59455572379425
181639.501343,6.59602146579788
184335.253072,6.59744496064972
187031.004801,6.59882800893805
189726.75653,6.60017231036221
192422.508259,6.60147947070111
195118.259988,6.60275100821206
197814.011717,6.60398835951347
200509.763446,6.60519288499934
203205.515175,6.60636587382856
205901.266904,6.60750854852725
208597.018633,6.60862206923893
211292.770362,6.60970753765345
213988.522091,6.61076600064265
216684.27382,6.61179845362804
219380.025549,6.61280584370319
222075.777278,6.61378907253149
224771.529007,6.61474899903784
227467.280736,6.61568644191125
230163.032465,6.61660218193359
232858.784194,6.61749696414849
235554.535923,6.61837149988295
238250.287652,6.61922646863334
240946.039381,6.62006251982608
243641.79111,6.62088027446292
246337.542839,6.62168032665915
249033.294568,6.62246324508313
251729.046297,6.62322957430429
254424.798026,6.6239798360563
257120.549755,6.62471453042165
259816.301484,6.6254341369432
262512.053213,6.62613911566801
265207.804942,6.62682990812814
267903.556671,6.62750693826275
270599.3084,6.62817061328577
273295.060129,6.62882132450258
275990.811858,6.62945944807942
278686.563587,6.63008534576849
281382.315316,6.63069936559183
284078.067045,6.63130184248655
286773.818774,6.6318930989141
289469.570503,6.63247344543579
292165.322232,6.63304318125668
294861.073961,6.63360259473999
297556.82569,6.63415196389375
300252.577419,6.63469155683148
302948.329148,6.63522163220853
305644.080877,6.63574243963546
308339.832606,6.63625422007001
311035.584335,6.63675720618876
313731.336064,6.63725162273993
316427.087793,6.63773768687815
319122.839522,6.63821560848255
321818.591251,6.63868559045884
324514.34298,6.63914782902664
327210.094709,6.63960251399256
329905.846438,6.64004982901009
332601.598167,6.64048995182694
335297.349896,6.64092305452056
337993.101625,6.64134930372239
340688.853354,6.6417688608317
343384.605083,6.64218188221928
346080.356812,6.6425885194218
348776.108541,6.64298891932717
351471.86027,6.64338322435145
354167.611999,6.64377157260775
356863.363728,6.64415409806748
359559.115457,6.64453093071452
362254.867186,6.64490219669241
364950.618915,6.64526801844517
367646.370644,6.64562851485194
370342.122373,6.64598380135577
373037.874102,6.64633399008686
375733.625831,6.64667918998059
378429.37756,6.64701950689047
381125.129289,6.64735504369635
383820.881018,6.64768590040814
386516.632747,6.64801217426518
389212.384476,6.64833395983151
391908.136205,6.64865134908727
394603.887934,6.64896443151634
397299.639663,6.64927329419044
399995.391392,6.64957802184992
402691.143121,6.64987869698118
405386.89485,6.6501753998912
408082.646579,6.65046820877899
410778.398308,6.65075719980435
413474.150037,6.65104244715385
416169.901766,6.6513240231044
418865.653495,6.65160199808424
421561.405224,6.6518764407317
424257.156953,6.65214741795169
426952.908682,6.65241499497009
429648.660411,6.6526792353861
432344.41214,6.6529402012226
435040.163869,6.65319795297473
437735.915598,6.6534525496566
440431.667327,6.65370404884638
443127.419056,6.65395250672966
445823.170785,6.65419797814136
448518.922514,6.654440516606
451214.674243,6.65468017437668
453910.425972,6.65491700247258
456606.177701,6.65515105071514
459301.92943,6.65538236776305
461997.681159,6.65561100114598
464693.432888,6.65583699729706
467389.184617,6.65606040158442
470084.936346,6.65628125834148
472780.688075,6.65649961089629
475476.439804,6.65671550159993
478172.191533,6.65692897185379
480867.943262,6.65714006213614
483563.694991,6.65734881202763
486259.44672,6.65755526023612
488955.198449,6.65775944462053
491650.950178,6.65796140221402
494346.701907,6.65816116924639
497042.453636,6.65835878116573
499738.205365,6.65855427265941
502433.957094,6.65874767767435
505129.708823,6.65893902943667
507825.460552,6.65912836047078
510521.212281,6.65931570261772
513216.96401,6.65950108705308
515912.715739,6.65968454430428
518608.467468,6.65986610426729
521304.219197,6.66004579622292
523999.970926,6.66022364885255
526695.722655,6.66039969025338
529391.474384,6.66057394795322
532087.226113,6.66074644892487
534782.977842,6.6609172196
537478.729571,6.6610862858827
540174.4813,6.66125367316253
542870.233029,6.66141940632726
545565.984758,6.6615835097752
548261.736487,6.66174600742716
550957.488216,6.66190692273811
553653.239945,6.66206627870842
556348.991674,6.66222409789485
559044.743403,6.66238040242119
561740.495132,6.66253521398858
564436.246861,6.66268855388559
567131.99859,6.66284044299794
569827.750319,6.66299090181802
572523.502048,6.66313995045406
575219.253777,6.66328760863914
577915.005506,6.66343389573987
580610.757235,6.66357883076486
583306.508964,6.66372243237296
586002.260693,6.66386471888127
588698.012422,6.66400570827292
591393.764151,6.66414541820464
594089.51588,6.66428386601417
596785.267609,6.66442106872738
599481.019338,6.66455704306529
602176.771067,6.66469180545082
604872.522796,6.66482537201548
607568.274525,6.6649577586057
610264.026254,6.66508898078921
612959.777983,6.66521905386105
615655.529712,6.66534799284956
618351.281441,6.66547581252216
621047.03317,6.66560252739099
623742.784899,6.6657281517184
626438.536628,6.6658526995223
629134.288357,6.66597618458136
631830.040086,6.66609862044012
634525.791815,6.66622002041395
637221.543544,6.66634039759381
639917.295273,6.66645976485105
642613.047002,6.66657813484191
645308.798731,6.66669552001206
648004.55046,6.66681193260093
650700.302189,6.66692738464596
653396.053918,6.66704188798677
656091.805647,6.6671554542692
658787.557376,6.66726809494924
661483.309105,6.66737982129692
664179.060834,6.66749064440001
666874.812563,6.66760057516777
669570.564292,6.66770962433445
672266.316021,6.66781780246284
674962.06775,6.66792511994764
677657.819479,6.66803158701882
680353.571208,6.66813721374487
683049.322937,6.66824201003594
685745.074666,6.66834598564698
688440.826395,6.66844915018075
691136.578124,6.66855151309076
693832.329853,6.6686530836842
696528.081582,6.66875387112471
699223.833311,6.66885388443519
701919.58504,6.66895313250042
704615.336769,6.66905162406979
707311.088498,6.66914936775978
710006.840227,6.66924637205651
712702.591956,6.66934264531822
715398.343685,6.6694381957776
718094.095414,6.66953303154424
720789.847143,6.66962716060683
723485.598872,6.66972059083544
726181.350601,6.66981332998374
728877.10233,6.66990538569109
731572.854059,6.66999676548468
734268.605788,6.67008747678158
736964.357517,6.6701775268907
739660.109246,6.67026692301483
742355.860975,6.6703556722525
745051.612704,6.67044378159986
747747.364433,6.67053125795257
750443.116162,6.67061810810755
753138.867891,6.67070433876475
755834.61962,6.67078995652888
758530.371349,6.6708749679111
761226.123078,6.67095937933068
763921.874807,6.67104319711657
766617.626536,6.67112642750903
769313.378265,6.67120907666118
772009.129994,6.67129115064046
774704.881723,6.67137265543018
777400.633452,6.67145359693095
780096.385181,6.67153398096209
782792.13691,6.67161381326303
785487.888639,6.67169309949471
788183.640368,6.67177184524084
790879.392097,6.67185005600933
793575.143826,6.67192773723344
796270.895555,6.67200489427314
798966.647284,6.6720815324163
801662.399013,6.67215765687989
804358.150742,6.67223327281121
807053.902471,6.67230838528899
809749.6542,6.67238299932456
812445.405929,6.67245711986298
815141.157658,6.67253075178407
817836.909387,6.67260389990357
820532.661116,6.67267656897412
823228.412845,6.67274876368632
825924.164574,6.67282048866972
828619.916303,6.67289174849384
831315.668032,6.6729625476691
834011.419761,6.67303289064783
836707.17149,6.67310278182511
839402.923219,6.67317222553981
842098.674948,6.67324122607536
844794.426677,6.67330978766073
847490.178406,6.67337791447125
850185.930135,6.67344561062944
852881.681864,6.67351288020589
855577.433593,6.67357972722003
858273.185322,6.67364615564097
860968.937051,6.67371216938827
863664.68878,6.67377777233267
866360.440509,6.67384296829692
869056.192238,6.67390776105647
871751.943967,6.67397215434024
874447.695696,6.67403615183127
877143.447425,6.67409975716749
879839.199154,6.67416297394238
882534.950883,6.67422580570565
885230.702612,6.67428825596389
887926.454341,6.67435032818125
890622.20607,6.67441202578005
893317.957799,6.67447335214146
896013.709528,6.67453431060604
898709.461257,6.67459490447442
901405.212986,6.67465513700784
904100.964715,6.67471501142879
906796.716444,6.67477453092154
909492.468173,6.67483369863271
912188.219902,6.67489251767185
914883.971631,6.67495099111196
917579.72336,6.67500912199004
920275.475089,6.6750669133076
922971.226818,6.6751243680312
925666.978547,6.67518148909294
928362.730276,6.67523827939095
931058.482005,6.67529474178991
933754.233734,6.67535087912152
936449.985463,6.67540669418493
939145.737192,6.6754621897473
941841.488921,6.67551736854414
944537.24065,6.67557223327988
947232.992379,6.6756267866282
949928.744108,6.67568103123256
952624.495837,6.67573496970654
955320.247566,6.67578860463435
958015.999295,6.67584193857115
960711.751024,6.67589497404354
963407.502753,6.6759477135499
966103.254482,6.6760001595608
968799.006211,6.67605231451941
971494.75794,6.67610418084183
974190.509669,6.67615576091751
976886.261398,6.6762070571096
979582.013127,6.6762580717553
982277.764856,6.67630880716622
984973.516585,6.67635926562875
987669.268314,6.67640944940436
990365.020043,6.67645936073
993060.771772,6.67650900181838
995756.523501,6.67655837485829
998452.27523,6.67660748201499
1001148.026959,6.67665632543045
1003843.778688,6.67670490722371
1006539.530417,6.67675322949115
1009235.282146,6.67680129430684
1011931.033875,6.67684910372279
1014626.785604,6.67689665976927
1017322.537333,6.67694396445506
1020018.289062,6.67699101976781
1022714.040791,6.67703782767422
1025409.79252,6.6770843901204
1028105.544249,6.67713070903208
1030801.295978,6.67717678631491
1033497.047707,6.6772226238547
1036192.799436,6.6772682235177
1038888.551165,6.67731358715083
1041584.302894,6.67735871658193
1044280.054623,6.67740361362005
1046975.806352,6.67744828005561
1049671.558081,6.67749271766072
1052367.30981,6.67753692818938
1055063.061539,6.67758091337767
1057758.813268,6.67762467494407
1060454.564997,6.67766821458959
1063150.316726,6.67771153399806
1065846.068455,6.67775463483629
1068541.820184,6.67779751875434
1071237.571913,6.67784018738568
1073933.323642,6.67788264234744
1076629.075371,6.67792488524059
1079324.8271,6.67796691765013
1082020.578829,6.67800874114532
1084716.330558,6.67805035727985
1087412.082287,6.67809176759205
1090107.834016,6.67813297360506
1092803.585745,6.67817397682705
1095499.337474,6.67821477875136
1098195.089203,6.6782553808567
1100890.840932,6.67829578460736
1103586.592661,6.67833599145332
1106282.34439,6.6783760028305
1108978.096119,6.67841582016087
1111673.847848,6.67845544485264
1114369.599577,6.67849487830044
1117065.351306,6.67853412188545
1119761.103035,6.6785731769756
1122456.854764,6.67861204492571
1125152.606493,6.67865072707763
1127848.358222,6.67868922476044
1130544.109951,6.67872753929054
1133239.86168,6.67876567197186
1135935.613409,6.67880362409598
1138631.365138,6.67884139694225
1141327.116867,6.67887899177801
1144022.868596,6.67891640985864
1146718.620325,6.67895365242776
1149414.372054,6.67899072071736
1152110.123783,6.6790276159479
1154805.875512,6.6790643393285
1157501.627241,6.67910089205702
1160197.37897,6.67913727532023
1162893.130699,6.67917349029392
1165588.882428,6.679209538143
1168284.634157,6.6792454200217
1170980.385886,6.6792811370736
1173676.137615,6.67931669043184
1176371.889344,6.67935208121915
1179067.641073,6.67938731054807
1181763.392802,6.67942237952096
1184459.144531,6.6794572892302
1187154.89626,6.67949204075827
1189850.647989,6.67952663517784
1192546.399718,6.67956107355192
1195242.151447,6.67959535693395
1197937.903176,6.67962948636792
1200633.654905,6.67966346288844
1203329.406634,6.67969728752088
1206025.158363,6.67973096128147
1208720.910092,6.67976448517739
1211416.661821,6.67979786020688
1214112.41355,6.67983108735932
1216808.165279,6.67986416761536
1219503.917008,6.67989710194699
1222199.668737,6.67992989131763
1224895.420466,6.67996253668226
1227591.172195,6.67999503898748
1230286.923924,6.68002739917161
1232982.675653,6.68005961816479
1235678.427382,6.68009169688904
1238374.179111,6.68012363625841
1241069.93084,6.68015543717898
1243765.682569,6.68018710054902
1246461.434298,6.68021862725903
1249157.186027,6.68025001819186
1251852.937756,6.68028127422275
1254548.689485,6.68031239621945
1257244.441214,6.68034338504227
1259940.192943,6.68037424154419
1262635.944672,6.6804049665709
1265331.696401,6.68043556096091
1268027.44813,6.68046602554563
1270723.199859,6.6804963611494
1273418.951588,6.68052656858961
1276114.703317,6.68055664867676
1278810.455046,6.68058660221452
1281506.206775,6.68061642999983
1284201.958504,6.68064613282294
1286897.710233,6.68067571146748
1289593.461962,6.68070516671058
1292289.213691,6.68073449932285
1294984.96542,6.68076371006854
1297680.717149,6.68079279970553
1300376.468878,6.68082176898545
1303072.220607,6.68085061865372
1305767.972336,6.6808793494496
1308463.724065,6.68090796210629
1311159.475794,6.68093645735098
1313855.227523,6.68096483590487
1316550.979252,6.68099309848329
1319246.730981,6.68102124579574
1321942.48271,6.68104927854592
1324638.234439,6.68107719743185
1327333.986168,6.68110500314585
1330029.737897,6.68113269637467
1332725.489626,6.6811602777995
1335421.241355,6.68118774809604
1338116.993084,6.68121510793456
1340812.744813,6.68124235797996
1343508.496542,6.6812694988918
1346204.248271,6.68129653132437
1348900,6.68132345592674
