"ResDensity","N_TraitValue"
3,0.000455931366476755
3.616,0.000549345577575988
4.232,0.000642690564437208
4.848,0.000735966403979442
5.464,0.000829173173007803
6.08,0.000922310948213695
6.696,0.00101537980617503
7.312,0.00110837982335643
7.928,0.00120131107610945
8.544,0.00129417364067277
9.16,0.0013869675931724
9.776,0.00147969300962193
10.392,0.00157234996592267
11.008,0.00166493853786393
11.624,0.00175745880112316
12.24,0.0018499108312662
12.856,0.00194229470374748
13.472,0.00203461049391021
14.088,0.00212685827698658
14.704,0.002219038128098
15.32,0.00231115012225526
15.936,0.00240319433435877
16.552,0.00249517083919875
17.168,0.0025870797114554
17.784,0.00267892102569918
18.4,0.00277069485639091
19.016,0.00286240127788206
19.632,0.00295404036441492
20.248,0.00304561219012277
20.864,0.00313711682903012
21.48,0.0032285543550529
22.096,0.00331992484199864
22.712,0.00341122836356671
23.328,0.00350246499334845
23.944,0.00359363480482745
24.56,0.00368473787137968
25.176,0.00377577426627372
25.792,0.00386674406267095
26.408,0.00395764733362575
27.024,0.00404848415208568
27.64,0.00413925459089171
28.256,0.00422995872277835
28.872,0.00432059662037393
29.488,0.00441116835620071
30.104,0.00450167400267514
30.72,0.00459211363210801
31.336,0.00468248731670468
31.952,0.00477279512856521
32.568,0.00486303713968463
33.184,0.00495321342195307
33.8,0.00504332404715598
34.416,0.00513336908697433
35.032,0.00522334861298476
35.648,0.00531326269665982
36.264,0.0054031114093681
36.88,0.00549289482237449
37.496,0.00558261300684029
38.112,0.00567226603382348
38.728,0.00576185397427884
39.344,0.00585137689905817
39.96,0.00594083487891048
40.576,0.00603022798448215
41.192,0.00611955628631713
41.808,0.00620881985485716
42.424,0.00629801876044189
43.04,0.00638715307330911
43.656,0.00647622286359492
44.272,0.00656522820133393
44.888,0.00665416915645941
45.504,0.00674304579880351
46.12,0.00683185819809741
46.736,0.00692060642397152
47.352,0.00700929054595569
47.968,0.00709791063347931
48.584,0.00718646675587159
49.2,0.00727495898236168
49.816,0.00736338738207884
50.432,0.00745175202405268
51.048,0.00754005297721328
51.664,0.0076282903103914
52.28,0.00771646409231866
52.896,0.00780457439162769
53.512,0.00789262127685236
54.128,0.00798060481642789
54.744,0.00806852507869109
55.36,0.0081563821318805
55.976,0.00824417604413658
56.592,0.00833190688350187
57.208,0.00841957471792121
57.824,0.00850717961524185
58.44,0.00859472164321367
59.056,0.00868220086948937
59.672,0.00876961736162457
60.288,0.00885697118707807
60.904,0.00894426241321198
61.52,0.00903149110729188
62.136,0.00911865733648704
62.752,0.00920576116787053
63.368,0.00929280266841945
63.984,0.00937978190501508
64.6,0.00946669894444304
65.216,0.00955355385339345
65.832,0.00964034669846117
66.448,0.00972707754614588
67.064,0.00981374646285229
67.68,0.00990035351489034
68.296,0.00998689876847532
68.912,0.0100733822897281
69.528,0.0101598041446751
70.144,0.0102461643992488
70.76,0.0103324631192877
71.376,0.0104187003705364
71.992,0.0105048762186459
72.608,0.0105909907291739
73.224,0.0106770439675846
73.84,0.0107630359992492
74.456,0.0108489668894458
75.072,0.01093483670336
75.688,0.0110206455060845
76.304,0.0111063933626195
76.92,0.0111920803378732
77.536,0.0112777064966613
78.152,0.0113632719037079
78.768,0.0114487766236449
79.384,0.0115342207210129
80,0.0116196042602608
80.616,0.0117049273057462
81.232,0.0117901899217356
81.848,0.0118753921724044
82.464,0.0119605341218374
83.08,0.0120456158340285
83.696,0.0121306373728811
84.312,0.0122155988022083
84.928,0.0123005001857329
85.544,0.0123853415870879
86.16,0.0124701230698161
86.776,0.0125548446973708
87.392,0.0126395065331158
88.008,0.0127241086403252
88.624,0.012808651082184
89.24,0.0128931339217883
89.856,0.012977557222145
90.472,0.0130619210461723
91.088,0.0131462254566999
91.704,0.0132304705164688
92.32,0.0133146562881319
92.936,0.0133987828342538
93.552,0.0134828502173113
94.168,0.0135668584996932
94.784,0.0136508077437006
95.4,0.0137346980115471
96.016,0.0138185293653589
96.632,0.0139023018671751
97.248,0.0139860155789474
97.864,0.0140696705625411
98.48,0.0141532668797342
99.096,0.0142368045922183
99.712,0.0143202837615987
100.328,0.014403704449394
100.944,0.0144870667170371
101.56,0.0145703706258745
102.176,0.014653616237167
102.792,0.0147368036120897
103.408,0.0148199328117321
104.024,0.0149030038970983
104.64,0.014986016929107
105.256,0.0150689719685922
105.872,0.0151518690763023
106.488,0.0152347083129015
107.104,0.015317489738969
107.72,0.0154002134149994
108.336,0.0154828794014032
108.952,0.0155654877585065
109.568,0.0156480385465514
110.184,0.0157305318256959
110.8,0.0158129676560143
111.416,0.0158953460974975
112.032,0.0159776672100525
112.648,0.0160599310535032
113.264,0.0161421376875902
113.88,0.0162242871719711
114.496,0.0163063795662205
115.112,0.0163884149298303
115.728,0.0164703933222097
116.344,0.0165523148026856
116.96,0.0166341794305022
117.576,0.0167159872648218
118.192,0.0167977383647245
118.808,0.0168794327892087
119.424,0.0169610705971907
120.04,0.0170426518475053
120.656,0.0171241765989059
121.272,0.0172056449100645
121.888,0.0172870568395718
122.504,0.0173684124459375
123.12,0.0174497117875905
123.736,0.0175309549228786
124.352,0.0176121419100693
124.968,0.0176932728073493
125.584,0.017774347672825
126.2,0.0178553665645228
126.816,0.0179363295403887
127.432,0.018017236658289
128.048,0.0180980879760098
128.664,0.0181788835512579
129.28,0.0182596234416605
129.896,0.0183403077047652
130.512,0.0184209363980405
131.128,0.0185015095788757
131.744,0.0185820273045811
132.36,0.0186624896323882
132.976,0.0187428966194497
133.592,0.0188232483228397
134.208,0.0189035447995539
134.824,0.0189837861065097
135.44,0.0190639723005462
136.056,0.0191441034384246
136.672,0.0192241795768281
137.288,0.019304200772362
137.904,0.0193841670815543
138.52,0.019464078560855
139.136,0.0195439352666372
139.752,0.0196237372551963
140.368,0.0197034845827509
140.984,0.0197831773054425
141.6,0.0198628154793358
142.216,0.0199423991604186
142.832,0.0200219284046023
143.448,0.0201014032677218
144.064,0.0201808238055356
144.68,0.020260190073726
145.296,0.0203395021278993
145.912,0.0204187600235858
146.528,0.02049796381624
147.144,0.0205771135612408
147.76,0.0206562093138914
148.376,0.0207352511294196
148.992,0.0208142390629781
149.608,0.0208931731696441
150.224,0.02097205350442
150.84,0.0210508801222334
151.456,0.0211296530779367
152.072,0.021208372426308
152.688,0.0212870382220507
153.304,0.0213656505197939
153.92,0.0214442093740924
154.536,0.0215227148394268
155.152,0.0216011669702036
155.768,0.0216795658207557
156.384,0.0217579114453418
157,0.0218362038981473
157.616,0.0219144432332839
158.232,0.02199262950479
158.848,0.0220707627666307
159.464,0.0221488430726978
160.08,0.0222268704768103
160.696,0.0223048450327141
161.312,0.0223827667940825
161.928,0.0224606358145161
162.544,0.0225384521475428
163.16,0.0226162158466182
163.776,0.0226939269651257
164.392,0.0227715855563765
165.008,0.0228491916736096
165.624,0.0229267453699923
166.24,0.0230042466986198
166.856,0.023081695712516
167.472,0.023159092464633
168.088,0.0232364370078514
168.704,0.0233137293949807
169.32,0.0233909696787591
169.936,0.0234681579118536
170.552,0.0235452941468604
171.168,0.0236223784363049
171.784,0.0236994108326415
172.4,0.0237763913882544
173.016,0.023853320155457
173.632,0.0239301971864925
174.248,0.0240070225335337
174.864,0.0240837962486835
175.48,0.0241605183839746
176.096,0.0242371889913698
176.712,0.0243138081227623
177.328,0.0243903758299755
177.944,0.0244668921647634
178.56,0.0245433571788102
179.176,0.0246197709237314
179.792,0.0246961334510727
180.408,0.0247724448123112
181.024,0.0248487050588546
181.64,0.0249249142420423
182.256,0.0250010724131444
182.872,0.0250771796233628
183.488,0.0251532359238306
184.104,0.0252292413656129
184.72,0.025305195999706
185.336,0.0253810998770386
185.952,0.0254569530484709
186.568,0.0255327555647954
187.184,0.0256085074767369
187.8,0.0256842088349521
188.416,0.0257598596900305
189.032,0.025835460092494
189.648,0.025911010092797
190.264,0.0259865097413268
190.88,0.0260619590884035
191.496,0.0261373581842803
192.112,0.0262127070791432
192.728,0.0262880058231117
193.344,0.0263632544662384
193.96,0.0264384530585094
194.576,0.0265136016498443
195.192,0.0265887002900963
195.808,0.0266637490290525
196.424,0.0267387479164337
197.04,0.0268136970018948
197.656,0.0268885963350245
198.272,0.0269634459653461
198.888,0.0270382459423168
199.504,0.0271129963153285
200.12,0.0271876971337074
200.736,0.0272623484467145
201.352,0.0273369503035455
201.968,0.0274115027533307
202.584,0.0274860058451357
203.2,0.0275604596279609
203.816,0.0276348641507419
204.432,0.0277092194623497
205.048,0.0277835256115906
205.664,0.0278577826472063
206.28,0.0279319906178742
206.896,0.0280061495722073
207.512,0.0280802595587545
208.128,0.0281543206260006
208.744,0.0282283328223662
209.36,0.0283022961962084
209.976,0.0283762107958202
210.592,0.028450076669431
211.208,0.0285238938652068
211.824,0.0285976624312499
212.44,0.0286713824155994
213.056,0.0287450538662311
213.672,0.0288186768310577
214.288,0.0288922513579287
214.904,0.0289657774946308
215.52,0.0290392552888879
216.136,0.029112684788361
216.752,0.0291860660406486
217.368,0.0292593990932867
217.984,0.0293326839937486
218.6,0.0294059207894457
219.216,0.0294791095277269
219.832,0.029552250255879
220.448,0.0296253430211268
221.064,0.0296983878706333
221.68,0.0297713848514995
222.296,0.0298443340107648
222.912,0.029917235395407
223.528,0.0299900890523423
224.144,0.0300628950284256
224.76,0.0301356533704504
225.376,0.030208364125149
225.992,0.0302810273391927
226.608,0.0303536430591916
227.224,0.030426211331695
227.84,0.0304987322031914
228.456,0.0305712057201086
229.072,0.0306436319288137
229.688,0.0307160108756133
230.304,0.0307883426067538
230.92,0.0308606271684209
231.536,0.0309328646067405
232.152,0.031005054967778
232.768,0.031077198297539
233.384,0.0311492946419691
234,0.0312213440469541
234.616,0.0312933465583202
235.232,0.0313653022218336
235.848,0.0314372110832013
236.464,0.0315090731880708
237.08,0.0315808885820302
237.696,0.0316526573106084
238.312,0.031724379419275
238.928,0.0317960549534407
239.544,0.0318676839584573
240.16,0.0319392664796176
240.776,0.0320108025621556
241.392,0.0320822922512468
242.008,0.032153735592008
242.624,0.0322251326294976
243.24,0.0322964834087155
243.856,0.0323677879746033
244.472,0.0324390463720447
245.088,0.0325102586458648
245.704,0.0325814248408311
246.32,0.032652545001653
246.936,0.0327236191729822
247.552,0.0327946473994125
248.168,0.0328656297254803
248.784,0.0329365661956641
249.4,0.0330074568543853
250.016,0.0330783017460077
250.632,0.0331491009148381
251.248,0.0332198544051259
251.864,0.0332905622610635
252.48,0.0333612245267862
253.096,0.0334318412463727
253.712,0.0335024124638445
254.328,0.0335729382231667
254.944,0.0336434185682477
255.56,0.0337138535429393
256.176,0.0337842431910368
256.792,0.0338545875562794
257.408,0.0339248866823499
258.024,0.0339951406128748
258.64,0.0340653493914247
259.256,0.0341355130615141
259.872,0.0342056316666019
260.488,0.0342757052500907
261.104,0.0343457338553277
261.72,0.0344157175256044
262.336,0.0344856563041569
262.952,0.0345555502341655
263.568,0.0346253993587556
264.184,0.0346952037209969
264.8,0.0347649633639041
265.416,0.034834678330437
266.032,0.0349043486634999
266.648,0.0349739744059427
267.264,0.0350435556005602
267.88,0.0351130922900925
268.496,0.0351825845172249
269.112,0.0352520323245885
269.728,0.0353214357547595
270.344,0.03539079485026
270.96,0.0354601096535577
271.576,0.035529380207066
272.192,0.0355986065531442
272.808,0.0356677887340977
273.424,0.0357369267921777
274.04,0.0358060207695817
274.656,0.0358750707084534
275.272,0.0359440766508826
275.888,0.0360130386389058
276.504,0.0360819567145057
277.12,0.0361508309196116
277.736,0.0362196612960995
278.352,0.0362884478857922
278.968,0.0363571907304591
279.584,0.0364258898718166
280.2,0.0364945453515281
280.816,0.036563157211204
281.432,0.0366317254924019
282.048,0.0367002502366266
282.664,0.0367687314853302
283.28,0.0368371692799122
283.896,0.0369055636617195
284.512,0.0369739146720467
285.128,0.0370422223521361
285.744,0.0371104867431774
286.36,0.0371787078863084
286.976,0.0372468858226148
287.592,0.0373150205931301
288.208,0.0373831122388359
288.824,0.0374511608006621
289.44,0.0375191663194866
290.056,0.0375871288361357
290.672,0.0376550483913842
291.288,0.0377229250259552
291.904,0.0377907587805204
292.52,0.0378585496957
293.136,0.0379262978120633
293.752,0.0379940031701279
294.368,0.0380616658103607
294.984,0.0381292857731772
295.6,0.0381968630989421
296.216,0.0382643978279693
296.832,0.0383318900005218
297.448,0.0383993396568117
298.064,0.0384667468370009
298.68,0.0385341115812001
299.296,0.0386014339294702
299.912,0.0386687139218212
300.528,0.0387359515982129
301.144,0.0388031469985549
301.76,0.0388703001627067
302.376,0.0389374111304775
302.992,0.0390044799416267
303.608,0.0390715066358636
304.224,0.0391384912528477
304.84,0.0392054338321888
305.456,0.0392723344134469
306.072,0.0393391930361324
306.688,0.0394060097397062
307.304,0.0394727845635797
307.92,0.0395395175471148
308.536,0.0396062087296243
309.152,0.0396728581503717
309.768,0.0397394658485712
310.384,0.0398060318633881
311,0.0398725562339386
