"ResDensity","N_TraitValue"
10,0.000194286188832308
10.38,0.000198155039595769
10.76,0.000201891372263957
11.14,0.000205501880822459
11.52,0.000208992815871487
11.9,0.000212370020738191
12.28,0.000215638964116068
12.66,0.000218804769614971
13.04,0.000221872242557571
13.42,0.000224845894317046
13.8,0.000227729964455243
14.18,0.000230528440889779
14.56,0.000233245078291842
14.94,0.000235883414893167
15.32,0.000238446787860382
15.7,0.000240938347377222
16.08,0.000243361069559535
16.46,0.000245717768314415
16.84,0.000248011106242835
17.22,0.000250243604674561
17.6,0.000252417652914896
17.98,0.000254535516774514
18.36,0.000256599346446422
18.74,0.000258611183787607
19.12,0.00026057296905721
19.5,0.00026248654715796
19.88,0.000264353673423085
20.26,0.000266176018986845
20.64,0.000267955175773225
21.02,0.000269692661134098
21.4,0.000271389922165245
21.78,0.000273048339726061
22.16,0.000274669232186384
22.54,0.000276253858921839
22.92,0.00027780342357716
23.3,0.00027931907711527
23.68,0.000280801920668341
24.06,0.000282253008205686
24.44,0.000283673349032063
24.82,0.000285063910128835
25.2,0.0002864256183494
25.58,0.000287759362479365
25.96,0.000289065995171084
26.34,0.000290346334761415
26.72,0.000291601166980834
27.1,0.000292831246561404
27.48,0.000294037298750522
27.86,0.000295220020736819
28.24,0.000296380082994099
28.62,0.000297518130548774
29,0.000298634784175808
29.38,0.000299730641527856
29.76,0.000300806278201886
30.14,0.000301862248747308
30.52,0.000302899087619299
30.9,0.000303917310080783
31.28,0.000304917413056258
31.66,0.000305899875940439
32.04,0.000306865161364489
32.42,0.000307813715922409
32.8,0.000308745970859977
33.18,0.000309662342728481
33.56,0.000310563234005312
33.94,0.000311449033683377
34.32,0.000312320117831136
34.7,0.000313176850124947
35.08,0.000314019582355331
35.46,0.000314848654908602
35.84,0.000315664397225279
36.22,0.000316467128236554
36.6,0.000317257156780042
36.98,0.000318034781995952
37.36,0.000318800293704741
37.74,0.000319553972767257
38.12,0.000320296091428308
38.5,0.000321026913644544
38.88,0.000321746695397479
39.26,0.000322455684992428
39.64,0.000323154123344108
40.02,0.00032384224424957
40.4,0.000324520274649133
40.78,0.00032518843487592
41.16,0.000325846938894573
41.54,0.000326495994529696
41.92,0.000327135803684532
42.3,0.000327766562550364
42.68,0.000328388461807086
43.06,0.000329001686815389
43.44,0.000329606417800955
43.82,0.000330202830031049
44.2,0.000330791093983883
44.58,0.000331371375511069
44.96,0.00033194383599352
45.34,0.000332508632491078
45.72,0.000333065917886178
46.1,0.000333615841021815
46.48,0.000334158546834084
46.86,0.000334694176479526
47.24,0.000335222867457538
47.62,0.000335744753728043
48,0.000336259965824658
48.38,0.000336768630963537
48.76,0.000337270873148096
49.14,0.000337766813269801
49.52,0.000338256569205172
49.9,0.000338740255909195
50.28,0.000339217985505273
50.66,0.000339689867371879
51.04,0.000340156008226044
51.42,0.000340616512203814
51.8,0.000341071480937813
52.18,0.00034152101363202
52.56,0.000341965207133879
52.94,0.000342404156003864
53.32,0.000342837952582584
53.7,0.000343266687055548
54.08,0.000343690447515668
54.46,0.000344109320023607
54.84,0.00034452338866604
55.22,0.000344932735611936
55.6,0.00034533744116691
55.98,0.000345737583825753
56.36,0.000346133240323179
56.74,0.000346524485682887
57.12,0.000346911393264983
57.5,0.000347294034811841
57.88,0.00034767248049245
58.26,0.000348046798945307
58.64,0.000348417057319925
59.02,0.000348783321316986
59.4,0.000349145655227211
59.78,0.000349504121968976
60.16,0.000349858783124741
60.54,0.000350209698976313
60.92,0.000350556928539009
61.3,0.000350900529594738
61.68,0.00035124055872406
62.06,0.000351577071337241
62.44,0.000351910121704363
62.82,0.000352239762984492
63.2,0.000352566047253971
63.58,0.000352889025533842
63.96,0.000353208747816443
64.34,0.000353525263091207
64.72,0.000353838619369685
65.1,0.00035414886370982
65.48,0.000354456042239511
65.86,0.000354760200179476
66.24,0.000355061381865442
66.62,0.000355359630769689
67,0.000355654989521972
67.38,0.000355947499929828
67.76,0.000356237202998309
68.14,0.00035652413894914
68.52,0.00035680834723934
68.9,0.000357089866579305
69.28,0.000357368734950385
69.66,0.000357644989621972
70.04,0.000357918667168098
70.42,0.000358189803483579
70.8,0.000358458433799709
71.18,0.000358724592699525
71.56,0.00035898831413264
71.94,0.00035924963142969
72.32,0.000359508577316368
72.7,0.00035976518392709
73.08,0.000360019482818288
73.46,0.000360271504981348
73.84,0.000360521280855199
74.22,0.000360768840338569
74.6,0.000361014212801918
74.98,0.000361257427099049
75.36,0.000361498511578424
75.74,0.000361737494094176
76.12,0.000361974402016837
76.5,0.000362209262243792
76.88,0.000362442101209451
77.26,0.000362672944895176
77.64,0.00036290181883894
78.02,0.000363128748144748
78.4,0.000363353757491813
78.78,0.000363576871143508
79.16,0.000363798112956082
79.54,0.000364017506387168
79.92,0.000364235074504072
80.3,0.000364450839991859
80.68,0.000364664825161236
81.06,0.000364877051956245
81.44,0.000365087541961761
81.82,0.000365296316410816
82.2,0.000365503396191733
82.58,0.000365708801855097
82.96,0.000365912553620551
83.34,0.000366114671383432
83.72,0.000366315174721249
84.1,0.000366514082900001
84.48,0.000366711414880349
84.86,0.000366907189323644
85.24,0.000367101424597806
85.62,0.000367294138783071
86,0.000367485349677602
86.38,0.000367675074802965
86.76,0.000367863331409485
87.14,0.000368050136481474
87.52,0.000368235506742335
87.9,0.000368419458659559
88.28,0.000368602008449596
88.66,0.000368783172082624
89.04,0.000368962965287207
89.42,0.000369141403554842
89.8,0.000369318502144414
90.18,0.000369494276086544
90.56,0.000369668740187841
90.94,0.000369841909035058
91.32,0.000370013796999163
91.7,0.000370184418239307
92.08,0.000370353786706719
92.46,0.000370521916148506
92.84,0.00037068882011137
93.22,0.000370854511945251
93.6,0.000371019004806884
93.98,0.000371182311663281
94.36,0.000371344445295142
94.74,0.000371505418300183
95.12,0.000371665243096406
95.5,0.000371823931925288
95.88,0.000371981496854908
96.26,0.000372137949783006
96.64,0.000372293302439976
97.02,0.000372447566391803
97.4,0.000372600753042929
97.78,0.000372752873639063
98.16,0.000372903939269936
98.54,0.000373053960871995
98.92,0.000373202949231041
99.3,0.000373350914984816
99.68,0.000373497868625532
100.06,0.000373643820502356
100.44,0.000373788780823832
100.82,0.00037393275966027
101.2,0.000374075766946071
101.58,0.000374217812482016
101.96,0.000374358905937503
102.34,0.000374499056852743
102.72,0.000374638274640907
103.1,0.000374776568590238
103.48,0.000374913947866114
103.86,0.000375050421513073
104.24,0.000375185998456798
104.62,0.000375320687506065
105,0.000375454497354646
105.38,0.000375587436583185
105.76,0.00037571951366103
106.14,0.000375850736948031
106.52,0.000375981114696304
106.9,0.000376110655051961
107.28,0.000376239366056809
107.66,0.00037636725565001
108.04,0.000376494331669716
108.42,0.000376620601854672
108.8,0.000376746073845781
109.18,0.000376870755187653
109.56,0.00037699465333011
109.94,0.000377117775629677
110.32,0.000377240129351032
110.7,0.000377361721668437
111.08,0.000377482559667141
111.46,0.000377602650344757
111.84,0.000377722000612609
112.22,0.000377840617297062
112.6,0.000377958507140823
112.98,0.000378075676804215
113.36,0.000378192132866435
113.74,0.000378307881826786
114.12,0.000378422930105883
114.5,0.000378537284046842
114.88,0.000378650949916444
115.26,0.000378763933906285
115.64,0.000378876242133892
116.02,0.000378987880643837
116.4,0.000379098855408812
116.78,0.000379209172330699
117.16,0.000379318837241618
117.54,0.000379427855904951
117.92,0.000379536234016352
118.3,0.000379643977204741
118.68,0.00037975109103328
119.06,0.000379857581000323
119.44,0.000379963452540368
119.82,0.00038006871102497
120.2,0.000380173361763659
120.58,0.000380277410004826
120.96,0.000380380860936605
121.34,0.000380483719687732
121.72,0.000380585991328395
122.1,0.000380687680871066
122.48,0.000380788793271321
122.86,0.000380889333428642
123.24,0.000380989306187212
123.62,0.000381088716336692
124,0.000381187568612983
124.38,0.000381285867698984
124.76,0.000381383618225325
125.14,0.000381480824771098
125.52,0.000381577491864573
125.9,0.000381673623983898
126.28,0.000381769225557791
126.66,0.000381864300966222
127.04,0.000381958854541081
127.42,0.000382052890566836
127.8,0.000382146413281181
128.18,0.000382239426875668
128.56,0.000382331935496341
128.94,0.000382423943244346
129.32,0.000382515454176538
129.7,0.000382606472306081
130.08,0.000382697001603029
130.46,0.000382787045994907
130.84,0.000382876609367279
131.22,0.000382965695564306
131.6,0.000383054308389295
131.98,0.000383142451605241
132.36,0.000383230128935362
132.74,0.000383317344063619
133.12,0.000383404100635236
133.5,0.000383490402257204
133.88,0.000383576252498784
134.26,0.000383661654892
134.64,0.000383746612932118
135.02,0.000383831130078127
135.4,0.000383915209753211
135.78,0.000383998855345204
136.16,0.000384082070207049
136.54,0.00038416485765725
136.92,0.000384247220980304
137.3,0.000384329163427144
137.68,0.000384410688215561
138.06,0.000384491798530629
138.44,0.000384572497525117
138.82,0.0003846527883199
139.2,0.000384732674004359
139.58,0.000384812157636778
139.96,0.000384891242244735
140.34,0.000384969930825486
140.72,0.000385048226346344
141.1,0.00038512613174505
141.48,0.000385203649930145
141.86,0.000385280783781327
142.24,0.000385357536149809
142.62,0.000385433909858672
143,0.000385509907703211
143.38,0.000385585532451272
143.76,0.000385660786843595
144.14,0.000385735673594139
144.52,0.00038581019539041
144.9,0.000385884354893785
145.28,0.000385958154739824
145.66,0.000386031597538589
146.04,0.000386104685874944
146.42,0.000386177422308864
146.8,0.000386249809375731
147.18,0.000386321849586631
147.56,0.00038639354542864
147.94,0.000386464899365116
148.32,0.000386535913835977
148.7,0.00038660659125798
149.08,0.000386676934024997
149.46,0.000386746944508281
149.84,0.000386816625056737
150.22,0.000386885977997185
150.6,0.000386955005634612
150.98,0.000387023710252436
151.36,0.000387092094112753
151.74,0.000387160159456587
152.12,0.000387227908504132
152.5,0.000387295343454999
152.88,0.000387362466488448
153.26,0.000387429279763625
153.64,0.000387495785419796
154.02,0.000387561985576572
154.4,0.000387627882334135
154.78,0.000387693477773462
155.16,0.000387758773956541
155.54,0.000387823772926589
155.92,0.000387888476708265
156.3,0.000387952887307881
156.68,0.000388017006713606
157.06,0.000388080836895674
157.44,0.000388144379806586
157.82,0.000388207637381306
158.2,0.00038827061153746
158.58,0.000388333304175528
158.96,0.000388395717179038
159.34,0.000388457852414752
159.72,0.000388519711732853
160.1,0.000388581296967126
160.48,0.000388642609935147
160.86,0.000388703652438452
161.24,0.000388764426262721
161.62,0.000388824933177946
162,0.000388885174938609
162.38,0.000388945153283848
162.76,0.000389004869937623
163.14,0.000389064326608886
163.52,0.000389123524991738
163.9,0.000389182466765597
164.28,0.000389241153595348
164.66,0.000389299587131509
165.04,0.000389357769010379
165.42,0.000389415700854193
165.8,0.000389473384271275
166.18,0.000389530820856181
166.56,0.000389588012189854
166.94,0.000389644959839762
167.32,0.000389701665360043
167.7,0.00038975813029165
168.08,0.000389814356162487
168.46,0.000389870344487547
168.84,0.000389926096769047
169.22,0.000389981614496569
169.6,0.000390036899147184
169.98,0.000390091952185586
170.36,0.000390146775064226
170.74,0.000390201369223432
171.12,0.000390255736091542
171.5,0.000390309877085023
171.88,0.000390363793608598
172.26,0.000390417487055366
172.64,0.000390470958806922
173.02,0.000390524210233475
173.4,0.000390577242693967
173.78,0.000390630057536184
174.16,0.000390682656096878
174.54,0.000390735039701872
174.92,0.000390787209666175
175.3,0.000390839167294092
175.68,0.000390890913879331
176.06,0.000390942450705115
176.44,0.000390993779044281
176.82,0.000391044900159391
177.2,0.000391095815302831
177.58,0.000391146525716917
177.96,0.000391197032633995
178.34,0.000391247337276537
178.72,0.000391297440857246
179.1,0.000391347344579149
179.48,0.000391397049635695
179.86,0.000391446557210849
180.24,0.000391495868479187
180.62,0.000391544984605989
181,0.00039159390674733
181.38,0.000391642636050172
181.76,0.00039169117365245
182.14,0.000391739520683167
182.52,0.000391787678262475
182.9,0.000391835647501766
183.28,0.000391883429503755
183.66,0.000391931025362567
184.04,0.000391978436163815
184.42,0.000392025662984692
184.8,0.000392072706894041
185.18,0.000392119568952446
185.56,0.000392166250212307
185.94,0.000392212751717916
186.32,0.000392259074505541
186.7,0.000392305219603499
187.08,0.000392351188032233
187.46,0.000392396980804387
187.84,0.000392442598924881
188.22,0.000392488043390984
188.6,0.000392533315192388
188.98,0.000392578415311276
189.36,0.000392623344722398
189.74,0.000392668104393138
190.12,0.000392712695283585
190.5,0.0003927571183466
190.88,0.000392801374527886
191.26,0.000392845464766053
191.64,0.000392889389992686
192.02,0.000392933151132409
192.4,0.000392976749102953
192.78,0.000393020184815214
193.16,0.000393063459173326
193.54,0.000393106573074712
193.92,0.000393149527410158
194.3,0.000393192323063864
194.68,0.000393234960913512
195.06,0.000393277441830322
195.44,0.000393319766679112
195.82,0.000393361936318359
196.2,0.000393403951600255
196.58,0.000393445813370762
196.96,0.000393487522469675
197.34,0.000393529079730673
197.72,0.000393570485981376
198.1,0.0003936117420434
198.48,0.000393652848732413
198.86,0.000393693806858185
199.24,0.000393734617224645
199.62,0.000393775280629931
200,0.000393815797866444
