"ResDensity","N_TraitValue"
1,0.00105729690732928
1.028,0.00108236008854999
1.056,0.00110721471048476
1.084,0.00113186336558675
1.112,0.00115630860351982
1.14,0.00118055293203771
1.168,0.00120459881784161
1.196,0.00122844868741683
1.224,0.00125210492784904
1.252,0.00127556988762068
1.28,0.00129884587738822
1.308,0.00132193517074061
1.336,0.00134484000493966
1.364,0.00136756258164266
1.392,0.00139010506760785
1.42,0.00141246959538319
1.448,0.00143465826397889
1.476,0.00145667313952409
1.504,0.00147851625590823
1.532,0.00150018961540742
1.56,0.0015216951892963
1.588,0.0015430349184457
1.616,0.0015642107139066
1.644,0.00158522445748055
1.672,0.00160607800227722
1.7,0.00162677317325912
1.728,0.00164731176777397
1.756,0.00166769555607509
1.784,0.00168792628183
1.812,0.00170800566261769
1.84,0.00172793539041464
1.868,0.00174771713207017
1.896,0.00176735252977112
1.924,0.00178684320149629
1.952,0.0018061907414609
1.98,0.00182539672055128
2.008,0.00184446268675
2.036,0.00186339016555181
2.064,0.00188218066037051
2.092,0.00190083565293703
2.12,0.00191935660368891
2.148,0.00193774495215148
2.176,0.00195600211731074
2.204,0.00197412949797846
2.232,0.00199212847314943
2.26,0.0020100004023511
2.288,0.00202774662598598
2.316,0.00204536846566667
2.344,0.00206286722454405
2.372,0.00208024418762844
2.4,0.00209750062210423
2.428,0.00211463777763788
2.456,0.0021316568866796
2.484,0.00214855916475883
2.512,0.0021653458107736
2.54,0.00218201800727404
2.568,0.00219857692074008
2.596,0.00221502370185347
2.624,0.00223135948576438
2.652,0.00224758539235252
2.68,0.00226370252648311
2.708,0.00227971197825762
2.736,0.00229561482325958
2.764,0.00231141212279546
2.792,0.00232710492413078
2.82,0.0023426942607215
2.848,0.00235818115244097
2.876,0.00237356660580228
2.904,0.00238885161417635
2.932,0.0024040371580057
2.96,0.00241912420501415
2.988,0.00243411371041233
3.016,0.00244900661709931
3.044,0.00246380385586032
3.072,0.00247850634556065
3.1,0.00249311499333588
3.128,0.00250763069477842
3.156,0.00252205433412057
3.184,0.00253638678441403
3.212,0.0025506289077061
3.24,0.0025647815552125
3.268,0.00257884556748694
3.296,0.00259282177458757
3.324,0.00260671099624025
3.352,0.00262051404199887
3.38,0.00263423171140257
3.408,0.00264786479413019
3.436,0.00266141407015177
3.464,0.00267488030987729
3.492,0.00268826427430274
3.52,0.00270156671515342
3.548,0.00271478837502475
3.576,0.00272792998752037
3.604,0.00274099227738791
3.632,0.00275397596065216
3.66,0.00276688174474596
3.688,0.00277971032863865
3.716,0.00279246240296228
3.744,0.00280513865013554
3.772,0.0028177397444855
3.8,0.0028302663523672
3.828,0.00284271913228108
3.856,0.00285509873498838
3.884,0.00286740580362455
3.912,0.00287964097381055
3.94,0.00289180487376234
3.968,0.00290389812439836
3.996,0.00291592133944522
4.024,0.00292787512554151
4.052,0.00293976008233982
4.08,0.00295157680260705
4.108,0.00296332587232291
4.136,0.00297500787077682
4.164,0.0029866233706631
4.192,0.0029981729381746
4.22,0.00300965713309462
4.248,0.00302107650888744
4.276,0.00303243161278717
4.304,0.0030437229858852
4.332,0.00305495116321613
4.36,0.0030661166738423
4.388,0.00307722004093688
4.416,0.00308826178186556
4.444,0.00309924240826696
4.472,0.00311016242613163
4.5,0.00312102233587976
4.528,0.00313182263243765
4.556,0.00314256380531286
4.584,0.00315324633866823
4.612,0.00316387071139456
4.64,0.00317443739718221
4.668,0.0031849468645915
4.696,0.00319539957712196
4.724,0.00320579599328047
4.752,0.00321613656664832
4.78,0.00322642174594714
4.808,0.00323665197510386
4.836,0.00324682769331454
4.864,0.00325694933510723
4.892,0.00326701733040385
4.92,0.003277032104581
4.948,0.00328699407852996
4.976,0.00329690366871557
5.004,0.00330676128723431
5.032,0.00331656734187142
5.06,0.00332632223615713
5.088,0.00333602636942201
5.116,0.00334568013685146
5.144,0.00335528392953936
5.172,0.00336483813454091
5.2,0.00337434313492457
5.228,0.0033837993098233
5.256,0.00339320703448499
5.284,0.00340256668032203
5.312,0.00341187861496026
5.34,0.00342114320228705
5.368,0.00343036080249874
5.396,0.00343953177214728
5.424,0.00344865646418625
5.452,0.00345773522801611
5.48,0.0034667684095288
5.508,0.00347575635115169
5.536,0.00348469939189082
5.564,0.00349359786737355
5.592,0.00350245210989052
5.62,0.00351126244843705
5.648,0.00352002920875383
5.676,0.00352875271336715
5.704,0.00353743328162838
5.732,0.00354607122975295
5.76,0.0035546668708588
5.788,0.00356322051500416
5.816,0.00357173246922485
5.844,0.00358020303757103
5.872,0.00358863252114338
5.9,0.0035970212181288
5.928,0.00360536942383556
5.956,0.00361367743072795
5.984,0.00362194552846045
6.012,0.00363017400391137
6.04,0.00363836314121605
6.068,0.00364651322179956
6.096,0.00365462452440894
6.124,0.00366269732514495
6.152,0.00367073189749346
6.18,0.00367872851235628
6.208,0.00368668743808162
6.236,0.00369460894049412
6.264,0.00370249328292446
6.292,0.00371034072623847
6.32,0.003718151528866
6.348,0.00372592594682921
6.376,0.00373366423377058
6.404,0.00374136664098049
6.432,0.0037490334174244
6.46,0.00375666480976973
6.488,0.00376426106241225
6.516,0.0037718224175022
6.544,0.00377934911497002
6.572,0.00378684139255175
6.6,0.003794299485814
6.628,0.00380172362817871
6.656,0.00380911405094745
6.684,0.00381647098332545
6.712,0.00382379465244535
6.74,0.00383108528339049
6.768,0.00383834309921801
6.796,0.00384556832098164
6.824,0.00385276116775405
6.852,0.00385992185664908
6.88,0.00386705060284353
6.908,0.00387414761959875
6.936,0.00388121311828187
6.964,0.00388824730838682
6.992,0.003895250397555
7.02,0.00390222259159576
7.048,0.00390916409450651
7.076,0.00391607510849263
7.104,0.00392295583398713
7.132,0.00392980646967002
7.16,0.00393662721248739
7.188,0.00394341825767035
7.216,0.0039501797987536
7.244,0.00395691202759385
7.272,0.00396361513438795
7.3,0.00397028930769081
7.328,0.00397693473443309
7.356,0.00398355159993861
7.384,0.00399014008794163
7.412,0.00399670038060384
7.44,0.00400323265853112
7.468,0.00400973710079014
7.496,0.00401621388492474
7.524,0.00402266318697204
7.552,0.00402908518147842
7.58,0.00403548004151527
7.608,0.00404184793869452
7.636,0.00404818904318398
7.664,0.00405450352372254
7.692,0.00406079154763512
7.72,0.00406705328084741
7.748,0.00407328888790053
7.776,0.00407949853196539
7.804,0.00408568237485698
7.832,0.00409184057704834
7.86,0.00409797329768453
7.888,0.00410408069459628
7.916,0.00411016292431356
7.944,0.00411622014207895
7.972,0.00412225250186083
8,0.00412826015636645
8.028,0.00413424325705477
8.056,0.00414020195414928
8.084,0.00414613639665046
8.112,0.00415204673234828
8.14,0.00415793310783446
8.168,0.00416379566851454
8.196,0.0041696345586199
8.224,0.00417544992121958
8.252,0.00418124189823195
8.28,0.00418701063043627
8.308,0.00419275625748409
8.336,0.00419847891791052
8.364,0.00420417874914537
8.392,0.00420985588752413
8.42,0.00421551046829887
8.448,0.00422114262564897
8.476,0.0042267524926917
8.504,0.00423234020149279
8.532,0.00423790588307669
8.56,0.0042434496674369
8.588,0.00424897168354604
8.616,0.00425447205936586
8.644,0.00425995092185713
8.672,0.00426540839698943
8.7,0.00427084460975076
8.728,0.00427625968415711
8.756,0.00428165374326189
8.784,0.00428702690916523
8.812,0.00429237930302325
8.84,0.00429771104505708
8.868,0.00430302225456193
8.896,0.00430831304991597
8.924,0.0043135835485891
8.952,0.00431883386715168
8.98,0.0043240641212831
9.008,0.00432927442578028
9.036,0.00433446489456609
9.064,0.00433963564069761
9.092,0.00434478677637439
9.12,0.00434991841294653
9.148,0.0043550306609227
9.176,0.0043601236299781
9.204,0.0043651974289623
9.232,0.00437025216590695
9.26,0.00437528794803353
9.288,0.00438030488176083
9.316,0.00438530307271253
9.344,0.00439028262572459
9.372,0.00439524364485255
9.4,0.00440018623337881
9.428,0.00440511049381978
9.456,0.00441001652793298
9.484,0.00441490443672406
9.512,0.00441977432045369
9.54,0.00442462627864445
9.568,0.00442946041008761
9.596,0.00443427681284983
9.624,0.00443907558427976
9.652,0.00444385682101466
9.68,0.00444862061898683
9.708,0.00445336707343007
9.736,0.00445809627888598
9.764,0.00446280832921029
9.792,0.00446750331757902
9.82,0.00447218133649466
9.848,0.00447684247779221
9.876,0.00448148683264524
9.904,0.00448611449157177
9.932,0.00449072554444019
9.96,0.0044953200804751
9.988,0.00449989818826299
10.016,0.00450445995575802
10.044,0.00450900547028759
10.072,0.00451353481855794
10.1,0.00451804808665966
10.128,0.00452254536007315
10.156,0.00452702672367399
10.184,0.00453149226173832
10.212,0.00453594205794808
10.24,0.00454037619539628
10.268,0.00454479475659214
10.296,0.00454919782346622
10.324,0.00455358547737548
10.352,0.00455795779910831
10.38,0.00456231486888945
10.408,0.00456665676638494
10.436,0.00457098357070693
10.464,0.00457529536041854
10.492,0.00457959221353856
10.52,0.00458387420754619
10.548,0.00458814141938569
10.576,0.00459239392547098
10.604,0.00459663180169022
10.632,0.00460085512341029
10.66,0.00460506396548129
10.688,0.00460925840224096
10.716,0.00461343850751904
10.744,0.00461760435464161
10.772,0.00462175601643539
10.8,0.00462589356523194
10.828,0.00463001707287193
10.856,0.00463412661070923
10.884,0.00463822224961508
10.912,0.00464230405998212
10.94,0.00464637211172846
10.968,0.00465042647430163
10.996,0.00465446721668259
11.024,0.00465849440738959
11.052,0.00466250811448205
11.08,0.00466650840556444
11.108,0.00467049534779001
11.136,0.00467446900786459
11.164,0.00467842945205032
11.192,0.00468237674616927
11.22,0.00468631095560717
11.248,0.00469023214531696
11.276,0.00469414037982238
11.304,0.00469803572322154
11.332,0.00470191823919036
11.36,0.00470578799098611
11.388,0.0047096450414508
11.416,0.00471348945301458
11.444,0.00471732128769916
11.472,0.00472114060712107
11.5,0.00472494747249503
11.528,0.00472874194463717
11.556,0.0047325240839683
11.584,0.00473629395051711
11.612,0.00474005160392334
11.64,0.00474379710344093
11.668,0.00474753050794112
11.696,0.00475125187591558
11.724,0.00475496126547939
11.752,0.00475865873437413
11.78,0.00476234433997086
11.808,0.00476601813927306
11.836,0.0047696801889196
11.864,0.00477333054518766
11.892,0.00477696926399555
11.92,0.00478059640090565
11.948,0.00478421201112716
11.976,0.00478781614951897
12.004,0.00479140887059239
12.032,0.0047949902285139
12.06,0.00479856027710789
12.088,0.00480211906985936
12.116,0.00480566665991656
12.144,0.00480920310009367
12.172,0.0048127284428734
12.2,0.00481624274040961
12.228,0.00481974604452984
12.256,0.00482323840673789
12.284,0.00482671987821635
12.312,0.00483019050982907
12.34,0.00483365035212366
12.368,0.00483709945533395
12.396,0.0048405378693824
12.424,0.00484396564388251
12.452,0.00484738282814122
12.48,0.00485078947116128
12.508,0.00485418562164356
12.536,0.00485757132798941
12.564,0.00486094663830293
12.592,0.00486431160039327
12.62,0.00486766626177687
12.648,0.00487101066967969
12.676,0.00487434487103946
12.704,0.00487766891250785
12.732,0.00488098284045265
12.76,0.00488428670095992
12.788,0.00488758053983615
12.816,0.00489086440261033
12.844,0.00489413833453611
12.872,0.00489740238059383
12.9,0.00490065658549261
12.928,0.00490390099367236
12.956,0.00490713564930583
12.984,0.00491036059630062
13.012,0.00491357587830112
13.04,0.00491678153869055
13.068,0.00491997762059283
13.096,0.0049231641668746
13.124,0.00492634122014707
13.152,0.00492950882276794
13.18,0.00493266701684328
13.208,0.00493581584422943
13.236,0.00493895534653479
13.264,0.00494208556512169
13.292,0.00494520654110821
13.32,0.00494831831536995
13.348,0.00495142092854184
13.376,0.00495451442101992
13.404,0.00495759883296306
13.432,0.00496067420429471
13.46,0.00496374057470463
13.488,0.0049667979836506
13.516,0.00496984647036009
13.544,0.00497288607383198
13.572,0.00497591683283817
13.6,0.00497893878592528
13.628,0.00498195197141622
13.656,0.0049849564274119
13.684,0.00498795219179275
13.712,0.00499093930222036
13.74,0.00499391779613904
13.768,0.00499688771077739
13.796,0.00499984908314987
13.824,0.00500280195005828
13.852,0.00500574634809337
13.88,0.00500868231363627
13.908,0.00501160988286003
13.936,0.00501452909173111
13.964,0.00501743997601084
13.992,0.00502034257125688
14.02,0.00502323691282465
14.048,0.00502612303586882
14.076,0.00502900097534468
14.104,0.00503187076600956
14.132,0.00503473244242427
14.16,0.00503758603895443
14.188,0.00504043158977187
14.216,0.00504326912885602
14.244,0.00504609868999522
14.272,0.00504892030678809
14.3,0.00505173401264484
14.328,0.0050545398407886
14.356,0.00505733782425674
14.384,0.00506012799590214
14.412,0.00506291038839449
14.44,0.00506568503422156
14.468,0.00506845196569048
14.496,0.00507121121492897
14.524,0.00507396281388662
14.552,0.00507670679433605
14.58,0.00507944318787424
14.608,0.00508217202592364
14.636,0.00508489333973344
14.664,0.00508760716038073
14.692,0.0050903135187717
14.72,0.0050930124456428
14.748,0.00509570397156192
14.776,0.00509838812692953
14.804,0.00510106494197981
14.832,0.00510373444678184
14.86,0.00510639667124066
14.888,0.00510905164509843
14.916,0.00511169939793551
14.944,0.00511433995917159
14.972,0.00511697335806676
15,0.00511959962372259
