"ResDensity","N_TraitValue"
1.585762315,1.43631285122459e-07
1.588080726032,1.43841276464048e-07
1.590399137064,1.44051267805637e-07
1.592717548096,1.44261259147226e-07
1.595035959128,1.44471250488815e-07
1.59735437016,1.44681241830404e-07
1.599672781192,1.44891233171994e-07
1.601991192224,1.45101224513583e-07
1.604309603256,1.45311215855172e-07
1.606628014288,1.45521207196761e-07
1.60894642532,1.4573119853835e-07
1.611264836352,1.45941189879939e-07
1.613583247384,1.46151181221528e-07
1.615901658416,1.46361172563117e-07
1.618220069448,1.46571163904706e-07
1.62053848048,1.46781155246295e-07
1.622856891512,1.46991146587884e-07
1.625175302544,1.47201137929473e-07
1.627493713576,1.47411129271062e-07
1.629812124608,1.47621120612652e-07
1.63213053564,1.47831111954241e-07
1.634448946672,1.4804110329583e-07
1.636767357704,1.48251094637419e-07
1.639085768736,1.48461085979008e-07
1.641404179768,1.48671077320597e-07
1.6437225908,1.48881068662186e-07
1.646041001832,1.49091060003775e-07
1.648359412864,1.49301051345364e-07
1.650677823896,1.49511042686953e-07
1.652996234928,1.49721034028542e-07
1.65531464596,1.49931025370131e-07
1.657633056992,1.5014101671172e-07
1.659951468024,1.50351008053309e-07
1.662269879056,1.50560999394899e-07
1.664588290088,1.50770990736488e-07
1.66690670112,1.50980982078077e-07
1.669225112152,1.51190973419666e-07
1.671543523184,1.51400964761255e-07
1.673861934216,1.51610956102844e-07
1.676180345248,1.51820947444433e-07
1.67849875628,1.52030938786022e-07
1.680817167312,1.52240930127611e-07
1.683135578344,1.524509214692e-07
1.685453989376,1.52660912810789e-07
1.687772400408,1.52870904152378e-07
1.69009081144,1.53080895493967e-07
1.692409222472,1.53290886835557e-07
1.694727633504,1.53500878177146e-07
1.697046044536,1.53710869518735e-07
1.699364455568,1.53920860860324e-07
1.7016828666,1.54130852201913e-07
1.704001277632,1.54340843543502e-07
1.706319688664,1.54550834885091e-07
1.708638099696,1.5476082622668e-07
1.710956510728,1.54970817568269e-07
1.71327492176,1.55180808909858e-07
1.715593332792,1.55390800251447e-07
1.717911743824,1.55600791593036e-07
1.720230154856,1.55810782934625e-07
1.722548565888,1.56020774276214e-07
1.72486697692,1.56230765617804e-07
1.727185387952,1.56440756959393e-07
1.729503798984,1.56650748300982e-07
1.731822210016,1.56860739642571e-07
1.734140621048,1.5707073098416e-07
1.73645903208,1.57280722325749e-07
1.738777443112,1.57490713667338e-07
1.741095854144,1.57700705008927e-07
1.743414265176,1.57910696350516e-07
1.745732676208,1.58120687692105e-07
1.74805108724,1.58330679033694e-07
1.750369498272,1.58540670375283e-07
1.752687909304,1.58750661716872e-07
1.755006320336,1.58960653058462e-07
1.757324731368,1.59170644400051e-07
1.7596431424,1.5938063574164e-07
1.761961553432,1.59590627083229e-07
1.764279964464,1.59800618424818e-07
1.766598375496,1.60010609766407e-07
1.768916786528,1.60220601107996e-07
1.77123519756,1.60430592449585e-07
1.773553608592,1.60640583791174e-07
1.775872019624,1.60850575132763e-07
1.778190430656,1.61060566474352e-07
1.780508841688,1.61270557815941e-07
1.78282725272,1.6148054915753e-07
1.785145663752,1.6169054049912e-07
1.787464074784,1.61900531840709e-07
1.789782485816,1.62110523182298e-07
1.792100896848,1.62320514523887e-07
1.79441930788,1.62530505865476e-07
1.796737718912,1.62740497207065e-07
1.799056129944,1.62950488548654e-07
1.801374540976,1.63160479890243e-07
1.803692952008,1.63370471231832e-07
1.80601136304,1.63580462573421e-07
1.808329774072,1.6379045391501e-07
1.810648185104,1.64000445256599e-07
1.812966596136,1.64210436598188e-07
1.815285007168,1.64420427939777e-07
1.8176034182,1.64630419281367e-07
1.819921829232,1.64840410622956e-07
1.822240240264,1.65050401964545e-07
1.824558651296,1.65260393306134e-07
1.826877062328,1.65470384647723e-07
1.82919547336,1.65680375989312e-07
1.831513884392,1.65890367330901e-07
1.833832295424,1.6610035867249e-07
1.836150706456,1.66310350014079e-07
1.838469117488,1.66520341355668e-07
1.84078752852,1.66730332697257e-07
1.843105939552,1.66940324038846e-07
1.845424350584,1.67150315380435e-07
1.847742761616,1.67360306722025e-07
1.850061172648,1.67570298063614e-07
1.85237958368,1.67780289405203e-07
1.854697994712,1.67990280746792e-07
1.857016405744,1.68200272088381e-07
1.859334816776,1.6841026342997e-07
1.861653227808,1.68620254771559e-07
1.86397163884,1.68830246113148e-07
1.866290049872,1.69040237454737e-07
1.868608460904,1.69250228796326e-07
1.870926871936,1.69460220137915e-07
1.873245282968,1.69670211479504e-07
1.875563694,1.69880202821093e-07
1.877882105032,1.70090194162683e-07
1.880200516064,1.70300185504272e-07
1.882518927096,1.70510176845861e-07
1.884837338128,1.7072016818745e-07
1.88715574916,1.70930159529039e-07
1.889474160192,1.71140150870628e-07
1.891792571224,1.71350142212217e-07
1.894110982256,1.71560133553806e-07
1.896429393288,1.71770124895395e-07
1.89874780432,1.71980116236984e-07
1.901066215352,1.72190107578573e-07
1.903384626384,1.72400098920162e-07
1.905703037416,1.72610090261751e-07
1.908021448448,1.7282008160334e-07
1.91033985948,1.7303007294493e-07
1.912658270512,1.73240064286519e-07
1.914976681544,1.73450055628108e-07
1.917295092576,1.73660046969697e-07
1.919613503608,1.73870038311286e-07
1.92193191464,1.74080029652875e-07
1.924250325672,1.74290020994464e-07
1.926568736704,1.74500012336053e-07
1.928887147736,1.74710003677642e-07
1.931205558768,1.74919995019231e-07
1.9335239698,1.7512998636082e-07
1.935842380832,1.75339977702409e-07
1.938160791864,1.75549969043998e-07
1.940479202896,1.75759960385587e-07
1.942797613928,1.75969951727177e-07
1.94511602496,1.76179943068766e-07
1.947434435992,1.76389934410355e-07
1.949752847024,1.76599925751944e-07
1.952071258056,1.76809917093533e-07
1.954389669088,1.77019908435122e-07
1.95670808012,1.77229899776711e-07
1.959026491152,1.774398911183e-07
1.961344902184,1.77649882459889e-07
1.963663313216,1.77859873801478e-07
1.965981724248,1.78069865143067e-07
1.96830013528,1.78279856484656e-07
1.970618546312,1.78489847826245e-07
1.972936957344,1.78699839167835e-07
1.975255368376,1.78909830509424e-07
1.977573779408,1.79119821851013e-07
1.97989219044,1.79329813192602e-07
1.982210601472,1.79539804534191e-07
1.984529012504,1.7974979587578e-07
1.986847423536,1.79959787217369e-07
1.989165834568,1.80169778558958e-07
1.9914842456,1.80379769900547e-07
1.993802656632,1.80589761242136e-07
1.996121067664,1.80799752583725e-07
1.998439478696,1.81009743925314e-07
2.000757889728,1.81219735266903e-07
2.00307630076,1.81429726608493e-07
2.005394711792,1.81639717950082e-07
2.007713122824,1.81849709291671e-07
2.010031533856,1.8205970063326e-07
2.012349944888,1.82269691974849e-07
2.01466835592,1.82479683316438e-07
2.016986766952,1.82689674658027e-07
2.019305177984,1.82899665999616e-07
2.021623589016,1.83109657341205e-07
2.023942000048,1.83319648682794e-07
2.02626041108,1.83529640024383e-07
2.028578822112,1.83739631365972e-07
2.030897233144,1.83949622707561e-07
2.033215644176,1.8415961404915e-07
2.035534055208,1.8436960539074e-07
2.03785246624,1.84579596732329e-07
2.040170877272,1.84789588073918e-07
2.042489288304,1.84999579415507e-07
2.044807699336,1.85209570757096e-07
2.047126110368,1.85419562098685e-07
2.0494445214,1.85629553440274e-07
2.051762932432,1.85839544781863e-07
2.054081343464,1.86049536123452e-07
2.056399754496,1.86259527465041e-07
2.058718165528,1.8646951880663e-07
2.06103657656,1.86679510148219e-07
2.063354987592,1.86889501489808e-07
2.065673398624,1.87099492831398e-07
2.067991809656,1.87309484172987e-07
2.070310220688,1.87519475514576e-07
2.07262863172,1.87729466856165e-07
2.074947042752,1.87939458197754e-07
2.077265453784,1.88149449539343e-07
2.079583864816,1.88359440880932e-07
2.081902275848,1.88569432222521e-07
2.08422068688,1.8877942356411e-07
2.086539097912,1.88989414905699e-07
2.088857508944,1.89199406247288e-07
2.091175919976,1.89409397588877e-07
2.093494331008,1.89619388930466e-07
2.09581274204,1.89829380272055e-07
2.098131153072,1.90039371613645e-07
2.100449564104,1.90249362955234e-07
2.102767975136,1.90459354296823e-07
2.105086386168,1.90669345638412e-07
2.1074047972,1.90879336980001e-07
2.109723208232,1.9108932832159e-07
2.112041619264,1.91299319663179e-07
2.114360030296,1.91509311004768e-07
2.116678441328,1.91719302346357e-07
2.11899685236,1.91929293687946e-07
2.121315263392,1.92139285029535e-07
2.123633674424,1.92349276371124e-07
2.125952085456,1.92559267712713e-07
2.128270496488,1.92769259054303e-07
2.13058890752,1.92979250395892e-07
2.132907318552,1.93189241737481e-07
2.135225729584,1.9339923307907e-07
2.137544140616,1.93609224420659e-07
2.139862551648,1.93819215762248e-07
2.14218096268,1.94029207103837e-07
2.144499373712,1.94239198445426e-07
2.146817784744,1.94449189787015e-07
2.149136195776,1.94659181128604e-07
2.151454606808,1.94869172470193e-07
2.15377301784,1.95079163811782e-07
2.156091428872,1.95289155153371e-07
2.158409839904,1.95499146494961e-07
2.160728250936,1.9570913783655e-07
2.163046661968,1.95919129178139e-07
2.165365073,1.96129120519728e-07
2.167683484032,1.96339111861317e-07
2.170001895064,1.96549103202906e-07
2.172320306096,1.96759094544495e-07
2.174638717128,1.96969085886084e-07
2.17695712816,1.97179077227673e-07
2.179275539192,1.97389068569262e-07
2.181593950224,1.97599059910851e-07
2.183912361256,1.9780905125244e-07
2.186230772288,1.98019042594029e-07
2.18854918332,1.98229033935619e-07
2.190867594352,1.98439025277208e-07
2.193186005384,1.98649016618797e-07
2.195504416416,1.98859007960386e-07
2.197822827448,1.99068999301975e-07
2.20014123848,1.99278990643564e-07
2.202459649512,1.99488981985153e-07
2.204778060544,1.99698973326742e-07
2.207096471576,1.99908964668331e-07
2.209414882608,2.0011895600992e-07
2.21173329364,2.00328947351509e-07
2.214051704672,2.00538938693098e-07
2.216370115704,2.00748930034687e-07
2.218688526736,2.00958921376276e-07
2.221006937768,2.01168912717866e-07
2.2233253488,2.01378904059455e-07
2.225643759832,2.01588895401044e-07
2.227962170864,2.01798886742633e-07
2.230280581896,2.02008878084222e-07
2.232598992928,2.02218869425811e-07
2.23491740396,2.024288607674e-07
2.237235814992,2.02638852108989e-07
2.239554226024,2.02848843450578e-07
2.241872637056,2.03058834792167e-07
2.244191048088,2.03268826133756e-07
2.24650945912,2.03478817475345e-07
2.248827870152,2.03688808816934e-07
2.251146281184,2.03898800158524e-07
2.253464692216,2.04108791500113e-07
2.255783103248,2.04318782841702e-07
2.25810151428,2.04528774183291e-07
2.260419925312,2.0473876552488e-07
2.262738336344,2.04948756866469e-07
2.265056747376,2.05158748208058e-07
2.267375158408,2.05368739549647e-07
2.26969356944,2.05578730891236e-07
2.272011980472,2.05788722232825e-07
2.274330391504,2.05998713574414e-07
2.276648802536,2.06208704916003e-07
2.278967213568,2.06418696257592e-07
2.2812856246,2.06628687599181e-07
2.283604035632,2.06838678940771e-07
2.285922446664,2.0704867028236e-07
2.288240857696,2.07258661623949e-07
2.290559268728,2.07468652965538e-07
2.29287767976,2.07678644307127e-07
2.295196090792,2.07888635648716e-07
2.297514501824,2.08098626990305e-07
2.299832912856,2.08308618331894e-07
2.302151323888,2.08518609673483e-07
2.30446973492,2.08728601015072e-07
2.306788145952,2.08938592356661e-07
2.309106556984,2.0914858369825e-07
2.311424968016,2.09358575039839e-07
2.313743379048,2.09568566381428e-07
2.31606179008,2.09778557723018e-07
2.318380201112,2.09988549064607e-07
2.320698612144,2.10198540406196e-07
2.323017023176,2.10408531747785e-07
2.325335434208,2.10618523089374e-07
2.32765384524,2.10828514430963e-07
2.329972256272,2.11038505772552e-07
2.332290667304,2.11248497114141e-07
2.334609078336,2.1145848845573e-07
2.336927489368,2.11668479797319e-07
2.3392459004,2.11878471138908e-07
2.341564311432,2.12088462480497e-07
2.343882722464,2.12298453822086e-07
2.346201133496,2.12508445163676e-07
2.348519544528,2.12718436505265e-07
2.35083795556,2.12928427846854e-07
2.353156366592,2.13138419188443e-07
2.355474777624,2.13348410530032e-07
2.357793188656,2.13558401871621e-07
2.360111599688,2.1376839321321e-07
2.36243001072,2.13978384554799e-07
2.364748421752,2.14188375896388e-07
2.367066832784,2.14398367237977e-07
2.369385243816,2.14608358579566e-07
2.371703654848,2.14818349921155e-07
2.37402206588,2.15028341262744e-07
2.376340476912,2.15238332604334e-07
2.378658887944,2.15448323945923e-07
2.380977298976,2.15658315287512e-07
2.383295710008,2.15868306629101e-07
2.38561412104,2.1607829797069e-07
2.387932532072,2.16288289312279e-07
2.390250943104,2.16498280653868e-07
2.392569354136,2.16708271995457e-07
2.394887765168,2.16918263337046e-07
2.3972061762,2.17128254678635e-07
2.399524587232,2.17338246020224e-07
2.401842998264,2.17548237361813e-07
2.404161409296,2.17758228703402e-07
2.406479820328,2.17968220044991e-07
2.40879823136,2.18178211386581e-07
2.411116642392,2.1838820272817e-07
2.413435053424,2.18598194069759e-07
2.415753464456,2.18808185411348e-07
2.418071875488,2.19018176752937e-07
2.42039028652,2.19228168094526e-07
2.422708697552,2.19438159436115e-07
2.425027108584,2.19648150777704e-07
2.427345519616,2.19858142119293e-07
2.429663930648,2.20068133460882e-07
2.43198234168,2.20278124802471e-07
2.434300752712,2.2048811614406e-07
2.436619163744,2.20698107485649e-07
2.438937574776,2.20908098827239e-07
2.441255985808,2.21118090168828e-07
2.44357439684,2.21328081510417e-07
2.445892807872,2.21538072852006e-07
2.448211218904,2.21748064193595e-07
2.450529629936,2.21958055535184e-07
2.452848040968,2.22168046876773e-07
2.455166452,2.22378038218362e-07
2.457484863032,2.22588029559951e-07
2.459803274064,2.2279802090154e-07
2.462121685096,2.23008012243129e-07
2.464440096128,2.23218003584718e-07
2.46675850716,2.23427994926307e-07
2.469076918192,2.23637986267897e-07
2.471395329224,2.23847977609486e-07
2.473713740256,2.24057968951075e-07
2.476032151288,2.24267960292664e-07
2.47835056232,2.24477951634253e-07
2.480668973352,2.24687942975842e-07
2.482987384384,2.24897934317431e-07
2.485305795416,2.2510792565902e-07
2.487624206448,2.25317917000609e-07
2.48994261748,2.25527908342198e-07
2.492261028512,2.25737899683787e-07
2.494579439544,2.25947891025376e-07
2.496897850576,2.26157882366965e-07
2.499216261608,2.26367873708554e-07
2.50153467264,2.26577865050144e-07
2.503853083672,2.26787856391733e-07
2.506171494704,2.26997847733322e-07
2.508489905736,2.27207839074911e-07
2.510808316768,2.274178304165e-07
2.5131267278,2.27627821758089e-07
2.515445138832,2.27837813099678e-07
2.517763549864,2.28047804441267e-07
2.520081960896,2.28257795782856e-07
2.522400371928,2.28467787124445e-07
2.52471878296,2.28677778466034e-07
2.527037193992,2.28887769807623e-07
2.529355605024,2.29097761149212e-07
2.531674016056,2.29307752490802e-07
2.533992427088,2.29517743832391e-07
2.53631083812,2.2972773517398e-07
2.538629249152,2.29937726515569e-07
2.540947660184,2.30147717857158e-07
2.543266071216,2.30357709198747e-07
2.545584482248,2.30567700540336e-07
2.54790289328,2.30777691881925e-07
2.550221304312,2.30987683223514e-07
2.552539715344,2.31197674565103e-07
2.554858126376,2.31407665906692e-07
2.557176537408,2.31617657248281e-07
2.55949494844,2.3182764858987e-07
2.561813359472,2.32037639931459e-07
2.564131770504,2.32247631273049e-07
2.566450181536,2.32457622614638e-07
2.568768592568,2.32667613956227e-07
2.5710870036,2.32877605297816e-07
2.573405414632,2.33087596639405e-07
2.575723825664,2.33297587980994e-07
2.578042236696,2.33507579322583e-07
2.580360647728,2.33717570664172e-07
2.58267905876,2.33927562005761e-07
2.584997469792,2.3413755334735e-07
2.587315880824,2.34347544688939e-07
2.589634291856,2.34557536030528e-07
2.591952702888,2.34767527372117e-07
2.59427111392,2.34977518713707e-07
2.596589524952,2.35187510055296e-07
2.598907935984,2.35397501396885e-07
2.601226347016,2.35607492738474e-07
2.603544758048,2.35817484080063e-07
2.60586316908,2.36027475421652e-07
2.608181580112,2.36237466763241e-07
2.610499991144,2.3644745810483e-07
2.612818402176,2.36657449446419e-07
2.615136813208,2.36867440788008e-07
2.61745522424,2.37077432129597e-07
2.619773635272,2.37287423471186e-07
2.622092046304,2.37497414812775e-07
2.624410457336,2.37707406154365e-07
2.626728868368,2.37917397495954e-07
2.6290472794,2.38127388837543e-07
2.631365690432,2.38337380179132e-07
2.633684101464,2.38547371520721e-07
2.636002512496,2.3875736286231e-07
2.638320923528,2.38967354203899e-07
2.64063933456,2.39177345545488e-07
2.642957745592,2.39387336887077e-07
2.645276156624,2.39597328228666e-07
2.647594567656,2.39807319570255e-07
2.649912978688,2.40017310911844e-07
2.65223138972,2.40227302253433e-07
2.654549800752,2.40437293595023e-07
2.656868211784,2.40647284936612e-07
2.659186622816,2.40857276278201e-07
2.661505033848,2.4106726761979e-07
2.66382344488,2.41277258961379e-07
2.666141855912,2.41487250302968e-07
2.668460266944,2.41697241644557e-07
2.670778677976,2.41907232986146e-07
2.673097089008,2.42117224327735e-07
2.67541550004,2.42327215669324e-07
2.677733911072,2.42537207010913e-07
2.680052322104,2.42747198352502e-07
2.682370733136,2.42957189694091e-07
2.684689144168,2.4316718103568e-07
2.6870075552,2.4337717237727e-07
2.689325966232,2.43587163718859e-07
2.691644377264,2.43797155060448e-07
2.693962788296,2.44007146402037e-07
2.696281199328,2.44217137743626e-07
2.69859961036,2.44427129085215e-07
2.700918021392,2.44637120426804e-07
2.703236432424,2.44847111768393e-07
2.705554843456,2.45057103109982e-07
2.707873254488,2.45267094451571e-07
2.71019166552,2.4547708579316e-07
2.712510076552,2.45687077134749e-07
2.714828487584,2.45897068476338e-07
2.717146898616,2.46107059817928e-07
2.719465309648,2.46317051159517e-07
2.72178372068,2.46527042501106e-07
2.724102131712,2.46737033842695e-07
2.726420542744,2.46947025184284e-07
2.728738953776,2.47157016525873e-07
2.731057364808,2.47367007867462e-07
2.73337577584,2.47576999209051e-07
2.735694186872,2.4778699055064e-07
2.738012597904,2.47996981892229e-07
2.740331008936,2.48206973233818e-07
2.742649419968,2.48416964575407e-07
2.744967831,2.48626955916996e-07
