"ResDensity","N_TraitValue"
0.366,0.00072570257208632
0.3746678,0.000733140792362103
0.3833356,0.00074038633134268
0.3920034,0.000747446580184994
0.4006712,0.000754328556790567
0.409339,0.000761038929073612
0.4180068,0.000767584036509984
0.4266746,0.000773969910113366
0.4353424,0.000780202290970981
0.4440102,0.000786286647458602
0.452678,0.000792228191243334
0.4613458,0.000798031892172613
0.4700136,0.000803702492138819
0.4786814,0.000809244518000805
0.4873492,0.000814662293636325
0.496017,0.000819959951192831
0.5046848,0.000825141441598133
0.5133526,0.000830210544387133
0.5220204,0.000835170876895979
0.5306882,0.000840025902870662
0.539356,0.000844778940533085
0.5480238,0.0008494331701441
0.5566916,0.00085399164109972
0.5653594,0.000858457278593788
0.5740272,0.000862832889877698
0.582695,0.000867121170145306
0.5913628,0.000871324708068955
0.6000306,0.00087544599101052
0.6086984,0.000879487409929507
0.6173662,0.000883451264008549
0.626034,0.000887339765015116
0.6347018,0.000891155041416816
0.6433696,0.000894899142266378
0.6520374,0.000898574040871216
0.6607052,0.000902181638261384
0.669373,0.000905723766468724
0.6780408,0.000909202191629094
0.6867086,0.000912618616918715
0.6953764,0.000915974685334888
0.7040442,0.000919271982330624
0.712712,0.000922512038312067
0.7213798,0.000925696331006961
0.7300476,0.000928826287711887
0.7387154,0.000931903287425416
0.7473832,0.000934928662873912
0.756051,0.00093790370243621
0.7647188,0.000940829651973021
0.7733866,0.00094370771656652
0.7820544,0.000946539062175218
0.7907222,0.000949324817208894
0.79939,0.000952066074028055
0.8080578,0.00095476389037211
0.8167256,0.000957419290720185
0.8253934,0.000960033267588244
0.8340612,0.00096260678276599
0.842729,0.000965140768496754
0.8513968,0.000967636128603439
0.8600646,0.00097009373956336
0.8687324,0.000972514451534675
0.8774002,0.000974899089336921
0.886068,0.000977248453388046
0.8947358,0.000979563320600154
0.9034036,0.000981844445236089
0.9120714,0.000984092559728828
0.9207392,0.000986308375465557
0.929407,0.000988492583538193
0.9380748,0.000990645855462017
0.9467426,0.000992768843863989
0.9554104,0.00099486218314222
0.9640782,0.000996926490098005
0.972746,0.000998962364541747
0.9814138,0.00100097038987401
0.9900816,0.00100295113364289
0.9987494,0.00100490514807881
1.0074172,0.00100683297060785
1.016085,0.00100873512434451
1.0247528,0.00101061211856498
1.0334206,0.0010124644491617
1.0420884,0.00101429259908018
1.0507562,0.00101609703873875
1.059424,0.00101787822643216
1.0680918,0.0010196366087196
1.0767596,0.001021372620798
1.0854274,0.00102308668686108
1.0940952,0.00102477922044493
1.102763,0.00102645062476062
1.1114308,0.00102810129301446
1.1200986,0.00102973160871639
1.1287664,0.001031341945977
1.1374342,0.00103293266979378
1.146102,0.00103450413632692
1.1547698,0.00103605669316512
1.1634376,0.00103759067958197
1.1721054,0.00103910642678306
1.1807732,0.0010406042581444
1.189441,0.00104208448944245
1.1981088,0.00104354742907603
1.2067766,0.00104499337828053
1.2154444,0.00104642263133471
1.2241122,0.00104783547576035
1.23278,0.00104923219251511
1.2414478,0.00105061305617875
1.2501156,0.00105197833513309
1.2587834,0.00105332829173595
1.2674512,0.00105466318248917
1.276119,0.00105598325820113
1.2847868,0.00105728876414381
1.2934546,0.00105857994020476
1.3021224,0.00105985702103401
1.3107902,0.00106112023618625
1.319458,0.00106236981025839
1.3281258,0.00106360596302267
1.3367936,0.00106482890955554
1.3454614,0.00106603886036241
1.3541292,0.00106723602149841
1.362797,0.00106842059468542
1.3714648,0.00106959277742535
1.3801326,0.00107075276310994
1.3888004,0.00107190074112711
1.3974682,0.00107303689696405
1.406136,0.00107416141230712
1.4148038,0.00107527446513871
1.4234716,0.00107637622983119
1.4321394,0.00107746687723792
1.4408072,0.00107854657478159
1.449475,0.00107961548653992
1.4581428,0.00108067377332876
1.4668106,0.00108172159278278
1.4754784,0.0010827590994337
1.4841462,0.00108378644478627
1.492814,0.00108480377739207
1.5014818,0.00108581124292107
1.5101496,0.00108680898423117
1.5188174,0.00108779714143577
1.5274852,0.00108877585196931
1.536153,0.00108974525065102
1.5448208,0.00109070546974682
1.5534886,0.00109165663902951
1.5621564,0.00109259888583719
1.5708242,0.00109353233513012
1.579492,0.00109445710954596
1.5881598,0.00109537332945349
1.5968276,0.00109628111300482
1.6054954,0.0010971805761862
1.6141632,0.00109807183286741
1.622831,0.00109895499484982
1.6314988,0.00109983017191315
1.6401666,0.00110069747186095
1.6488344,0.00110155700056487
1.6575022,0.00110240886200776
1.66617,0.00110325315832556
1.6748378,0.00110408998984817
1.6835056,0.00110491945513919
1.6921734,0.00110574165103457
1.7008412,0.00110655667268038
1.709509,0.00110736461356942
1.7181768,0.00110816556557706
1.7268446,0.001108959618996
1.7355124,0.00110974686257025
1.7441802,0.00111052738352814
1.752848,0.00111130126761462
1.7615158,0.00111206859912258
1.7701836,0.00111282946092348
1.7788514,0.00111358393449724
1.7875192,0.00111433209996123
1.796187,0.00111507403609872
1.8048548,0.00111580982038649
1.8135226,0.00111653952902179
1.8221904,0.0011172632369487
1.8308582,0.00111798101788373
1.839526,0.00111869294434086
1.8481938,0.00111939908765601
1.8568616,0.00112009951801081
1.8655294,0.00112079430445587
1.8741972,0.00112148351493349
1.882865,0.00112216721629979
1.8915328,0.00112284547434633
1.9002006,0.00112351835382123
1.9088684,0.00112418591844975
1.9175362,0.00112484823095442
1.926204,0.0011255053530747
1.9348718,0.00112615734558615
1.9435396,0.00112680426831916
1.9522074,0.00112744618017727
1.9608752,0.00112808313915505
1.969543,0.00112871520235553
1.9782108,0.00112934242600733
1.9868786,0.00112996486548125
1.9955464,0.00113058257530667
2.0042142,0.00113119560918737
2.012882,0.00113180402001715
2.0215498,0.00113240785989506
2.0302176,0.00113300718014021
2.0388854,0.00113360203130638
2.0475532,0.00113419246319616
2.056221,0.00113477852487494
2.0648888,0.00113536026468441
2.0735566,0.00113593773025592
2.0822244,0.00113651096852343
2.0908922,0.00113708002573628
2.09956,0.00113764494747158
2.1082278,0.00113820577864641
2.1168956,0.00113876256352969
2.1255634,0.0011393153457539
2.1342312,0.00113986416832637
2.142899,0.00114040907364054
2.1515668,0.00114095010348682
2.1602346,0.00114148729906326
2.1689024,0.00114202070098606
2.1775702,0.00114255034929976
2.186238,0.0011430762834873
2.1949058,0.0011435985424798
2.2035736,0.00114411716466618
2.2122414,0.00114463218790254
2.2209092,0.00114514364952145
2.229577,0.00114565158634086
2.2382448,0.00114615603467304
2.2469126,0.00114665703033314
2.2555804,0.00114715460864774
2.2642482,0.00114764880446313
2.272916,0.00114813965215342
2.2815838,0.00114862718562853
2.2902516,0.00114911143834203
2.2989194,0.00114959244329872
2.3075872,0.0011500702330622
2.316255,0.00115054483976219
2.3249228,0.0011510162951017
2.3335906,0.00115148463036415
2.3422584,0.00115194987642026
2.3509262,0.00115241206373481
2.359594,0.00115287122237334
2.3682618,0.00115332738200862
2.3769296,0.00115378057192709
2.3855974,0.00115423082103508
2.3942652,0.00115467815786499
2.402933,0.0011551226105813
2.4116008,0.00115556420698651
2.4202686,0.00115600297452687
2.4289364,0.00115643894029816
2.4376042,0.00115687213105118
2.446272,0.0011573025731973
2.4549398,0.00115773029281374
2.4636076,0.00115815531564893
2.4722754,0.0011585776671276
2.4809432,0.0011589973723559
2.489611,0.00115941445612636
2.4982788,0.00115982894292274
2.5069466,0.00116024085692488
2.5156144,0.00116065022201337
2.5242822,0.00116105706177414
2.53295,0.00116146139950305
2.5416178,0.00116186325821028
2.5502856,0.00116226266062472
2.5589534,0.00116265962919826
2.5676212,0.00116305418611
2.576289,0.00116344635327035
2.5849568,0.00116383615232513
2.5936246,0.00116422360465951
2.6022924,0.00116460873140196
2.6109602,0.00116499155342805
2.619628,0.00116537209136426
2.6282958,0.00116575036559166
2.6369636,0.00116612639624956
2.6456314,0.00116650020323909
2.6542992,0.00116687180622669
2.662967,0.00116724122464757
2.6716348,0.0011676084777091
2.6803026,0.00116797358439416
2.6889704,0.00116833656346436
2.6976382,0.0011686974334633
2.706306,0.0011690562127197
2.7149738,0.00116941291935053
2.7236416,0.00116976757126402
2.7323094,0.00117012018616271
2.7409772,0.00117047078154635
2.749645,0.00117081937471481
2.7583128,0.00117116598277093
2.7669806,0.0011715106226233
2.7756484,0.00117185331098906
2.7843162,0.00117219406439654
2.792984,0.00117253289918793
2.8016518,0.00117286983152194
2.8103196,0.00117320487737632
2.8189874,0.0011735380525504
2.8276552,0.00117386937266757
2.836323,0.00117419885317774
2.8449908,0.00117452650935972
2.8536586,0.00117485235632358
2.8623264,0.00117517640901301
2.8709942,0.00117549868220755
2.879662,0.00117581919052488
2.8883298,0.00117613794842301
2.8969976,0.00117645497020246
2.9056654,0.00117677027000839
2.9143332,0.00117708386183272
2.923001,0.00117739575951618
2.9316688,0.00117770597675038
2.9403366,0.00117801452707977
2.9490044,0.00117832142390362
2.9576722,0.00117862668047802
2.96634,0.00117893030991768
2.9750078,0.00117923232519791
2.9836756,0.00117953273915642
2.9923434,0.00117983156449513
3.0010112,0.001180128813782
3.009679,0.00118042449945273
3.0183468,0.00118071863381258
3.0270146,0.00118101122903799
3.0356824,0.00118130229717833
3.0443502,0.00118159185015749
3.053018,0.00118187989977558
3.0616858,0.00118216645771046
3.0703536,0.00118245153551938
3.0790214,0.00118273514464049
3.0876892,0.0011830172963944
3.096357,0.00118329800198566
3.1050248,0.00118357727250426
3.1136926,0.0011838551189271
3.1223604,0.00118413155211939
3.1310282,0.0011844065828361
3.139696,0.00118468022172337
3.1483638,0.00118495247931983
3.1570316,0.00118522336605799
3.1656994,0.00118549289226557
3.1743672,0.00118576106816681
3.183035,0.00118602790388375
3.1917028,0.00118629340943754
3.2003706,0.00118655759474962
3.2090384,0.00118682046964306
3.2177062,0.00118708204384368
3.226374,0.00118734232698132
3.2350418,0.00118760132859097
3.2437096,0.00118785905811398
3.2523774,0.00118811552489916
3.2610452,0.00118837073820396
3.269713,0.00118862470719555
3.2783808,0.00118887744095191
3.2870486,0.00118912894846296
3.2957164,0.00118937923863157
3.3043842,0.00118962832027465
3.313052,0.00118987620212415
3.3217198,0.00119012289282812
3.3303876,0.0011903684009517
3.3390554,0.00119061273497809
3.3477232,0.00119085590330955
3.356391,0.00119109791426836
3.3650588,0.00119133877609778
3.3737266,0.00119157849696295
3.3823944,0.00119181708495185
3.3910622,0.0011920545480762
3.39973,0.00119229089427233
3.4083978,0.00119252613140212
3.4170656,0.00119276026725381
3.4257334,0.0011929933095429
3.4344012,0.00119322526591299
3.443069,0.0011934561439366
3.4517368,0.00119368595111601
3.4604046,0.00119391469488406
3.4690724,0.00119414238260498
3.4777402,0.00119436902157515
3.486408,0.00119459461902386
3.4950758,0.00119481918211417
3.5037436,0.00119504271794353
3.5124114,0.00119526523354467
3.5210792,0.00119548673588624
3.529747,0.00119570723187356
3.5384148,0.00119592672834936
3.5470826,0.00119614523209448
3.5557504,0.00119636274982855
3.5644182,0.00119657928821069
3.573086,0.0011967948538402
3.5817538,0.00119700945325721
3.5904216,0.00119722309294337
3.5990894,0.00119743577932247
3.6077572,0.00119764751876109
3.616425,0.00119785831756928
3.6250928,0.00119806818200111
3.6337606,0.00119827711825535
3.6424284,0.00119848513247606
3.6510962,0.0011986922307532
3.659764,0.00119889841912318
3.6684318,0.00119910370356953
3.6770996,0.0011993080900234
3.6857674,0.00119951158436418
3.6944352,0.00119971419242004
3.703103,0.00119991591996848
3.7117708,0.00120011677273692
3.7204386,0.0012003167564032
3.7291064,0.00120051587659611
3.7377742,0.00120071413889598
3.746442,0.00120091154883512
3.7551098,0.00120110811189839
3.7637776,0.0012013038335237
3.7724454,0.00120149871910248
3.7811132,0.00120169277398022
3.789781,0.00120188600345693
3.7984488,0.00120207841278761
3.8071166,0.00120227000718277
3.8157844,0.00120246079180888
3.8244522,0.0012026507717888
3.83312,0.0012028399522023
3.8417878,0.00120302833808645
3.8504556,0.00120321593443614
3.8591234,0.00120340274620445
3.8677912,0.00120358877830312
3.876459,0.00120377403560297
3.8851268,0.00120395852293436
3.8937946,0.00120414224508756
3.9024624,0.00120432520681317
3.9111302,0.00120450741282258
3.919798,0.00120468886778833
3.9284658,0.00120486957634449
3.9371336,0.00120504954308713
3.9458014,0.00120522877257464
3.9544692,0.00120540726932812
3.963137,0.00120558503783181
3.9718048,0.00120576208253343
3.9804726,0.00120593840784453
3.9891404,0.00120611401814092
3.9978082,0.00120628891776294
4.006476,0.00120646311101593
4.0151438,0.00120663660217049
4.0238116,0.00120680939546287
4.0324794,0.0012069814950953
4.0411472,0.00120715290523635
4.049815,0.00120732363002126
4.0584828,0.00120749367355225
4.0671506,0.00120766303989888
4.0758184,0.00120783173309836
4.0844862,0.00120799975715587
4.093154,0.00120816711604488
4.1018218,0.00120833381370745
4.1104896,0.00120849985405457
4.1191574,0.00120866524096644
4.1278252,0.00120882997829277
4.136493,0.00120899406985311
4.1451608,0.0012091575194371
4.1538286,0.00120932033080481
4.1624964,0.00120948250768697
4.1711642,0.00120964405378533
4.179832,0.00120980497277286
4.1884998,0.0012099652682941
4.1971676,0.00121012494396539
4.2058354,0.00121028400337515
4.2145032,0.00121044245008417
4.223171,0.00121060028762585
4.2318388,0.00121075751950647
4.2405066,0.00121091414920546
4.2491744,0.00121107018017565
4.2578422,0.00121122561584352
4.26651,0.00121138045960945
4.2751778,0.00121153471484797
4.2838456,0.00121168838490803
4.2925134,0.00121184147311318
4.3011812,0.00121199398276189
4.309849,0.00121214591712771
4.3185168,0.00121229727945957
4.3271846,0.00121244807298196
4.3358524,0.00121259830089519
4.3445202,0.0012127479663756
4.353188,0.0012128970725758
4.3618558,0.00121304562262489
4.3705236,0.00121319361962864
4.3791914,0.00121334106666977
4.3878592,0.00121348796680811
4.396527,0.00121363432308085
4.4051948,0.00121378013850272
4.4138626,0.00121392541606621
4.4225304,0.00121407015874179
4.4311982,0.00121421436947807
4.439866,0.00121435805120205
4.4485338,0.00121450120681929
4.4572016,0.0012146438392141
4.4658694,0.00121478595124976
4.4745372,0.00121492754576868
4.483205,0.00121506862559262
4.4918728,0.00121520919352285
4.5005406,0.00121534925234037
4.5092084,0.00121548880480604
4.5178762,0.00121562785366082
4.526544,0.00121576640162592
4.5352118,0.00121590445140296
4.5438796,0.00121604200567419
4.5525474,0.00121617906710262
4.5612152,0.00121631563833223
4.569883,0.00121645172198812
4.5785508,0.00121658732067665
4.5872186,0.00121672243698567
4.5958864,0.00121685707348464
4.6045542,0.00121699123272481
4.613222,0.00121712491723935
4.6218898,0.00121725812954356
4.6305576,0.00121739087213499
4.6392254,0.00121752314749362
4.6478932,0.00121765495808199
4.656561,0.00121778630634537
4.6652288,0.0012179171947119
4.6738966,0.00121804762559275
4.6825644,0.00121817760138228
4.6912322,0.00121830712445814
4.6999,0.00121843619718147
