"ResDensity","N_TraitValue"
8.6712,0.00012217072353568
8.8953806,0.000124531547403424
9.1195612,0.000126862508345477
9.3437418,0.000129164169421291
9.5679224,0.000131437079623566
9.792103,0.000133681774314798
10.0162836,0.000135898775647686
10.2404642,0.000138088592970058
10.4646448,0.000140251723215006
10.6888254,0.000142388651276833
10.913006,0.000144499850373429
11.1371866,0.00014658578239563
11.3613672,0.000148646898244115
11.5855478,0.00015068363815434
11.8097284,0.000152696432010021
12.033909,0.000154685699645619
12.2580896,0.000156651851138282
12.4822702,0.000158595287089669
12.7064508,0.00016051639889806
12.9306314,0.000162415569021141
13.154812,0.000164293171229844
13.3789926,0.00016614957085358
13.6031732,0.000167985125017208
13.8273538,0.000169800182870079
14.0515344,0.000171595085807435
14.275715,0.000173370167684486
14.4998956,0.000175125755023423
14.7240762,0.000176862167213652
14.9482568,0.000178579716705509
15.1724374,0.000180278709197684
15.396618,0.000181959443818614
15.6207986,0.000183622213302049
15.8449792,0.000185267304157029
16.0691598,0.000186894996832458
16.2933404,0.000188505565876491
16.517521,0.000190099280090912
16.7417016,0.000191676402680698
16.9658822,0.000193237191398922
17.1900628,0.000194781898687196
17.4142434,0.000196310771811779
17.638424,0.000197824052995525
17.8626046,0.000199321979545823
18.0867852,0.00020080478397865
18.3109658,0.000202272694138895
18.5351464,0.000203725933317066
18.759327,0.00020516472036253
18.9835076,0.000206589269793371
19.2076882,0.000207999791903023
19.4318688,0.000209396492863754
19.6560494,0.00021077957482713
19.88023,0.000212149236021551
20.1044106,0.000213505670846963
20.3285912,0.000214849069966844
20.5527718,0.000216179620397536
20.7769524,0.000217497505595046
21.001133,0.000218802905539363
21.2253136,0.000220095996816401
21.4494942,0.000221376952697627
21.6736748,0.000222645943217466
21.8978554,0.000223903135248537
22.122036,0.000225148692574809
22.3462166,0.000226382775962732
22.5703972,0.000227605543230408
22.7945778,0.000228817149314874
23.0187584,0.000230017746337546
23.242939,0.000231207483667889
23.4671196,0.00023238650798537
23.6913002,0.000233554963339737
23.9154808,0.000234712991209692
24.1396614,0.000235860730559997
24.363842,0.000236998317897065
24.5880226,0.000238125887323082
24.8122032,0.000239243570588704
25.0363838,0.000240351497144381
25.2605644,0.00024144979419033
25.484745,0.000242538586725224
25.7089256,0.000243617997593613
25.9331062,0.00024468814753213
26.1572868,0.000245749155214509
26.3814674,0.000246801137295457
26.605648,0.000247844208453408
26.8298286,0.000248878481432202
27.0540092,0.000249904067081702
27.2781898,0.000250921074397403
27.5023704,0.000251929610559047
27.726551,0.000252929780968274
27.9507316,0.000253921689285347
28.1749122,0.00025490543746496
28.3990928,0.000255881125791181
28.6232734,0.000256848852911523
28.847454,0.000257808715870199
29.0716346,0.000258760810140557
29.2958152,0.000259705229656741
29.5199958,0.000260642066844582
29.7441764,0.000261571412651752
29.968357,0.000262493356577199
30.1925376,0.000263407986699874
30.4167182,0.000264315389706785
30.6408988,0.000265215650920386
30.8650794,0.000266108854325318
31.08926,0.000266995082594532
31.3134406,0.000267874417114792
31.5376212,0.000268746938011593
31.7618018,0.000269612724173502
31.9859824,0.00027047185327593
32.210163,0.000271324401804363
32.4343436,0.000272170445077067
32.6585242,0.000273010057267262
32.8827048,0.000273843311424803
33.1068854,0.000274670279497366
33.331066,0.000275491032351159
33.5552466,0.00027630563979116
33.7794272,0.000277114170580915
34.0036078,0.000277916692461883
34.2277884,0.000278713272172358
34.451969,0.000279503975465968
34.6761496,0.00028028886712977
34.9003302,0.000281068011001944
35.1245108,0.000281841469989103
35.3486914,0.000282609306083223
35.572872,0.000283371580378204
35.7970526,0.000284128353086079
36.0212332,0.000284879683552862
36.2454138,0.000285625630274068
36.4695944,0.000286366250909891
36.693775,0.000287101602300064
36.9179556,0.000287831740478398
37.1421362,0.000288556720687014
37.3663168,0.000289276597390282
37.5904974,0.000289991424288455
37.814678,0.000290701254331023
38.0388586,0.00029140613972979
38.2630392,0.000292106131971674
38.4872198,0.000292801281831244
38.7114004,0.000293491639382998
38.935581,0.000294177254013385
39.1597616,0.000294858174432585
39.3839422,0.000295534448686044
39.6081228,0.000296206124165773
39.8323034,0.000296873247621422
40.056484,0.000297535865171124
40.2806646,0.000298194022312125
40.5048452,0.000298847763931195
40.7290258,0.000299497134314834
40.9532064,0.000300142177159276
41.177387,0.000300782935580285
41.4015676,0.000301419452122766
41.6257482,0.000302051768770177
41.8499288,0.000302679926953768
42.0741094,0.000303303967561622
42.29829,0.000303923930947531
42.5224706,0.000304539856939696
42.7466512,0.000305151784849253
42.9708318,0.000305759753478637
43.1950124,0.000306363801129789
43.419193,0.000306963965612191
43.6433736,0.000307560284250763
43.8675542,0.000308152793893597
44.0917348,0.000308741530919549
44.3159154,0.000309326531245682
44.540096,0.000309907830334573
44.7642766,0.000310485463201476
44.9884572,0.000311059464421357
45.2126378,0.00031162986813579
45.4368184,0.000312196708059726
45.660999,0.000312760017488138
45.8851796,0.000313319829302538
46.1093602,0.000313876175977376
46.3335408,0.000314429089586321
46.5577214,0.000314978601808422
46.781902,0.000315524743934161
47.0060826,0.000316067546871391
47.2302632,0.000316607041151167
47.4544438,0.000317143256933472
47.6786244,0.000317676224012834
47.902805,0.000318205971823847
48.1269856,0.00031873252944659
48.3511662,0.000319255925611948
48.5753468,0.000319776188706838
48.7995274,0.00032029334677934
49.023708,0.000320807427543737
49.2478886,0.000321318458385469
49.4720692,0.000321826466365994
49.6962498,0.000322331478227564
49.9204304,0.000322833520397919
50.144611,0.000323332618994896
50.3687916,0.000323828799830962
50.5929722,0.000324322088417658
50.8171528,0.000324812509969974
51.0413334,0.00032530008941065
51.265514,0.000325784851374391
51.4896946,0.000326266820212018
51.7138752,0.00032674601999455
51.9380558,0.000327222474517206
52.1622364,0.000327696207303345
52.386417,0.000328167241608338
52.6105976,0.000328635600423375
52.8347782,0.000329101306479203
53.0589588,0.000329564382249806
53.2831394,0.000330024849956017
53.50732,0.000330482731569076
53.7315006,0.000330938048814122
53.9556812,0.000331390823173631
54.1798618,0.000331841075890792
54.4040424,0.000332288827972833
54.628223,0.000332734100194285
54.8524036,0.000333176913100198
55.0765842,0.000333617287009296
55.3007648,0.000334055242017092
55.5249454,0.000334490797998939
55.749126,0.000334923974613038
55.9733066,0.000335354791303398
56.1974872,0.000335783267302743
56.4216678,0.000336209421635374
56.6458484,0.000336633273119986
56.870029,0.000337054840372438
57.0942096,0.000337474141808477
57.3183902,0.000337891195646422
57.5425708,0.0003383060199098
57.7667514,0.000338718632429943
57.990932,0.000339129050848547
58.2151126,0.000339537292620181
58.4392932,0.000339943375014763
58.6634738,0.000340347315119997
58.8876544,0.00034074912984377
59.111835,0.000341148835916506
59.3360156,0.000341546449893497
59.5601962,0.00034194198815718
59.7843768,0.000342335466919392
60.0085574,0.000342726902223585
60.232738,0.000343116309947004
60.4569186,0.000343503705802834
60.6810992,0.000343889105342317
60.9052798,0.000344272523956828
61.1294604,0.00034465397687993
61.353641,0.000345033479189384
61.5778216,0.000345411045809143
61.8020022,0.000345786691511302
62.0261828,0.000346160430918031
62.2503634,0.000346532278503465
62.474544,0.000346902248595582
62.6987246,0.000347270355378031
62.9229052,0.000347636612891956
63.1470858,0.000348001035037776
63.3712664,0.000348363635576943
63.595447,0.000348724428133677
63.8196276,0.000349083426196669
64.0438082,0.000349440643120766
64.2679888,0.000349796092128624
64.4921694,0.000350149786312341
64.71635,0.000350501738635064
64.9405306,0.00035085196193257
65.1647112,0.000351200468914835
65.3888918,0.00035154727216756
65.6130724,0.000351892384153694
65.837253,0.000352235817214927
66.0614336,0.000352577583573154
66.2856142,0.000352917695331934
66.5097948,0.000353256164477914
66.7339754,0.000353593002882235
66.958156,0.000353928222301927
67.1823366,0.00035426183438127
67.4065172,0.000354593850653145
67.6306978,0.000354924282540364
67.8548784,0.000355253141356978
68.079059,0.000355580438309571
68.3032396,0.000355906184498529
68.5274202,0.000356230390919298
68.7516008,0.000356553068463623
68.9757814,0.000356874227920761
69.199962,0.000357193879978691
69.4241426,0.000357512035225294
69.6483232,0.000357828704149526
69.8725038,0.00035814389714257
70.0966844,0.000358457624498968
70.320865,0.00035876989641775
70.5450456,0.000359080723003531
70.7692262,0.000359390114267607
70.9934068,0.000359698080129028
71.2175874,0.000360004630415654
71.441768,0.000360309774865208
71.6659486,0.000360613523126301
71.8901292,0.000360915884759452
72.1143098,0.00036121686923809
72.3384904,0.000361516485949542
72.562671,0.000361814744196013
72.7868516,0.000362111653195545
73.0110322,0.000362407222082968
73.2352128,0.000362701459910837
73.4593934,0.000362994375650355
73.683574,0.000363285978192286
73.9077546,0.000363576276347857
74.1319352,0.000363865278849638
74.3561158,0.000364152994352426
74.5802964,0.000364439431434105
74.804477,0.000364724598596498
75.0286576,0.000365008504266208
75.2528382,0.000365291156795452
75.4770188,0.000365572564462874
75.7011994,0.000365852735474359
75.92538,0.000366131677963826
76.1495606,0.000366409399994019
76.3737412,0.000366685909557281
76.5979218,0.000366961214576322
76.8221024,0.000367235322904974
77.046283,0.000367508242328943
77.2704636,0.000367779980566538
77.4946442,0.000368050545269406
77.7188248,0.000368319944023246
77.9430054,0.000368588184348521
78.167186,0.000368855273701153
78.3913666,0.000369121219473219
78.6155472,0.00036938602899363
78.8397278,0.000369649709528806
79.0639084,0.000369912268283339
79.288089,0.000370173712400649
79.5122696,0.000370434048963635
79.7364502,0.000370693284995309
79.9606308,0.000370951427459435
80.1848114,0.000371208483261145
80.408992,0.00037146445924756
80.6331726,0.000371719362208395
80.8573532,0.000371973198876562
81.0815338,0.000372225975928759
81.3057144,0.000372477699986061
81.529895,0.00037272837761449
81.7540756,0.000372978015325596
81.9782562,0.000373226619577012
82.2024368,0.000373474196773015
82.4266174,0.000373720753265075
82.650798,0.0003739662953524
82.8749786,0.00037421082928247
83.0991592,0.000374454361251566
83.3233398,0.000374696897405299
83.5475204,0.000374938443839119
83.771701,0.000375179006598832
83.9958816,0.000375418591681103
84.2200622,0.00037565720503395
84.4442428,0.000375894852557243
84.6684234,0.000376131540103187
84.892604,0.000376367273476799
85.1167846,0.000376602058436389
85.3409652,0.000376835900694026
85.5651458,0.000377068805915998
85.7893264,0.000377300779723276
86.013507,0.000377531827691961
86.2376876,0.000377761955353733
86.4618682,0.000377991168196293
86.6860488,0.000378219471663797
86.9102294,0.00037844687115729
87.13441,0.00037867337203513
87.3585906,0.000378898979613407
87.5827712,0.000379123699166365
87.8069518,0.000379347535926806
88.0311324,0.0003795704950865
88.255313,0.000379792581796587
88.4794936,0.00038001380116797
88.7036742,0.000380234158271713
88.9278548,0.000380453658139422
89.1520354,0.000380672305763631
89.376216,0.000380890106098183
89.6003966,0.000381107064058599
89.8245772,0.000381323184522452
90.0487578,0.00038153847232973
90.2729384,0.000381752932283199
90.497119,0.000381966569148759
90.7212996,0.000382179387655796
90.9454802,0.000382391392497536
91.1696608,0.000382602588331383
91.3938414,0.000382812979779265
91.618022,0.000383022571427969
91.8422026,0.000383231367829477
92.0663832,0.00038343937350129
92.2905638,0.000383646592926761
92.5147444,0.00038385303055541
92.738925,0.000384058690803249
92.9631056,0.000384263578053092
93.1872862,0.000384467696654869
93.4114668,0.000384671050925932
93.6356474,0.000384873645151361
93.859828,0.000385075483584265
94.0840086,0.000385276570446079
94.3081892,0.000385476909926857
94.5323698,0.000385676506185565
94.7565504,0.000385875363350369
94.980731,0.000386073485518917
95.2049116,0.000386270876758624
95.4290922,0.000386467541106949
95.6532728,0.000386663482571666
95.8774534,0.000386858705131146
96.101634,0.000387053212734614
96.3258146,0.000387247009302428
96.5499952,0.00038744009872633
96.7741758,0.000387632484869717
96.9983564,0.000387824171567893
97.222537,0.000388015162628323
97.4467176,0.000388205461830891
97.6708982,0.000388395072928143
97.8950788,0.000388583999645536
98.1192594,0.000388772245681683
98.34344,0.000388959814708594
98.5676206,0.000389146710371914
98.7918012,0.000389332936291159
99.0159818,0.000389518496059951
99.2401624,0.000389703393246247
99.464343,0.000389887631392571
99.6885236,0.000390071214016236
99.9127042,0.000390254144609572
100.1368848,0.000390436426640145
100.3610654,0.000390618063550977
100.585246,0.000390799058760762
100.8094266,0.000390979415664079
101.0336072,0.000391159137631611
101.2577878,0.000391338228010345
101.4819684,0.000391516690123788
101.706149,0.000391694527272169
101.9303296,0.000391871742732643
102.1545102,0.00039204833975949
102.3786908,0.00039222432158432
102.6028714,0.000392399691416265
102.827052,0.000392574452442174
103.0512326,0.000392748607826811
103.2754132,0.000392922160713039
103.4995938,0.000393095114222017
103.7237744,0.000393267471453379
103.947955,0.000393439235485425
104.1721356,0.000393610409375303
104.3963162,0.000393780996159187
104.6204968,0.000393950998852462
104.8446774,0.000394120420449898
105.068858,0.000394289263925826
105.2930386,0.000394457532234313
105.5172192,0.000394625228309335
105.7413998,0.000394792355064947
105.9655804,0.000394958915395449
106.189761,0.000395124912175557
106.4139416,0.000395290348260568
106.6381222,0.00039545522648652
106.8623028,0.000395619549670359
107.0864834,0.000395783320610096
107.310664,0.000395946542084968
107.5348446,0.000396109216855591
107.7590252,0.000396271347664122
107.9832058,0.000396432937234409
108.2073864,0.000396593988272144
108.431567,0.000396754503465014
108.6557476,0.000396914485482852
108.8799282,0.000397073936977782
109.1041088,0.00039723286058437
109.3282894,0.000397391258919766
109.55247,0.000397549134583845
109.7766506,0.000397706490159357
110.0008312,0.000397863328212061
110.2250118,0.000398019651290868
110.4491924,0.000398175461927975
110.673373,0.000398330762639008
110.8975536,0.000398485555923152
111.1217342,0.000398639844263289
111.3459148,0.000398793630126126
111.5700954,0.000398946915962331
111.794276,0.000399099704206661
112.0184566,0.000399251997278092
112.2426372,0.000399403797579945
112.4668178,0.000399555107500015
112.6909984,0.000399705929410692
112.915179,0.000399856265669091
113.1393596,0.000400006118617167
113.3635402,0.000400155490581846
113.5877208,0.000400304383875137
113.8119014,0.000400452800794255
114.036082,0.000400600743621742
114.2602626,0.000400748214625577
114.4844432,0.000400895216059297
114.7086238,0.000401041750162112
114.9328044,0.000401187819159017
115.156985,0.000401333425260902
115.3811656,0.000401478570664671
115.6053462,0.000401623257553345
115.8295268,0.000401767488096174
116.0537074,0.000401911264448748
116.277888,0.000402054588753101
116.5020686,0.000402197463137818
116.7262492,0.000402339889718143
116.9504298,0.000402481870596078
117.1746104,0.000402623407860493
117.398791,0.000402764503587223
117.6229716,0.000402905159839174
117.8471522,0.000403045378666418
118.0713328,0.000403185162106298
118.2955134,0.000403324512183525
118.519694,0.000403463430910274
118.7438746,0.000403601920286281
118.9680552,0.000403739982298943
119.1922358,0.000403877618923408
119.4164164,0.000404014832122672
119.640597,0.000404151623847672
119.8647776,0.000404287996037376
120.0889582,0.00040442395061888
120.3131388,0.000404559489507493
120.5373194,0.000404694614606829
120.7615,0.000404829327808901
