"ResDensity","N_TraitValue"
6.088,0.00577556178097738
6.9514058,0.00650738337585593
7.8148116,0.00722008805899917
8.6782174,0.00791441524128131
9.5416232,0.00859106668667926
10.405029,0.00925070887813484
11.2684348,0.00989397520721682
12.1318406,0.0105214680027047
12.9952464,0.0111337604117516
13.8586522,0.0117313981459745
14.722058,0.012314901103655
15.5854638,0.0128847648781834
16.4488696,0.0134414621619478
17.3122754,0.0139854440540252
18.1756812,0.014517141279278
19.039087,0.015036965325781
19.9024928,0.0155453095068912
20.7658986,0.0160425499537211
21.6293044,0.0165290465432789
22.4927102,0.0170051437670896
23.356116,0.017471171544701
24.2195218,0.017927445986114
25.0829276,0.0183742701068379
25.9463334,0.0188119344989714
26.8097392,0.0192407179614305
27.673145,0.0196608880921979
28.5365508,0.0200727018452353
29.3999566,0.0204764060544956
30.2633624,0.0208722379272799
31.1267682,0.0212604255090113
31.990174,0.0216411881213395
32.8535798,0.0220147367753436
33.7169856,0.0223812745614704
34.5803914,0.0227409970177207
35.4437972,0.0230940924774876
36.307203,0.023440742398345
37.1706088,0.0237811216729945
38.0340146,0.0241153989234888
38.8974204,0.0244437367797715
39.7608262,0.024766292143501
40.624232,0.0250832164380573
41.4876378,0.0253946558455674
42.3510436,0.0257007515317315
43.2144494,0.0260016398591735
44.0778552,0.0262974525899953
44.941261,0.0265883170781666
45.8046668,0.0268743564523392
46.6680726,0.0271556897896392
47.5314784,0.0274324322809502
48.3948842,0.0277046953881717
49.25829,0.0279725869939016
50.1216958,0.0282362115439669
50.9851016,0.028495670183197
51.8485074,0.028751060884811
52.7119132,0.0290024785737662
53.575319,0.0292500152443949
54.4387248,0.0294937600726346
55.3021306,0.0297337995231407
56.1655364,0.0299702174515501
57.0289422,0.0302030952021514
57.892348,0.0304325117012006
58.7557538,0.0306585435461052
59.6191596,0.0308812650906915
60.4825654,0.0311007485267522
61.3459712,0.0313170639620622
62.209377,0.0315302794950414
63.0727828,0.0317404612862303
63.9361886,0.0319476736267355
64.7995944,0.0321519790037952
65.6630002,0.0323534381636043
66.526406,0.032552110171532
67.3898118,0.0327480524698572
68.2532176,0.0329413209331402
69.1166234,0.0331319699213435
69.9800292,0.0333200523308064
70.843435,0.0335056196431753
71.7068408,0.0336887219723838
72.5702466,0.0338694081097731
73.4336524,0.0340477255674378
74.2970582,0.0342237206198783
75.160464,0.0343974383440359
76.0238698,0.0345689226577841
76.8872756,0.0347382163569448
77.7506814,0.0349053611508944
78.6140872,0.0350703976968237
79.477493,0.0352333656327079
80.3408988,0.0353943036090461
81.2043046,0.0355532493194215
82.0677104,0.0357102395299329
82.9311162,0.035865310107548
83.794522,0.036018496047422
84.6579278,0.036169831499226
85.5213336,0.0363193497925277
86.3847394,0.0364670834612631
87.2481452,0.0366130642673363
88.111551,0.0367573232233857
88.9749568,0.0368998906147479
89.8383626,0.0370407960206542
90.7017684,0.0371800683346903
91.5651742,0.037317735784548
92.42858,0.0374538259510986
93.2919858,0.0375883657868142
94.1553916,0.0377213816335632
95.0187974,0.0378528992398039
95.8822032,0.0379829437772014
96.745609,0.0381115398566881
97.6090148,0.0382387115439914
98.4724206,0.0383644823746477
99.3358264,0.0384888753685235
100.1992322,0.0386119130438612
101.062638,0.0387336174308689
101.9260438,0.0388540100848703
102.7894496,0.0389731120990321
103.6528554,0.0390909441166839
104.5162612,0.0392075263432464
105.379667,0.0393228785577817
106.2430728,0.0394370201241803
107.1064786,0.0395499700019976
107.9698844,0.0396617467569524
108.8332902,0.0397723685711006
109.696696,0.0398818532526945
110.5601018,0.0399902182457402
111.4235076,0.0400974806392628
112.2869134,0.0402036571762905
113.1503192,0.0403087642625671
114.013725,0.0404128179750027
114.8771308,0.0405158340698712
115.7405366,0.0406178279907644
116.6039424,0.0407188148763098
117.4673482,0.0408188095676617
118.330754,0.0409178266157717
119.1941598,0.0410158802884477
120.0575656,0.0411129845772077
120.9209714,0.0412091532039349
121.7843772,0.0413043996273425
122.647783,0.0413987370492521
123.5111888,0.0414921784206942
124.3745946,0.0415847364478351
125.2380004,0.0416764235977369
126.1014062,0.0417672521039554
126.964812,0.0418572339719815
127.8282178,0.0419463809845312
128.6916236,0.042034704706689
129.5550294,0.0421222164909096
130.4184352,0.0422089274818822
131.281841,0.0422948486212615
132.1452468,0.0423799906522708
133.0086526,0.0424643641241798
133.8720584,0.0425479793966616
134.7354642,0.0426308466440338
135.59887,0.0427129758593845
136.4622758,0.0427943768585905
137.3256816,0.0428750592842277
138.1890874,0.0429550326093788
139.0524932,0.0430343061413416
139.915899,0.0431128890252391
140.7793048,0.0431907902475372
141.6427106,0.0432680186394699
142.5061164,0.0433445828803773
143.3695222,0.0434204915009567
144.232928,0.0434957528864315
145.0963338,0.0435703752796387
145.9597396,0.0436443667840387
146.8231454,0.0437177353666487
147.6865512,0.0437904888609019
148.549957,0.0438626349694364
149.4133628,0.0439341812668132
150.2767686,0.0440051352021671
151.1401744,0.0440755041017927
152.0035802,0.0441452951716655
152.866986,0.0442145154999023
153.7303918,0.0442831720591606
154.5937976,0.0443512717089802
155.4572034,0.0444188211980676
156.3206092,0.0444858271665258
157.184015,0.0445522961480299
158.0474208,0.0446182345719512
158.9108266,0.0446836487654297
159.7742324,0.0447485449553988
160.6376382,0.0448129292705606
161.501044,0.0448768077433155
162.3644498,0.0449401863116467
163.2278556,0.0450030708209596
164.0912614,0.0450654670258794
164.9546672,0.0451273805920067
165.818073,0.0451888170976317
166.6814788,0.0452497820354107
167.5448846,0.0453102808140019
168.4082904,0.0453703187596659
169.2716962,0.0454299011178284
170.135102,0.0454890330546079
170.9985078,0.0455477196583093
171.8619136,0.0456059659408828
172.7253194,0.0456637768393513
173.5887252,0.0457211572172053
174.452131,0.0457781118657664
175.3155368,0.0458346455055217
176.1789426,0.0458907627874272
177.0423484,0.045946468294184
177.9057542,0.0460017665414855
178.76916,0.0460566619792374
179.6325658,0.0461111589927519
180.4959716,0.0461652619039154
181.3593774,0.0462189749723306
182.2227832,0.046272302396435
183.086189,0.0463252483145946
183.9495948,0.0463778168061743
184.8130006,0.0464300118925859
185.6764064,0.0464818375383137
186.5398122,0.0465332976519177
187.403218,0.046584396087017
188.2666238,0.0466351366432511
189.1300296,0.0466855230672222
189.9934354,0.0467355590534173
190.8568412,0.046785248245111
191.720247,0.0468345942352501
192.5836528,0.0468836005673192
193.4470586,0.0469322707361896
194.3104644,0.0469806081889495
195.1738702,0.0470286163257183
196.037276,0.0470762985004432
196.9006818,0.0471236580216813
197.7640876,0.047170698153364
198.6274934,0.0472174221155471
199.4908992,0.0472638330851457
200.354305,0.0473099341966545
201.2177108,0.0473557285428527
202.0811166,0.0474012191754965
202.9445224,0.0474464091059965
203.8079282,0.0474913013060825
204.671334,0.0475358987084547
205.5347398,0.0475802042074226
206.3981456,0.0476242206595311
207.2615514,0.0476679508841742
208.1249572,0.0477113976641973
208.988363,0.0477545637464873
209.8517688,0.0477974518425517
210.7151746,0.0478400646290864
211.5785804,0.0478824047485322
212.4419862,0.0479244748096215
213.305392,0.0479662773879138
214.1687978,0.0480078150263214
215.0322036,0.0480490902356252
215.8956094,0.0480901054949803
216.7590152,0.0481308632524127
217.622421,0.0481713659253059
218.4858268,0.0482116159008796
219.3492326,0.0482516155366578
220.2126384,0.04829136716093
221.0760442,0.0483308730732023
221.93945,0.0483701355446411
222.8028558,0.0484091568185083
223.6662616,0.0484479391105886
224.5296674,0.0484864846096088
225.3930732,0.0485247954776497
226.256479,0.0485628738505501
227.1198848,0.0486007218383042
227.9832906,0.0486383415254509
228.8466964,0.0486757349714565
229.7101022,0.0487129042110911
230.573508,0.048749851254797
231.4369138,0.0487865780890516
232.3003196,0.0488230866767232
233.1637254,0.0488593789574207
234.0271312,0.0488954568478376
234.890537,0.0489313222420886
235.7539428,0.0489669770120418
236.6173486,0.0490024230076439
237.4807544,0.0490376620572405
238.3441602,0.0490726959678901
239.207566,0.0491075265256734
240.0709718,0.0491421554959966
240.9343776,0.0491765846238897
241.7977834,0.0492108156342995
242.6611892,0.0492448502323782
243.524595,0.0492786901037658
244.3880008,0.0493123369148689
245.2514066,0.0493457923131343
246.1148124,0.0493790579273173
246.9782182,0.0494121353677467
247.841624,0.0494450262265845
248.7050298,0.0494777320780808
249.5684356,0.0495102544788259
250.4318414,0.0495425949679963
251.2952472,0.0495747550675984
252.158653,0.0496067362827066
253.0220588,0.0496385401016985
253.8854646,0.0496701679964855
254.7488704,0.04970162142274
255.6122762,0.0497329018201191
256.475682,0.0497640106124835
257.3390878,0.0497949492081142
258.2024936,0.0498257189999248
259.0658994,0.0498563213656703
259.9293052,0.0498867576681532
260.792711,0.0499170292554254
261.6561168,0.0499471374609877
262.5195226,0.0499770836039848
263.3829284,0.0500068689893989
264.2463342,0.0500364949082388
265.10974,0.0500659626377262
265.9731458,0.0500952734414797
266.8365516,0.0501244285696952
267.6999574,0.0501534292593238
268.5633632,0.0501822767342465
269.426769,0.0502109722054465
270.2901748,0.0502395168711787
271.1535806,0.0502679119171365
272.0169864,0.0502961585166158
272.8803922,0.0503242578306768
273.743798,0.0503522110083031
274.6072038,0.050380019186558
275.4706096,0.0504076834907392
276.3340154,0.0504352050345302
277.1974212,0.0504625849201497
278.060827,0.0504898242384991
278.9242328,0.0505169240693072
279.7876386,0.0505438854812727
280.6510444,0.0505707095322048
281.5144502,0.050597397269162
282.377856,0.0506239497285873
283.2412618,0.0506503679364436
284.1046676,0.0506766529083449
284.9680734,0.0507028056496868
285.8314792,0.0507288271557749
286.694885,0.0507547184119506
287.5582908,0.050780480393716
288.4216966,0.0508061140668559
289.2851024,0.0508316203875588
290.1485082,0.0508570003025359
291.011914,0.0508822547491377
291.8753198,0.0509073846554702
292.7387256,0.0509323909405077
293.6021314,0.0509572745142058
294.4655372,0.0509820362776108
295.328943,0.0510066771229691
296.1923488,0.0510311979338342
297.0557546,0.0510555995851723
297.9191604,0.0510798829434663
298.7825662,0.0511040488668185
299.645972,0.0511280982050516
300.5093778,0.0511520317998083
301.3727836,0.0511758504846496
302.2361894,0.0511995550851514
303.0995952,0.0512231464189999
303.963001,0.0512466252960859
304.8264068,0.0512699925185972
305.6898126,0.0512932488811098
306.5532184,0.0513163951706787
307.4166242,0.0513394321669256
308.28003,0.0513623606421275
309.1434358,0.0513851813613024
310.0068416,0.0514078950822943
310.8702474,0.0514305025558575
311.7336532,0.0514530045257391
312.597059,0.0514754017287606
313.4604648,0.0514976948948982
314.3238706,0.0515198847473623
315.1872764,0.0515419720026756
316.0506822,0.0515639573707501
316.914088,0.0515858415549637
317.7774938,0.0516076252522343
318.6408996,0.0516293091530947
319.5043054,0.051650893941765
320.3677112,0.0516723802962247
321.231117,0.0516937688882837
322.0945228,0.0517150603836526
322.9579286,0.0517362554420112
323.8213344,0.0517573547170771
324.6847402,0.0517783588566726
325.548146,0.0517992685027913
326.4115518,0.0518200842916633
327.2749576,0.0518408068538199
328.1383634,0.0518614368141568
329.0017692,0.0518819747919978
329.865175,0.0519024214011558
330.7285808,0.0519227772499946
331.5919866,0.051943042941489
332.4553924,0.0519632190732845
333.3187982,0.0519833062377556
334.182204,0.0520033050220645
335.0456098,0.0520232160082177
335.9090156,0.0520430397731226
336.7724214,0.0520627768886434
337.6358272,0.052082427921656
338.499233,0.0521019934341022
339.3626388,0.0521214739830433
340.2260446,0.0521408701207132
341.0894504,0.05216018239457
341.9528562,0.0521794113473482
342.816262,0.0521985575171091
343.6796678,0.0522176214372911
344.5430736,0.0522366036367592
345.4064794,0.0522555046398542
346.2698852,0.0522743249664403
347.133291,0.0522930651319538
347.9966968,0.0523117256474489
348.8601026,0.0523303070196453
349.7235084,0.0523488097509735
350.5869142,0.0523672343396199
351.45032,0.052385581279572
352.3137258,0.0524038510606624
353.1771316,0.0524220441686122
354.0405374,0.0524401610850741
354.9039432,0.052458202287675
355.767349,0.0524761682500582
356.6307548,0.0524940594419242
357.4941606,0.0525118763290723
358.3575664,0.0525296193734407
359.2209722,0.0525472890331464
360.084378,0.0525648857625248
360.9477838,0.0525824100121684
361.8111896,0.0525998622289657
362.6745954,0.0526172428561386
363.5380012,0.0526345523332804
364.401407,0.0526517910963925
365.2648128,0.0526689595779214
366.1282186,0.0526860582067944
366.9916244,0.0527030874084559
367.8550302,0.052720047604902
368.718436,0.0527369392147159
369.5818418,0.0527537626531023
370.4452476,0.0527705183319209
371.3086534,0.0527872066597207
372.1720592,0.0528038280417728
373.035465,0.0528203828801031
373.8988708,0.0528368715735252
374.7622766,0.052853294517672
375.6256824,0.0528696521050275
376.4890882,0.0528859447249579
377.352494,0.0529021727637429
378.2158998,0.0529183366046058
379.0793056,0.0529344366277438
379.9427114,0.0529504732103579
380.8061172,0.0529664467266824
381.669523,0.0529823575480137
382.5329288,0.0529982060427395
383.3963346,0.0530139925763668
384.2597404,0.0530297175115503
385.1231462,0.0530453812081202
385.986552,0.0530609840231094
386.8499578,0.0530765263107808
387.7133636,0.053092008422654
388.5767694,0.0531074307075319
389.4401752,0.0531227935115269
390.303581,0.0531380971780867
391.1669868,0.0531533420480201
392.0303926,0.053168528459522
392.8937984,0.0531836567481985
393.7572042,0.0531987272470919
394.62061,0.0532137402867047
395.4840158,0.0532286961950242
396.3474216,0.0532435952975459
397.2108274,0.0532584379172976
398.0742332,0.0532732243748625
398.937639,0.0532879549884022
399.8010448,0.0533026300736796
400.6644506,0.0533172499440818
401.5278564,0.0533318149106417
402.3912622,0.0533463252820606
403.254668,0.05336078136473
404.1180738,0.053375183462753
404.9814796,0.0533895318779653
405.8448854,0.0534038269099572
406.7082912,0.0534180688560934
407.571697,0.0534322580115344
408.4351028,0.0534463946692566
409.2985086,0.0534604791200723
410.1619144,0.05347451165265
411.0253202,0.0534884925535337
411.888726,0.0535024221071628
412.7521318,0.0535163005958912
413.6155376,0.0535301283000065
414.4789434,0.0535439054977485
415.3423492,0.0535576324653284
416.205755,0.0535713094769469
417.0691608,0.0535849368048126
417.9325666,0.0535985147191598
418.7959724,0.0536120434882668
419.6593782,0.0536255233784734
420.522784,0.053638954654198
421.3861898,0.0536523375779555
422.2495956,0.053665672410374
423.1130014,0.0536789594102119
423.9764072,0.0536921988343744
424.839813,0.0537053909379306
425.7032188,0.053718535974129
426.5666246,0.0537316341944146
427.4300304,0.0537446858484443
428.2934362,0.0537576911841034
429.156842,0.0537706504475203
430.0202478,0.0537835638830832
430.8836536,0.0537964317334546
431.7470594,0.0538092542395868
432.6104652,0.0538220316407369
433.473871,0.053834764174482
434.3372768,0.0538474520767333
435.2006826,0.0538600955817512
436.0640884,0.0538726949221594
436.9274942,0.0538852503289593
437.7909,0.0538977620315444
