"ResDensity","N_TraitValue"
173.6689,0.000267555714029116
187.6275428,0.000288756800487896
201.5861856,0.000309913382356874
215.5448284,0.000331025599622875
229.5034712,0.00035209359168624
243.462114,0.000373117497363903
257.4207568,0.000394097454892431
271.3793996,0.00041503360193106
285.3380424,0.000435926075564703
299.2966852,0.000456775012306944
313.255328,0.000477580548103009
327.2139708,0.000498342818332721
341.1726136,0.000519061957813439
355.1312564,0.000539738100802973
369.0898992,0.000560371381002487
383.048542,0.000580961931559377
397.0071848,0.000601509885070138
410.9658276,0.00062201537358321
424.9244704,0.000642478528601806
438.8831132,0.000662899481086723
452.841756,0.000683278361459135
466.8003988,0.000703615299603372
480.7590416,0.000723910424869678
494.7176844,0.000744163866076952
508.6763272,0.000764375751515477
522.63497,0.000784546208949623
536.5936128,0.000804675365620547
550.5522556,0.000824763348248861
564.5108984,0.000844810283037296
578.4695412,0.000864816295673343
592.428184,0.000884781511331881
606.3868268,0.000904706054677786
620.3454696,0.000924590049868525
634.3041124,0.00094443362055674
648.2627552,0.000964236889892805
662.221398,0.000983999980527377
676.1800408,0.00100372301461393
690.1386836,0.00102340611381126
704.0973264,0.00104304939928601
718.0559692,0.00106265299171513
732.014612,0.00108221701128836
745.9732548,0.0011017415777107
759.9318976,0.00112122681020483
773.8905404,0.00114067282751353
787.8491832,0.00116007974790213
801.807826,0.00117944768916087
815.7664688,0.0011987767686073
829.7251116,0.00121806710308866
843.6837544,0.00123731880898419
857.6423972,0.00125653200220753
871.60104,0.001275706798209
885.5596828,0.00129484331197795
899.5183256,0.001313941658045
913.4769684,0.00133300195048441
927.4356112,0.00135202430291628
941.394254,0.00137100882850882
955.3528968,0.00138995563998064
969.3115396,0.00140886484960291
983.2701824,0.00142773656920165
997.2288252,0.00144657091015987
1011.187468,0.0014653679834198
1025.1461108,0.00148412789948508
1039.1047536,0.00150285076842288
1053.0633964,0.00152153669986607
1067.0220392,0.00154018580301539
1080.980682,0.00155879818664155
1094.9393248,0.00157737395908734
1108.8979676,0.00159591322826973
1122.8566104,0.00161441610168201
1136.8152532,0.00163288268639578
1150.773896,0.0016513130890631
1164.7325388,0.00166970741591849
1178.6911816,0.001688065772781
1192.6498244,0.00170638826505621
1206.6084672,0.00172467499773827
1220.56711,0.00174292607541191
1234.5257528,0.00176114160225443
1248.4843956,0.00177932168203764
1262.4430384,0.00179746641812991
1276.4016812,0.00181557591349806
1290.360324,0.00183365027070933
1304.3189668,0.00185168959193335
1318.2776096,0.001869693978944
1332.2362524,0.00188766353312138
1346.1948952,0.00190559835545369
1360.153538,0.0019234985465391
1374.1121808,0.0019413642065877
1388.0708236,0.00195919543542328
1402.0294664,0.00197699233248526
1415.9881092,0.0019947549968305
1429.946752,0.00201248352713515
1443.9053948,0.0020301780216965
1457.8640376,0.00204783857843474
1471.8226804,0.00206546529489482
1485.7813232,0.00208305826824823
1499.739966,0.00210061759529477
1513.6986088,0.00211814337246433
1527.6572516,0.00213563569581869
1541.6158944,0.00215309466105323
1555.5745372,0.00217052036349869
1569.53318,0.00218791289812292
1583.4918228,0.00220527235953257
1597.4504656,0.00222259884197485
1611.4091084,0.00223989243933922
1625.3677512,0.00225715324515906
1639.326394,0.00227438135261337
1653.2850368,0.00229157685452849
1667.2436796,0.00230873984337969
1681.2023224,0.00232587041129289
1695.1609652,0.00234296865004628
1709.119608,0.00236003465107197
1723.0782508,0.00237706850545761
1737.0368936,0.00239407030394801
1750.9955364,0.00241104013694676
1764.9541792,0.00242797809451785
1778.912822,0.00244488426638721
1792.8714648,0.00246175874194435
1806.8301076,0.0024786016102439
1820.7887504,0.0024954129600072
1834.7473932,0.00251219287962384
1848.706036,0.0025289414571532
1862.6646788,0.00254565878032605
1876.6233216,0.00256234493654599
1890.5819644,0.00257900001289106
1904.5406072,0.00259562409611518
1918.49925,0.00261221727264973
1932.4578928,0.00262877962860498
1946.4165356,0.00264531124977163
1960.3751784,0.00266181222162226
1974.3338212,0.00267828262931282
1988.292464,0.00269472255768408
2002.2511068,0.00271113209126311
2016.2097496,0.00272751131426471
2030.1683924,0.00274386031059285
2044.1270352,0.00276017916384211
2058.085678,0.00277646795729911
2072.0443208,0.00279272677394391
2086.0029636,0.00280895569645143
2099.9616064,0.00282515480719285
2113.9202492,0.00284132418823702
2127.878892,0.00285746392135181
2141.8375348,0.0028735740880055
2155.7961776,0.0028896547693682
2169.7548204,0.00290570604631312
2183.7134632,0.00292172799941801
2197.672106,0.00293772070896648
2211.6307488,0.00295368425494931
2225.5893916,0.00296961871706584
2239.5480344,0.00298552417472525
2253.5066772,0.00300140070704789
2267.46532,0.00301724839286662
2281.4239628,0.00303306731072808
2295.3826056,0.00304885753889399
2309.3412484,0.00306461915534248
2323.2998912,0.00308035223776932
2337.258534,0.00309605686358922
2351.2171768,0.00311173310993712
2365.1758196,0.00312738105366943
2379.1344624,0.00314300077136527
2393.0931052,0.00315859233932776
2407.051748,0.00317415583358524
2421.0103908,0.0031896913298925
2434.9690336,0.00320519890373203
2448.9276764,0.0032206786303152
2462.8863192,0.00323613058458354
2476.844962,0.00325155484120989
2490.8036048,0.00326695147459965
2504.7622476,0.00328232055889192
2518.7208904,0.00329766216796076
2532.6795332,0.00331297637541632
2546.638176,0.00332826325460603
2560.5968188,0.00334352287861579
2574.5554616,0.0033587553202711
2588.5141044,0.00337396065213827
2602.4727472,0.00338913894652551
2616.43139,0.00340429027548412
2630.3900328,0.00341941471080963
2644.3486756,0.0034345123240429
2658.3073184,0.00344958318647128
2672.2659612,0.00346462736912973
2686.224604,0.0034796449428019
2700.1832468,0.00349463597802131
2714.1418896,0.00350960054507238
2728.1005324,0.00352453871399156
2742.0591752,0.00353945055456845
2756.017818,0.00355433613634683
2769.9764608,0.00356919552862579
2783.9351036,0.00358402880046078
2797.8937464,0.00359883602066469
2811.8523892,0.0036136172578089
2825.811032,0.00362837258022435
2839.7696748,0.00364310205600262
2853.7283176,0.00365780575299691
2867.6869604,0.00367248373882313
2881.6456032,0.00368713608086096
2895.604246,0.00370176284625481
2909.5628888,0.0037163641019149
2923.5215316,0.00373093991451826
2937.4801744,0.00374549035050975
2951.4388172,0.00376001547610309
2965.39746,0.0037745153572818
2979.3561028,0.00378899005980028
2993.3147456,0.00380343964918476
3007.2733884,0.00381786419073428
3021.2320312,0.0038322637495217
3035.190674,0.00384663839039467
3049.1493168,0.0038609881779766
3063.1079596,0.00387531317666761
3077.0666024,0.00388961345064555
3091.0252452,0.00390388906386689
3104.983888,0.00391814008006772
3118.9425308,0.00393236656276467
3132.9011736,0.00394656857525589
3146.8598164,0.00396074618062193
3160.8184592,0.00397489944172676
3174.777102,0.00398902842121859
3188.7357448,0.0040031331815309
3202.6943876,0.0040172137848833
3216.6530304,0.00403127029328243
3230.6116732,0.00404530276852295
3244.570316,0.00405931127218834
3258.5289588,0.0040732958656519
3272.4876016,0.00408725661007756
3286.4462444,0.00410119356642084
3300.4048872,0.00411510679542971
3314.36353,0.00412899635764545
3328.3221728,0.00414286231340356
3342.2808156,0.00415670472283464
3356.2394584,0.00417052364586522
3370.1981012,0.00418431914221866
3384.156744,0.004198091271416
3398.1153868,0.00421184009277681
3412.0740296,0.00422556566542004
3426.0326724,0.00423926804826488
3439.9913152,0.0042529473000316
3453.949958,0.00426660347924238
3467.9086008,0.00428023664422214
3481.8672436,0.00429384685309941
3495.8258864,0.00430743416380708
3509.7845292,0.00432099863408332
3523.743172,0.00433454032147231
3537.7018148,0.0043480592833251
3551.6604576,0.0043615555768004
3565.6191004,0.00437502925886542
3579.5777432,0.00438848038629663
3593.536386,0.00440190901568056
3607.4950288,0.00441531520341464
3621.4536716,0.00442869900570792
3635.4123144,0.00444206047858194
3649.3709572,0.00445539967787141
3663.3296,0.00446871665922507
3677.2882428,0.00448201147810645
3691.2468856,0.0044952841897946
3705.2055284,0.0045085348493849
3719.1641712,0.00452176351178978
3733.122814,0.00453497023173953
3747.0814568,0.00454815506378301
3761.0400996,0.00456131806228843
3774.9987424,0.00457445928144408
3788.9573852,0.00458757877525909
3802.916028,0.00460067659756413
3816.8746708,0.0046137528020122
3830.8333136,0.00462680744207935
3844.7919564,0.00463984057106537
3858.7505992,0.00465285224209455
3872.709242,0.00466584250811641
3886.6678848,0.00467881142190638
3900.6265276,0.00469175903606656
3914.5851704,0.00470468540302638
3928.5438132,0.00471759057504337
3942.502456,0.00473047460420381
3956.4610988,0.00474333754242345
3970.4197416,0.00475617944144822
3984.3783844,0.0047690003528549
3998.3370272,0.00478180032805183
4012.29567,0.0047945794182796
4026.2543128,0.00480733767461169
4040.2129556,0.00482007514795523
4054.1715984,0.0048327918890516
4068.1302412,0.00484548794847715
4082.088884,0.00485816337664383
4096.0475268,0.00487081822379992
4110.0061696,0.00488345254003064
4123.9648124,0.00489606637525881
4137.9234552,0.00490865977924556
4151.882098,0.00492123280159092
4165.8407408,0.00493378549173451
4179.7993836,0.00494631789895619
4193.7580264,0.00495883007237667
4207.7166692,0.00497132206095821
4221.675312,0.00498379391350518
4235.6339548,0.00499624567866478
4249.5925976,0.0050086774049276
4263.5512404,0.00502108914062831
4277.5098832,0.00503348093394624
4291.468526,0.00504585283290602
4305.4271688,0.00505820488537822
4319.3858116,0.00507053713907992
4333.3444544,0.00508284964157538
4347.3030972,0.00509514244027661
4361.26174,0.00510741558244401
4375.2203828,0.00511966911518693
4389.1790256,0.00513190308546434
4403.1376684,0.00514411754008536
4417.0963112,0.0051563125257099
4431.054954,0.00516848808884925
4445.0135968,0.00518064427586666
4458.9722396,0.00519278113297793
4472.9308824,0.005204898706252
4486.8895252,0.00521699704161153
4500.848168,0.00522907618483348
4514.8068108,0.00524113618154969
4528.7654536,0.00525317707724747
4542.7240964,0.00526519891727014
4556.6827392,0.0052772017468176
4570.641382,0.00528918561094694
4584.6000248,0.00530115055457296
4598.5586676,0.00531309662246874
4612.5173104,0.00532502385926622
4626.4759532,0.00533693230945674
4640.434596,0.00534882201739157
4654.3932388,0.00536069302728252
4668.3518816,0.00537254538320241
4682.3105244,0.0053843791290857
4696.2691672,0.00539619430872897
4710.22781,0.00540799096579147
4724.1864528,0.00541976914379568
4738.1450956,0.00543152888612784
4752.1037384,0.00544327023603848
4766.0623812,0.00545499323664292
4780.021024,0.00546669793092185
4793.9796668,0.00547838436172183
4807.9383096,0.00549005257175578
4821.8969524,0.00550170260360358
4835.8555952,0.00551333449971251
4849.814238,0.00552494830239781
4863.7728808,0.00553654405384316
4877.7315236,0.00554812179610124
4891.6901664,0.00555968157109417
4905.6488092,0.00557122342061411
4919.607452,0.00558274738632365
4933.5660948,0.0055942535097564
4947.5247376,0.00560574183231746
4961.4833804,0.00561721239528391
4975.4420232,0.0056286652398053
4989.400666,0.00564010040690417
5003.3593088,0.0056515179374765
5017.3179516,0.00566291787229224
5031.2765944,0.00567430025199576
5045.2352372,0.00568566511710636
5059.19388,0.00569701250801871
5073.1525228,0.0057083424650034
5087.1111656,0.00571965502820734
5101.0698084,0.00573095023765428
5115.0284512,0.00574222813324525
5128.987094,0.00575348875475909
5142.9457368,0.00576473214185284
5156.9043796,0.00577595833406225
5170.8630224,0.00578716737080224
5184.8216652,0.00579835929136737
5198.780308,0.00580953413493226
5212.7389508,0.0058206919405521
5226.6975936,0.00583183274716305
5240.6562364,0.00584295659358274
5254.6148792,0.0058540635185107
5268.573522,0.00586515356052881
5282.5321648,0.00587622675810175
5296.4908076,0.00588728314957742
5310.4494504,0.00589832277318745
5324.4080932,0.00590934566704755
5338.366736,0.00592035186915801
5352.3253788,0.00593134141740414
5366.2840216,0.00594231434955666
5380.2426644,0.00595327070327217
5394.2013072,0.00596421051609356
5408.15995,0.00597513382545046
5422.1185928,0.00598604066865966
5436.0772356,0.0059969310829255
5450.0358784,0.00600780510534035
5463.9945212,0.006018662772885
5477.953164,0.00602950412242907
5491.9118068,0.00604032919073146
5505.8704496,0.00605113801444072
5519.8290924,0.00606193063009553
5533.7877352,0.00607270707412502
5547.746378,0.00608346738284926
5561.7050208,0.00609421159247965
5575.6636636,0.00610493973911929
5589.6223064,0.00611565185876343
5603.5809492,0.00612634798729983
5617.539592,0.00613702816050921
5631.4982348,0.0061476924140656
5645.4568776,0.00615834078353676
5659.4155204,0.00616897330438459
5673.3741632,0.00617959001196551
5687.332806,0.00619019094153082
5701.2914488,0.00620077612822715
5715.2500916,0.00621134560709682
5729.2087344,0.00622189941307819
5743.1673772,0.00623243758100613
5757.12602,0.00624296014561232
5771.0846628,0.00625346714152566
5785.0433056,0.00626395860327269
5799.0019484,0.0062744345652779
5812.9605912,0.00628489506186416
5826.919234,0.00629534012725307
5840.8778768,0.00630576979556532
5854.8365196,0.0063161841008211
5868.7951624,0.00632658307694045
5882.7538052,0.00633696675774361
5896.712448,0.00634733517695143
5910.6710908,0.00635768836818568
5924.6297336,0.00636802636496947
5938.5883764,0.00637834920072756
5952.5470192,0.00638865690878676
5966.505662,0.00639894952237628
5980.4643048,0.00640922707462805
5994.4229476,0.00641948959857714
6008.3815904,0.00642973712716207
6022.3402332,0.00643996969322515
6036.298876,0.00645018732951289
6050.2575188,0.00646039006867628
6064.2161616,0.00647057794327119
6078.1748044,0.00648075098575869
6092.1334472,0.00649090922850541
6106.09209,0.00650105270378385
6120.0507328,0.00651118144377277
6134.0093756,0.0065212954805575
6147.9680184,0.00653139484613029
6161.9266612,0.00654147957239062
6175.885304,0.0065515496911456
6189.8439468,0.00656160523411021
6203.8025896,0.00657164623290774
6217.7612324,0.00658167271907003
6231.7198752,0.00659168472403785
6245.678518,0.00660168227916122
6259.6371608,0.00661166541569973
6273.5958036,0.00662163416482285
6287.5544464,0.00663158855761032
6301.5130892,0.00664152862505237
6315.471732,0.00665145439805015
6329.4303748,0.00666136590741596
6343.3890176,0.00667126318387363
6357.3476604,0.00668114625805879
6371.3063032,0.00669101516051925
6385.264946,0.00670086992171524
6399.2235888,0.00671071057201976
6413.1822316,0.00672053714171893
6427.1408744,0.00673034966101221
6441.0995172,0.00674014816001279
6455.05816,0.00674993266874787
6469.0168028,0.00675970321715895
6482.9754456,0.00676945983510217
6496.9340884,0.00677920255234858
6510.8927312,0.00678893139858447
6524.851374,0.00679864640341164
6538.8100168,0.00680834759634774
6552.7686596,0.00681803500682655
6566.7273024,0.00682770866419826
6580.6859452,0.00683736859772979
6594.644588,0.00684701483660508
6608.6032308,0.00685664740992538
6622.5618736,0.00686626634670954
6636.5205164,0.00687587167589433
6650.4791592,0.00688546342633467
6664.437802,0.00689504162680398
6678.3964448,0.00690460630599443
6692.3550876,0.00691415749251725
6706.3137304,0.006923695214903
6720.2723732,0.00693321950160185
6734.231016,0.00694273038098388
6748.1896588,0.00695222788133935
6762.1483016,0.006961712030879
6776.1069444,0.00697118285773429
6790.0655872,0.00698064038995771
6804.02423,0.00699008465552304
6817.9828728,0.00699951568232566
6831.9415156,0.00700893349818276
6845.9001584,0.00701833813083369
6859.8588012,0.00702772960794017
6873.817444,0.00703710795708659
6887.7760868,0.00704647320578029
6901.7347296,0.00705582538145179
6915.6933724,0.0070651645114551
6929.6520152,0.00707449062306796
6943.610658,0.00708380374349213
6957.5693008,0.00709310389985362
6971.5279436,0.00710239111920299
6985.4865864,0.00711166542851557
6999.4452292,0.00712092685469178
7013.403872,0.00713017542455732
7027.3625148,0.0071394111648635
7041.3211576,0.00714863410228744
7055.2798004,0.00715784426343235
7069.2384432,0.00716704167482779
7083.197086,0.00717622636292993
7097.1557288,0.00718539835412179
7111.1143716,0.00719455767471347
7125.0730144,0.00720370435094248
7139.0316572,0.00721283840897389
7152.9903,0.00722195987490065
