"ResDensity","N_TraitValue"
4,0.00151395392107871
4.092,0.0015432554476019
4.184,0.0015723488703594
4.276,0.00160123639848192
4.368,0.00162992020994229
4.46,0.00165840245210288
4.552,0.00168668524225148
4.644,0.00171477066812598
4.736,0.00174266078842807
4.828,0.0017703576333263
4.92,0.00179786320494869
5.012,0.0018251794778652
5.104,0.00185230839956025
5.196,0.00187925189089553
5.288,0.0019060118465634
5.38,0.00193259013553103
5.472,0.00195898860147554
5.564,0.00198520906321027
5.656,0.0020112533151026
5.748,0.00203712312748321
5.84,0.00206282024704724
5.932,0.00208834639724746
6.024,0.00211370327867953
6.116,0.0021388925694597
6.208,0.00216391592559501
6.3,0.00218877498134622
6.392,0.00221347134958358
6.484,0.00223800662213567
6.576,0.00226238237013143
6.668,0.0022866001443355
6.76,0.00231066147547716
6.852,0.00233456787457279
6.944,0.00235832083324221
7.036,0.00238192182401892
7.128,0.0024053723006544
7.22,0.00242867369841662
7.312,0.00245182743438286
7.404,0.00247483490772697
7.496,0.00249769750000125
7.588,0.002520416575413
7.68,0.00254299348109582
7.772,0.00256542954737593
7.864,0.00258772608803346
7.956,0.00260988440055889
8.048,0.00263190576640475
8.14,0.00265379145123265
8.232,0.00267554270515576
8.324,0.00269716076297686
8.416,0.00271864684442201
8.508,0.00274000215436993
8.6,0.00276122788307724
8.692,0.00278232520639963
8.784,0.00280329528600896
8.876,0.0028241392696065
8.968,0.00284485829113234
9.06,0.00286545347097097
9.152,0.00288592591615329
9.244,0.00290627672055495
9.336,0.00292650696509116
9.428,0.0029466177179081
9.52,0.00296661003457091
9.612,0.00298648495824837
9.704,0.00300624351989434
9.796,0.00302588673842604
9.888,0.00304541562089919
9.98,0.00306483116268011
10.072,0.00308413434761486
10.164,0.0031033261481954
10.256,0.00312240752572291
10.348,0.00314137943046832
10.44,0.00316024280183003
10.532,0.00317899856848901
10.624,0.00319764764856115
10.716,0.00321619094974714
10.808,0.00323462936947967
10.9,0.00325296379506828
10.992,0.00327119510384163
11.084,0.00328932416328752
11.176,0.0033073518311904
11.268,0.00332527895576673
11.36,0.00334310637579798
11.452,0.00336083492076146
11.544,0.00337846541095899
11.636,0.00339599865764338
11.728,0.0034134354631429
11.82,0.00343077662098365
11.912,0.00344802291600995
12.004,0.00346517512450273
12.096,0.00348223401429603
12.188,0.00349920034489155
12.28,0.0035160748675714
12.372,0.00353285832550897
12.464,0.00354955145387805
12.556,0.00356615497996016
12.648,0.0035826696232502
12.74,0.00359909609556034
12.832,0.00361543510112234
12.924,0.00363168733668816
13.016,0.00364785349162899
13.108,0.00366393424803278
13.2,0.0036799302808001
13.292,0.00369584225773862
13.384,0.00371167083965601
13.476,0.00372741668045142
13.568,0.00374308042720557
13.66,0.00375866272026931
13.752,0.00377416419335097
13.844,0.00378958547360221
13.936,0.00380492718170263
14.028,0.00382018993194302
14.12,0.00383537433230739
14.212,0.00385048098455364
14.304,0.0038655104842931
14.396,0.00388046342106883
14.488,0.00389534037843262
14.58,0.003910141934021
14.672,0.00392486865962995
14.764,0.00393952112128854
14.856,0.00395409987933145
14.948,0.00396860548847041
15.04,0.00398303849786454
15.132,0.00399739945118968
15.224,0.00401168888670662
15.316,0.00402590733732838
15.408,0.00404005533068644
15.5,0.00405413338919602
15.592,0.00406814203012039
15.684,0.0040820817656342
15.776,0.00409595310288592
15.868,0.00410975654405932
15.96,0.00412349258643412
16.052,0.00413716172244567
16.144,0.00415076443974378
16.236,0.00416430122125077
16.328,0.00417777254521857
16.42,0.00419117888528507
16.512,0.00420452071052962
16.604,0.00421779848552772
16.696,0.00423101267040501
16.788,0.00424416372089032
16.88,0.00425725208836818
16.972,0.00427027821993035
17.064,0.00428324255842681
17.156,0.00429614554251593
17.248,0.0043089876067139
17.34,0.00432176918144356
17.432,0.00433449069308248
17.524,0.00434715256401035
17.616,0.00435975521265574
17.708,0.00437229905354218
17.8,0.00438478449733365
17.892,0.00439721195087935
17.984,0.0044095818172579
18.076,0.00442189449582095
18.168,0.00443415038223613
18.26,0.00444634986852942
18.352,0.00445849334312701
18.444,0.00447058119089645
18.536,0.00448261379318736
18.628,0.0044945915278715
18.72,0.00450651476938238
18.812,0.00451838388875422
18.904,0.00453019925366045
18.996,0.00454196122845172
19.088,0.00455367017419328
19.18,0.004565326448702
19.272,0.00457693040658275
19.364,0.00458848239926444
19.456,0.00459998277503541
19.548,0.0046114318790785
19.64,0.00462283005350556
19.732,0.00463417763739151
19.824,0.00464547496680802
19.916,0.00465672237485661
20.008,0.00466792019170144
20.1,0.00467906874460163
20.192,0.00469016835794309
20.284,0.00470121935327001
20.376,0.00471222204931593
20.468,0.00472317676203434
20.56,0.00473408380462896
20.652,0.00474494348758358
20.744,0.0047557561186915
20.836,0.00476652200308464
20.928,0.00477724144326225
21.02,0.00478791473911918
21.112,0.00479854218797393
21.204,0.0048091240845962
21.296,0.00481966072123417
21.388,0.00483015238764138
21.48,0.00484059937110334
21.572,0.00485100195646369
21.664,0.00486136042615013
21.756,0.00487167506019997
21.848,0.00488194613628536
21.94,0.00489217392973823
22.032,0.00490235871357485
22.124,0.00491250075852015
22.216,0.00492260033303173
22.308,0.00493265770332349
22.4,0.00494267313338909
22.492,0.00495264688502497
22.584,0.00496257921785323
22.676,0.00497247038934413
22.768,0.00498232065483834
22.86,0.0049921302675689
22.952,0.00500189947868293
23.044,0.00501162853726307
23.136,0.00502131769034866
23.228,0.00503096718295661
23.32,0.0050405772581021
23.412,0.00505014815681895
23.504,0.00505968011817976
23.596,0.00506917337931587
23.688,0.00507862817543699
23.78,0.00508804473985059
23.872,0.00509742330398117
23.964,0.00510676409738916
24.056,0.00511606734778966
24.148,0.00512533328107097
24.24,0.00513456212131284
24.332,0.00514375409080455
24.424,0.00515290941006277
24.516,0.00516202829784916
24.608,0.00517111097118782
24.7,0.00518015764538252
24.792,0.00518916853403367
24.884,0.00519814384905517
24.976,0.00520708380069099
25.068,0.00521598859753163
25.16,0.0052248584465303
25.252,0.00523369355301898
25.344,0.00524249412072425
25.436,0.00525126035178296
25.528,0.00525999244675768
25.62,0.00526869060465205
25.712,0.00527735502292585
25.804,0.00528598589750994
25.896,0.00529458342282106
25.988,0.00530314779177643
26.08,0.00531167919580813
26.172,0.00532017782487742
26.264,0.00532864386748881
26.356,0.00533707751070399
26.448,0.00534547894015566
26.54,0.00535384834006105
26.632,0.0053621858932355
26.724,0.0053704917811057
26.816,0.00537876618372284
26.908,0.00538700927977569
27,0.00539522124660339
27.092,0.0054034022602082
27.184,0.00541155249526808
27.276,0.00541967212514912
27.368,0.0054277613219178
27.46,0.0054358202563532
27.552,0.00544384909795898
27.644,0.00545184801497526
27.736,0.0054598171743904
27.828,0.00546775674195261
27.92,0.0054756668821814
28.012,0.00548354775837904
28.104,0.00549139953264169
28.196,0.00549922236587059
28.288,0.00550701641778299
28.38,0.00551478184692309
28.472,0.00552251881067274
28.564,0.00553022746526207
28.656,0.00553790796578005
28.748,0.00554556046618483
28.84,0.00555318511931409
28.932,0.00556078207689517
29.024,0.00556835148955514
29.116,0.00557589350683077
29.208,0.00558340827717839
29.3,0.00559089594798359
29.392,0.00559835666557089
29.484,0.00560579057521326
29.576,0.00561319782114154
29.668,0.00562057854655377
29.76,0.00562793289362445
29.852,0.00563526100351363
29.944,0.00564256301637596
30.036,0.0056498390713696
30.128,0.00565708930666511
30.22,0.00566431385945415
30.312,0.00567151286595816
30.404,0.0056786864614369
30.496,0.00568583478019695
30.588,0.00569295795560005
30.68,0.00570005612007145
30.772,0.00570712940510806
30.864,0.00571417794128661
30.956,0.00572120185827167
31.048,0.00572820128482359
31.14,0.0057351763488064
31.232,0.00574212717719555
31.324,0.00574905389608567
31.416,0.00575595663069814
31.508,0.00576283550538867
31.6,0.00576969064365478
31.692,0.00577652216814315
31.784,0.00578333020065695
31.876,0.00579011486216309
31.968,0.0057968762727994
32.06,0.00580361455188166
32.152,0.00581032981791069
32.244,0.00581702218857926
32.336,0.00582369178077896
32.428,0.00583033871060702
32.52,0.00583696309337304
32.612,0.00584356504360567
32.704,0.0058501446750592
32.796,0.00585670210072009
32.888,0.00586323743281344
32.98,0.0058697507828094
33.072,0.00587624226142949
33.164,0.0058827119786529
33.256,0.00588916004372269
33.348,0.00589558656515192
33.44,0.00590199165072976
33.532,0.00590837540752752
33.624,0.00591473794190458
33.716,0.00592107935951435
33.808,0.00592739976531008
33.9,0.00593369926355065
33.992,0.00593997795780633
34.084,0.00594623595096444
34.176,0.00595247334523494
34.268,0.00595869024215607
34.36,0.00596488674259979
34.452,0.00597106294677724
34.544,0.00597721895424421
34.636,0.0059833548639064
34.728,0.00598947077402477
34.82,0.00599556678222079
34.912,0.00600164298548159
35.004,0.00600769948016515
35.096,0.00601373636200537
35.188,0.00601975372611712
35.28,0.00602575166700123
35.372,0.00603173027854945
35.464,0.00603768965404934
35.556,0.00604362988618911
35.648,0.00604955106706245
35.74,0.00605545328817327
35.832,0.00606133664044044
35.924,0.00606720121420241
36.016,0.00607304709922189
36.108,0.00607887438469039
36.2,0.00608468315923277
36.292,0.00609047351091174
36.384,0.00609624552723229
36.476,0.00610199929514612
36.568,0.006107734901056
36.66,0.00611345243082007
36.752,0.00611915196975618
36.844,0.00612483360264607
36.936,0.00613049741373962
37.028,0.006136143486759
37.12,0.00614177190490278
37.212,0.00614738275085003
37.304,0.00615297610676438
37.396,0.00615855205429802
37.488,0.00616411067459566
37.58,0.00616965204829849
37.672,0.00617517625554807
37.764,0.00618068337599016
37.856,0.00618617348877863
37.948,0.00619164667257916
38.04,0.00619710300557307
38.132,0.00620254256546098
38.224,0.00620796542946656
38.316,0.00621337167434013
38.408,0.00621876137636233
38.5,0.00622413461134766
38.592,0.00622949145464807
38.684,0.00623483198115646
38.776,0.00624015626531021
38.868,0.00624546438109456
38.96,0.00625075640204613
39.052,0.00625603240125625
39.144,0.00626129245137435
39.236,0.0062665366246113
39.328,0.00627176499274269
39.42,0.00627697762711213
39.512,0.00628217459863449
39.604,0.0062873559777991
39.696,0.00629252183467296
39.788,0.00629767223890387
39.88,0.00630280725972361
39.972,0.00630792696595097
40.064,0.00631303142599488
40.156,0.00631812070785745
40.248,0.00632319487913697
40.34,0.0063282540070309
40.432,0.00633329815833888
40.524,0.00633832739946562
40.616,0.00634334179642382
40.708,0.0063483414148371
40.8,0.00635332631994283
40.892,0.00635829657659494
40.984,0.00636325224926681
41.076,0.00636819340205398
41.168,0.00637312009867695
41.26,0.00637803240248394
41.352,0.00638293037645355
41.444,0.00638781408319748
41.536,0.00639268358496324
41.628,0.00639753894363669
41.72,0.00640238022074479
41.812,0.00640720747745809
41.904,0.00641202077459337
41.996,0.00641682017261618
42.088,0.00642160573164335
42.18,0.00642637751144552
42.272,0.00643113557144964
42.364,0.00643587997074141
42.456,0.00644061076806774
42.548,0.00644532802183918
42.64,0.00645003179013231
42.732,0.00645472213069212
42.824,0.00645939910093442
42.916,0.0064640627579481
43.008,0.00646871315849753
43.1,0.00647335035902482
43.192,0.00647797441565212
43.284,0.00648258538418388
43.376,0.00648718332010908
43.468,0.00649176827860351
43.56,0.00649634031453188
43.652,0.00650089948245012
43.744,0.00650544583660746
43.836,0.00650997943094863
43.928,0.006514500319116
44.02,0.00651900855445163
44.112,0.00652350418999947
44.204,0.00652798727850735
44.296,0.00653245787242908
44.388,0.00653691602392651
44.48,0.00654136178487154
44.572,0.00654579520684812
44.664,0.00655021634115426
44.756,0.00655462523880404
44.848,0.00655902195052951
44.94,0.00656340652678267
45.032,0.00656777901773741
45.124,0.00657213947329139
45.216,0.00657648794306797
45.308,0.00658082447641809
45.4,0.0065851491224221
45.492,0.00658946192989168
45.584,0.00659376294737159
45.676,0.00659805222314157
45.768,0.0066023298052181
45.86,0.00660659574135621
45.952,0.00661085007905125
46.044,0.00661509286554065
46.136,0.00661932414780568
46.228,0.00662354397257318
46.32,0.00662775238631727
46.412,0.00663194943526108
46.504,0.00663613516537839
46.596,0.00664030962239539
46.688,0.00664447285179226
46.78,0.0066486248988049
46.872,0.00665276580842649
46.964,0.00665689562540919
47.056,0.00666101439426569
47.148,0.00666512215927085
47.24,0.00666921896446328
47.332,0.00667330485364689
47.424,0.00667737987039248
47.516,0.00668144405803927
47.608,0.00668549745969645
47.7,0.00668954011824468
47.792,0.00669357207633765
47.884,0.00669759337640353
47.976,0.00670160406064647
48.068,0.0067056041710481
48.16,0.00670959374936897
48.252,0.00671357283715003
48.344,0.00671754147571402
48.436,0.00672149970616697
48.528,0.00672544756939957
48.62,0.00672938510608859
48.712,0.00673331235669827
48.804,0.00673722936148173
48.896,0.00674113616048233
48.988,0.00674503279353503
49.08,0.00674891930026775
49.172,0.0067527957201027
49.264,0.00675666209225776
49.356,0.00676051845574773
49.448,0.0067643648493857
49.54,0.00676820131178432
49.632,0.00677202788135712
49.724,0.00677584459631976
49.816,0.00677965149469134
49.908,0.00678344861429562
50,0.0067872359927623
