"ResDensity","N_TraitValue"
15,0.000767307540450906
15.156,0.000773177795020132
15.312,0.000779016187544663
15.468,0.000784822976729363
15.624,0.000790598418485904
15.78,0.000796342765970366
15.936,0.000802056269620224
16.092,0.000807739177190742
16.248,0.000813391733790792
16.404,0.000819014181918086
16.56,0.000824606761493861
16.716,0.000830169709897002
16.872,0.000835703261997632
17.028,0.000841207650190165
17.184,0.00084668310442584
17.34,0.000852129852244745
17.496,0.000857548118807336
17.652,0.000862938126925462
17.808,0.000868300097092914
17.964,0.000873634247515482
18.12,0.000878940794140566
18.276,0.000884219950686312
18.432,0.000889471928670303
18.588,0.000894696937437816
18.744,0.00089989518418963
18.9,0.00090506687400942
19.056,0.000910212209890727
19.212,0.000915331392763517
19.368,0.000920424621520339
19.524,0.00092549209304208
19.68,0.000930534002223337
19.836,0.000935550541997401
19.992,0.000940541903360872
20.148,0.000945508275397889
20.304,0.00095044984530402
20.46,0.00095536679840977
20.616,0.000960259318203759
20.772,0.000965127586355544
20.928,0.000969971782738105
21.084,0.00097479208545
21.24,0.000979588670837191
21.396,0.000984361713514549
21.552,0.000989111386387045
21.708,0.000993837860670626
21.864,0.000998541305912793
22.02,0.00100322189001287
22.176,0.00100787977924199
22.332,0.00101251513826277
22.488,0.00101712813014873
22.644,0.00102171891640341
22.8,0.00102628765697923
22.956,0.00103083451029603
23.112,0.00103535963325944
23.268,0.00103986318127887
23.424,0.00104434530828535
23.58,0.00104880616674901
23.736,0.00105324590769646
23.892,0.00105766468072772
24.048,0.00106206263403314
24.204,0.00106643991440986
24.36,0.00107079666727822
24.516,0.00107513303669784
24.672,0.00107944916538348
24.828,0.00108374519472071
24.984,0.00108802126478136
25.14,0.00109227751433874
25.296,0.00109651408088264
25.452,0.00110073110063412
25.608,0.00110492870856017
25.764,0.00110910703838805
25.92,0.00111326622261951
26.076,0.0011174063925448
26.232,0.00112152767825648
26.388,0.00112563020866308
26.544,0.00112971411150246
26.7,0.00113377951335515
26.856,0.00113782653965739
27.012,0.00114185531471405
27.168,0.00114586596171132
27.324,0.0011498586027293
27.48,0.00115383335875438
27.636,0.00115779034969145
27.792,0.00116172969437599
27.948,0.00116565151058591
28.104,0.00116955591505333
28.26,0.00117344302347616
28.416,0.00117731295052952
28.572,0.00118116580987699
28.728,0.0011850017141818
28.884,0.00118882077511776
29.04,0.00119262310338011
29.196,0.00119640880869624
29.352,0.00120017799983619
29.508,0.00120393078462314
29.664,0.00120766726994362
29.82,0.00121138756175772
29.976,0.00121509176510905
30.132,0.00121877998413468
30.288,0.00122245232207487
30.444,0.00122610888128268
30.6,0.00122974976323353
30.756,0.00123337506853457
30.912,0.00123698489693391
31.068,0.00124057934732984
31.224,0.00124415851777977
31.38,0.00124772250550925
31.536,0.00125127140692067
31.692,0.00125480531760205
31.848,0.00125832433233553
32.004,0.00126182854510594
32.16,0.00126531804910907
32.316,0.00126879293676001
32.472,0.00127225329970126
32.628,0.0012756992288108
32.784,0.00127913081421007
32.94,0.00128254814527178
33.096,0.00128595131062773
33.252,0.00128934039817639
33.408,0.00129271549509055
33.564,0.00129607668782476
33.72,0.00129942406212269
33.876,0.00130275770302445
34.032,0.00130607769487379
34.188,0.00130938412132521
34.344,0.00131267706535098
34.5,0.00131595660924808
34.656,0.00131922283464506
34.812,0.00132247582250882
34.968,0.00132571565315128
35.124,0.00132894240623602
35.28,0.00133215616078479
35.436,0.00133535699518394
35.592,0.00133854498719085
35.748,0.00134172021394017
35.904,0.00134488275195007
36.06,0.00134803267712838
36.216,0.00135117006477866
36.372,0.00135429498960622
36.528,0.00135740752572402
36.684,0.00136050774665855
36.84,0.0013635957253556
36.996,0.00136667153418601
37.152,0.0013697352449513
37.308,0.00137278692888928
37.464,0.00137582665667954
37.62,0.00137885449844892
37.776,0.00138187052377693
37.932,0.00138487480170103
38.088,0.00138786740072194
38.244,0.00139084838880883
38.4,0.00139381783340446
38.556,0.00139677580143027
38.712,0.00139972235929143
38.868,0.00140265757288176
39.024,0.0014055815075887
39.18,0.00140849422829811
39.336,0.00141139579939912
39.492,0.00141428628478883
39.648,0.00141716574787704
39.804,0.00142003425159086
39.96,0.0014228918583793
40.116,0.00142573863021781
40.272,0.00142857462861276
40.428,0.00143139991460585
40.584,0.00143421454877851
40.74,0.00143701859125623
40.896,0.00143981210171283
41.052,0.00144259513937471
41.208,0.001445367763025
41.364,0.00144813003100776
41.52,0.001450882001232
41.676,0.00145362373117577
41.832,0.00145635527789018
41.988,0.00145907669800331
42.144,0.00146178804772414
42.3,0.00146448938284644
42.456,0.00146718075875257
42.612,0.00146986223041728
42.768,0.00147253385241146
42.924,0.00147519567890581
43.08,0.00147784776367456
43.236,0.001480490160099
43.392,0.00148312292117117
43.548,0.00148574609949732
43.704,0.00148835974730144
43.86,0.00149096391642874
44.016,0.00149355865834907
44.172,0.00149614402416028
44.328,0.00149872006459164
44.484,0.00150128683000708
44.64,0.00150384437040855
44.796,0.00150639273543919
44.952,0.00150893197438662
45.108,0.00151146213618604
45.264,0.00151398326942345
45.42,0.00151649542233868
45.576,0.00151899864282854
45.732,0.00152149297844983
45.888,0.00152397847642234
46.044,0.00152645518363185
46.2,0.00152892314663307
46.356,0.00153138241165257
46.512,0.00153383302459165
46.668,0.00153627503102919
46.824,0.0015387084762245
46.98,0.0015411334051201
47.136,0.00154354986234449
47.292,0.00154595789221488
47.448,0.00154835753873992
47.604,0.00155074884562236
47.76,0.00155313185626171
47.916,0.00155550661375688
48.072,0.00155787316090874
48.228,0.00156023154022274
48.384,0.00156258179391142
48.54,0.00156492396389693
48.696,0.00156725809181357
48.852,0.00156958421901016
49.008,0.0015719023865526
49.164,0.0015742126352262
49.32,0.00157651500553808
49.476,0.0015788095377196
49.632,0.00158109627172863
49.788,0.00158337524725191
49.944,0.00158564650370734
50.1,0.00158791008024623
50.256,0.0015901660157556
50.412,0.00159241434886034
50.568,0.00159465511792547
50.724,0.00159688836105829
50.88,0.00159911411611058
51.036,0.00160133242068067
51.192,0.00160354331211563
51.348,0.0016057468275133
51.504,0.00160794300372444
51.66,0.00161013187735472
51.816,0.00161231348476677
51.972,0.0016144878620822
52.128,0.00161665504518362
52.284,0.00161881506971656
52.44,0.00162096797109146
52.596,0.0016231137844856
52.752,0.00162525254484501
52.908,0.00162738428688638
53.064,0.00162950904509891
53.22,0.0016316268537462
53.376,0.00163373774686807
53.532,0.00163584175828242
53.688,0.00163793892158698
53.844,0.00164002927016115
54,0.00164211283716772
54.156,0.00164418965555469
54.312,0.00164625975805696
54.468,0.00164832317719803
54.624,0.00165037994529177
54.78,0.00165243009444405
54.936,0.00165447365655443
55.092,0.00165651066331783
55.248,0.00165854114622615
55.404,0.00166056513656987
55.56,0.00166258266543972
55.716,0.00166459376372821
55.872,0.00166659846213125
56.028,0.00166859679114969
56.184,0.00167058878109085
56.34,0.0016725744620701
56.496,0.00167455386401235
56.652,0.00167652701665353
56.808,0.00167849394954213
56.964,0.00168045469204064
57.12,0.00168240927332701
57.276,0.00168435772239611
57.432,0.00168630006806117
57.588,0.00168823633895519
57.744,0.00169016656353233
57.9,0.00169209077006934
58.056,0.00169400898666692
58.212,0.00169592124125108
58.368,0.00169782756157452
58.524,0.00169972797521795
58.68,0.00170162250959142
58.836,0.00170351119193566
58.992,0.00170539404932336
59.148,0.0017072711086605
59.304,0.00170914239668757
59.46,0.0017110079399809
59.616,0.00171286776495389
59.772,0.00171472189785827
59.928,0.00171657036478532
60.084,0.00171841319166708
60.24,0.00172025040427761
60.396,0.00172208202823417
60.552,0.00172390808899838
60.708,0.00172572861187743
60.864,0.00172754362202527
61.02,0.00172935314444372
61.176,0.00173115720398364
61.332,0.00173295582534607
61.488,0.00173474903308337
61.644,0.00173653685160031
61.8,0.00173831930515519
61.956,0.00174009641786095
62.112,0.00174186821368623
62.268,0.00174363471645646
62.424,0.00174539594985495
62.58,0.00174715193742391
62.736,0.00174890270256554
62.892,0.00175064826854301
63.048,0.00175238865848156
63.204,0.00175412389536947
63.36,0.00175585400205912
63.516,0.00175757900126792
63.672,0.00175929891557939
63.828,0.00176101376744408
63.984,0.00176272357918057
64.14,0.00176442837297646
64.296,0.00176612817088929
64.452,0.00176782299484751
64.608,0.00176951286665143
64.764,0.00177119780797416
64.92,0.0017728778403625
65.076,0.00177455298523789
65.232,0.00177622326389733
65.388,0.00177788869751425
65.544,0.00177954930713942
65.7,0.00178120511370184
65.856,0.00178285613800963
66.012,0.00178450240075087
66.168,0.0017861439224945
66.324,0.00178778072369113
66.48,0.00178941282467396
66.636,0.00179104024565955
66.792,0.00179266300674868
66.948,0.00179428112792722
67.104,0.00179589462906687
67.26,0.00179750352992606
67.416,0.00179910785015066
67.572,0.00180070760927489
67.728,0.00180230282672201
67.884,0.00180389352180519
68.04,0.00180547971372821
68.196,0.00180706142158632
68.352,0.00180863866436691
68.508,0.00181021146095037
68.664,0.00181177983011076
68.82,0.00181334379051661
68.976,0.00181490336073161
69.132,0.00181645855921542
69.288,0.00181800940432432
69.444,0.00181955591431199
69.6,0.00182109810733018
69.756,0.00182263600142945
69.912,0.00182416961455988
70.068,0.00182569896457174
70.224,0.00182722406921621
70.38,0.00182874494614604
70.536,0.00183026161291625
70.692,0.00183177408698482
70.848,0.00183328238571331
71.004,0.00183478652636758
71.16,0.00183628652611841
71.316,0.00183778240204218
71.472,0.00183927417112148
71.628,0.00184076185024582
71.784,0.00184224545621219
71.94,0.00184372500572573
72.096,0.00184520051540038
72.252,0.00184667200175946
72.408,0.0018481394812363
72.564,0.00184960297017486
72.72,0.00185106248483032
72.876,0.00185251804136973
73.032,0.00185396965587253
73.188,0.0018554173443312
73.344,0.00185686112265184
73.5,0.00185830100665471
73.656,0.00185973701207489
73.812,0.00186116915456275
73.968,0.00186259744968461
74.124,0.00186402191292326
74.28,0.00186544255967852
74.436,0.00186685940526779
74.592,0.00186827246492663
74.748,0.00186968175380928
74.904,0.0018710872869892
75.06,0.00187248907945964
75.216,0.00187388714613412
75.372,0.00187528150184701
75.528,0.00187667216135403
75.684,0.00187805913933276
75.84,0.00187944245038319
75.996,0.00188082210902819
76.152,0.00188219812971406
76.308,0.00188357052681101
76.464,0.00188493931461366
76.62,0.00188630450734154
76.776,0.00188766611913959
76.932,0.00188902416407864
77.088,0.0018903786561559
77.244,0.00189172960929543
77.4,0.00189307703734863
77.556,0.00189442095409471
77.712,0.00189576137324115
77.868,0.00189709830842419
78.024,0.00189843177320925
78.18,0.00189976178109145
78.336,0.001901088345496
78.492,0.0019024114797787
78.648,0.00190373119722637
78.804,0.00190504751105728
78.96,0.00190636043442163
79.116,0.00190766998040194
79.272,0.00190897616201352
79.428,0.0019102789922049
79.584,0.00191157848385823
79.74,0.00191287464978974
79.896,0.00191416750275013
80.052,0.00191545705542502
80.208,0.00191674332043531
80.364,0.00191802631033768
80.52,0.00191930603762491
80.676,0.00192058251472633
80.832,0.00192185575400823
80.988,0.00192312576777423
81.144,0.00192439256826569
81.3,0.00192565616766211
81.456,0.00192691657808152
81.612,0.00192817381158085
81.768,0.00192942788015634
81.924,0.00193067879574389
82.08,0.00193192657021947
82.236,0.00193317121539949
82.392,0.00193441274304114
82.548,0.00193565116484281
82.704,0.00193688649244443
82.86,0.00193811873742781
83.016,0.00193934791131707
83.172,0.00194057402557893
83.328,0.00194179709162312
83.484,0.00194301712080268
83.64,0.00194423412441436
83.796,0.00194544811369895
83.952,0.00194665909984162
84.108,0.00194786709397227
84.264,0.00194907210716587
84.42,0.0019502741504428
84.576,0.00195147323476918
84.732,0.00195266937105721
84.888,0.00195386257016551
85.044,0.00195505284289942
85.2,0.00195624020001135
85.356,0.0019574246522011
85.512,0.00195860621011619
85.668,0.00195978488435214
85.824,0.00196096068545283
85.98,0.00196213362391081
86.136,0.00196330371016759
86.292,0.00196447095461396
86.448,0.00196563536759029
86.604,0.00196679695938687
86.76,0.00196795574024416
86.916,0.00196911172035314
87.072,0.00197026490985556
87.228,0.0019714153188443
87.384,0.00197256295736359
87.54,0.00197370783540936
87.696,0.00197484996292952
87.852,0.00197598934982421
88.008,0.00197712600594614
88.164,0.00197825994110084
88.32,0.00197939116504695
88.476,0.00198051968749649
88.632,0.00198164551811517
88.788,0.00198276866652263
88.944,0.00198388914229273
89.1,0.00198500695495382
89.256,0.00198612211398901
89.412,0.00198723462883645
89.568,0.00198834450888956
89.724,0.00198945176349735
89.88,0.00199055640196463
90.036,0.0019916584335523
90.192,0.00199275786747759
90.348,0.00199385471291436
90.504,0.00199494897899328
90.66,0.00199604067480216
90.816,0.00199712980938615
90.972,0.00199821639174802
91.128,0.00199930043084839
91.284,0.00200038193560598
91.44,0.00200146091489786
91.596,0.00200253737755969
91.752,0.00200361133238597
91.908,0.00200468278813025
92.064,0.0020057517535054
92.22,0.00200681823718385
92.376,0.00200788224779778
92.532,0.0020089437939394
92.688,0.00201000288416116
92.844,0.00201105952697599
93,0.0020121137308575
