"ResDensity","N_TraitValue"
0.2443,0.160666687601171
0.2518084,0.16461634597702
0.2593168,0.168519141004545
0.2668252,0.172375901826826
0.2743336,0.176187438141824
0.281842,0.179954540769095
0.2893504,0.183677982196794
0.2968588,0.187358517109776
0.3043672,0.19099688289954
0.3118756,0.194593800156749
0.319384,0.198149973147009
0.3268924,0.201666090270574
0.3344008,0.205142824506601
0.3419092,0.208580833842564
0.3494176,0.211980761689395
0.356926,0.215343237282908
0.3644344,0.21866887607203
0.3719428,0.221958280094339
0.3794512,0.2252120383394
0.3869596,0.228430727100343
0.394468,0.231614910314145
0.4019764,0.234765139891018
0.4094848,0.237881956033316
0.4169932,0.240965887544356
0.4245016,0.244017452127507
0.43201,0.247037156675915
0.4395184,0.250025497553199
0.4470268,0.252982960865446
0.4545352,0.25591002272482
0.4620436,0.258807149505081
0.469552,0.261674798089306
0.4770604,0.264513416110084
0.4845688,0.267323442182455
0.4920772,0.270105306129846
0.4995856,0.272859429203248
0.507094,0.275586224293862
0.5146024,0.27828609613946
0.5221108,0.280959441524649
0.5296192,0.283606649475269
0.5371276,0.286228101447115
0.544636,0.288824171509179
0.5521444,0.291395226521591
0.5596528,0.293941626308443
0.5671612,0.296463723825667
0.5746696,0.298961865324125
0.582178,0.301436390508079
0.5896864,0.303887632689179
0.5971948,0.306315918936138
0.6047032,0.308721570220205
0.6122116,0.311104901556608
0.61972,0.313466222142057
0.6272284,0.315805835488476
0.6347368,0.318124039553044
0.6422452,0.320421126864699
0.6497536,0.322697384647192
0.657262,0.324953094938807
0.6647704,0.327188534708859
0.6722788,0.329403975971064
0.6797872,0.331599685893877
0.6872956,0.333775926907895
0.694804,0.335932956810424
0.7023124,0.338071028867276
0.7098208,0.340190391911902
0.7173292,0.342291290441933
0.7248376,0.344373964713208
0.732346,0.346438650831364
0.7398544,0.348485580841065
0.7473628,0.350514982812937
0.7548712,0.352527080928285
0.7623796,0.354522095561639
0.769888,0.356500243361225
0.7773964,0.358461737327385
0.7849048,0.360406786889037
0.7924132,0.362335597978217
0.7999216,0.364248373102759
0.80743,0.366145311417172
0.8149384,0.368026608791763
0.8224468,0.369892457880059
0.8299552,0.371743048184574
0.8374636,0.373578566120965
0.844972,0.375399195080634
0.8524804,0.377205115491807
0.8599888,0.378996504879142
0.8674972,0.380773537921902
0.8750056,0.382536386510736
0.882514,0.384285219803105
0.8900224,0.386020204277389
0.8975308,0.387741503785722
0.9050392,0.389449279605571
0.9125476,0.39114369049011
0.920056,0.392824892717416
0.9275644,0.394493040138516
0.9350728,0.396148284224323
0.9425812,0.397790774111484
0.9500896,0.399420656647173
0.957598,0.401038076432856
0.9651064,0.402643175867057
0.9726148,0.40423609518715
0.9801232,0.405816972510205
0.9876316,0.407385943872904
0.99514,0.408943143270572
1.0026484,0.410488702695315
1.0101568,0.412022752173324
1.0176652,0.413545419801333
1.0251736,0.415056831782283
1.032682,0.416557112460183
1.0401904,0.418046384354218
1.0476988,0.419524768192098
1.0552072,0.420992382942683
1.0627156,0.422449345847899
1.070224,0.423895772453957
1.0777324,0.425331776641902
1.0852408,0.426757470657499
1.0927492,0.428172965140486
1.1002576,0.429578369153187
1.107766,0.430973790208531
1.1152744,0.432359334297469
1.1227828,0.433735105915804
1.1302912,0.435101208090471
1.1377996,0.436457742405251
1.145308,0.43780480902595
1.1528164,0.43914250672506
1.1603248,0.440470932905896
1.1678332,0.441790183626242
1.1753416,0.443100353621504
1.18285,0.444401536327384
1.1903584,0.4456938239021
1.1978668,0.446977307248137
1.2053752,0.448252076033568
1.2128836,0.449518218712931
1.220392,0.450775822547694
1.2279004,0.452024973626302
1.2354088,0.453265756883819
1.2429172,0.454498256121179
1.2504256,0.455722554024057
1.257934,0.456938732181358
1.2654424,0.458146871103339
1.2729508,0.459347050239382
1.2804592,0.460539347995403
1.2879676,0.461723841750933
1.295476,0.462900607875855
1.3029844,0.464069721746819
1.3104928,0.465231257763336
1.3180012,0.46638528936356
1.3255096,0.467531889039767
1.333018,0.468671128353535
1.3405264,0.469803077950631
1.3480348,0.470927807575615
1.3555432,0.472045386086164
1.3630516,0.473155881467128
1.37056,0.47425936084431
1.3780684,0.475355890497997
1.3855768,0.476445535876229
1.3930852,0.47752836160782
1.4005936,0.478604431515138
1.408102,0.479673808626642
1.4156104,0.480736555189191
1.4231188,0.481792732680118
1.4306272,0.482842401819092
1.4381356,0.483885622579747
1.445644,0.484922454201107
1.4531524,0.485952955198802
1.4606608,0.486977183376074
1.4681692,0.487995195834585
1.4756776,0.489007048985029
1.483186,0.490012798557554
1.4906944,0.491012499611992
1.4982028,0.492006206547905
1.5057112,0.49299397311446
1.5132196,0.49397585242011
1.520728,0.49495189694212
1.5282364,0.495922158535915
1.5357448,0.49688668844426
1.5432532,0.497845537306287
1.5507616,0.498798755166351
1.55827,0.499746391482744
1.5657784,0.50068849513624
1.5732868,0.50162511443851
1.5807952,0.502556297140373
1.5883036,0.503482090439913
1.595812,0.504402540990457
1.6033204,0.505317694908405
1.6108288,0.50622759778094
1.6183372,0.50713229467359
1.6258456,0.508031830137676
1.633354,0.508926248217619
1.6408624,0.509815592458131
1.6483708,0.510699905911282
1.6558792,0.511579231143448
1.6633876,0.512453610242141
1.670896,0.51332308482272
1.6784044,0.514187696035001
1.6859128,0.515047484569739
1.6934212,0.515902490665022
1.7009296,0.516752754112542
1.708438,0.517598314263767
1.7159464,0.518439210036017
1.7234548,0.519275479918433
1.7309632,0.520107161977846
1.7384716,0.520934293864559
1.74598,0.521756912818024
1.7534884,0.522575055672432
1.7609968,0.523388758862214
1.7685052,0.524198058427444
1.7760136,0.525002990019165
1.783522,0.525803588904621
1.7910304,0.526599889972409
1.7985388,0.52739192773755
1.8060472,0.528179736346468
1.8135556,0.528963349581905
1.821064,0.529742800867749
1.8285724,0.53051812327378
1.8360808,0.531289349520356
1.8435892,0.532056511983009
1.8510976,0.532819642696977
1.858606,0.533578773361668
1.8661144,0.534333935345041
1.8736228,0.535085159687935
1.8811312,0.535832477108316
1.8886396,0.536575918005468
1.896148,0.537315512464111
1.9036564,0.538051290258464
1.9111648,0.538783280856237
1.9186732,0.539511513422567
1.9261816,0.540236016823891
1.93369,0.540956819631757
1.9411984,0.541673950126588
1.9487068,0.542387436301371
1.9562152,0.543097305865308
1.9637236,0.543803586247395
1.971232,0.544506304599963
1.9787404,0.545205487802151
1.9862488,0.545901162463338
1.9937572,0.546593354926515
2.0012656,0.547282091271612
2.008774,0.547967397318774
2.0162824,0.548649298631586
2.0237908,0.549327820520255
2.0312992,0.550002988044736
2.0388076,0.550674826017822
2.046316,0.551343359008182
2.0538244,0.552008611343357
2.0613328,0.552670607112708
2.0688412,0.553329370170327
2.0763496,0.553984924137901
2.083858,0.554637292407534
2.0913664,0.555286498144533
2.0988748,0.555932564290147
2.1063832,0.556575513564269
2.1138916,0.557215368468103
2.1214,0.557852151286783
2.1289084,0.558485884091967
2.1364168,0.559116588744382
2.1439252,0.55974428689634
2.1514336,0.560368999994217
2.158942,0.560990749280891
2.1664504,0.561609555798155
2.1739588,0.562225440389089
2.1814672,0.562838423700397
2.1889756,0.563448526184719
2.196484,0.564055768102906
2.2039924,0.564660169526256
2.2115008,0.565261750338734
2.2190092,0.565860530239147
2.2265176,0.566456528743297
2.234026,0.567049765186098
2.2415344,0.567640258723671
2.2490428,0.568228028335405
2.2565512,0.568813092825985
2.2640596,0.569395470827407
2.271568,0.569975180800948
2.2790764,0.570552241039121
2.2865848,0.571126669667595
2.2940932,0.571698484647099
2.3016016,0.572267703775288
2.30911,0.572834344688592
2.3166184,0.57339842486404
2.3241268,0.573959961621052
2.3316352,0.574518972123215
2.3391436,0.575075473380028
2.346652,0.575629482248635
2.3541604,0.576181015435518
2.3616688,0.576730089498182
2.3691772,0.577276720846809
2.3766856,0.577820925745897
2.384194,0.578362720315867
2.3917024,0.578902120534661
2.3992108,0.579439142239308
2.4067192,0.579973801127477
2.4142276,0.580506112759003
2.421736,0.581036092557402
2.4292444,0.581563755811357
2.4367528,0.582089117676185
2.4442612,0.582612193175296
2.4517696,0.583132997201619
2.459278,0.583651544519017
2.4667864,0.584167849763682
2.4742948,0.584681927445513
2.4818032,0.585193791949475
2.4893116,0.585703457536938
2.49682,0.586210938347008
2.5043284,0.586716248397827
2.5118368,0.587219401587868
2.5193452,0.587720411697209
2.5268536,0.58821929238879
2.534362,0.588716057209656
2.5418704,0.589210719592183
2.5493788,0.589703292855286
2.5568872,0.59019379020562
2.5643956,0.590682224738756
2.571904,0.591168609440348
2.5794124,0.591652957187282
2.5869208,0.592135280748815
2.5944292,0.592615592787697
2.6019376,0.593093905861276
2.609446,0.593570232422597
2.6169544,0.594044584821477
2.6244628,0.59451697530558
2.6319712,0.594987416021463
2.6394796,0.595455919015622
2.646988,0.595922496235521
2.6544964,0.596387159530603
2.6620048,0.596849920653298
2.6695132,0.597310791260009
2.6770216,0.597769782912097
2.68453,0.598226907076842
2.6920384,0.5986821751284
2.6995468,0.599135598348747
2.7070552,0.599587187928612
2.7145636,0.600036954968393
2.722072,0.600484910479073
2.7295804,0.600931065383113
2.7370888,0.601375430515344
2.7445972,0.601818016623841
2.7521056,0.602258834370789
2.759614,0.602697894333345
2.7671224,0.603135207004476
2.7746308,0.603570782793801
2.7821392,0.604004632028414
2.7896476,0.604436764953701
2.797156,0.604867191734147
2.8046644,0.605295922454132
2.8121728,0.605722967118718
2.8196812,0.606148335654431
2.8271896,0.606572037910023
2.834698,0.606994083657242
2.8422064,0.607414482591573
2.8497148,0.607833244332988
2.8572232,0.608250378426676
2.8647316,0.608665894343768
2.87224,0.609079801482058
2.8797484,0.609492109166706
2.8872568,0.609902826650943
2.8947652,0.610311963116758
2.9022736,0.610719527675589
2.909782,0.611125529368993
2.9172904,0.611529977169319
2.9247988,0.611932879980367
2.9323072,0.61233424663804
2.9398156,0.612734085910995
2.947324,0.613132406501275
2.9548324,0.613529217044945
2.9623408,0.613924526112715
2.9698492,0.614318342210556
2.9773576,0.614710673780311
2.984866,0.615101529200298
2.9923744,0.615490916785906
2.9998828,0.615878844790187
3.0073912,0.616265321404434
3.0148996,0.616650354758765
3.022408,0.617033952922685
3.0299164,0.617416123905656
3.0374248,0.61779687565765
3.0449332,0.618176216069706
3.0524416,0.618554152974467
3.05995,0.618930694146727
3.0674584,0.619305847303959
3.0749668,0.619679620106844
3.0824752,0.620052020159794
3.0899836,0.620423055011465
3.097492,0.620792732155269
3.1050004,0.621161059029875
3.1125088,0.621528043019715
3.1200172,0.621893691455469
3.1275256,0.62225801161456
3.135034,0.622621010721632
3.1425424,0.622982695949033
3.1500508,0.623343074417279
3.1575592,0.623702153195531
3.1650676,0.62405993930205
3.172576,0.624416439704657
3.1800844,0.624771661321185
3.1875928,0.625125611019928
3.1951012,0.625478295620081
3.2026096,0.625829721892179
3.210118,0.626179896558531
3.2176264,0.626528826293647
3.2251348,0.626876517724666
3.2326432,0.62722297743177
3.2401516,0.627568211948602
3.24766,0.627912227762677
3.2551684,0.628255031315788
3.2626768,0.628596629004409
3.2701852,0.62893702718009
3.2776936,0.629276232149854
3.285202,0.629614250176584
3.2927104,0.62995108747941
3.3002188,0.63028675023409
3.3077272,0.630621244573386
3.3152356,0.630954576587442
3.322744,0.631286752324147
3.3302524,0.631617777789506
3.3377608,0.631947658948001
3.3452692,0.632276401722946
3.3527776,0.632604011996846
3.360286,0.632930495611746
3.3677944,0.633255858369577
3.3753028,0.633580106032501
3.3828112,0.633903244323252
3.3903196,0.63422527892547
3.397828,0.634546215484037
3.4053364,0.634866059605406
3.4128448,0.635184816857927
3.4203532,0.63550249277217
3.4278616,0.635819092841245
3.43537,0.636134622521119
3.4428784,0.636449087230929
3.4503868,0.636762492353294
3.4578952,0.637074843234619
3.4654036,0.637386145185401
3.472912,0.63769640348053
3.4804204,0.638005623359585
3.4879288,0.638313810027133
3.4954372,0.638620968653016
3.5029456,0.638927104372645
3.510454,0.639232222287281
3.5179624,0.639536327464323
3.5254708,0.639839424937586
3.5329792,0.64014151970758
3.5404876,0.640442616741784
3.547996,0.640742720974919
3.5555044,0.641041837309215
3.5630128,0.641339970614684
3.5705212,0.641637125729378
3.5780296,0.641933307459653
3.585538,0.64222852058043
3.5930464,0.642522769835449
3.6005548,0.642816059937523
3.6080632,0.643108395568793
3.6155716,0.643399781380972
3.62308,0.643690221995597
3.6305884,0.64397972200427
3.6380968,0.644268285968901
3.6456052,0.644555918421946
3.6531136,0.644842623866647
3.660622,0.645128406777267
3.6681304,0.645413271599319
3.6756388,0.6456972227498
3.6831472,0.64598026461742
3.6906556,0.646262401562824
3.698164,0.64654363791882
3.7056724,0.646823977990597
3.7131808,0.647103426055951
3.7206892,0.647381986365494
3.7281976,0.647659663142876
3.735706,0.647936460584997
3.7432144,0.648212382862217
3.7507228,0.648487434118567
3.7582312,0.648761618471954
3.7657396,0.64903494001437
3.773248,0.649307402812095
3.7807564,0.649579010905894
3.7882648,0.649849768311224
3.7957732,0.650119679018425
3.8032816,0.650388746992921
3.81079,0.650656976175414
3.8182984,0.65092437048207
3.8258068,0.651190933804719
3.8333152,0.651456670011036
3.8408236,0.651721582944734
3.848332,0.651985676425744
3.8558404,0.652248954250404
3.8633488,0.652511420191635
3.8708572,0.652773077999126
3.8783656,0.653033931399511
3.885874,0.653293984096545
3.8933824,0.653553239771281
3.9008908,0.653811702082242
3.9083992,0.654069374665594
3.9159076,0.654326261135317
3.923416,0.654582365083372
3.9309244,0.654837690079872
3.9384328,0.655092239673244
3.9459412,0.655346017390395
3.9534496,0.655599026736876
3.960958,0.655851271197042
3.9684664,0.656102754234211
3.9759748,0.656353479290825
3.9834832,0.656603449788606
3.9909916,0.656852669128712
3.9985,0.657101140691889
