"ResDensity","N_TraitValue"
55.4306,4.87665909067493e-06
56.230196,4.93641443347896e-06
57.029792,4.99591445610382e-06
57.829388,5.05516079144343e-06
58.628984,5.11415505849715e-06
59.42858,5.17289886251725e-06
60.228176,5.23139379515452e-06
61.027772,5.28964143460202e-06
61.827368,5.34764334573705e-06
62.626964,5.40540108026121e-06
63.42656,5.46291617683886e-06
64.226156,5.52019016123372e-06
65.025752,5.57722454644379e-06
65.825348,5.63402083283456e-06
66.624944,5.69058050827064e-06
67.42454,5.74690504824563e-06
68.224136,5.80299591601042e-06
69.023732,5.85885456269996e-06
69.823328,5.91448242745836e-06
70.622924,5.96988093756248e-06
71.42252,6.02505150854406e-06
72.222116,6.0799955443102e-06
73.021712,6.13471443726251e-06
73.821308,6.18920956841472e-06
74.620904,6.24348230750883e-06
75.4205,6.29753401312994e-06
76.220096,6.35136603281953e-06
77.019692,6.40497970318754e-06
77.819288,6.45837635002289e-06
78.618884,6.51155728840287e-06
79.41848,6.56452382280102e-06
80.218076,6.61727724719385e-06
81.017672,6.66981884516615e-06
81.817268,6.72214989001519e-06
82.616864,6.77427164485347e-06
83.41646,6.82618536271043e-06
84.216056,6.87789228663284e-06
85.015652,6.929393649784e-06
85.815248,6.98069067554178e-06
86.614844,7.0317845775955e-06
87.41444,7.08267656004166e-06
88.214036,7.13336781747848e-06
89.013632,7.18385953509944e-06
89.813228,7.23415288878559e-06
90.612824,7.28424904519689e-06
91.41242,7.33414916186236e-06
92.212016,7.38385438726927e-06
93.011612,7.43336586095128e-06
93.811208,7.48268471357545e-06
94.610804,7.53181206702837e-06
95.4104,7.58074903450122e-06
96.209996,7.62949672057383e-06
97.009592,7.67805622129781e-06
97.809188,7.72642862427866e-06
98.608784,7.77461500875703e-06
99.40838,7.82261644568895e-06
100.207976,7.87043399782513e-06
101.007572,7.91806871978949e-06
101.807168,7.96552165815662e-06
102.606764,8.01279385152843e-06
103.40636,8.05988633060997e-06
104.205956,8.10680011828429e-06
105.005552,8.15353622968655e-06
105.805148,8.20009567227718e-06
106.604744,8.24647944591434e-06
107.40434,8.29268854292543e-06
108.203936,8.33872394817791e-06
109.003532,8.38458663914924e-06
109.803128,8.43027758599605e-06
110.602724,8.47579775162261e-06
111.40232,8.52114809174839e-06
112.201916,8.56632955497501e-06
113.001512,8.61134308285236e-06
113.801108,8.656189609944e-06
114.600704,8.70087006389185e-06
115.4003,8.74538536548013e-06
116.199896,8.78973642869864e-06
116.999492,8.8339241608053e-06
117.799088,8.87794946238801e-06
118.598684,8.92181322742585e-06
119.39828,8.96551634334958e-06
120.197876,9.00905969110149e-06
120.997472,9.05244414519458e-06
121.797068,9.09567057377113e-06
122.596664,9.1387398386606e-06
123.39626,9.18165279543688e-06
124.195856,9.22441029347499e-06
124.995452,9.26701317600708e-06
125.795048,9.30946228017789e-06
126.594644,9.35175843709955e-06
127.39424,9.39390247190587e-06
128.193836,9.43589520380596e-06
128.993432,9.47773744613732e-06
129.793028,9.51943000641835e-06
130.592624,9.56097368640031e-06
131.39222,9.60236928211871e-06
132.191816,9.64361758394412e-06
132.991412,9.68471937663256e-06
133.791008,9.72567543937514e-06
134.590604,9.76648654584743e-06
135.3902,9.80715346425807e-06
136.189796,9.84767695739706e-06
136.989392,9.88805778268338e-06
137.788988,9.92829669221222e-06
138.588584,9.96839443280167e-06
139.38818,1.00083517460389e-05
140.187776,1.0048169368326e-05
140.987372,1.00878480309249e-05
141.786968,1.01273884600025e-05
142.586564,1.01667913766748e-05
143.38616,1.02060574970509e-05
144.185756,1.02451875322759e-05
144.985352,1.02841821885745e-05
145.784948,1.0323042167293e-05
146.584544,1.03617681649415e-05
147.38414,1.04003608732356e-05
148.183736,1.04388209791375e-05
148.983332,1.04771491648968e-05
149.782928,1.05153461080906e-05
150.582524,1.05534124816639e-05
151.38212,1.05913489539688e-05
152.181716,1.06291561888035e-05
152.981312,1.06668348454514e-05
153.780908,1.07043855787191e-05
154.580504,1.07418090389746e-05
155.3801,1.07791058721844e-05
156.179696,1.08162767199513e-05
156.979292,1.08533222195505e-05
157.778888,1.08902430039668e-05
158.578484,1.09270397019298e-05
159.37808,1.09637129379503e-05
160.177676,1.10002633323553e-05
160.977272,1.10366915013228e-05
161.776868,1.1072998056917e-05
162.576464,1.1109183607122e-05
163.37606,1.1145248755876e-05
164.175656,1.11811941031048e-05
164.975252,1.12170202447553e-05
165.774848,1.12527277728283e-05
166.574444,1.12883172754107e-05
167.37404,1.13237893367086e-05
168.173636,1.13591445370785e-05
168.973232,1.13943834530596e-05
169.772828,1.14295066574044e-05
170.572424,1.14645147191106e-05
171.37202,1.1499408203451e-05
172.171616,1.15341876720045e-05
172.971212,1.1568853682686e-05
173.770808,1.16034067897762e-05
174.570404,1.16378475439512e-05
175.37,1.16721764923119e-05
176.169596,1.17063941784126e-05
176.969192,1.174050114229e-05
177.768788,1.17744979204917e-05
178.568384,1.18083850461039e-05
179.36798,1.18421630487797e-05
180.167576,1.18758324547664e-05
180.967172,1.1909393786933e-05
181.766768,1.19428475647972e-05
182.566364,1.19761943045522e-05
183.36596,1.20094345190934e-05
184.165556,1.20425687180444e-05
184.965152,1.20755974077834e-05
185.764748,1.21085210914685e-05
186.564344,1.21413402690639e-05
187.36394,1.21740554373646e-05
188.163536,1.22066670900219e-05
188.963132,1.2239175717568e-05
189.762728,1.22715818074407e-05
190.562324,1.23038858440077e-05
191.36192,1.23360883085906e-05
192.161516,1.23681896794893e-05
192.961112,1.2400190432005e-05
193.760708,1.24320910384641e-05
194.560304,1.24638919682416e-05
195.3599,1.24955936877834e-05
196.159496,1.25271966606298e-05
196.959092,1.2558701347438e-05
197.758688,1.25901082060041e-05
198.558284,1.26214176912856e-05
199.35788,1.26526302554233e-05
200.157476,1.2683746347763e-05
200.957072,1.27147664148772e-05
201.756668,1.27456909005863e-05
202.556264,1.27765202459797e-05
203.35586,1.28072548894373e-05
204.155456,1.28378952666495e-05
204.955052,1.28684418106384e-05
205.754648,1.28988949517779e-05
206.554244,1.2929255117814e-05
207.35384,1.29595227338848e-05
208.153436,1.29896982225403e-05
208.953032,1.30197820037624e-05
209.752628,1.30497744949838e-05
210.552224,1.30796761111078e-05
211.35182,1.31094872645271e-05
212.151416,1.3139208365143e-05
212.951012,1.31688398203841e-05
213.750608,1.31983820352249e-05
214.550204,1.32278354122042e-05
215.3498,1.32572003514437e-05
216.149396,1.32864772506654e-05
216.948992,1.33156665052106e-05
217.748588,1.33447685080565e-05
218.548184,1.33737836498349e-05
219.34778,1.34027123188491e-05
220.147376,1.34315549010913e-05
220.946972,1.34603117802599e-05
221.746568,1.34889833377764e-05
222.546164,1.35175699528022e-05
223.34576,1.35460720022555e-05
224.145356,1.35744898608279e-05
224.944952,1.36028239010005e-05
225.744548,1.36310744930605e-05
226.544144,1.36592420051171e-05
227.34374,1.36873268031176e-05
228.143336,1.37153292508633e-05
228.942932,1.37432497100252e-05
229.742528,1.37710885401594e-05
230.542124,1.37988460987226e-05
231.34172,1.38265227410877e-05
232.141316,1.38541188205585e-05
232.940912,1.3881634688385e-05
233.740508,1.39090706937782e-05
234.540104,1.39364271839251e-05
235.3397,1.39637045040031e-05
236.139296,1.39909029971945e-05
236.938892,1.4018023004701e-05
237.738488,1.40450648657581e-05
238.538084,1.40720289176489e-05
239.33768,1.40989154957184e-05
240.137276,1.41257249333874e-05
240.936872,1.4152457562166e-05
241.736468,1.41791137116678e-05
242.536064,1.42056937096228e-05
243.33566,1.42321978818912e-05
244.135256,1.42586265524768e-05
244.934852,1.42849800435399e-05
245.734448,1.43112586754108e-05
246.534044,1.43374627666022e-05
247.33364,1.43635926338227e-05
248.133236,1.43896485919891e-05
248.932832,1.44156309542392e-05
249.732428,1.44415400319445e-05
250.532024,1.44673761347224e-05
251.33162,1.44931395704485e-05
252.131216,1.45188306452693e-05
252.930812,1.45444496636137e-05
253.730408,1.45699969282053e-05
254.530004,1.45954727400746e-05
255.3296,1.46208773985703e-05
256.129196,1.46462112013713e-05
256.928792,1.46714744444985e-05
257.728388,1.4696667422326e-05
258.527984,1.47217904275926e-05
259.32758,1.47468437514134e-05
260.127176,1.47718276832908e-05
260.926772,1.47967425111255e-05
261.726368,1.48215885212281e-05
262.525964,1.48463659983295e-05
263.32556,1.48710752255921e-05
264.125156,1.48957164846204e-05
264.924752,1.4920290055472e-05
265.724348,1.49447962166678e-05
266.523944,1.49692352452028e-05
267.32354,1.49936074165566e-05
268.123136,1.50179130047034e-05
268.922732,1.50421522821225e-05
269.722328,1.50663255198086e-05
270.521924,1.50904329872817e-05
271.32152,1.51144749525972e-05
272.121116,1.51384516823558e-05
272.920712,1.51623634417132e-05
273.720308,1.51862104943905e-05
274.519904,1.52099931026829e-05
275.3195,1.52337115274702e-05
276.119096,1.52573660282258e-05
276.918692,1.52809568630266e-05
277.718288,1.53044842885619e-05
278.517884,1.53279485601432e-05
279.31748,1.53513499317128e-05
280.117076,1.53746886558537e-05
280.916672,1.53979649837983e-05
281.716268,1.54211791654372e-05
282.515864,1.54443314493288e-05
283.31546,1.54674220827073e-05
284.115056,1.54904513114923e-05
284.914652,1.55134193802972e-05
285.714248,1.55363265324376e-05
286.513844,1.55591730099404e-05
287.31344,1.55819590535519e-05
288.113036,1.56046849027465e-05
288.912632,1.56273507957352e-05
289.712228,1.56499569694733e-05
290.511824,1.56725036596696e-05
291.31142,1.56949911007937e-05
292.111016,1.57174195260848e-05
292.910612,1.57397891675593e-05
293.710208,1.5762100256019e-05
294.509804,1.57843530210591e-05
295.3094,1.5806547691076e-05
296.108996,1.58286844932751e-05
296.908592,1.58507636536784e-05
297.708188,1.58727853971326e-05
298.507784,1.58947499473165e-05
299.30738,1.59166575267482e-05
300.106976,1.59385083567934e-05
300.906572,1.59603026576722e-05
301.706168,1.59820406484668e-05
302.505764,1.60037225471287e-05
303.30536,1.60253485704862e-05
304.104956,1.60469189342515e-05
304.904552,1.60684338530275e-05
305.704148,1.60898935403158e-05
306.503744,1.61112982085228e-05
307.30334,1.61326480689673e-05
308.102936,1.61539433318875e-05
308.902532,1.61751842064473e-05
309.702128,1.61963709007439e-05
310.501724,1.6217503621814e-05
311.30132,1.6238582575641e-05
312.100916,1.62596079671612e-05
312.900512,1.62805800002711e-05
313.700108,1.63014988778332e-05
314.499704,1.63223648016834e-05
315.2993,1.63431779726365e-05
316.098896,1.63639385904937e-05
316.898492,1.63846468540482e-05
317.698088,1.64053029610919e-05
318.497684,1.64259071084216e-05
319.29728,1.64464594918453e-05
320.096876,1.64669603061884e-05
320.896472,1.64874097452997e-05
321.696068,1.65078080020578e-05
322.495664,1.6528155268377e-05
323.29526,1.65484517352132e-05
324.094856,1.656869759257e-05
324.894452,1.65888930295048e-05
325.694048,1.66090382341343e-05
326.493644,1.66291333936408e-05
327.29324,1.66491786942774e-05
328.092836,1.66691743213746e-05
328.892432,1.6689120459345e-05
329.692028,1.67090172916897e-05
330.491624,1.67288650010039e-05
331.29122,1.6748663768982e-05
332.090816,1.67684137764236e-05
332.890412,1.67881152032388e-05
333.690008,1.68077682284538e-05
334.489604,1.6827373030216e-05
335.2892,1.68469297857999e-05
336.088796,1.6866438671612e-05
336.888392,1.68858998631963e-05
337.687988,1.69053135352395e-05
338.487584,1.69246798615763e-05
339.28718,1.69439990151945e-05
340.086776,1.69632711682402e-05
340.886372,1.6982496492023e-05
341.685968,1.70016751570208e-05
342.485564,1.70208073328851e-05
343.28516,1.7039893188446e-05
344.084756,1.70589328917171e-05
344.884352,1.70779266099002e-05
345.683948,1.70968745093908e-05
346.483544,1.71157767557821e-05
347.28314,1.71346335138707e-05
348.082736,1.71534449476608e-05
348.882332,1.71722112203692e-05
349.681928,1.71909324944299e-05
350.481524,1.72096089314988e-05
351.28112,1.72282406924586e-05
352.080716,1.72468279374231e-05
352.880312,1.72653708257419e-05
353.679908,1.7283869516005e-05
354.479504,1.73023241660472e-05
355.2791,1.73207349329527e-05
356.078696,1.73391019730597e-05
356.878292,1.73574254419645e-05
357.677888,1.73757054945259e-05
358.477484,1.73939422848701e-05
359.27708,1.74121359663942e-05
360.076676,1.74302866917713e-05
360.876272,1.74483946129542e-05
361.675868,1.746645988118e-05
362.475464,1.7484482646974e-05
363.27506,1.75024630601543e-05
364.074656,1.75204012698354e-05
364.874252,1.75382974244327e-05
365.673848,1.75561516716667e-05
366.473444,1.75739641585667e-05
367.27304,1.75917350314751e-05
368.072636,1.76094644360511e-05
368.872232,1.76271525172753e-05
369.671828,1.76447994194529e-05
370.471424,1.76624052862181e-05
371.27102,1.76799702605379e-05
372.070616,1.7697494484716e-05
372.870212,1.77149781003964e-05
373.669808,1.77324212485675e-05
374.469404,1.77498240695659e-05
375.269,1.77671867030798e-05
376.068596,1.77845092881533e-05
376.868192,1.78017919631896e-05
377.667788,1.78190348659549e-05
378.467384,1.78362381335822e-05
379.26698,1.78534019025746e-05
380.066576,1.78705263088091e-05
380.866172,1.78876114875404e-05
381.665768,1.79046575734041e-05
382.465364,1.79216647004204e-05
383.26496,1.79386330019974e-05
384.064556,1.79555626109352e-05
384.864152,1.79724536594285e-05
385.663748,1.79893062790708e-05
386.463344,1.80061206008574e-05
387.26294,1.80228967551889e-05
388.062536,1.80396348718745e-05
388.862132,1.80563350801355e-05
389.661728,1.80729975086086e-05
390.461324,1.80896222853489e-05
391.26092,1.81062095378338e-05
392.060516,1.81227593929655e-05
392.860112,1.81392719770749e-05
393.659708,1.81557474159244e-05
394.459304,1.81721858347112e-05
395.2589,1.81885873580706e-05
396.058496,1.82049521100791e-05
396.858092,1.82212802142572e-05
397.657688,1.82375717935732e-05
398.457284,1.82538269704454e-05
399.25688,1.8270045866746e-05
400.056476,1.82862286038037e-05
400.856072,1.83023753024067e-05
401.655668,1.83184860828059e-05
402.455264,1.83345610647178e-05
403.25486,1.83506003673274e-05
404.054456,1.83666041092914e-05
404.854052,1.83825724087407e-05
405.653648,1.83985053832836e-05
406.453244,1.84144031500088e-05
407.25284,1.84302658254879e-05
408.052436,1.84460935257786e-05
408.852032,1.84618863664271e-05
409.651628,1.84776444624716e-05
410.451224,1.84933679284444e-05
411.25082,1.85090568783751e-05
412.050416,1.8524711425793e-05
412.850012,1.85403316837304e-05
413.649608,1.85559177647246e-05
414.449204,1.85714697808213e-05
415.2488,1.85869878435767e-05
416.048396,1.86024720640606e-05
416.847992,1.86179225528588e-05
417.647588,1.86333394200758e-05
418.447184,1.86487227753376e-05
419.24678,1.8664072727794e-05
420.046376,1.86793893861211e-05
420.845972,1.86946728585244e-05
421.645568,1.87099232527408e-05
422.445164,1.87251406760416e-05
423.24476,1.87403252352344e-05
424.044356,1.87554770366664e-05
424.843952,1.8770596186226e-05
425.643548,1.87856827893461e-05
426.443144,1.88007369510059e-05
427.24274,1.88157587757337e-05
428.042336,1.88307483676093e-05
428.841932,1.88457058302662e-05
429.641528,1.88606312668942e-05
430.441124,1.88755247802416e-05
431.24072,1.88903864726176e-05
432.040316,1.89052164458949e-05
432.839912,1.89200148015116e-05
433.639508,1.89347816404739e-05
434.439104,1.89495170633581e-05
435.2387,1.89642211703129e-05
436.038296,1.89788940610622e-05
436.837892,1.89935358349064e-05
437.637488,1.90081465907255e-05
438.437084,1.90227264269809e-05
439.23668,1.90372754417178e-05
440.036276,1.90517937325671e-05
440.835872,1.90662813967481e-05
441.635468,1.908073853107e-05
442.435064,1.90951652319347e-05
443.23466,1.91095615953385e-05
444.034256,1.91239277168745e-05
444.833852,1.91382636917345e-05
445.633448,1.91525696147113e-05
446.433044,1.91668455802007e-05
447.23264,1.91810916822034e-05
448.032236,1.91953080143275e-05
448.831832,1.920949466979e-05
449.631428,1.92236517414193e-05
450.431024,1.92377793216571e-05
451.23062,1.92518775025603e-05
452.030216,1.92659463758029e-05
452.829812,1.92799860326784e-05
453.629408,1.92939965641013e-05
454.429004,1.93079780606095e-05
455.2286,1.93219306123659e-05
