"ResDensity","N_TraitValue"
1,4.36415917732905e-06
1.068,4.56039161332787e-06
1.136,4.74833778651137e-06
1.204,4.92851169780538e-06
1.272,5.10138569769714e-06
1.34,5.26739462123297e-06
1.408,5.42693943998676e-06
1.476,5.58039049557117e-06
1.544,5.72809036958311e-06
1.612,5.87035643679757e-06
1.68,6.00748314165906e-06
1.748,6.13974403243543e-06
1.816,6.26739358260635e-06
1.884,6.39066882500536e-06
1.952,6.50979082079488e-06
2.02,6.62496598242799e-06
2.088,6.73638726725325e-06
2.156,6.84423525628223e-06
2.224,6.94867913080647e-06
2.292,7.0498775579734e-06
2.36,7.14797949507108e-06
2.428,7.24312492109655e-06
2.496,7.33544550316386e-06
2.564,7.42506520442389e-06
2.632,7.51210083939851e-06
2.7,7.5966625819604e-06
2.768,7.67885443060357e-06
2.836,7.75877463513598e-06
2.904,7.83651608847524e-06
2.972,7.91216668683228e-06
3.04,7.98580966121924e-06
3.108,8.05752388291021e-06
3.176,8.12738414521159e-06
3.244,8.19546142365832e-06
3.312,8.26182311653885e-06
3.38,8.32653326746222e-06
3.448,8.38965277151244e-06
3.516,8.45123956638477e-06
3.584,8.5113488097653e-06
3.652,8.57003304409502e-06
3.72,8.62734234975302e-06
3.788,8.68332448759746e-06
3.856,8.73802503171699e-06
3.924,8.79148749316815e-06
3.992,8.84375343540484e-06
4.06,8.89486258204349e-06
4.128,8.94485291755095e-06
4.196,8.99376078139178e-06
4.264,9.04162095612501e-06
4.332,9.08846674989946e-06
4.4,9.13433007375861e-06
4.468,9.17924151413215e-06
4.536,9.22323040086031e-06
4.604,9.26632487106867e-06
4.672,9.30855192918612e-06
4.74,9.34993750337459e-06
4.808,9.39050649861869e-06
4.876,9.43028284670339e-06
4.944,9.46928955329071e-06
5.012,9.50754874228982e-06
5.08,9.54508169770051e-06
5.148,9.58190890309624e-06
5.216,9.61805007890062e-06
5.284,9.65352421760004e-06
5.352,9.68834961702428e-06
5.42,9.72254391181791e-06
5.488,9.75612410321605e-06
5.556,9.78910658723007e-06
5.624,9.8215071813417e-06
5.692,9.8533411497964e-06
5.76,9.88462322758145e-06
5.828,9.91536764316752e-06
5.896,9.9455881400877e-06
5.964,9.97529799742264e-06
6.032,1.00045100492559e-05
6.1,1.00332367031596e-05
6.168,1.00614899577661e-05
6.236,1.0089281419478e-05
6.304,1.01166223183654e-05
6.372,1.01435235232966e-05
6.44,1.0169995556344e-05
6.508,1.01960486065063e-05
6.576,1.02216925427842e-05
6.644,1.02469369266453e-05
6.712,1.027179102391e-05
6.78,1.02962638160913e-05
6.848,1.03203640112158e-05
6.916,1.03441000541549e-05
6.984,1.03674801364908e-05
7.052,1.03905122059422e-05
7.12,1.04132039753716e-05
7.188,1.04355629313973e-05
7.256,1.04575963426281e-05
7.324,1.04793112675418e-05
7.392,1.05007145620241e-05
7.46,1.05218128865853e-05
7.528,1.05426127132705e-05
7.596,1.05631203322792e-05
7.664,1.05833418583069e-05
7.732,1.0603283236624e-05
7.8,1.06229502489034e-05
7.868,1.06423485188091e-05
7.936,1.06614835173577e-05
8.004,1.06803605680625e-05
8.072,1.0698984851871e-05
8.14,1.07173614119065e-05
8.208,1.07354951580198e-05
8.276,1.07533908711634e-05
8.344,1.07710532075937e-05
8.412,1.078848670291e-05
8.48,1.08056957759375e-05
8.548,1.08226847324617e-05
8.616,1.08394577688195e-05
8.684,1.08560189753554e-05
8.752,1.08723723397466e-05
8.82,1.08885217502044e-05
8.888,1.09044709985558e-05
8.956,1.09202237832123e-05
9.024,1.09357837120284e-05
9.092,1.09511543050567e-05
9.16,1.09663389972028e-05
9.228,1.09813411407842e-05
9.296,1.09961640079976e-05
9.364,1.10108107932985e-05
9.432,1.1025284615696e-05
9.5,1.10395885209674e-05
9.568,1.10537254837948e-05
9.636,1.10676984098274e-05
9.704,1.10815101376726e-05
9.772,1.10951634408184e-05
9.84,1.11086610294902e-05
9.908,1.1122005552444e-05
9.976,1.11351995987e-05
10.044,1.11482456992161e-05
10.112,1.11611463285076e-05
10.18,1.1173903906211e-05
10.248,1.11865207985973e-05
10.316,1.11989993200352e-05
10.384,1.12113417344065e-05
10.452,1.12235502564749e-05
10.52,1.12356270532114e-05
10.588,1.12475742450762e-05
10.656,1.125939390726e-05
10.724,1.12710880708857e-05
10.792,1.1282658724172e-05
10.86,1.12941078135602e-05
10.928,1.13054372448058e-05
10.996,1.13166488840361e-05
11.064,1.13277445587748e-05
11.132,1.13387260589351e-05
11.2,1.13495951377826e-05
11.268,1.13603535128677e-05
11.336,1.13710028669313e-05
11.404,1.13815448487815e-05
11.472,1.13919810741451e-05
11.54,1.1402313126493e-05
11.608,1.14125425578408e-05
11.676,1.14226708895267e-05
11.744,1.14326996129651e-05
11.812,1.14426301903789e-05
11.88,1.14524640555106e-05
11.948,1.14622026143117e-05
12.016,1.14718472456134e-05
12.084,1.14813993017771e-05
12.152,1.14908601093265e-05
12.22,1.1500230969562e-05
12.288,1.1509513159157e-05
12.356,1.1518707930738e-05
12.424,1.15278165134482e-05
12.492,1.15368401134949e-05
12.56,1.15457799146824e-05
12.628,1.15546370789292e-05
12.696,1.1563412746772e-05
12.764,1.15721080378549e-05
12.832,1.1580724051406e-05
12.9,1.15892618667001e-05
12.968,1.15977225435098e-05
13.036,1.16061071225438e-05
13.104,1.16144166258739e-05
13.172,1.16226520573501e-05
13.24,1.16308144030049e-05
13.308,1.1638904631447e-05
13.376,1.16469236942442e-05
13.444,1.1654872526297e-05
13.512,1.16627520462013e-05
13.58,1.16705631566028e-05
13.648,1.16783067445415e-05
13.716,1.16859836817875e-05
13.784,1.16935948251681e-05
13.852,1.17011410168869e-05
13.92,1.1708623084834e-05
13.988,1.17160418428892e-05
14.056,1.17233980912169e-05
14.124,1.17306926165538e-05
14.192,1.17379261924896e-05
14.26,1.17450995797402e-05
14.328,1.17522135264146e-05
14.396,1.17592687682748e-05
14.464,1.17662660289896e-05
14.532,1.1773206020382e-05
14.6,1.17800894426707e-05
14.668,1.17869169847055e-05
14.736,1.17936893241971e-05
14.804,1.18004071279412e-05
14.872,1.18070710520378e-05
14.94,1.18136817421045e-05
15.008,1.18202398334848e-05
15.076,1.18267459514522e-05
15.144,1.18332007114084e-05
15.212,1.18396047190777e-05
15.28,1.18459585706964e-05
15.348,1.18522628531977e-05
15.416,1.18585181443925e-05
15.484,1.18647250131462e-05
15.552,1.18708840195508e-05
15.62,1.18769957150936e-05
15.688,1.18830606428215e-05
15.756,1.18890793375024e-05
15.824,1.1895052325782e-05
15.892,1.19009801263373e-05
15.96,1.19068632500271e-05
16.028,1.19127022000386e-05
16.096,1.19184974720307e-05
16.164,1.19242495542746e-05
16.232,1.19299589277907e-05
16.3,1.19356260664826e-05
16.368,1.19412514372687e-05
16.436,1.19468355002098e-05
16.504,1.1952378708635e-05
16.572,1.19578815092642e-05
16.64,1.19633443423281e-05
16.708,1.19687676416856e-05
16.776,1.19741518349388e-05
16.844,1.19794973435451e-05
16.912,1.19848045829276e-05
16.98,1.19900739625824e-05
17.048,1.19953058861839e-05
17.116,1.20005007516879e-05
17.184,1.2005658951433e-05
17.252,1.20107808722385e-05
17.32,1.20158668955019e-05
17.388,1.20209173972931e-05
17.456,1.20259327484471e-05
17.524,1.20309133146552e-05
17.592,1.20358594565534e-05
17.66,1.20407715298097e-05
17.728,1.20456498852091e-05
17.796,1.20504948687377e-05
17.864,1.20553068216636e-05
17.932,1.20600860806179e-05
18,1.20648329776727e-05
18.068,1.20695478404181e-05
18.136,1.20742309920377e-05
18.204,1.20788827513822e-05
18.272,1.2083503433042e-05
18.34,1.20880933474181e-05
18.408,1.20926528007914e-05
18.476,1.20971820953912e-05
18.544,1.21016815294614e-05
18.612,1.21061513973267e-05
18.68,1.21105919894562e-05
18.748,1.21150035925264e-05
18.816,1.21193864894834e-05
18.884,1.21237409596026e-05
18.952,1.21280672785486e-05
19.02,1.21323657184332e-05
19.088,1.21366365478725e-05
19.156,1.21408800320428e-05
19.224,1.21450964327354e-05
19.292,1.21492860084105e-05
19.36,1.21534490142503e-05
19.428,1.21575857022103e-05
19.496,1.21616963210705e-05
19.564,1.21657811164852e-05
19.632,1.21698403310317e-05
19.7,1.21738742042588e-05
19.768,1.21778829727334e-05
19.836,1.21818668700872e-05
19.904,1.21858261270618e-05
19.972,1.21897609715532e-05
20.04,1.21936716286558e-05
20.108,1.21975583207052e-05
20.176,1.22014212673202e-05
20.244,1.22052606854445e-05
20.312,1.22090767893867e-05
20.38,1.2212869790861e-05
20.448,1.22166398990257e-05
20.516,1.22203873205219e-05
20.584,1.22241122595113e-05
20.652,1.22278149177132e-05
20.72,1.22314954944408e-05
20.788,1.22351541866371e-05
20.856,1.22387911889103e-05
20.924,1.22424066935676e-05
20.992,1.22460008906497e-05
21.06,1.22495739679642e-05
21.128,1.22531261111174e-05
21.196,1.22566575035477e-05
21.264,1.22601683265562e-05
21.332,1.2263658759338e-05
21.4,1.2267128979013e-05
21.468,1.22705791606556e-05
21.536,1.22740094773239e-05
21.604,1.22774201000892e-05
21.672,1.2280811198064e-05
21.74,1.228418293843e-05
21.808,1.22875354864659e-05
21.876,1.22908690055741e-05
21.944,1.22941836573071e-05
22.012,1.2297479601394e-05
22.08,1.2300756995766e-05
22.148,1.23040159965815e-05
22.216,1.23072567582512e-05
22.284,1.2310479433462e-05
22.352,1.23136841732015e-05
22.42,1.23168711267813e-05
22.488,1.23200404418601e-05
22.556,1.23231922644668e-05
22.624,1.23263267390229e-05
22.692,1.2329444008364e-05
22.76,1.23325442137624e-05
22.828,1.23356274949478e-05
22.896,1.23386939901283e-05
22.964,1.23417438360115e-05
23.032,1.23447771678243e-05
23.1,1.23477941193332e-05
23.168,1.2350794822864e-05
23.236,1.23537794093209e-05
23.304,1.23567480082057e-05
23.372,1.23597007476364e-05
23.44,1.2362637754366e-05
23.508,1.23655591538001e-05
23.576,1.23684650700152e-05
23.644,1.23713556257758e-05
23.712,1.23742309425524e-05
23.78,1.23770911405377e-05
23.848,1.23799363386639e-05
23.916,1.23827666546191e-05
23.984,1.23855822048633e-05
24.052,1.23883831046445e-05
24.12,1.23911694680147e-05
24.188,1.23939414078448e-05
24.256,1.23966990358404e-05
24.324,1.23994424625564e-05
24.392,1.24021717974122e-05
24.46,1.24048871487057e-05
24.528,1.24075886236281e-05
24.596,1.24102763282777e-05
24.664,1.24129503676742e-05
24.732,1.24156108457717e-05
24.8,1.24182578654729e-05
24.868,1.24208915286418e-05
24.936,1.24235119361171e-05
25.004,1.2426119187725e-05
25.072,1.24287133822918e-05
25.14,1.24312946176564e-05
25.208,1.24338629906828e-05
25.276,1.24364185972717e-05
25.344,1.24389615323732e-05
25.412,1.2441491889998e-05
25.48,1.24440097632289e-05
25.548,1.24465152442328e-05
25.616,1.24490084242713e-05
25.684,1.24514893937123e-05
25.752,1.24539582420406e-05
25.82,1.24564150578687e-05
25.888,1.24588599289475e-05
25.956,1.24612929421768e-05
26.024,1.24637141836152e-05
26.092,1.24661237384909e-05
26.16,1.24685216912112e-05
26.228,1.24709081253723e-05
26.296,1.24732831237696e-05
26.364,1.24756467684065e-05
26.432,1.24779991405046e-05
26.5,1.24803403205123e-05
26.568,1.24826703881145e-05
26.636,1.24849894222413e-05
26.704,1.24872975010774e-05
26.772,1.248959470207e-05
26.84,1.24918811019384e-05
26.908,1.24941567766821e-05
26.976,1.24964218015892e-05
27.044,1.24986762512447e-05
27.112,1.25009201995388e-05
27.18,1.25031537196751e-05
27.248,1.25053768841781e-05
27.316,1.25075897649016e-05
27.384,1.25097924330361e-05
27.452,1.25119849591163e-05
27.52,1.25141674130293e-05
27.588,1.2516339864021e-05
27.656,1.25185023807046e-05
27.724,1.25206550310666e-05
27.792,1.25227978824751e-05
27.86,1.2524931001686e-05
27.928,1.25270544548501e-05
27.996,1.25291683075203e-05
28.064,1.25312726246579e-05
28.132,1.25333674706394e-05
28.2,1.25354529092634e-05
28.268,1.25375290037564e-05
28.336,1.25395958167799e-05
28.404,1.25416534104361e-05
28.472,1.25437018462747e-05
28.54,1.25457411852984e-05
28.608,1.25477714879696e-05
28.676,1.25497928142158e-05
28.744,1.25518052234359e-05
28.812,1.2553808774506e-05
28.88,1.25558035257847e-05
28.948,1.25577895351194e-05
29.016,1.25597668598514e-05
29.084,1.25617355568217e-05
29.152,1.25636956823762e-05
29.22,1.25656472923715e-05
29.288,1.25675904421796e-05
29.356,1.25695251866936e-05
29.424,1.25714515803328e-05
29.492,1.25733696770477e-05
29.56,1.2575279530325e-05
29.628,1.25771811931928e-05
29.696,1.25790747182251e-05
29.764,1.25809601575472e-05
29.832,1.25828375628399e-05
29.9,1.25847069853447e-05
29.968,1.25865684758682e-05
30.036,1.25884220847867e-05
30.104,1.25902678620509e-05
30.172,1.25921058571903e-05
30.24,1.25939361193175e-05
30.308,1.25957586971329e-05
30.376,1.25975736389287e-05
30.444,1.25993809925933e-05
30.512,1.26011808056155e-05
30.58,1.26029731250887e-05
30.648,1.26047579977149e-05
30.716,1.26065354698089e-05
30.784,1.26083055873021e-05
30.852,1.26100683957468e-05
30.92,1.26118239403197e-05
30.988,1.2613572265826e-05
31.056,1.26153134167033e-05
31.124,1.26170474370249e-05
31.192,1.26187743705043e-05
31.26,1.2620494260498e-05
31.328,1.26222071500098e-05
31.396,1.26239130816941e-05
31.464,1.26256120978594e-05
31.532,1.2627304240472e-05
31.6,1.26289895511591e-05
31.668,1.26306680712127e-05
31.736,1.26323398415925e-05
31.804,1.26340049029296e-05
31.872,1.26356632955296e-05
31.94,1.26373150593758e-05
32.008,1.26389602341327e-05
32.076,1.26405988591487e-05
32.144,1.26422309734597e-05
32.212,1.26438566157921e-05
32.28,1.26454758245655e-05
32.348,1.26470886378963e-05
32.416,1.26486950936002e-05
32.484,1.26502952291953e-05
32.552,1.26518890819054e-05
32.62,1.26534766886621e-05
32.688,1.26550580861086e-05
32.756,1.26566333106015e-05
32.824,1.26582023982146e-05
32.892,1.26597653847409e-05
32.96,1.26613223056957e-05
33.028,1.26628731963191e-05
33.096,1.26644180915787e-05
33.164,1.26659570261725e-05
33.232,1.2667490034531e-05
33.3,1.26690171508202e-05
33.368,1.26705384089439e-05
33.436,1.26720538425463e-05
33.504,1.26735634850145e-05
33.572,1.26750673694809e-05
33.64,1.26765655288255e-05
33.708,1.26780579956786e-05
33.776,1.26795448024229e-05
33.844,1.26810259811961e-05
33.912,1.2682501563893e-05
33.98,1.26839715821676e-05
34.048,1.2685436067436e-05
34.116,1.2686895050878e-05
34.184,1.26883485634396e-05
34.252,1.26897966358352e-05
34.32,1.26912392985498e-05
34.388,1.26926765818408e-05
34.456,1.26941085157407e-05
34.524,1.26955351300585e-05
34.592,1.26969564543825e-05
34.66,1.26983725180817e-05
34.728,1.26997833503081e-05
34.796,1.2701188979999e-05
34.864,1.27025894358784e-05
34.932,1.27039847464592e-05
35,1.27053749400454e-05
