"ResDensity","N_TraitValue"
25.6513,0.00408507263899519
27.9940282,0.00439974709562114
30.3367564,0.00470628196679152
32.6794846,0.00500498903625547
35.0222128,0.00529616436483725
37.364941,0.00558008926920969
39.7076692,0.00585703122845079
42.0503974,0.00612724472452447
44.3931256,0.00639097202223656
46.7358538,0.00664844389369083
49.078582,0.00689988029179847
51.4213102,0.00714549097697247
53.7640384,0.00738547610075981
56.1067666,0.00762002674982456
58.4494948,0.00784932545338918
60.792223,0.00807354665696599
63.1349512,0.00829285716496297
65.4776794,0.00850741655452386
67.8204076,0.00871737756276026
70.1631358,0.00892288644935059
72.505864,0.00912408333631483
74.8485922,0.00932110252662372
77.1913204,0.00951407280316495
79.5340486,0.00970311770946473
81.8767768,0.00988835581345075
84.219505,0.0100699009554396
86.5622332,0.0102478624814391
88.9049614,0.0104223454627691
91.2476896,0.0105934509029294
93.5904178,0.0107612759325685
95.933146,0.010925913993346
98.2758742,0.0110874550114182
100.6186024,0.011245985561225
102.9613306,0.0114015890202045
105.3040588,0.0115543457150151
107.646787,0.0117043330598064
109.9895152,0.0118516256870363
112.3322434,0.0119962955713005
114.6749716,0.0121384121466054
117.0176998,0.0122780424174859
119.360428,0.0124152510643422
121.7031562,0.0125501005433425
124.0458844,0.0126826511812171
126.3886126,0.0128129612652448
128.7313408,0.0129410871287148
131.074069,0.0130670832321268
133.4167972,0.0131910022403754
135.7595254,0.0133128950961474
138.1022536,0.0134328110897499
140.4449818,0.0135507979255665
142.78771,0.0136669017853328
145.1304382,0.0137811673884063
147.4731664,0.0138936380491953
149.8158946,0.0140043557319036
152.1586228,0.0141133611027342
154.501351,0.0142206935796907
156.8440792,0.0143263913801019
159.1868074,0.0144304915659924
161.5295356,0.0145330300874108
163.8722638,0.0146340418238231
166.214992,0.0147335606236696
168.5577202,0.014831619342182
170.9004484,0.0149282498775472
173.2431766,0.0150234832055028
175.5859048,0.0151173494124428
177.928633,0.0152098777271073
180.2713612,0.0153010965509272
182.6140894,0.0153910334870891
184.9568176,0.0154797153683841
187.2995458,0.0155671682838983
189.642274,0.0156534176046011
191.9850022,0.015738488007885
194.3277304,0.0158224035011051
196.6704586,0.0159051874441671
199.0131868,0.0159868625712069
201.355915,0.0160674510114054
203.6986432,0.0161469743089782
206.0413714,0.0162254534423769
208.3840996,0.0163029088427399
210.7268278,0.0163793604116255
213.069556,0.0164548275380602
215.4122842,0.0165293291149317
217.7550124,0.0166028835547585
220.0977406,0.0166755088048596
222.4404688,0.0167472223619552
224.783197,0.0168180412862188
227.1259252,0.0168879822148086
229.4686534,0.0169570613748971
231.8113816,0.0170252945962234
234.1541098,0.0170926973231858
236.496838,0.017159284626497
238.8395662,0.0172250712144173
241.1822944,0.0172900714435864
243.5250226,0.017354299329468
245.8677508,0.0174177685564249
248.210479,0.0174804924874389
250.5532072,0.0175424841734906
252.8959354,0.017603756362612
255.2386636,0.0176643215086264
257.5813918,0.0177241917795872
259.92412,0.0177833790659276
262.2668482,0.0178418949883335
264.6095764,0.0178997509053497
266.9523046,0.0179569579207301
269.2950328,0.0180135268905421
271.637761,0.0180694684300348
273.9804892,0.0181247929202796
276.3232174,0.018179510514592
278.6659456,0.0182336311447444
281.0086738,0.0182871645269751
283.351402,0.0183401201678038
285.6941302,0.0183925073696597
288.0368584,0.0184443352363288
290.3795866,0.0184956126782282
292.7223148,0.0185463484175133
295.065043,0.0185965509930229
297.4077712,0.0186462287650713
299.7504994,0.0186953899200883
302.0932276,0.0187440424751177
304.4359558,0.0187921942821751
306.778684,0.0188398530324724
309.1214122,0.0188870262605136
311.4641404,0.0189337213480658
313.8068686,0.0189799455280094
316.1495968,0.0190257058880736
318.492325,0.0190710093744589
320.8350532,0.0191158627953527
323.1777814,0.0191602728243393
325.5205096,0.0192042460037107
327.8632378,0.0192477887476794
330.205966,0.019290907345497
332.5486942,0.019333607964483
334.8914224,0.0193758966529655
337.2341506,0.0194177793431366
339.5768788,0.0194592618538273
341.919607,0.0195003498932018
344.2623352,0.0195410490613767
346.6050634,0.0195813648529646
348.9477916,0.0196213026595477
351.2905198,0.0196608677720811
353.633248,0.0197000653832297
355.9759762,0.01973890058964
358.3187044,0.019777378394149
360.6614326,0.019815503707933
363.0041608,0.0198532813525974
365.346889,0.0198907160622088
367.6896172,0.0199278124852732
370.0323454,0.0199645751866602
372.3750736,0.0200010086494754
374.7178018,0.0200371172768829
377.06053,0.0200729053938794
379.4032582,0.0201083772490213
381.7459864,0.0201435370161053
384.0887146,0.0201783887958065
386.4314428,0.0202129366172721
388.774171,0.0202471844396745
391.1168992,0.0202811361537236
393.4596274,0.0203147955831403
395.8023556,0.0203481664860924
398.1450838,0.0203812525565928
400.487812,0.0204140574258631
402.8305402,0.020446584663662
405.1732684,0.0204788377795802
407.5159966,0.0205108202243029
409.8587248,0.02054253539084
412.201453,0.0205739866157268
414.5441812,0.0206051771801937
416.8869094,0.0206361103113071
419.2296376,0.020666789183083
421.5723658,0.0206972169175724
423.915094,0.0207273965859203
426.2578222,0.0207573312093992
428.6005504,0.0207870237604173
430.9432786,0.0208164771635027
433.2860068,0.0208456942962628
435.628735,0.0208746779903226
437.9714632,0.0209034310322386
440.3141914,0.0209319561643925
442.6569196,0.0209602560858627
444.9996478,0.0209883334532758
447.342376,0.0210161908816383
449.6851042,0.0210438309451478
452.0278324,0.0210712561779864
454.3705606,0.0210984690750954
456.7132888,0.0211254720929313
459.056017,0.0211522676502056
461.3987452,0.0211788581286067
463.7414734,0.0212052458735055
466.0842016,0.0212314331946455
468.4269298,0.0212574223668159
470.769658,0.0212832156305112
473.1123862,0.0213088151925744
475.4551144,0.0213342232268271
477.7978426,0.0213594418746839
480.1405708,0.021384473245755
482.483299,0.0214093194184339
484.8260272,0.0214339824404729
487.1687554,0.0214584643295455
489.5114836,0.0214827670737968
491.8542118,0.021506892632382
494.19694,0.0215308429359921
496.5396682,0.0215546198873697
498.8823964,0.0215782253618126
501.2251246,0.0216016612076669
503.5678528,0.0216249292468094
505.910581,0.0216480312751196
508.2533092,0.0216709690629422
510.5960374,0.0216937443555388
512.9387656,0.021716358873531
515.2814938,0.0217388143133334
517.624222,0.0217611123475781
519.9669502,0.0217832546255295
522.3096784,0.0218052427734917
524.6524066,0.0218270783952062
526.9951348,0.0218487630722415
529.337863,0.021870298364376
531.6805912,0.0218916858099709
534.0233194,0.0219129269263371
536.3660476,0.021934023210094
538.7087758,0.021954976137521
541.051504,0.0219757871649016
543.3942322,0.0219964577288611
545.7369604,0.0220169892466972
548.0796886,0.0220373831167037
550.4224168,0.0220576407184883
552.765145,0.0220777634132832
555.1078732,0.0220977525442507
557.4506014,0.0221176094367813
559.7933296,0.0221373353987873
562.1360578,0.0221569317209895
564.478786,0.022176399677199
566.8215142,0.0221957405245933
569.1642424,0.0222149555039866
571.5069706,0.0222340458400953
573.8496988,0.0222530127417983
576.192427,0.0222718574023921
578.5351552,0.0222905809998413
580.8778834,0.0223091846970235
583.2206116,0.0223276696419706
585.5633398,0.0223460369681047
587.906068,0.0223642877944698
590.2487962,0.0223824232259592
592.5915244,0.0224004443535383
594.9342526,0.0224183522544635
597.2769808,0.0224361479924966
599.619709,0.0224538326181158
601.9624372,0.0224714071687223
604.3051654,0.022488872668843
606.6478936,0.0225062301303298
608.9906218,0.0225234805525547
611.33335,0.0225406249226021
613.6760782,0.0225576642154565
616.0188064,0.022574599394188
618.3615346,0.0225914314101329
620.7042628,0.0226081612030727
623.046991,0.0226247897014085
625.3897192,0.0226413178223329
627.7324474,0.0226577464719986
630.0751756,0.0226740765456839
632.4179038,0.0226903089279556
634.760632,0.0227064444928286
637.1033602,0.0227224841039226
639.4460884,0.0227384286146164
641.7888166,0.0227542788681993
644.1315448,0.0227700356980194
646.474273,0.0227856999276301
648.8170012,0.0228012723709334
651.1597294,0.0228167538323207
653.5024576,0.0228321451068117
655.8451858,0.02284744698019
658.187914,0.0228626602291374
660.5306422,0.0228777856213648
662.8733704,0.0228928239157415
665.2160986,0.0229077758624224
667.5588268,0.0229226422029722
669.901555,0.0229374236704886
672.2442832,0.0229521209897223
674.5870114,0.0229667348771958
676.9297396,0.0229812660413195
679.2724678,0.0229957151825067
681.615196,0.0230100829932856
683.9579242,0.0230243701584102
686.3006524,0.023038577354969
688.6433806,0.0230527052524921
690.9861088,0.0230667545130562
693.328837,0.0230807257913883
695.6715652,0.023094619734967
698.0142934,0.0231084369841228
700.3570216,0.0231221781721366
702.6997498,0.023135843925336
705.042478,0.023149434863191
707.3852062,0.0231629515984071
709.7279344,0.0231763947370178
712.0706626,0.0231897648784749
714.4133908,0.0232030626157378
716.756119,0.0232162885353609
719.0988472,0.0232294432175801
721.4415754,0.0232425272363977
723.7843036,0.0232555411596654
726.1270318,0.0232684855491671
728.46976,0.0232813609606994
730.8124882,0.023294167944151
733.1552164,0.0233069070435815
735.4979446,0.0233195787972978
737.8406728,0.0233321837379303
740.183401,0.0233447223925078
742.5261292,0.0233571952825302
744.8688574,0.0233696029240415
747.2115856,0.0233819458277005
749.5543138,0.0233942244988513
751.897042,0.0234064394375918
754.2397702,0.0234185911388419
756.5824984,0.0234306800924104
758.9252266,0.0234427067830606
761.2679548,0.0234546716905749
763.610683,0.0234665752898194
765.9534112,0.0234784180508059
768.2961394,0.0234902004387539
770.6388676,0.0235019229141521
772.9815958,0.0235135859328177
775.324324,0.0235251899459557
777.6670522,0.0235367354002175
780.0097804,0.0235482227377575
782.3525086,0.02355965239629
784.6952368,0.0235710248091448
787.037965,0.0235823404053218
789.3806932,0.0235935996095449
791.7234214,0.0236048028423154
794.0661496,0.0236159505199641
796.4088778,0.0236270430547031
798.751606,0.0236380808546763
801.0943342,0.0236490643240098
803.4370624,0.0236599938628609
805.7797906,0.023670869867467
808.1225188,0.0236816927301934
810.465247,0.0236924628395801
812.8079752,0.0237031805803889
815.1507034,0.023713846333649
817.4934316,0.023724460476702
819.8361598,0.0237350233832463
822.178888,0.0237455354233814
824.5216162,0.023755996963651
826.8643444,0.0237664083670851
829.2070726,0.0237767699932427
831.5498008,0.0237870821982528
833.892529,0.0237973453348551
836.2352572,0.0238075597524406
838.5779854,0.023817725797091
840.9207136,0.0238278438116179
843.2634418,0.0238379141356009
845.60617,0.0238479371054265
847.9488982,0.0238579130543246
850.2916264,0.023867842312406
852.6343546,0.0238777252066986
854.9770828,0.0238875620611835
857.319811,0.02389735319683
859.6625392,0.023907098931631
862.0052674,0.0239167995806372
864.3479956,0.0239264554559909
866.6907238,0.0239360668669596
869.033452,0.0239456341199693
871.3761802,0.0239551575186366
873.7189084,0.0239646373638011
876.0616366,0.023974073953557
878.4043648,0.0239834675832843
880.747093,0.0239928185456798
883.0898212,0.0240021271307872
885.4325494,0.0240113936260275
887.7752776,0.0240206183162281
890.1180058,0.0240298014836525
892.460734,0.0240389434080285
894.8034622,0.0240480443665772
897.1461904,0.0240571046340407
899.4889186,0.0240661244827096
901.8316468,0.0240751041824507
904.174375,0.0240840440007335
906.5171032,0.0240929442026572
908.8598314,0.0241018050509764
911.2025596,0.0241106268061273
913.5452878,0.0241194097262531
915.888016,0.0241281540672292
918.2307442,0.0241368600826882
920.5734724,0.0241455280240439
922.9162006,0.0241541581405164
925.2589288,0.024162750679155
927.601657,0.0241713058848625
929.9443852,0.024179824000418
932.2871134,0.0241883052665003
934.6298416,0.0241967499217102
936.9725698,0.024205158202593
939.315298,0.0242135303436606
941.6580262,0.0242218665774134
944.0007544,0.0242301671343616
946.3434826,0.0242384322430467
948.6862108,0.0242466621300622
951.028939,0.0242548570200746
953.3716672,0.0242630171358436
955.7143954,0.0242711426982424
958.0571236,0.0242792339262776
960.3998518,0.0242872910371089
962.74258,0.0242953142460685
965.0853082,0.0243033037666805
967.4280364,0.0243112598106792
969.7707646,0.0243191825880288
972.1134928,0.0243270723069408
974.456221,0.0243349291738931
976.7989492,0.0243427533936475
979.1416774,0.0243505451692677
981.4844056,0.0243583047021369
983.8271338,0.024366032191975
986.169862,0.0243737278368558
988.5125902,0.0243813918332239
990.8553184,0.0243890243759116
993.1980466,0.0243966256581551
995.5407748,0.0244041958716111
997.883503,0.0244117352063726
1000.2262312,0.0244192438509852
1002.5689594,0.0244267219924625
1004.9116876,0.0244341698163016
1007.2544158,0.0244415875064988
1009.597144,0.0244489752455644
1011.9398722,0.0244563332145378
1014.2826004,0.0244636615930023
1016.6253286,0.0244709605590997
1018.9680568,0.0244782302895447
1021.310785,0.0244854709596392
1023.6535132,0.0244926827432863
1025.9962414,0.0244998658130043
1028.3389696,0.0245070203399407
1030.6816978,0.0245141464938852
1033.024426,0.0245212444432838
1035.3671542,0.0245283143552515
1037.7098824,0.0245353563955858
1040.0526106,0.0245423707287794
1042.3953388,0.0245493575180334
1044.738067,0.0245563169252694
1047.0807952,0.0245632491111425
1049.4235234,0.0245701542350533
1051.7662516,0.0245770324551605
1054.1089798,0.0245838839283925
1056.451708,0.0245907088104599
1058.7944362,0.0245975072558666
1061.1371644,0.0246042794179223
1063.4798926,0.0246110254487532
1065.8226208,0.024617745499314
1068.165349,0.0246244397193987
1070.5080772,0.0246311082576521
1072.8508054,0.0246377512615808
1075.1935336,0.0246443688775636
1077.5362618,0.0246509612508629
1079.87899,0.0246575285256347
1082.2217182,0.0246640708449397
1084.5644464,0.0246705883507532
1086.9071746,0.0246770811839759
1089.2499028,0.0246835494844432
1091.592631,0.0246899933909364
1093.9353592,0.0246964130411914
1096.2780874,0.0247028085719096
1098.6208156,0.0247091801187668
1100.9635438,0.0247155278164233
1103.306272,0.024721851798533
1105.6490002,0.0247281521977531
1107.9917284,0.0247344291457534
1110.3344566,0.0247406827732249
1112.6771848,0.0247469132098898
1115.019913,0.0247531205845096
1117.3626412,0.0247593050248945
1119.7053694,0.024765466657912
1122.0480976,0.0247716056094954
1124.3908258,0.0247777220046529
1126.733554,0.0247838159674754
1129.0762822,0.0247898876211455
1131.4190104,0.0247959370879454
1133.7617386,0.0248019644892654
1136.1044668,0.0248079699456115
1138.447195,0.0248139535766143
1140.7899232,0.0248199155010361
1143.1326514,0.0248258558367793
1145.4753796,0.0248317747008937
1147.8181078,0.0248376722095847
1150.160836,0.0248435484782206
1152.5035642,0.0248494036213403
1154.8462924,0.0248552377526603
1157.1890206,0.0248610509850829
1159.5317488,0.0248668434307024
1161.874477,0.0248726152008133
1164.2172052,0.024878366405917
1166.5599334,0.0248840971557285
1168.9026616,0.0248898075591842
1171.2453898,0.0248954977244479
1173.588118,0.0249011677589185
1175.9308462,0.024906817769236
1178.2735744,0.0249124478612886
1180.6163026,0.0249180581402193
1182.9590308,0.0249236487104324
1185.301759,0.0249292196755997
1187.6444872,0.0249347711386675
1189.9872154,0.0249403032018624
1192.3299436,0.0249458159666978
1194.6726718,0.02495130953398
1197.0154,0.0249567840038146
