"ResDensity","N_TraitValue"
50,4.58908013202025e-05
50.2,4.60743645254833e-05
50.4,4.62579277307642e-05
50.6,4.6441490936045e-05
50.8,4.66250541413258e-05
51,4.68086173466066e-05
51.2,4.69921805518874e-05
51.4,4.71757437571682e-05
51.6,4.7359306962449e-05
51.8,4.75428701677298e-05
52,4.77264333730106e-05
52.2,4.79099965782914e-05
52.4,4.80935597835723e-05
52.6,4.82771229888531e-05
52.8,4.84606861941339e-05
53,4.86442493994147e-05
53.2,4.88278126046955e-05
53.4,4.90113758099763e-05
53.6,4.91949390152571e-05
53.8,4.93785022205379e-05
54,4.95620654258187e-05
54.2,4.97456286310995e-05
54.4,4.99291918363804e-05
54.6,5.01127550416612e-05
54.8,5.0296318246942e-05
55,5.04798814522228e-05
55.2,5.06634446575036e-05
55.4,5.08470078627844e-05
55.6,5.10305710680652e-05
55.8,5.1214134273346e-05
56,5.13976974786268e-05
56.2,5.15812606839076e-05
56.4,5.17648238891885e-05
56.6,5.19483870944693e-05
56.8,5.21319502997501e-05
57,5.23155135050309e-05
57.2,5.24990767103117e-05
57.4,5.26826399155925e-05
57.6,5.28662031208733e-05
57.8,5.30497663261541e-05
58,5.32333295314349e-05
58.2,5.34168927367157e-05
58.4,5.36004559419966e-05
58.6,5.37840191472774e-05
58.8,5.39675823525582e-05
59,5.4151145557839e-05
59.2,5.43347087631198e-05
59.4,5.45182719684006e-05
59.6,5.47018351736814e-05
59.8,5.48853983789622e-05
60,5.5068961584243e-05
60.2,5.52525247895238e-05
60.4,5.54360879948047e-05
60.6,5.56196512000855e-05
60.8,5.58032144053663e-05
61,5.59867776106471e-05
61.2,5.61703408159279e-05
61.4,5.63539040212087e-05
61.6,5.65374672264895e-05
61.8,5.67210304317703e-05
62,5.69045936370511e-05
62.2,5.7088156842332e-05
62.4,5.72717200476128e-05
62.6,5.74552832528936e-05
62.8,5.76388464581744e-05
63,5.78224096634552e-05
63.2,5.8005972868736e-05
63.4,5.81895360740168e-05
63.6,5.83730992792976e-05
63.8,5.85566624845784e-05
64,5.87402256898592e-05
64.2,5.89237888951401e-05
64.4,5.91073521004209e-05
64.6,5.92909153057017e-05
64.8,5.94744785109825e-05
65,5.96580417162633e-05
65.2,5.98416049215441e-05
65.4,6.00251681268249e-05
65.6,6.02087313321057e-05
65.8,6.03922945373865e-05
66,6.05758577426673e-05
66.2,6.07594209479482e-05
66.4,6.0942984153229e-05
66.6,6.11265473585098e-05
66.8,6.13101105637906e-05
67,6.14936737690714e-05
67.2,6.16772369743522e-05
67.4,6.1860800179633e-05
67.6,6.20443633849138e-05
67.8,6.22279265901946e-05
68,6.24114897954754e-05
68.2,6.25950530007563e-05
68.4,6.27786162060371e-05
68.6,6.29621794113179e-05
68.8,6.31457426165987e-05
69,6.33293058218795e-05
69.2,6.35128690271603e-05
69.4,6.36964322324411e-05
69.6,6.38799954377219e-05
69.8,6.40635586430027e-05
70,6.42471218482835e-05
70.2,6.44306850535644e-05
70.4,6.46142482588452e-05
70.6,6.4797811464126e-05
70.8,6.49813746694068e-05
71,6.51649378746876e-05
71.2,6.53485010799684e-05
71.4,6.55320642852492e-05
71.6,6.571562749053e-05
71.8,6.58991906958108e-05
72,6.60827539010916e-05
72.2,6.62663171063725e-05
72.4,6.64498803116533e-05
72.6,6.66334435169341e-05
72.8,6.68170067222149e-05
73,6.70005699274957e-05
73.2,6.71841331327765e-05
73.4,6.73676963380573e-05
73.6,6.75512595433381e-05
73.8,6.77348227486189e-05
74,6.79183859538997e-05
74.2,6.81019491591806e-05
74.4,6.82855123644614e-05
74.6,6.84690755697422e-05
74.8,6.8652638775023e-05
75,6.88362019803038e-05
75.2,6.90197651855846e-05
75.4,6.92033283908654e-05
75.6,6.93868915961462e-05
75.8,6.9570454801427e-05
76,6.97540180067078e-05
76.2,6.99375812119887e-05
76.4,7.01211444172695e-05
76.6,7.03047076225503e-05
76.8,7.04882708278311e-05
77,7.06718340331119e-05
77.2,7.08553972383927e-05
77.4,7.10389604436735e-05
77.6,7.12225236489543e-05
77.8,7.14060868542351e-05
78,7.1589650059516e-05
78.2,7.17732132647968e-05
78.4,7.19567764700776e-05
78.6,7.21403396753584e-05
78.8,7.23239028806392e-05
79,7.250746608592e-05
79.2,7.26910292912008e-05
79.4,7.28745924964816e-05
79.6,7.30581557017624e-05
79.8,7.32417189070432e-05
80,7.3425282112324e-05
80.2,7.36088453176049e-05
80.4,7.37924085228857e-05
80.6,7.39759717281665e-05
80.8,7.41595349334473e-05
81,7.43430981387281e-05
81.2,7.45266613440089e-05
81.4,7.47102245492897e-05
81.6,7.48937877545705e-05
81.8,7.50773509598513e-05
82,7.52609141651322e-05
82.2,7.5444477370413e-05
82.4,7.56280405756938e-05
82.6,7.58116037809746e-05
82.8,7.59951669862554e-05
83,7.61787301915362e-05
83.2,7.6362293396817e-05
83.4,7.65458566020978e-05
83.6,7.67294198073786e-05
83.8,7.69129830126595e-05
84,7.70965462179403e-05
84.2,7.72801094232211e-05
84.4,7.74636726285019e-05
84.6,7.76472358337827e-05
84.8,7.78307990390635e-05
85,7.80143622443443e-05
85.2,7.81979254496251e-05
85.4,7.83814886549059e-05
85.6,7.85650518601867e-05
85.8,7.87486150654676e-05
86,7.89321782707484e-05
86.2,7.91157414760292e-05
86.4,7.929930468131e-05
86.6,7.94828678865908e-05
86.8,7.96664310918716e-05
87,7.98499942971524e-05
87.2,8.00335575024332e-05
87.4,8.0217120707714e-05
87.6,8.04006839129948e-05
87.8,8.05842471182757e-05
88,8.07678103235565e-05
88.2,8.09513735288373e-05
88.4,8.11349367341181e-05
88.6,8.13184999393989e-05
88.8,8.15020631446797e-05
89,8.16856263499605e-05
89.2,8.18691895552413e-05
89.4,8.20527527605221e-05
89.6,8.22363159658029e-05
89.8,8.24198791710838e-05
90,8.26034423763646e-05
90.2,8.27870055816454e-05
90.4,8.29705687869262e-05
90.6,8.3154131992207e-05
90.8,8.33376951974878e-05
91,8.35212584027686e-05
91.2,8.37048216080494e-05
91.4,8.38883848133302e-05
91.6,8.4071948018611e-05
91.8,8.42555112238919e-05
92,8.44390744291727e-05
92.2,8.46226376344535e-05
92.4,8.48062008397343e-05
92.6,8.49897640450151e-05
92.8,8.51733272502959e-05
93,8.53568904555767e-05
93.2,8.55404536608575e-05
93.4,8.57240168661383e-05
93.6,8.59075800714191e-05
93.8,8.60911432767e-05
94,8.62747064819808e-05
94.2,8.64582696872616e-05
94.4,8.66418328925424e-05
94.6,8.68253960978232e-05
94.8,8.7008959303104e-05
95,8.71925225083848e-05
95.2,8.73760857136656e-05
95.4,8.75596489189464e-05
95.6,8.77432121242272e-05
95.8,8.79267753295081e-05
96,8.81103385347889e-05
96.2,8.82939017400697e-05
96.4,8.84774649453505e-05
96.6,8.86610281506313e-05
96.8,8.88445913559121e-05
97,8.90281545611929e-05
97.2,8.92117177664737e-05
97.4,8.93952809717545e-05
97.6,8.95788441770353e-05
97.8,8.97624073823162e-05
98,8.9945970587597e-05
98.2,9.01295337928778e-05
98.4,9.03130969981586e-05
98.6,9.04966602034394e-05
98.8,9.06802234087202e-05
99,9.0863786614001e-05
99.2,9.10473498192818e-05
99.4,9.12309130245626e-05
99.6,9.14144762298434e-05
99.8,9.15980394351243e-05
100,9.17816026404051e-05
100.2,9.19651658456859e-05
100.4,9.21487290509667e-05
100.6,9.23322922562475e-05
100.8,9.25158554615283e-05
101,9.26994186668091e-05
101.2,9.28829818720899e-05
101.4,9.30665450773707e-05
101.6,9.32501082826515e-05
101.8,9.34336714879324e-05
102,9.36172346932132e-05
102.2,9.3800797898494e-05
102.4,9.39843611037748e-05
102.6,9.41679243090556e-05
102.8,9.43514875143364e-05
103,9.45350507196172e-05
103.2,9.4718613924898e-05
103.4,9.49021771301788e-05
103.6,9.50857403354596e-05
103.8,9.52693035407405e-05
104,9.54528667460213e-05
104.2,9.56364299513021e-05
104.4,9.58199931565829e-05
104.6,9.60035563618637e-05
104.8,9.61871195671445e-05
105,9.63706827724253e-05
105.2,9.65542459777061e-05
105.4,9.67378091829869e-05
105.6,9.69213723882677e-05
105.8,9.71049355935486e-05
106,9.72884987988294e-05
106.2,9.74720620041102e-05
106.4,9.7655625209391e-05
106.6,9.78391884146718e-05
106.8,9.80227516199526e-05
107,9.82063148252334e-05
107.2,9.83898780305142e-05
107.4,9.8573441235795e-05
107.6,9.87570044410758e-05
107.8,9.89405676463567e-05
108,9.91241308516375e-05
108.2,9.93076940569183e-05
108.4,9.94912572621991e-05
108.6,9.96748204674799e-05
108.8,9.98583836727607e-05
109,0.000100041946878042
109.2,0.000100225510083322
109.4,0.000100409073288603
109.6,0.000100592636493884
109.8,0.000100776199699165
110,0.000100959762904446
110.2,0.000101143326109726
110.4,0.000101326889315007
110.6,0.000101510452520288
110.8,0.000101694015725569
111,0.00010187757893085
111.2,0.00010206114213613
111.4,0.000102244705341411
111.6,0.000102428268546692
111.8,0.000102611831751973
112,0.000102795394957254
112.2,0.000102978958162534
112.4,0.000103162521367815
112.6,0.000103346084573096
112.8,0.000103529647778377
113,0.000103713210983658
113.2,0.000103896774188939
113.4,0.000104080337394219
113.6,0.0001042639005995
113.8,0.000104447463804781
114,0.000104631027010062
114.2,0.000104814590215343
114.4,0.000104998153420623
114.6,0.000105181716625904
114.8,0.000105365279831185
115,0.000105548843036466
115.2,0.000105732406241747
115.4,0.000105915969447027
115.6,0.000106099532652308
115.8,0.000106283095857589
116,0.00010646665906287
116.2,0.000106650222268151
116.4,0.000106833785473431
116.6,0.000107017348678712
116.8,0.000107200911883993
117,0.000107384475089274
117.2,0.000107568038294555
117.4,0.000107751601499836
117.6,0.000107935164705116
117.8,0.000108118727910397
118,0.000108302291115678
118.2,0.000108485854320959
118.4,0.00010866941752624
118.6,0.00010885298073152
118.8,0.000109036543936801
119,0.000109220107142082
119.2,0.000109403670347363
119.4,0.000109587233552644
119.6,0.000109770796757924
119.8,0.000109954359963205
120,0.000110137923168486
120.2,0.000110321486373767
120.4,0.000110505049579048
120.6,0.000110688612784329
120.8,0.000110872175989609
121,0.00011105573919489
121.2,0.000111239302400171
121.4,0.000111422865605452
121.6,0.000111606428810733
121.8,0.000111789992016013
122,0.000111973555221294
122.2,0.000112157118426575
122.4,0.000112340681631856
122.6,0.000112524244837137
122.8,0.000112707808042417
123,0.000112891371247698
123.2,0.000113074934452979
123.4,0.00011325849765826
123.6,0.000113442060863541
123.8,0.000113625624068821
124,0.000113809187274102
124.2,0.000113992750479383
124.4,0.000114176313684664
124.6,0.000114359876889945
124.8,0.000114543440095226
125,0.000114727003300506
125.2,0.000114910566505787
125.4,0.000115094129711068
125.6,0.000115277692916349
125.8,0.00011546125612163
126,0.00011564481932691
126.2,0.000115828382532191
126.4,0.000116011945737472
126.6,0.000116195508942753
126.8,0.000116379072148034
127,0.000116562635353314
127.2,0.000116746198558595
127.4,0.000116929761763876
127.6,0.000117113324969157
127.8,0.000117296888174438
128,0.000117480451379718
128.2,0.000117664014584999
128.4,0.00011784757779028
128.6,0.000118031140995561
128.8,0.000118214704200842
129,0.000118398267406123
129.2,0.000118581830611403
129.4,0.000118765393816684
129.6,0.000118948957021965
129.8,0.000119132520227246
130,0.000119316083432527
130.2,0.000119499646637807
130.4,0.000119683209843088
130.6,0.000119866773048369
130.8,0.00012005033625365
131,0.000120233899458931
131.2,0.000120417462664211
131.4,0.000120601025869492
131.6,0.000120784589074773
131.8,0.000120968152280054
132,0.000121151715485335
132.2,0.000121335278690615
132.4,0.000121518841895896
132.6,0.000121702405101177
132.8,0.000121885968306458
133,0.000122069531511739
133.2,0.00012225309471702
133.4,0.0001224366579223
133.6,0.000122620221127581
133.8,0.000122803784332862
134,0.000122987347538143
134.2,0.000123170910743424
134.4,0.000123354473948704
134.6,0.000123538037153985
134.8,0.000123721600359266
135,0.000123905163564547
135.2,0.000124088726769828
135.4,0.000124272289975108
135.6,0.000124455853180389
135.8,0.00012463941638567
136,0.000124822979590951
136.2,0.000125006542796232
136.4,0.000125190106001513
136.6,0.000125373669206793
136.8,0.000125557232412074
137,0.000125740795617355
137.2,0.000125924358822636
137.4,0.000126107922027917
137.6,0.000126291485233197
137.8,0.000126475048438478
138,0.000126658611643759
138.2,0.00012684217484904
138.4,0.000127025738054321
138.6,0.000127209301259601
138.8,0.000127392864464882
139,0.000127576427670163
139.2,0.000127759990875444
139.4,0.000127943554080725
139.6,0.000128127117286005
139.8,0.000128310680491286
140,0.000128494243696567
140.2,0.000128677806901848
140.4,0.000128861370107129
140.6,0.00012904493331241
140.8,0.00012922849651769
141,0.000129412059722971
141.2,0.000129595622928252
141.4,0.000129779186133533
141.6,0.000129962749338814
141.8,0.000130146312544094
142,0.000130329875749375
142.2,0.000130513438954656
142.4,0.000130697002159937
142.6,0.000130880565365218
142.8,0.000131064128570498
143,0.000131247691775779
143.2,0.00013143125498106
143.4,0.000131614818186341
143.6,0.000131798381391622
143.8,0.000131981944596902
144,0.000132165507802183
144.2,0.000132349071007464
144.4,0.000132532634212745
144.6,0.000132716197418026
144.8,0.000132899760623307
145,0.000133083323828587
145.2,0.000133266887033868
145.4,0.000133450450239149
145.6,0.00013363401344443
145.8,0.000133817576649711
146,0.000134001139854991
146.2,0.000134184703060272
146.4,0.000134368266265553
146.6,0.000134551829470834
146.8,0.000134735392676115
147,0.000134918955881395
147.2,0.000135102519086676
147.4,0.000135286082291957
147.6,0.000135469645497238
147.8,0.000135653208702519
148,0.000135836771907799
148.2,0.00013602033511308
148.4,0.000136203898318361
148.6,0.000136387461523642
148.8,0.000136571024728923
149,0.000136754587934204
149.2,0.000136938151139484
149.4,0.000137121714344765
149.6,0.000137305277550046
149.8,0.000137488840755327
150,0.000137672403960608
