"ResDensity","N_TraitValue"
1,9.75565245321409e-05
1.046,0.000101966140556424
1.092,0.00010636902189887
1.138,0.000110765183976241
1.184,0.000115154642158277
1.23,0.000119537411767881
1.276,0.000123913508081291
1.322,0.000128282946328262
1.368,0.000132645741692242
1.414,0.000137001909310545
1.46,0.000141351464274531
1.506,0.000145694421629774
1.552,0.000150030796376241
1.598,0.000154360603468464
1.644,0.000158683857815707
1.69,0.000163000574282143
1.736,0.000167310767687022
1.782,0.000171614452804839
1.828,0.000175911644365507
1.874,0.000180202357054521
1.92,0.000184486605513125
1.966,0.000188764404338483
2.012,0.000193035768083842
2.058,0.000197300711258694
2.104,0.000201559248328947
2.15,0.000205811393717084
2.196,0.000210057161802325
2.242,0.000214296566920793
2.288,0.000218529623365671
2.334,0.000222756345387367
2.38,0.000226976747193672
2.426,0.000231190842949916
2.472,0.000235398646779131
2.518,0.000239600172762209
2.564,0.000243795434938056
2.61,0.000247984447303747
2.656,0.000252167223814689
2.702,0.000256343778384767
2.748,0.000260514124886506
2.794,0.000264678277151219
2.84,0.000268836248969162
2.886,0.000272988054089687
2.932,0.000277133706221394
2.978,0.000281273219032278
3.024,0.000285406606149884
3.07,0.000289533881161454
3.116,0.000293655057614075
3.162,0.000297770149014831
3.208,0.000301879168830947
3.254,0.000305982130489936
3.3,0.000310079047379747
3.346,0.000314169932848912
3.392,0.000318254800206684
3.438,0.000322333662723192
3.484,0.000326406533629574
3.53,0.000330473426118129
3.576,0.000334534353342452
3.622,0.000338589328417582
3.668,0.000342638364420139
3.714,0.000346681474388465
3.76,0.000350718671322767
3.806,0.000354749968185254
3.852,0.000358775377900275
3.898,0.000362794913354458
3.944,0.000366808587396849
3.99,0.000370816412839046
4.036,0.000374818402455338
4.082,0.000378814568982838
4.128,0.000382804925121623
4.174,0.000386789483534862
4.22,0.000390768256848954
4.266,0.000394741257653662
4.312,0.000398708498502242
4.358,0.000402669991911579
4.404,0.000406625750362318
4.45,0.000410575786298992
4.496,0.000414520112130158
4.542,0.00041845874022852
4.588,0.000422391682931064
4.634,0.000426318952539186
4.68,0.000430240561318818
4.726,0.000434156521500555
4.772,0.000438066845279788
4.818,0.000441971544816823
4.864,0.000445870632237012
4.91,0.000449764119630878
4.956,0.000453652019054238
5.002,0.00045753434252833
5.048,0.000461411102039932
5.094,0.000465282309541493
5.14,0.000469147976951249
5.186,0.00047300811615335
5.232,0.000476862738997978
5.278,0.00048071185730147
5.324,0.00048455548284644
5.37,0.000488393627381897
5.416,0.000492226302623366
5.462,0.000496053520253008
5.508,0.000499875291919736
5.554,0.000503691629239335
5.6,0.00050750254379458
5.646,0.000511308047135353
5.692,0.000515108150778758
5.738,0.00051890286620924
5.784,0.000522692204878698
5.83,0.000526476178206602
5.876,0.000530254797580107
5.922,0.000534028074354168
5.968,0.000537796019851652
6.014,0.000541558645363453
6.06,0.000545315962148604
6.106,0.00054906798143439
6.152,0.000552814714416457
6.198,0.000556556172258928
6.244,0.000560292366094512
6.29,0.000564023307024611
6.336,0.000567749006119435
6.382,0.000571469474418109
6.428,0.000575184722928783
6.474,0.000578894762628738
6.52,0.000582599604464499
6.566,0.000586299259351936
6.612,0.000589993738176378
6.658,0.000593683051792716
6.704,0.00059736721102551
6.75,0.000601046226669093
6.796,0.000604720109487681
6.842,0.000608388870215474
6.888,0.000612052519556763
6.934,0.00061571106818603
6.98,0.000619364526748057
7.026,0.000623012905858027
7.072,0.000626656216101625
7.118,0.000630294468035144
7.164,0.000633927672185584
7.21,0.000637555839050754
7.256,0.000641178979099374
7.302,0.000644797102771176
7.348,0.000648410220477003
7.394,0.000652018342598908
7.44,0.000655621479490258
7.486,0.000659219641475828
7.532,0.000662812838851901
7.578,0.000666401081886367
7.624,0.000669984380818823
7.67,0.000673562745860664
7.716,0.000677136187195187
7.762,0.000680704714977683
7.808,0.000684268339335535
7.854,0.000687827070368314
7.9,0.000691380918147874
7.946,0.000694929892718446
7.992,0.000698474004096734
8.038,0.000702013262272009
8.084,0.000705547677206204
8.13,0.000709077258834004
8.176,0.000712602017062942
8.222,0.000716121961773491
8.268,0.000719637102819156
8.314,0.000723147450026568
8.36,0.00072665301319557
8.406,0.000730153802099317
8.452,0.000733649826484356
8.498,0.000737141096070728
8.544,0.000740627620552048
8.59,0.000744109409595601
8.636,0.000747586472842429
8.682,0.00075105881990742
8.728,0.000754526460379398
8.774,0.00075798940382121
8.82,0.000761447659769813
8.866,0.000764901237736363
8.912,0.000768350147206304
8.958,0.00077179439763945
9.004,0.000775233998470076
9.05,0.000778668959107002
9.096,0.000782099288933678
9.142,0.000785524997308273
9.188,0.000788946093563755
9.234,0.000792362587007981
9.28,0.000795774486923777
9.326,0.000799181802569025
9.372,0.000802584543176744
9.418,0.000805982717955178
9.464,0.000809376336087875
9.51,0.000812765406733769
9.556,0.000816149939027267
9.602,0.000819529942078326
9.648,0.000822905424972539
9.694,0.000826276396771213
9.74,0.000829642866511453
9.786,0.00083300484320624
9.832,0.000836362335844513
9.878,0.000839715353391251
9.924,0.000843063904787547
9.97,0.000846407998950694
10.016,0.00084974764477426
10.062,0.000853082851128168
10.108,0.000856413626858777
10.154,0.000859739980788954
10.2,0.000863061921718158
10.246,0.000866379458422516
10.292,0.000869692599654899
10.338,0.000873001354144999
10.384,0.000876305730599407
10.43,0.000879605737701688
10.476,0.000882901384112458
10.522,0.000886192678469461
10.568,0.000889479629387641
10.614,0.00089276224545922
10.66,0.000896040535253772
10.706,0.000899314507318297
10.752,0.000902584170177297
10.798,0.000905849532332847
10.844,0.000909110602264673
10.89,0.00091236738843022
10.936,0.000915619899264732
10.982,0.000918868143181316
11.028,0.000922112128571024
11.074,0.000925351863802917
11.12,0.000928587357224144
11.166,0.000931818617160007
11.212,0.000935045651914039
11.258,0.000938268469768068
11.304,0.000941487078982296
11.35,0.000944701487795362
11.396,0.000947911704424417
11.442,0.000951117737065193
11.488,0.000954319593892071
11.534,0.000957517283058153
11.58,0.00096071081269533
11.626,0.000963900190914349
11.672,0.000967085425804886
11.718,0.000970266525435611
11.764,0.000973443497854258
11.81,0.00097661635108769
11.856,0.000979785093141971
11.902,0.000982949732002429
11.948,0.000986110275633727
11.994,0.000989266731979925
12.04,0.000992419108964553
12.086,0.000995567414490671
12.132,0.000998711656440938
12.178,0.00100185184267768
12.224,0.00100498798104295
12.27,0.00100812007935859
12.316,0.00101124814542633
12.362,0.00101437218702778
12.408,0.00101749221192459
12.454,0.00102060822785842
12.5,0.00102372024255107
12.546,0.00102682826370452
12.592,0.001029932299001
12.638,0.00103303235610303
12.684,0.00103612844265353
12.73,0.00103922056627583
12.776,0.00104230873457376
12.822,0.00104539295513172
12.868,0.00104847323551473
12.914,0.00105154958326849
12.96,0.00105462200591944
13.006,0.00105769051097483
13.052,0.00106075510592278
13.098,0.00106381579823234
13.144,0.00106687259535354
13.19,0.00106992550471747
13.236,0.00107297453373632
13.282,0.00107601968980347
13.328,0.00107906098029349
13.374,0.00108209841256229
13.42,0.00108513199394708
13.466,0.0010881617317665
13.512,0.00109118763332067
13.558,0.00109420970589121
13.604,0.00109722795674133
13.65,0.0011002423931159
13.696,0.00110325302224145
13.742,0.00110625985132631
13.788,0.0011092628875606
13.834,0.00111226213811632
13.88,0.0011152576101474
13.926,0.00111824931078974
13.972,0.00112123724716131
14.018,0.00112422142636215
14.064,0.00112720185547449
14.11,0.00113017854156274
14.156,0.00113315149167358
14.202,0.00113612071283604
14.248,0.00113908621206149
14.294,0.00114204799634377
14.34,0.00114500607265918
14.386,0.00114796044796659
14.432,0.00115091112920743
14.478,0.00115385812330582
14.524,0.00115680143716857
14.57,0.00115974107768524
14.616,0.00116267705172822
14.662,0.00116560936615277
14.708,0.00116853802779705
14.754,0.00117146304348221
14.8,0.00117438442001244
14.846,0.00117730216417497
14.892,0.0011802162827402
14.938,0.00118312678246169
14.984,0.00118603367007626
15.03,0.001188936952304
15.076,0.00119183663584834
15.122,0.00119473272739612
15.168,0.00119762523361761
15.214,0.00120051416116658
15.26,0.00120339951668033
15.306,0.00120628130677978
15.352,0.00120915953806949
15.398,0.0012120342171377
15.444,0.00121490535055643
15.49,0.00121777294488147
15.536,0.00122063700665247
15.582,0.00122349754239298
15.628,0.00122635455861049
15.674,0.00122920806179649
15.72,0.00123205805842652
15.766,0.00123490455496021
15.812,0.00123774755784133
15.858,0.00124058707349785
15.904,0.00124342310834197
15.95,0.0012462556687702
15.996,0.00124908476116336
16.042,0.00125191039188667
16.088,0.00125473256728979
16.134,0.00125755129370684
16.18,0.00126036657745647
16.226,0.00126317842484193
16.272,0.00126598684215107
16.318,0.00126879183565641
16.364,0.00127159341161519
16.41,0.0012743915762694
16.456,0.00127718633584587
16.502,0.00127997769655624
16.548,0.0012827656645971
16.594,0.00128555024614993
16.64,0.00128833144738125
16.686,0.0012911092744426
16.732,0.00129388373347059
16.778,0.00129665483058699
16.824,0.0012994225718987
16.87,0.00130218696349788
16.916,0.00130494801146193
16.962,0.00130770572185356
17.008,0.00131046010072083
17.054,0.00131321115409719
17.1,0.00131595888800156
17.146,0.00131870330843831
17.192,0.00132144442139735
17.238,0.00132418223285416
17.284,0.00132691674876983
17.33,0.00132964797509113
17.376,0.0013323759177505
17.422,0.00133510058266613
17.468,0.00133782197574203
17.514,0.00134054010286799
17.56,0.0013432549699197
17.606,0.00134596658275877
17.652,0.00134867494723274
17.698,0.00135138006917518
17.744,0.00135408195440567
17.79,0.00135678060872989
17.836,0.00135947603793964
17.882,0.00136216824781288
17.928,0.00136485724411379
17.974,0.00136754303259277
18.02,0.00137022561898655
18.066,0.00137290500901815
18.112,0.00137558120839698
18.158,0.00137825422281885
18.204,0.00138092405796602
18.25,0.00138359071950727
18.296,0.00138625421309787
18.342,0.00138891454437969
18.388,0.00139157171898119
18.434,0.00139422574251749
18.48,0.00139687662059042
18.526,0.00139952435878851
18.572,0.00140216896268706
18.618,0.00140481043784821
18.664,0.00140744878982091
18.71,0.00141008402414102
18.756,0.00141271614633131
18.802,0.00141534516190152
18.848,0.0014179710763484
18.894,0.00142059389515572
18.94,0.00142321362379434
18.986,0.00142583026772224
19.032,0.00142844383238455
19.078,0.00143105432321359
19.124,0.00143366174562892
19.17,0.00143626610503734
19.216,0.00143886740683298
19.262,0.00144146565639731
19.308,0.00144406085909917
19.354,0.00144665302029481
19.4,0.00144924214532795
19.446,0.0014518282395298
19.492,0.00145441130821906
19.538,0.00145699135670204
19.584,0.00145956839027263
19.63,0.00146214241421233
19.676,0.00146471343379035
19.722,0.00146728145426359
19.768,0.00146984648087669
19.814,0.00147240851886207
19.86,0.00147496757343997
19.906,0.00147752364981847
19.952,0.00148007675319354
19.998,0.00148262688874907
20.044,0.0014851740616569
20.09,0.00148771827707688
20.136,0.00149025954015686
20.182,0.00149279785603276
20.228,0.00149533322982859
20.274,0.0014978656666565
20.32,0.00150039517161679
20.366,0.00150292174979797
20.412,0.00150544540627676
20.458,0.00150796614611818
20.504,0.00151048397437551
20.55,0.0015129988960904
20.596,0.00151551091629283
20.642,0.00151802004000122
20.688,0.00152052627222238
20.734,0.00152302961795163
20.78,0.00152553008217276
20.826,0.0015280276698581
20.872,0.00153052238596856
20.918,0.00153301423545364
20.964,0.00153550322325145
21.01,0.00153798935428881
21.056,0.0015404726334812
21.102,0.00154295306573284
21.148,0.00154543065593672
21.194,0.0015479054089746
21.24,0.00155037732971711
21.286,0.00155284642302368
21.332,0.00155531269374268
21.378,0.00155777614671138
21.424,0.001560236786756
21.47,0.00156269461869174
21.516,0.00156514964732284
21.562,0.00156760187744257
21.608,0.00157005131383327
21.654,0.0015724979612664
21.7,0.00157494182450257
21.746,0.00157738290829155
21.792,0.00157982121737231
21.838,0.00158225675647306
21.884,0.00158468953031127
21.93,0.00158711954359371
21.976,0.00158954680101645
22.022,0.00159197130726494
22.068,0.00159439306701402
22.114,0.00159681208492792
22.16,0.00159922836566033
22.206,0.00160164191385441
22.252,0.00160405273414282
22.298,0.00160646083114776
22.344,0.00160886620948101
22.39,0.0016112688737439
22.436,0.00161366882852742
22.482,0.00161606607841219
22.528,0.00161846062796853
22.574,0.00162085248175645
22.62,0.00162324164432572
22.666,0.00162562812021584
22.712,0.00162801191395616
22.758,0.0016303930300658
22.804,0.00163277147305377
22.85,0.00163514724741895
22.896,0.00163752035765013
22.942,0.00163989080822603
22.988,0.00164225860361536
23.034,0.00164462374827681
23.08,0.00164698624665907
23.126,0.00164934610320093
23.172,0.00165170332233122
23.218,0.00165405790846889
23.264,0.00165640986602301
23.31,0.00165875919939284
23.356,0.0016611059129678
23.402,0.00166345001112754
23.448,0.00166579149824195
23.494,0.00166813037867119
23.54,0.00167046665676572
23.586,0.00167280033686632
23.632,0.00167513142330413
23.678,0.00167745992040065
23.724,0.0016797858324678
23.77,0.00168210916380794
23.816,0.00168442991871386
23.862,0.00168674810146886
23.908,0.00168906371634673
23.954,0.00169137676761182
24,0.00169368725951902
