"ResDensity","N_TraitValue"
1.3913,0.0577493530740085
1.5701206,0.0643798644139264
1.7489412,0.0708511797263441
1.9277618,0.0771689643530249
2.1065824,0.0833386179689355
2.285403,0.089365289974304
2.4642236,0.0952538938288038
2.6430442,0.101009120411727
2.8218648,0.106635450484498
3.0006854,0.112137166325112
3.179506,0.117518362597985
3.3583266,0.122782956517215
3.5371472,0.127934697356239
3.7159678,0.13297717535244
3.8947884,0.137913830051119
4.073609,0.142747958129588
4.2524296,0.147482720738802
4.4312502,0.152121150396869
4.6100708,0.15666615746603
4.7888914,0.161120536242191
4.967712,0.165486970683762
5.1465326,0.169768039804503
5.3253532,0.173966222753131
5.5041738,0.178083903600712
5.6829944,0.182123375855276
5.861815,0.186086846721602
6.0406356,0.189976441122805
6.2194562,0.193794205499123
6.3982768,0.197542111398168
6.5770974,0.20122205886988
6.755918,0.204835879678462
6.9347386,0.208385340342708
7.1135592,0.211872145015323
7.2923798,0.215297938211104
7.4712004,0.218664307393142
7.650021,0.221972785425606
7.8288416,0.225224852901065
8.0076622,0.228421940349771
8.1864828,0.231565430337824
8.3653034,0.234656659460701
8.544124,0.237696920238168
8.7229446,0.240687462916231
8.9017652,0.243629497181401
9.0805858,0.246524193792214
9.2594064,0.249372686132618
9.438227,0.25217607169157
9.6170476,0.254935413472898
9.7958682,0.257651741339223
9.9746888,0.260326053293525
10.1535094,0.262959316701689
10.33233,0.265552469459194
10.5111506,0.26810642110488
10.6899712,0.27062205388459
10.8687918,0.273100223767293
11.0476124,0.275541761416141
11.226433,0.277947473116784
11.4052536,0.280318141665114
11.5840742,0.2826545272165
11.7628948,0.284957368098442
11.9417154,0.287227381588468
12.120536,0.289465264659003
12.2993566,0.291671694690834
12.4781772,0.293847330156692
12.6569978,0.295992811276424
12.8358184,0.298108760645098
13.014639,0.300195783835357
13.1934596,0.30225446997523
13.3722802,0.304285392302576
13.5511008,0.306289108697235
13.7299214,0.308266162191939
13.908742,0.31021708146297
14.0875626,0.312142381301474
14.2663832,0.314042563066342
14.4452038,0.315918115119469
14.6240244,0.317769513244205
14.802845,0.319597221047743
14.9816656,0.321401690348146
15.1604862,0.323183361546725
15.3393068,0.324942663986371
15.5181274,0.32668001629649
15.696948,0.328395826725098
15.8757686,0.330090493458642
16.0545892,0.331764404930075
16.2334098,0.333417940115668
16.4122304,0.335051468821063
16.591051,0.336665351956993
16.7698716,0.338259941805123
16.9486922,0.33983558227441
17.1275128,0.341392609148375
17.3063334,0.342931350323665
17.485154,0.344452126040261
17.6639746,0.345955249103672
17.8427952,0.347441025099422
18.0216158,0.348909752600175
18.2004364,0.350361723365753
18.379257,0.351797222536353
18.5580776,0.35321652881923
18.7368982,0.354619914669091
18.9157188,0.356007646462453
19.0945394,0.357379984666205
19.27336,0.358737184000586
19.4521806,0.360079493596796
19.6310012,0.36140715714946
19.8098218,0.362720413064111
19.9886424,0.364019494599917
20.167463,0.365304630007794
20.3462836,0.366576042664104
20.5251042,0.367833951200093
20.7039248,0.369078569627222
20.8827454,0.37031010745855
21.061566,0.371528769826307
21.2403866,0.372734757595801
21.4192072,0.373928267475789
21.5980278,0.375109492125439
21.7768484,0.376278620258005
21.955669,0.377435836741336
22.1344896,0.378581322695326
22.3133102,0.379715255586415
22.4921308,0.380837809319248
22.6709514,0.381949154325586
22.849772,0.383049457650566
23.0285926,0.384138883036405
23.2074132,0.385217591003636
23.3862338,0.386285738929947
23.5650544,0.387343481126733
23.743875,0.388390968913405
23.9226956,0.389428350689559
24.1015162,0.390455772005062
24.2803368,0.391473375628133
24.4591574,0.392481301611469
24.637978,0.393479687356516
24.8167986,0.394468667675896
24.9956192,0.395448374854103
25.1744398,0.396418938706484
25.3532604,0.39738048663658
25.532081,0.398333143691881
25.7109016,0.399277032618035
25.8897222,0.400212273911571
26.0685428,0.401138985871178
26.2473634,0.402057284647589
26.426184,0.402967284292111
26.6050046,0.403869096803845
26.7838252,0.404762832175639
26.9626458,0.405648598438808
27.1414664,0.406526501706669
27.320287,0.407396646216915
27.4991076,0.408259134372876
27.6779282,0.409114066783695
27.8567488,0.409961542303445
28.0355694,0.410801658069241
28.21439,0.411634509538347
28.3932106,0.412460190524341
28.5720312,0.413278793232337
28.7508518,0.41409040829331
28.9296724,0.414895124797548
29.108493,0.41569303032725
29.2873136,0.416484210988305
29.4661342,0.417268751441262
29.6449548,0.418046734931536
29.8237754,0.418818243318851
30.002596,0.419583357105949
30.1814166,0.420342155466599
30.3602372,0.421094716272902
30.5390578,0.421841116121937
30.7178784,0.422581430361746
30.896699,0.423315733116692
31.0755196,0.424044097312199
31.2543402,0.424766594698898
31.4331608,0.425483295876183
31.6119814,0.426194270315213
31.790802,0.426899586381359
31.9696226,0.427599311356116
32.1484432,0.428293511458499
32.3272638,0.428982251865938
32.5060844,0.429665596734668
32.684905,0.43034360921966
32.8637256,0.431016351494072
33.0425462,0.431683884768257
33.2213668,0.432346269308328
33.4001874,0.433003564454296
33.579008,0.43365582863779
33.7578286,0.434303119399372
33.9366492,0.434945493405462
34.1154698,0.435583006464871
34.2942904,0.436215713544964
34.473111,0.436843668787462
34.6519316,0.437466925523884
34.8307522,0.438085536290645
35.0095728,0.438699552843821
35.1883934,0.439309026173581
35.367214,0.439914006518304
35.5460346,0.440514543378384
35.7248552,0.44111068552973
35.9036758,0.441702481036971
36.0824964,0.442289977266379
36.261317,0.442873220898501
36.4401376,0.443452257940526
36.6189582,0.444027133738385
36.7977788,0.444597892988584
36.9765994,0.445164579749791
37.15542,0.445727237454174
37.3342406,0.446285908918495
37.5130612,0.446840636354975
37.6918818,0.447391461381923
37.8707024,0.447938425034144
38.049523,0.448481567773133
38.2283436,0.44902092949705
38.4071642,0.44955654955049
38.5859848,0.450088466734052
38.7648054,0.450616719313704
38.943626,0.451141345029967
39.1224466,0.451662381106896
39.3012672,0.452179864260891
39.4800878,0.452693830709314
39.6589084,0.453204316178946
39.837729,0.453711355914261
40.0165496,0.45421498468554
40.1953702,0.454715236796818
40.3741908,0.455212146093671
40.5530114,0.455705745970853
40.731832,0.456196069379777
40.9106526,0.456683148835845
41.0894732,0.457167016425637
41.2682938,0.457647703813958
41.4471144,0.458125242250744
41.625935,0.458599662577837
41.8047556,0.459070995235621
41.9835762,0.459539270269537
42.1623968,0.460004517336463
42.3412174,0.46046676571098
42.520038,0.460926044291509
42.6988586,0.461382381606333
42.8776792,0.461835805819507
43.0564998,0.46228634473665
43.2353204,0.46273402581063
43.414141,0.463178876147139
43.5929616,0.463620922510166
43.7717822,0.464060191327362
43.9506028,0.464496708695309
44.1294234,0.464930500384687
44.308244,0.465361591845346
44.4870646,0.465790008211282
44.6658852,0.466215774305525
44.8447058,0.466638914644929
45.0235264,0.467059453444881
45.202347,0.467477414623921
45.3811676,0.467892821808274
45.5599882,0.468305698336305
45.7388088,0.468716067262888
45.9176294,0.469123951363696
46.09645,0.469529373139419
46.2752706,0.469932354819897
46.4540912,0.470332918368187
46.6329118,0.470731085484551
46.8117324,0.471126877610373
46.990553,0.471520315932014
47.1693736,0.471911421384585
47.3481942,0.472300214655665
47.5270148,0.472686716188948
47.7058354,0.473070946187827
47.884656,0.47345292461891
48.0634766,0.473832671215485
48.2422972,0.474210205480915
48.4211178,0.474585546691977
48.5999384,0.474958713902141
48.778759,0.4753297259448
48.9575796,0.475698601436433
49.1364002,0.476065358779721
49.3152208,0.476430016166607
49.4940414,0.476792591581304
49.672862,0.477153102803254
49.8516826,0.477511567410027
50.0305032,0.477868002780189
50.2093238,0.478222426096098
50.3881444,0.478574854346676
50.566965,0.478925304330118
50.7457856,0.47927379265656
50.9246062,0.479620335750707
51.1034268,0.479964949854412
51.2822474,0.480307651029212
51.461068,0.480648455158825
51.6398886,0.480987377951605
51.8187092,0.481324434942951
51.9975298,0.481659641497686
52.1763504,0.48199301281239
52.355171,0.482324563917696
52.5339916,0.482654309680547
52.7128122,0.482982264806424
52.8916328,0.483308443841526
53.0704534,0.483632861174923
53.249274,0.483955531040674
53.4280946,0.484276467519905
53.6069152,0.48459568454286
53.7857358,0.484913195890917
53.9645564,0.485229015198568
54.143377,0.485543155955374
54.3221976,0.485855631507885
54.5010182,0.486166455061528
54.6798388,0.486475639682471
54.8586594,0.48678319829945
55.03748,0.487089143705574
55.2163006,0.487393488560098
55.3951212,0.487696245390169
55.5739418,0.487997426592544
55.7527624,0.488297044435283
55.931583,0.488595111059415
56.1104036,0.488891638480577
56.2892242,0.489186638590629
56.4680448,0.489480123159245
56.6468654,0.489772103835476
56.825686,0.490062592149294
57.0045066,0.490351599513105
57.1833272,0.490639137223251
57.3621478,0.490925216461474
57.5409684,0.491209848296371
57.719789,0.49149304368482
57.8986096,0.491774813473383
58.0774302,0.492055168399697
58.2562508,0.492334119093831
58.4350714,0.492611676079636
58.613892,0.492887849776063
58.7927126,0.49316265049847
58.9715332,0.493436088459906
59.1503538,0.493708173772375
59.3291744,0.493978916448084
59.507995,0.494248326400668
59.6868156,0.494516413446407
59.8656362,0.49478318730541
60.0444568,0.495048657602794
60.2232774,0.495312833869842
60.402098,0.495575725545142
60.5809186,0.495837341975713
60.7597392,0.496097692418111
60.9385598,0.49635678603952
61.1173804,0.496614631918831
61.296201,0.496871239047702
61.4750216,0.4971266163316
61.6538422,0.497380772590834
61.8326628,0.49763371656157
62.0114834,0.497885456896831
62.190304,0.498136002167485
62.3691246,0.498385360863219
62.5479452,0.498633541393494
62.7267658,0.498880552088492
62.9055864,0.499126401200051
63.084407,0.49937109690258
63.2632276,0.499614647293967
63.4420482,0.49985706039647
63.6208688,0.500098344157602
63.7996894,0.500338506450998
63.97851,0.500577555077266
64.1573306,0.500815497764842
64.3361512,0.501052342170813
64.5149718,0.501288095881743
64.6937924,0.501522766414485
64.872613,0.501756361216976
65.0514336,0.501988887669025
65.2302542,0.502220353083093
65.4090748,0.50245076470506
65.5878954,0.502680129714975
65.766716,0.50290845522781
65.9455366,0.503135748294189
66.1243572,0.503362015901118
66.3031778,0.5035872649727
66.4819984,0.503811502370839
66.660819,0.504034734895941
66.8396396,0.504256969287597
67.0184602,0.504478212225264
67.1972808,0.504698470328933
67.3761014,0.504917750159792
67.554922,0.505136058220873
67.7337426,0.505353400957697
67.9125632,0.505569784758911
68.0913838,0.50578521595691
68.2702044,0.505999700828455
68.449025,0.506213245595286
68.6278456,0.506425856424721
68.8066662,0.506637539430251
68.9854868,0.506848300672121
69.1643074,0.507058146157919
69.343128,0.507267081843135
69.5219486,0.507475113631732
69.7007692,0.5076822473767
69.8795898,0.507888488880604
70.0584104,0.508093843896128
70.237231,0.508298318126607
70.4160516,0.508501917226557
70.5948722,0.508704646802195
70.7736928,0.508906512411957
70.9525134,0.509107519567
71.131334,0.509307673731709
71.3101546,0.50950698032419
71.4889752,0.509705444716757
71.6677958,0.509903072236419
71.8466164,0.510099868165354
72.025437,0.510295837741379
72.2042576,0.510490986158415
72.3830782,0.510685318566949
72.5618988,0.510878840074481
72.7407194,0.511071555745979
72.91954,0.511263470604314
73.0983606,0.5114545896307
73.2771812,0.511644917765126
73.4560018,0.511834459906778
73.6348224,0.512023220914461
73.813643,0.512211205607017
73.9924636,0.51239841876373
74.1712842,0.512584865124735
74.3501048,0.512770549391415
74.5289254,0.512955476226801
74.707746,0.513139650255957
74.8865666,0.513323076066367
75.0653872,0.513505758208318
75.2442078,0.513687701195274
75.4230284,0.513868909504251
75.601849,0.514049387576179
75.7806696,0.514229139816268
75.9594902,0.514408170594369
76.1383108,0.514586484245321
76.3171314,0.514764085069309
76.495952,0.514940977332202
76.6747726,0.515117165265901
76.8535932,0.515292653068673
77.0324138,0.515467444905485
77.2112344,0.515641544908334
77.390055,0.515814957176573
77.5688756,0.51598768577723
77.7476962,0.51615973474533
77.9265168,0.516331108084207
78.1053374,0.516501809765814
78.284158,0.516671843731031
78.4629786,0.516841213889969
78.6417992,0.517009924122266
78.8206198,0.517177978277388
78.9994404,0.51734538017492
79.178261,0.517512133604853
79.3570816,0.517678242327873
79.5359022,0.517843710075644
79.7147228,0.518008540551085
79.8935434,0.518172737428646
80.072364,0.518336304354586
80.2511846,0.518499244947236
80.4300052,0.518661562797271
80.6088258,0.518823261467972
80.7876464,0.518984344495486
80.966467,0.519144815389084
81.1452876,0.519304677631418
81.3241082,0.51946393467877
81.5029288,0.519622589961303
81.6817494,0.519780646883305
81.86057,0.519938108823436
82.0393906,0.520094979134967
82.2182112,0.520251261146017
82.3970318,0.520406958159788
82.5758524,0.520562073454802
82.754673,0.520716610285125
82.9334936,0.520870571880601
83.1123142,0.521023961447071
83.2911348,0.521176782166598
83.4699554,0.52132903719769
83.648776,0.521480729675512
83.8275966,0.521631862712106
84.0064172,0.5217824393966
84.1852378,0.521932462795422
84.3640584,0.522081935952506
84.542879,0.522230861889499
84.7216996,0.522379243605961
84.9005202,0.522527084079574
85.0793408,0.522674386266332
85.2581614,0.522821153100746
85.436982,0.522967387496034
85.6158026,0.523113092344315
85.7946232,0.523258270516801
85.9734438,0.523402924863982
86.1522644,0.523547058215818
86.331085,0.523690673381918
86.5099056,0.523833773151728
86.6887262,0.523976360294706
86.8675468,0.524118437560504
87.0463674,0.524260007679145
87.225188,0.524401073361197
87.4040086,0.524541637297945
87.5828292,0.524681702161564
87.7616498,0.524821270605287
87.9404704,0.524960345263573
88.119291,0.525098928752274
88.2981116,0.525237023668796
88.4769322,0.525374632592264
88.6557528,0.525511758083682
88.8345734,0.52564840268609
89.013394,0.525784568924723
89.1922146,0.525920259307169
89.3710352,0.526055476323517
89.5498558,0.526190222446513
89.7286764,0.526324500131712
89.907497,0.526458311817624
90.0863176,0.526591659925863
90.2651382,0.526724546861294
90.4439588,0.526856975012176
90.6227794,0.526988946750305
90.8016,0.527120464431158
