"ResDensity","N_TraitValue"
4,5.07162025003985e-05
4.056,5.13316216958219e-05
4.112,5.19447807044607e-05
4.168,5.25556919546261e-05
4.224,5.31643677836749e-05
4.28,5.37708204388404e-05
4.336,5.43750620780532e-05
4.392,5.49771047707543e-05
4.448,5.55769604986981e-05
4.504,5.61746411567478e-05
4.56,5.67701585536615e-05
4.616,5.73635244128697e-05
4.672,5.79547503732448e-05
4.728,5.85438479898622e-05
4.784,5.91308287347527e-05
4.84,5.97157039976477e-05
4.896,6.02984850867155e-05
4.952,6.08791832292903e-05
5.008,6.14578095725932e-05
5.064,6.20343751844452e-05
5.12,6.26088910539733e-05
5.176,6.31813680923085e-05
5.232,6.37518171332765e-05
5.288,6.43202489340811e-05
5.344,6.48866741759804e-05
5.4,6.5451103464956e-05
5.456,6.60135473323749e-05
5.512,6.65740162356442e-05
5.568,6.71325205588599e-05
5.624,6.76890706134474e-05
5.68,6.82436766387966e-05
5.736,6.879634880289e-05
5.792,6.93470972029233e-05
5.848,6.98959318659214e-05
5.904,7.04428627493461e-05
5.96,7.09878997416986e-05
6.016,7.15310526631154e-05
6.072,7.20723312659581e-05
6.128,7.26117452353974e-05
6.184,7.314930418999e-05
6.24,7.3685017682251e-05
6.296,7.42188951992197e-05
6.352,7.47509461630192e-05
6.408,7.5281179931411e-05
6.464,7.58096057983437e-05
6.52,7.63362329944958e-05
6.576,7.68610706878132e-05
6.632,7.73841279840414e-05
6.688,7.79054139272521e-05
6.744,7.84249375003642e-05
6.8,7.894270762566e-05
6.856,7.9458733165296e-05
6.912,7.99730229218086e-05
6.968,8.04855856386141e-05
7.024,8.0996430000505e-05
7.08,8.15055646341399e-05
7.136,8.20129981085293e-05
7.192,8.25187389355165e-05
7.248,8.30227955702531e-05
7.304,8.35251764116709e-05
7.36,8.40258898029476e-05
7.416,8.45249440319692e-05
7.472,8.50223473317872e-05
7.528,8.55181078810712e-05
7.584,8.60122338045571e-05
7.64,8.65047331734914e-05
7.696,8.69956140060701e-05
7.752,8.74848842678743e-05
7.808,8.79725518723005e-05
7.864,8.84586246809882e-05
7.92,8.89431105042411e-05
7.976,8.94260171014467e-05
8.032,8.99073521814894e-05
8.088,9.03871234031617e-05
8.144,9.08653383755696e-05
8.2,9.13420046585355e-05
8.256,9.18171297629962e-05
8.312,9.22907211513974e-05
8.368,9.27627862380846e-05
8.424,9.32333323896899e-05
8.48,9.37023669255154e-05
8.536,9.41698971179122e-05
8.592,9.46359301926568e-05
8.648,9.51004733293231e-05
8.704,9.5563533661651e-05
8.76,9.6025118277912e-05
8.816,9.64852342212704e-05
8.872,9.69438884901417e-05
8.928,9.74010880385475e-05
8.984,9.78568397764669e-05
9.04,9.83111505701845e-05
9.096,9.87640272426355e-05
9.152,9.92154765737472e-05
9.208,9.9665505300777e-05
9.264,0.000100114120118648
9.32,0.00010056132768028
9.376,0.000101007134596922
9.432,0.00010145154743847
9.488,0.000101894572733801
9.544,0.000102336216971081
9.6,0.000102776486598092
9.656,0.000103215388022538
9.712,0.00010365292761236
9.768,0.000104089111696044
9.824,0.000104523946562924
9.88,0.000104957438463485
9.936,0.000105389593609664
9.992,0.000105820418175145
10.048,0.000106249918295654
10.104,0.000106678100069249
10.16,0.000107104969556611
10.216,0.000107530532781327
10.272,0.000107954795730175
10.328,0.000108377764353406
10.384,0.000108799444565018
10.44,0.000109219842243037
10.496,0.000109638963229786
10.552,0.000110056813332158
10.608,0.000110473398321881
10.664,0.00011088872393579
10.72,0.000111302795876083
10.776,0.000111715619810586
10.832,0.000112127201373012
10.888,0.000112537546163215
10.944,0.000112946659747447
11,0.000113354547658605
11.056,0.000113761215396487
11.112,0.000114166668428032
11.168,0.00011457091218757
11.224,0.000114973952077064
11.28,0.000115375793466349
11.336,0.000115776441693371
11.392,0.000116175902064424
11.448,0.000116574179854385
11.504,0.000116971280306944
11.56,0.000117367208634836
11.616,0.000117761970020068
11.672,0.000118155569614145
11.728,0.000118548012538296
11.784,0.000118939303883693
11.84,0.000119329448711675
11.896,0.000119718452053962
11.952,0.000120106318912874
12.008,0.000120493054261545
12.064,0.000120878663044136
12.12,0.000121263150176044
12.176,0.000121646520544112
12.232,0.000122028779006837
12.288,0.000122409930394573
12.344,0.000122789979509737
12.4,0.000123168931127008
12.456,0.000123546789993528
12.512,0.000123923560829103
12.568,0.000124299248326395
12.624,0.000124673857151119
12.68,0.000125047391942236
12.736,0.000125419857312146
12.792,0.000125791257846874
12.848,0.000126161598106264
12.904,0.000126530882624158
12.96,0.000126899115908588
13.016,0.000127266302441957
13.072,0.000127632446681218
13.128,0.00012799755305806
13.184,0.00012836162597908
13.24,0.000128724669825969
13.296,0.000129086688955677
13.352,0.000129447687700598
13.408,0.000129807670368734
13.464,0.000130166641243873
13.52,0.000130524604585755
13.576,0.000130881564630242
13.632,0.000131237525589484
13.688,0.000131592491652086
13.744,0.000131946466983272
13.8,0.000132299455725047
13.856,0.00013265146199636
13.912,0.000133002489893262
13.968,0.000133352543489067
14.024,0.00013370162683451
14.08,0.0001340497439579
14.136,0.000134396898865279
14.192,0.000134743095540572
14.248,0.000135088337945743
14.304,0.000135432630020941
14.36,0.000135775975684658
14.416,0.000136118378833868
14.472,0.000136459843344182
14.528,0.00013680037306999
14.584,0.000137139971844609
14.64,0.000137478643480425
14.696,0.000137816391769035
14.752,0.000138153220481389
14.808,0.000138489133367934
14.864,0.000138824134158746
14.92,0.000139158226563674
14.976,0.000139491414272476
15.032,0.000139823700954953
15.088,0.000140155090261083
15.144,0.000140485585821159
15.2,0.000140815191245917
15.256,0.00014114391012667
15.312,0.000141471746035438
15.368,0.000141798702525075
15.424,0.000142124783129404
15.48,0.000142449991363334
15.536,0.000142774330722998
15.592,0.000143097804685867
15.648,0.000143420416710883
15.704,0.000143742170238578
15.76,0.000144063068691198
15.816,0.000144383115472822
15.872,0.000144702313969485
15.928,0.000145020667549296
15.984,0.000145338179562557
16.04,0.000145654853341881
16.096,0.000145970692202307
16.152,0.000146285699441416
16.208,0.000146599878339449
16.264,0.000146913232159416
16.32,0.000147225764147212
16.376,0.000147537477531727
16.432,0.000147848375524961
16.488,0.00014815846132213
16.544,0.000148467738101778
16.6,0.000148776209025884
16.656,0.000149083877239972
16.712,0.000149390745873215
16.768,0.000149696818038544
16.824,0.000150002096832751
16.88,0.000150306585336596
16.936,0.000150610286614907
16.992,0.000150913203716685
17.048,0.000151215339675207
17.104,0.000151516697508126
17.16,0.000151817280217571
17.216,0.000152117090790247
17.272,0.000152416132197534
17.328,0.000152714407395588
17.384,0.000153011919325431
17.44,0.000153308670913057
17.496,0.000153604665069522
17.552,0.000153899904691038
17.608,0.000154194392659073
17.664,0.000154488131840441
17.72,0.000154781125087395
17.776,0.000155073375237722
17.832,0.000155364885114829
17.888,0.000155655657527842
17.944,0.000155945695271688
18,0.000156235001127192
18.056,0.00015652357786116
18.112,0.000156811428226469
18.168,0.000157098554962157
18.224,0.000157384960793508
18.28,0.000157670648432135
18.336,0.000157955620576071
18.392,0.000158239879909853
18.448,0.000158523429104602
18.504,0.000158806270818112
18.56,0.000159088407694929
18.616,0.000159369842366436
18.672,0.000159650577450934
18.728,0.000159930615553721
18.784,0.000160209959267179
18.84,0.000160488611170844
18.896,0.000160766573831497
18.952,0.000161043849803231
19.008,0.000161320441627541
19.064,0.000161596351833391
19.12,0.000161871582937298
19.176,0.000162146137443406
19.232,0.000162420017843563
19.288,0.000162693226617394
19.344,0.000162965766232379
19.4,0.000163237639143925
19.456,0.000163508847795441
19.512,0.000163779394618411
19.568,0.000164049282032465
19.624,0.000164318512445455
19.68,0.00016458708825352
19.736,0.000164855011841167
19.792,0.00016512228558133
19.848,0.00016538891183545
19.904,0.000165654892953538
19.96,0.000165920231274249
20.016,0.000166184929124944
20.072,0.000166448988821765
20.128,0.0001667124126697
20.184,0.000166975202962648
20.24,0.000167237361983487
20.296,0.000167498892004143
20.352,0.000167759795285649
20.408,0.000168020074078217
20.464,0.0001682797306213
20.52,0.000168538767143654
20.576,0.000168797185863405
20.632,0.000169054988988112
20.688,0.000169312178714827
20.744,0.000169568757230161
20.8,0.000169824726710344
20.856,0.000170080089321286
20.912,0.000170334847218641
20.968,0.000170589002547863
21.024,0.000170842557444271
21.08,0.000171095514033106
21.136,0.000171347874429591
21.192,0.00017159964073899
21.248,0.000171850815056666
21.304,0.000172101399468142
21.36,0.000172351396049152
21.416,0.000172600806865708
21.472,0.000172849633974147
21.528,0.000173097879421196
21.584,0.000173345545244021
21.64,0.000173592633470288
21.696,0.000173839146118216
21.752,0.000174085085196632
21.808,0.000174330452705026
21.864,0.000174575250633604
21.92,0.000174819480963345
21.976,0.000175063145666051
22.032,0.0001753062467044
22.088,0.000175548786032004
22.144,0.000175790765593452
22.2,0.000176032187324372
22.256,0.000176273053151476
22.312,0.000176513364992613
22.368,0.000176753124756821
22.424,0.000176992334344375
22.48,0.00017723099564684
22.536,0.000177469110547121
22.592,0.00017770668091951
22.648,0.000177943708629735
22.704,0.000178180195535012
22.76,0.000178416143484092
22.816,0.000178651554317308
22.872,0.000178886429866625
22.928,0.000179120771955684
22.984,0.000179354582399855
23.04,0.000179587863006276
23.096,0.000179820615573908
23.152,0.000180052841893575
23.208,0.000180284543748013
23.264,0.000180515722911914
23.32,0.000180746381151972
23.376,0.00018097652022693
23.432,0.00018120614188762
23.488,0.000181435247877011
23.544,0.000181663839930254
23.6,0.000181891919774722
23.656,0.000182119489130057
23.712,0.00018234654970821
23.768,0.000182573103213487
23.824,0.000182799151342591
23.88,0.000183024695784662
23.936,0.000183249738221322
23.992,0.000183474280326716
24.048,0.000183698323767551
24.104,0.000183921870203142
24.16,0.000184144921285448
24.216,0.000184367478659117
24.272,0.000184589543961522
24.328,0.000184811118822806
24.384,0.000185032204865918
24.44,0.000185252803706655
24.496,0.0001854729169537
24.552,0.000185692546208661
24.608,0.000185911693066112
24.664,0.000186130359113627
24.72,0.000186348545931825
24.776,0.000186566255094402
24.832,0.000186783488168172
24.888,0.000187000246713103
24.944,0.000187216532282357
25,0.000187432346422324
25.056,0.00018764769067266
25.112,0.000187862566566324
25.168,0.000188076975629614
25.224,0.000188290919382204
25.28,0.000188504399337178
25.336,0.000188717417001068
25.392,0.000188929973873887
25.448,0.000189142071449166
25.504,0.00018935371121399
25.56,0.000189564894649028
25.616,0.000189775623228574
25.672,0.000189985898420575
25.728,0.000190195721686671
25.784,0.000190405094482225
25.84,0.000190614018256356
25.896,0.000190822494451977
25.952,0.000191030524505823
26.008,0.000191238109848487
26.064,0.000191445251904452
26.12,0.000191651952092124
26.176,0.000191858211823864
26.232,0.000192064032506021
26.288,0.000192269415538961
26.344,0.000192474362317102
26.4,0.000192678874228947
26.456,0.000192882952657108
26.512,0.000193086598978347
26.568,0.000193289814563598
26.624,0.000193492600778004
26.68,0.000193694958980945
26.736,0.000193896890526067
26.792,0.000194098396761318
26.848,0.000194299479028968
26.904,0.00019450013866565
26.96,0.000194700377002382
27.016,0.000194900195364598
27.072,0.000195099595072179
27.128,0.00019529857743948
27.184,0.000195497143775363
27.24,0.000195695295383218
27.296,0.000195893033560999
27.352,0.00019609035960125
27.408,0.00019628727479113
27.464,0.000196483780412447
27.52,0.000196679877741678
27.576,0.000196875568050005
27.632,0.000197070852603338
27.688,0.00019726573266234
27.744,0.000197460209482461
27.8,0.000197654284313957
27.856,0.000197847958401924
27.912,0.000198041232986318
27.968,0.000198234109301989
28.024,0.000198426588578699
28.08,0.000198618672041154
28.136,0.000198810360909029
28.192,0.000199001656396992
28.248,0.000199192559714731
28.304,0.000199383072066978
28.36,0.000199573194653538
28.416,0.00019976292866931
28.472,0.000199952275304313
28.528,0.000200141235743714
28.584,0.000200329811167847
28.64,0.000200518002752245
28.696,0.000200705811667658
28.752,0.000200893239080078
28.808,0.000201080286150769
28.864,0.000201266954036283
28.92,0.000201453243888489
28.976,0.000201639156854595
29.032,0.000201824694077173
29.088,0.00020200985669418
29.144,0.000202194645838982
29.2,0.000202379062640379
29.256,0.000202563108222626
29.312,0.000202746783705456
29.368,0.000202930090204103
29.424,0.000203113028829327
29.48,0.000203295600687431
29.536,0.000203477806880289
29.592,0.000203659648505363
29.648,0.000203841126655731
29.704,0.000204022242420103
29.76,0.000204202996882845
29.816,0.000204383391124004
29.872,0.000204563426219323
29.928,0.000204743103240268
29.984,0.000204922423254047
30.04,0.00020510138732363
30.096,0.000205279996507773
30.152,0.000205458251861035
30.208,0.000205636154433804
30.264,0.000205813705272311
30.32,0.000205990905418656
30.376,0.000206167755910827
30.432,0.000206344257782717
30.488,0.000206520412064151
30.544,0.000206696219780898
30.6,0.000206871681954696
30.656,0.000207046799603271
30.712,0.000207221573740358
30.768,0.000207396005375714
30.824,0.000207570095515148
30.88,0.00020774384516053
30.936,0.000207917255309816
30.992,0.000208090326957068
31.048,0.00020826306109247
31.104,0.000208435458702345
31.16,0.00020860752076918
31.216,0.000208779248271639
31.272,0.000208950642184587
31.328,0.000209121703479101
31.384,0.000209292433122495
31.44,0.000209462832078336
31.496,0.000209632901306461
31.552,0.000209802641762995
31.608,0.000209972054400374
31.664,0.000210141140167353
31.72,0.000210309900009034
31.776,0.000210478334866876
31.832,0.000210646445678718
31.888,0.000210814233378792
31.944,0.000210981698897743
32,0.000211148843162646
