"ResDensity","N_TraitValue"
1,0.000105128607245399
1.046,0.000109455182745099
1.092,0.00011374186283843
1.138,0.000117989196806982
1.184,0.000122197723895034
1.23,0.000126367973537783
1.276,0.000130500465583374
1.322,0.000134595710508925
1.368,0.000138654209630738
1.414,0.000142676455308878
1.46,0.000146662931146292
1.506,0.000150614112182636
1.552,0.000154530465082987
1.598,0.000158412448321575
1.644,0.000162260512360705
1.69,0.000166075099825008
1.736,0.000169856645671167
1.782,0.000173605577353243
1.828,0.000177322314983752
1.874,0.000181007271490604
1.92,0.000184660852770034
1.966,0.000188283457835645
2.012,0.000191875478963674
2.058,0.000195437301834597
2.104,0.000198969305671174
2.15,0.000202471863373043
2.196,0.000205945341647962
2.242,0.000209390101139797
2.288,0.000212806496553346
2.334,0.000216194876776092
2.38,0.000219555584996974
2.426,0.000222888958822265
2.472,0.000226195330388621
2.518,0.000229475026473408
2.564,0.000232728368602361
2.61,0.000235955673154662
2.656,0.0002391572514655
2.702,0.000242333409926195
2.748,0.000245484450081941
2.794,0.000248610668727244
2.84,0.000251712357999108
2.886,0.000254789805468039
2.932,0.000257843294226924
2.978,0.000260873102977845
3.024,0.000263879506116869
3.07,0.0002668627738169
3.116,0.000269823172108606
3.162,0.000272760962959505
3.208,0.000275676404351241
3.254,0.000278569750355102
3.3,0.000281441251205834
3.346,0.000284291153373779
3.392,0.0002871196996354
3.438,0.000289927129142225
3.484,0.000292713677488246
3.53,0.000295479576775829
3.576,0.00029822505568016
3.622,0.000300950339512266
3.668,0.000303655650280653
3.714,0.000306341206751599
3.76,0.000309007224508119
3.806,0.000311653916007661
3.852,0.000314281490638538
3.898,0.000316890154775157
3.944,0.000319480111832047
3.99,0.000322051562316733
4.036,0.000324604703881485
4.082,0.000327139731373959
4.128,0.000329656836886766
4.174,0.000332156209805997
4.22,0.000334638036858721
4.266,0.000337102502159488
4.312,0.000339549787255863
4.358,0.000341980071173004
4.404,0.000344393530457319
4.45,0.000346790339219219
4.496,0.000349170669174989
4.542,0.000351534689687799
4.588,0.000353882567807868
4.634,0.000356214468311823
4.68,0.000358530553741238
4.726,0.000360830984440412
4.772,0.000363115918593365
4.818,0.000365385512260098
4.864,0.000367639919412129
4.91,0.000369879291967308
4.956,0.000372103779823947
5.002,0.000374313530894263
5.048,0.000376508691137166
5.094,0.000378689404590398
5.14,0.000380855813402035
5.186,0.000383008057861376
5.232,0.000385146276429228
5.278,0.000387270605767596
5.324,0.000389381180768802
5.37,0.000391478134584039
5.416,0.000393561598651369
5.462,0.000395631702723189
5.508,0.000397688574893167
5.554,0.000399732341622664
5.6,0.000401763127766652
5.646,0.000403781056599137
5.692,0.000405786249838109
5.738,0.000407778827670012
5.784,0.000409758908773758
5.83,0.000411726610344289
5.876,0.000413682048115703
5.922,0.000415625336383939
5.968,0.000417556588029052
6.014,0.000419475914537069
6.06,0.00042138342602144
6.106,0.0004232792312441
6.152,0.000425163437636138
6.198,0.000427036151318091
6.244,0.000428897477119872
6.29,0.000430747518600323
6.336,0.00043258637806643
6.382,0.000434414156592174
6.428,0.00043623095403706
6.474,0.000438036869064292
6.52,0.000439831999158645
6.566,0.000441616440643998
6.612,0.000443390288700567
6.658,0.000445153637381831
6.704,0.000446906579631148
6.75,0.000448649207298093
6.796,0.000450381611154498
6.842,0.00045210388091021
6.888,0.000453816105228583
6.934,0.000455518371741687
6.98,0.000457210767065263
7.026,0.000458893376813413
7.072,0.000460566285613035
7.118,0.000462229577118014
7.164,0.000463883334023166
7.21,0.000465527638077942
7.256,0.000467162570099897
7.302,0.000468788209987935
7.348,0.000470404636735324
7.394,0.000472011928442487
7.44,0.000473610162329587
7.486,0.00047519941474889
7.532,0.000476779761196925
7.578,0.000478351276326439
7.624,0.000479914033958151
7.67,0.000481468107092315
7.716,0.000483013567920083
7.762,0.000484550487834687
7.808,0.000486078937442428
7.854,0.000487598986573496
7.9,0.000489110704292595
7.946,0.000490614158909415
7.992,0.000492109417988909
8.038,0.000493596548361426
8.084,0.000495075616132657
8.13,0.00049654668669344
8.176,0.000498009824729392
8.222,0.000499465094230388
8.268,0.000500912558499898
8.314,0.000502352280164156
8.36,0.000503784321181201
8.406,0.00050520874284976
8.452,0.000506625605817995
8.498,0.000508034970092115
8.544,0.00050943689504484
8.59,0.000510831439423747
8.636,0.000512218661359468
8.682,0.000513598618373774
8.728,0.000514971367387522
8.774,0.000516336964728484
8.82,0.000517695466139048
8.866,0.000519046926783807
8.912,0.000520391401257023
8.958,0.000521728943589979
9.004,0.000523059607258218
9.05,0.000524383445188671
9.096,0.000525700509766671
9.142,0.000527010852842865
9.188,0.000528314525740019
9.234,0.000529611579259718
9.28,0.000530902063688964
9.326,0.000532186028806678
9.372,0.000533463523890097
9.418,0.000534734597721079
9.464,0.000535999298592315
9.51,0.000537257674313442
9.556,0.000538509772217072
9.602,0.00053975563916472
9.648,0.000540995321552655
9.694,0.000542228865317662
9.74,0.000543456315942707
9.786,0.000544677718462539
9.832,0.000545893117469187
9.878,0.000547102557117395
9.924,0.000548306081129964
9.97,0.000549503732803023
10.016,0.000550695555011222
10.062,0.000551881590212846
10.108,0.000553061880454858
10.154,0.000554236467377868
10.2,0.00055540539222103
10.246,0.000556568695826871
10.292,0.00055772641864604
10.338,0.000558878600742007
10.384,0.000560025281795678
10.43,0.00056116650110995
10.476,0.000562302297614207
10.522,0.000563432709868739
10.568,0.000564557776069114
10.614,0.000565677534050472
10.66,0.000566792021291775
10.706,0.000567901274919979
10.752,0.000569005331714164
10.798,0.000570104228109599
10.844,0.000571198000201742
10.89,0.000572286683750205
10.936,0.000573370314182638
10.982,0.000574448926598581
11.028,0.000575522555773251
11.074,0.000576591236161279
11.12,0.000577655001900395
11.166,0.000578713886815066
11.212,0.000579767924420076
11.258,0.000580817147924069
11.304,0.00058186159023303
11.35,0.000582901283953728
11.396,0.000583936261397111
11.442,0.000584966554581651
11.488,0.000585992195236644
11.534,0.000587013214805471
11.58,0.000588029644448811
11.626,0.000589041515047808
11.672,0.000590048857207201
11.718,0.000591051701258408
11.764,0.000592050077262573
11.81,0.000593044015013567
11.856,0.000594033544040952
11.902,0.000595018693612907
11.948,0.000595999492739114
11.994,0.000596975970173604
12.04,0.000597948154417565
12.086,0.000598916073722122
12.132,0.000599879756091065
12.178,0.000600839229283556
12.224,0.000601794520816791
12.27,0.000602745657968633
12.316,0.000603692667780206
12.362,0.000604635577058462
12.408,0.000605574412378702
12.454,0.000606509200087084
12.5,0.000607439966303078
12.546,0.000608366736921903
12.592,0.000609289537616928
12.638,0.000610208393842045
12.684,0.000611123330834003
12.73,0.000612034373614726
12.776,0.00061294154699359
12.822,0.000613844875569673
12.868,0.000614744383733984
12.914,0.000615640095671655
12.96,0.000616532035364109
13.006,0.0006174202265912
13.052,0.000618304692933327
13.098,0.00061918545777352
13.144,0.000620062544299501
13.19,0.000620935975505721
13.236,0.000621805774195365
13.282,0.000622671962982341
13.328,0.000623534564293237
13.374,0.000624393600369258
13.42,0.000625249093268135
13.466,0.000626101064866019
13.512,0.000626949536859338
13.558,0.000627794530766643
13.604,0.000628636067930429
13.65,0.000629474169518927
13.696,0.000630308856527884
13.742,0.00063114014978231
13.788,0.000631968069938217
13.834,0.000632792637484326
13.88,0.000633613872743757
13.926,0.000634431795875699
13.972,0.000635246426877062
14.018,0.000636057785584103
14.064,0.000636865891674039
14.11,0.000637670764666634
14.156,0.000638472423925776
14.202,0.000639270888661026
14.248,0.000640066177929154
14.294,0.000640858310635653
14.34,0.00064164730553624
14.386,0.000642433181238334
14.432,0.000643215956202522
14.478,0.000643995648744
14.524,0.000644772277034004
14.57,0.000645545859101222
14.616,0.000646316412833188
14.662,0.000647083955977662
14.708,0.000647848506143991
14.754,0.000648610080804458
14.8,0.000649368697295609
14.846,0.000650124372819573
14.892,0.00065087712444536
14.938,0.000651626969110145
14.984,0.000652373923620543
15.03,0.000653118004653859
15.076,0.000653859228759331
15.122,0.00065459761235936
15.168,0.000655333171750719
15.214,0.000656065923105754
15.26,0.000656795882473568
15.306,0.000657523065781194
15.352,0.000658247488834753
15.398,0.000658969167320598
15.444,0.000659688116806449
15.49,0.00066040435274251
15.536,0.000661117890462575
15.582,0.000661828745185125
15.628,0.00066253693201441
15.674,0.000663242465941515
15.72,0.000663945361845423
15.766,0.000664645634494055
15.812,0.000665343298545309
15.858,0.000666038368548083
15.904,0.000666730858943283
15.95,0.000667420784064824
15.996,0.000668108158140621
16.042,0.000668792995293566
16.088,0.000669475309542493
16.134,0.000670155114803138
16.18,0.000670832424889085
16.226,0.000671507253512698
16.272,0.000672179614286049
16.318,0.000672849520721835
16.364,0.000673516986234278
16.41,0.000674182024140027
16.456,0.000674844647659037
16.502,0.00067550486991545
16.548,0.000676162703938459
16.594,0.000676818162663166
16.64,0.00067747125893143
16.686,0.000678122005492704
16.732,0.000678770415004867
16.778,0.000679416500035043
16.824,0.000680060273060414
16.87,0.000680701746469021
16.916,0.000681340932560563
16.962,0.000681977843547179
17.008,0.000682612491554228
17.054,0.000683244888621055
17.1,0.000683875046701758
17.146,0.000684502977665938
17.192,0.000685128693299443
17.238,0.000685752205305108
17.284,0.000686373525303482
17.33,0.000686992664833553
17.376,0.00068760963535346
17.422,0.000688224448241202
17.468,0.000688837114795332
17.514,0.000689447646235658
17.56,0.00069005605370392
17.606,0.000690662348264472
17.652,0.000691266540904951
17.698,0.000691868642536942
17.744,0.000692468663996633
17.79,0.000693066616045468
17.836,0.000693662509370786
17.882,0.000694256354586464
17.928,0.00069484816223354
17.974,0.000695437942780841
18.02,0.000696025706625602
18.066,0.000696611464094072
18.112,0.000697195225442122
18.158,0.000697777000855842
18.204,0.000698356800452136
18.25,0.000698934634279306
18.296,0.000699510512317633
18.342,0.000700084444479951
18.388,0.000700656440612218
18.434,0.000701226510494077
18.48,0.000701794663839414
18.526,0.000702360910296911
18.572,0.000702925259450588
18.618,0.000703487720820348
18.664,0.000704048303862514
18.71,0.000704607017970351
18.756,0.000705163872474599
18.802,0.000705718876643988
18.848,0.000706272039685753
18.894,0.000706823370746144
18.94,0.000707372878910928
18.986,0.000707920573205892
19.032,0.000708466462597333
19.078,0.00070901055599255
19.124,0.000709552862240327
19.17,0.000710093390131414
19.216,0.000710632148399001
19.262,0.000711169145719187
19.308,0.00071170439071145
19.354,0.000712237891939105
19.4,0.000712769657909759
19.446,0.000713299697075768
19.492,0.000713828017834681
19.538,0.000714354628529686
19.584,0.000714879537450045
19.63,0.000715402752831536
19.676,0.000715924282856876
19.722,0.000716444135656154
19.768,0.00071696231930725
19.814,0.000717478841836251
19.86,0.000717993711217873
19.906,0.000718506935375865
19.952,0.000719018522183416
19.998,0.000719528479463562
20.044,0.000720036814989578
20.09,0.00072054353648538
20.136,0.000721048651625912
20.182,0.000721552168037533
20.228,0.000722054093298403
20.274,0.000722554434938864
20.32,0.000723053200441813
20.366,0.000723550397243078
20.412,0.000724046032731785
20.458,0.000724540114250729
20.504,0.000725032649096729
20.55,0.000725523644520995
20.596,0.000726013107729479
20.642,0.000726501045883229
20.688,0.000726987466098736
20.734,0.000727472375448285
20.78,0.000727955780960294
20.826,0.000728437689619654
20.872,0.000728918108368065
20.918,0.000729397044104371
20.964,0.00072987450368489
21.01,0.000730350493923739
21.056,0.000730825021593161
21.102,0.000731298093423844
21.148,0.000731769716105241
21.194,0.000732239896285883
21.24,0.000732708640573694
21.286,0.000733175955536299
21.332,0.000733641847701331
21.378,0.000734106323556736
21.424,0.000734569389551072
21.47,0.000735031052093809
21.516,0.000735491317555624
21.562,0.000735950192268696
21.608,0.000736407682526993
21.654,0.000736863794586563
21.7,0.000737318534665816
21.746,0.000737771908945811
21.792,0.000738223923570531
21.838,0.000738674584647163
21.884,0.000739123898246375
21.93,0.000739571870402585
21.976,0.000740018507114233
22.022,0.000740463814344048
22.068,0.000740907798019316
22.114,0.000741350464032137
22.16,0.000741791818239694
22.206,0.000742231866464502
22.252,0.000742670614494673
22.298,0.000743108068084164
22.344,0.000743544232953029
22.39,0.00074397911478767
22.436,0.000744412719241086
22.482,0.000744845051933112
22.528,0.000745276118450668
22.574,0.000745705924347995
22.62,0.000746134475146898
22.666,0.000746561776336976
22.712,0.000746987833375865
22.758,0.000747412651689463
22.804,0.000747836236672164
22.85,0.000748258593687085
22.896,0.000748679728066292
22.942,0.000749099645111027
22.988,0.000749518350091929
23.034,0.000749935848249251
23.08,0.000750352144793084
23.126,0.000750767244903572
23.172,0.000751181153731125
23.218,0.000751593876396633
23.264,0.00075200541799168
23.31,0.000752415783578748
23.356,0.000752824978191428
23.402,0.000753233006834628
23.448,0.000753639874484771
23.494,0.000754045586090003
23.54,0.000754450146570389
23.586,0.000754853560818118
23.632,0.000755255833697691
23.678,0.000755656970046127
23.724,0.000756056974673148
23.77,0.000756455852361378
23.816,0.000756853607866528
23.862,0.00075725024591759
23.908,0.000757645771217019
23.954,0.000758040188440925
24,0.000758433502239252
