"ResDensity","N_TraitValue"
4,2.93718934988299e-05
4.092,2.99960967833322e-05
4.184,3.06181702149806e-05
4.276,3.12381246761609e-05
4.368,3.18559709752472e-05
4.46,3.24717198472305e-05
4.552,3.30853819543403e-05
4.644,3.36969678866602e-05
4.736,3.43064881627368e-05
4.828,3.49139532301827e-05
4.92,3.55193734662738e-05
5.012,3.61227591785401e-05
5.104,3.67241206053503e-05
5.196,3.73234679164913e-05
5.288,3.79208112137416e-05
5.38,3.85161605314383e-05
5.472,3.91095258370394e-05
5.564,3.970091703168e-05
5.656,4.0290343950723e-05
5.748,4.08778163643042e-05
5.84,4.14633439778723e-05
5.932,4.20469364327233e-05
6.024,4.26286033065297e-05
6.116,4.32083541138645e-05
6.208,4.378619830672e-05
6.3,4.43621452750212e-05
6.392,4.49362043471348e-05
6.484,4.55083847903727e-05
6.576,4.60786958114906e-05
6.668,4.66471465571818e-05
6.76,4.72137461145665e-05
6.852,4.77785035116755e-05
6.944,4.83414277179303e-05
7.036,4.89025276446174e-05
7.128,4.94618121453589e-05
7.22,5.0019290016578e-05
7.312,5.05749699979602e-05
7.404,5.11288607729101e-05
7.496,5.16809709690036e-05
7.588,5.2231309158436e-05
7.68,5.27798838584654e-05
7.772,5.33267035318524e-05
7.864,5.38717765872951e-05
7.956,5.44151113798601e-05
8.048,5.49567162114095e-05
8.14,5.54965993310237e-05
8.232,5.60347689354202e-05
8.324,5.65712331693684e-05
8.416,5.71060001261004e-05
8.508,5.76390778477183e-05
8.6,5.81704743255969e-05
8.692,5.87001975007836e-05
8.784,5.92282552643932e-05
8.876,5.97546554580006e-05
8.968,6.02794058740283e-05
9.06,6.08025142561312e-05
9.152,6.13239882995774e-05
9.244,6.18438356516257e-05
9.336,6.23620639118994e-05
9.428,6.28786806327563e-05
9.52,6.33936933196561e-05
9.612,6.39071094315234e-05
9.704,6.44189363811082e-05
9.796,6.49291815353422e-05
9.888,6.54378522156929e-05
9.98,6.59449556985131e-05
10.072,6.64504992153882e-05
10.164,6.69544899534801e-05
10.256,6.74569350558672e-05
10.348,6.79578416218828e-05
10.44,6.84572167074487e-05
10.532,6.89550673254066e-05
10.624,6.94514004458468e-05
10.716,6.99462229964332e-05
10.808,7.04395418627255e-05
10.9,7.09313638884987e-05
10.992,7.14216958760598e-05
11.084,7.19105445865611e-05
11.176,7.23979167403111e-05
11.268,7.28838190170824e-05
11.36,7.33682580564168e-05
11.452,7.38512404579281e-05
11.544,7.43327727816013e-05
11.636,7.48128615480898e-05
11.728,7.529151323901e-05
11.82,7.57687342972324e-05
11.912,7.62445311271714e-05
12.004,7.67189100950711e-05
12.096,7.71918775292898e-05
12.188,7.76634397205809e-05
12.28,7.81336029223725e-05
12.372,7.86023733510431e-05
12.464,7.90697571861959e-05
12.556,7.95357605709305e-05
12.648,8.00003896121117e-05
12.74,8.04636503806366e-05
12.832,8.09255489116986e-05
12.924,8.138609120505e-05
13.016,8.18452832252614e-05
13.108,8.23031309019794e-05
13.2,8.27596401301815e-05
13.292,8.32148167704296e-05
13.384,8.36686666491205e-05
13.476,8.41211955587346e-05
13.568,8.45724092580819e-05
13.66,8.50223134725472e-05
13.752,8.54709138943314e-05
13.844,8.59182161826919e-05
13.936,8.63642259641807e-05
14.028,8.68089488328801e-05
14.12,8.72523903506367e-05
14.212,8.76945560472933e-05
14.304,8.81354514209185e-05
14.396,8.8575081938035e-05
14.488,8.90134530338453e-05
14.58,8.94505701124554e-05
14.672,8.98864385470977e-05
14.764,9.03210636803501e-05
14.856,9.07544508243551e-05
14.948,9.11866052610361e-05
15.04,9.16175322423114e-05
15.132,9.20472369903079e-05
15.224,9.2475724697571e-05
15.316,9.29030005272748e-05
15.408,9.33290696134286e-05
15.5,9.37539370610831e-05
15.592,9.4177607946534e-05
15.684,9.46000873175243e-05
15.776,9.50213801934448e-05
15.868,9.54414915655328e-05
15.96,9.58604263970692e-05
16.052,9.6278189623574e-05
16.144,9.66947861530001e-05
16.236,9.71102208659256e-05
16.328,9.75244986157443e-05
16.42,9.79376242288545e-05
16.512,9.8349602504847e-05
16.604,9.87604382166903e-05
16.696,9.91701361109154e-05
16.788,9.95787009077985e-05
16.88,9.9986137301542e-05
16.972,0.000100392449960455
17.064,0.00010079764352713
17.156,0.000101201722618621
17.248,0.000101604691826621
17.34,0.000102006555717631
17.432,0.000102407318833136
17.524,0.000102806985689775
17.616,0.00010320556077951
17.708,0.000103603048569798
17.8,0.000103999453503751
17.892,0.00010439478000031
17.984,0.000104789032454402
18.076,0.000105182215237105
18.168,0.000105574332695813
18.26,0.000105965389154391
18.352,0.000106355388913338
18.444,0.000106744336249943
18.536,0.00010713223541844
18.628,0.000107519090650165
18.72,0.00010790490615371
18.812,0.000108289686115075
18.904,0.000108673434697819
18.996,0.000109056156043211
19.088,0.000109437854270377
19.18,0.000109818533476451
19.272,0.00011019819773672
19.364,0.000110576851104768
19.456,0.000110954497612623
19.548,0.000111331141270897
19.64,0.000111706786068931
19.732,0.000112081435974934
19.824,0.000112455094936125
19.916,0.000112827766878866
20.008,0.000113199455708807
20.1,0.000113570165311017
20.192,0.000113939899550123
20.284,0.00011430866227044
20.376,0.000114676457296109
20.468,0.000115043288431225
20.56,0.000115409159459972
20.652,0.000115774074146751
20.744,0.000116138036236307
20.836,0.000116501049453862
20.928,0.000116863117505238
21.02,0.000117224244076986
21.112,0.000117584432836509
21.204,0.000117943687432186
21.296,0.000118302011493498
21.388,0.000118659408631146
21.48,0.000119015882437177
21.572,0.0001193714364851
21.664,0.000119726074330008
21.756,0.000120079799508696
21.848,0.000120432615539778
21.94,0.000120784525923805
22.032,0.000121135534143379
22.124,0.000121485643663269
22.216,0.000121834857930524
22.308,0.000122183180374588
22.4,0.000122530614407411
22.492,0.000122877163423559
22.584,0.000123222830800328
22.676,0.00012356761989785
22.768,0.000123911534059207
22.86,0.000124254576610531
22.952,0.000124596750861119
23.044,0.000124938060103535
23.136,0.00012527850761372
23.228,0.000125618096651089
23.32,0.000125956830458643
23.412,0.000126294712263068
23.504,0.00012663174527484
23.596,0.000126967932688322
23.688,0.000127303277681871
23.78,0.000127637783417934
23.872,0.00012797145304315
23.964,0.000128304289688444
24.056,0.000128636296469133
24.148,0.000128967476485014
24.24,0.000129297832820468
24.332,0.000129627368544552
24.424,0.000129956086711093
24.516,0.000130283990358786
24.608,0.000130611082511285
24.7,0.000130937366177296
24.792,0.000131262844350672
24.884,0.000131587520010501
24.976,0.000131911396121196
25.068,0.000132234475632593
25.16,0.00013255676148003
25.252,0.000132878256584444
25.344,0.000133198963852455
25.436,0.000133518886176456
25.528,0.000133838026434697
25.62,0.000134156387491374
25.712,0.000134473972196714
25.804,0.000134790783387061
25.896,0.000135106823884957
25.988,0.000135422096499229
26.08,0.000135736604025073
26.172,0.000136050349244133
26.264,0.000136363334924584
26.356,0.000136675563821219
26.448,0.000136987038675519
26.54,0.000137297762215744
26.632,0.000137607737157007
26.724,0.000137916966201352
26.816,0.000138225452037839
26.908,0.000138533197342613
27,0.00013884020477899
27.092,0.000139146476997526
27.184,0.0001394520166361
27.276,0.000139756826319987
27.368,0.00014006090866193
27.46,0.000140364266262222
27.552,0.000140666901708772
27.644,0.000140968817577184
27.736,0.00014127001643083
27.828,0.000141570500820918
27.92,0.000141870273286569
28.012,0.000142169336354886
28.104,0.000142467692541026
28.196,0.00014276534434827
28.288,0.000143062294268093
28.38,0.000143358544780233
28.472,0.000143654098352762
28.564,0.000143948957442152
28.656,0.000144243124493345
28.748,0.000144536601939819
28.84,0.000144829392203657
28.932,0.000145121497695613
29.024,0.000145412920815175
29.116,0.000145703663950636
29.208,0.000145993729479155
29.3,0.000146283119766826
29.392,0.000146571837168738
29.484,0.000146859884029039
29.576,0.000147147262681005
29.668,0.000147433975447096
29.76,0.000147720024639023
29.852,0.000148005412557809
29.944,0.000148290141493849
30.036,0.000148574213726975
30.128,0.000148857631526514
30.22,0.000149140397151347
30.312,0.000149422512849974
30.404,0.000149703980860569
30.496,0.000149984803411042
30.588,0.000150264982719095
30.68,0.000150544520992283
30.772,0.000150823420428071
30.864,0.000151101683213892
30.956,0.000151379311527203
31.048,0.000151656307535544
31.14,0.00015193267339659
31.232,0.000152208411258214
31.324,0.000152483523258535
31.416,0.00015275801152598
31.508,0.000153031878179333
31.6,0.000153305125327794
31.692,0.000153577755071032
31.784,0.000153849769499236
31.876,0.000154121170693174
31.968,0.000154391960724239
32.06,0.000154662141654508
32.152,0.00015493171553679
32.244,0.000155200684414683
32.336,0.000155469050322618
32.428,0.000155736815285918
32.52,0.000156003981320844
32.612,0.000156270550434649
32.704,0.000156536524625623
32.796,0.000156801905883151
32.888,0.000157066696187754
32.98,0.000157330897511145
33.072,0.000157594511816275
33.164,0.00015785754105738
33.256,0.000158119987180034
33.348,0.00015838185212119
33.44,0.000158643137809237
33.532,0.000158903846164039
33.624,0.000159163979096984
33.716,0.000159423538511036
33.808,0.000159682526300772
33.9,0.000159940944352439
33.992,0.000160198794543989
34.084,0.000160456078745133
34.176,0.000160712798817381
34.268,0.000160968956614091
34.36,0.000161224553980509
34.452,0.000161479592753816
34.544,0.000161734074763173
34.636,0.000161988001829762
34.728,0.000162241375766831
34.82,0.000162494198379738
34.912,0.000162746471465993
35.004,0.000162998196815298
35.096,0.000163249376209594
35.188,0.000163500011423101
35.28,0.000163750104222359
35.372,0.00016399965636627
35.464,0.000164248669606139
35.556,0.000164497145685715
35.648,0.000164745086341235
35.74,0.000164992493301457
35.832,0.000165239368287708
35.924,0.00016548571301392
36.016,0.000165731529186669
36.108,0.000165976818505216
36.2,0.000166221582661547
36.292,0.000166465823340409
36.384,0.000166709542219351
36.476,0.000166952740968763
36.568,0.000167195421251912
36.66,0.000167437584724979
36.752,0.000167679233037102
36.844,0.000167920367830407
36.936,0.00016816099074005
37.028,0.000168401103394252
37.12,0.000168640707414333
37.212,0.000168879804414756
37.304,0.000169118396003155
37.396,0.000169356483780376
37.488,0.000169594069340511
37.58,0.000169831154270935
37.672,0.000170067740152338
37.764,0.000170303828558766
37.856,0.000170539421057649
37.948,0.000170774519209842
38.04,0.000171009124569653
38.132,0.000171243238684884
38.224,0.000171476863096861
38.316,0.000171709999340468
38.408,0.000171942648944182
38.5,0.000172174813430104
38.592,0.000172406494313997
38.684,0.000172637693105314
38.776,0.000172868411307231
38.868,0.000173098650416684
38.96,0.000173328411924398
39.052,0.000173557697314918
39.144,0.000173786508066646
39.236,0.000174014845651866
39.328,0.000174242711536781
39.42,0.000174470107181542
39.512,0.00017469703404028
39.604,0.000174923493561138
39.696,0.000175149487186296
39.788,0.000175375016352012
39.88,0.000175600082488641
39.972,0.000175824687020675
40.064,0.000176048831366767
40.156,0.000176272516939762
40.248,0.000176495745146729
40.34,0.000176718517388987
40.432,0.000176940835062138
40.524,0.000177162699556093
40.616,0.000177384112255103
40.708,0.000177605074537787
40.8,0.000177825587777161
40.892,0.000178045653340665
40.984,0.000178265272590194
41.076,0.000178484446882122
41.168,0.000178703177567335
41.26,0.000178921465991256
41.352,0.00017913931349387
41.444,0.000179356721409758
41.536,0.000179573691068118
41.628,0.000179790223792795
41.72,0.000180006320902307
41.812,0.000180221983709873
41.904,0.000180437213523439
41.996,0.000180652011645703
42.088,0.000180866379374145
42.18,0.000181080318001046
42.272,0.000181293828813525
42.364,0.000181506913093552
42.456,0.000181719572117985
42.548,0.000181931807158589
42.64,0.000182143619482061
42.732,0.000182355010350059
42.824,0.000182565981019227
42.916,0.000182776532741214
43.008,0.000182986666762706
43.1,0.000183196384325446
43.192,0.000183405686666261
43.284,0.000183614575017083
43.376,0.000183823050604979
43.468,0.000184031114652169
43.56,0.000184238768376051
43.652,0.00018444601298923
43.744,0.000184652849699534
43.836,0.000184859279710043
43.928,0.00018506530421911
44.02,0.000185270924420386
44.112,0.000185476141502838
44.204,0.000185680956650779
44.296,0.000185885371043887
44.388,0.000186089385857227
44.48,0.000186293002261275
44.572,0.00018649622142194
44.664,0.000186699044500585
44.756,0.000186901472654053
44.848,0.000187103507034685
44.94,0.000187305148790341
45.032,0.000187506399064427
45.124,0.000187707258995913
45.216,0.000187907729719354
45.308,0.000188107812364912
45.4,0.000188307508058378
45.492,0.000188506817921195
45.584,0.000188705743070474
45.676,0.000188904284619019
45.768,0.000189102443675344
45.86,0.0001893002213437
45.952,0.000189497618724087
46.044,0.000189694636912284
46.136,0.000189891276999859
46.228,0.000190087540074197
46.32,0.000190283427218517
46.412,0.000190478939511893
46.504,0.000190674078029272
46.596,0.000190868843841496
46.688,0.000191063238015318
46.78,0.000191257261613426
46.872,0.00019145091569446
46.964,0.000191644201313032
47.056,0.000191837119519742
47.148,0.000192029671361202
47.24,0.000192221857880053
47.332,0.000192413680114982
47.424,0.000192605139100742
47.516,0.000192796235868172
47.608,0.000192986971444213
47.7,0.000193177346851929
47.792,0.000193367363110522
47.884,0.000193557021235354
47.976,0.000193746322237963
48.068,0.000193935267126079
48.16,0.000194123856903647
48.252,0.00019431209257084
48.344,0.000194499975124079
48.436,0.00019468750555605
48.528,0.000194874684855722
48.62,0.000195061514008363
48.712,0.000195247993995559
48.804,0.000195434125795231
48.896,0.000195619910381651
48.988,0.000195805348725459
49.08,0.000195990441793681
49.172,0.000196175190549745
49.264,0.000196359595953498
49.356,0.000196543658961223
49.448,0.000196727380525655
49.54,0.000196910761595997
49.632,0.000197093803117938
49.724,0.000197276506033667
49.816,0.00019745887128189
49.908,0.000197640899797849
50,0.000197822592513333
