"ResDensity","N_TraitValue"
687250,588.106949007887
768091.5,653.740987888029
848933,718.670800817823
929774.5,782.907661394271
1010616,846.462603860523
1091457.5,909.346429424604
1172299,971.569712379011
1253140.5,1033.14280602849
1333982,1094.07584843292
1414823.5,1154.3787679721
1495665,1214.06128873871
1576506.5,1273.1329357657
1657348,1331.60304009402
1738189.5,1389.48074368624
1819031,1446.77500419168
1899872.5,1503.49459956803
1980714,1559.6481325647
2061555.5,1615.24403507257
2142397,1670.29057234477
2223238.5,1724.79584709298
2304080,1778.7678034635
2384921.5,1832.21423089717
2465763,1885.14276787701
2546604.5,1937.56090556756
2627446,1989.47599134938
2708287.5,2040.89523225223
2789129,2091.82569829046
2869970.5,2142.27432570362
2950812,2192.2479201056
3031653.5,2241.75315954519
3112495,2290.79659748105
3193336.5,2339.38466567368
3274178,2387.5236769974
3355019.5,2435.21982817451
3435861,2482.47920243454
3516702.5,2529.30777210059
3597544,2575.71140110544
3678385.5,2621.69584743929
3759227,2667.26676553164
3840068.5,2712.42970856906
3920910,2757.19013075106
4001751.5,2801.55338948592
4082593,2845.52474752825
4163434.5,2889.10937506024
4244276,2932.3123517182
4325117.5,2975.13866856605
4405959,3017.5932300175
4486800.5,3059.68085570834
4567642,3101.40628232041
4648483.5,3142.77416535862
4729325,3183.78908088263
4810166.5,3224.4555271942
4891008,3264.77792648189
4971849.5,3304.76062642407
5052691,3344.40790175165
5133532.5,3383.72395577159
5214374,3422.71292185249
5295215.5,3461.37886487312
5376057,3499.72578263518
5456898.5,3537.75760724123
5537740,3575.47820643875
5618581.5,3612.89138493142
5699423,3650.00088565834
5780264.5,3686.81039104236
5861106,3723.32352420816
5941947.5,3759.54385017111
6022789,3795.47487699754
6103630.5,3831.12005693743
6184472,3866.48278753006
6265313.5,3901.56641268362
6346155,3936.3742237292
6426996.5,3970.90946045014
6507838,4005.17531208723
6588679.5,4039.17491832053
6669521,4072.91137022832
6750362.5,4106.38771122393
6831204,4139.60693797096
6912045.5,4172.5720012775
6992887,4205.2858069699
7073728.5,4237.75121674663
7154570,4269.97104901277
7235411.5,4301.94807969564
7316253,4333.68504304204
7397094.5,4365.18463239765
7477936,4396.44950096891
7558777.5,4427.48226256807
7639619,4458.28549234155
7720460.5,4488.86172748236
7801302,4519.21346792667
7882143.5,4549.34317703525
7962985,4579.25328225984
8043826.5,4608.94617579518
8124668,4638.42421521673
8205509.5,4667.68972410472
8286351,4696.74499265464
8367192.5,4725.59227827472
8448034,4754.23380617056
8528875.5,4782.67176991732
8609717,4810.90833201974
8690558.5,4838.94562446032
8771400,4866.78574923594
8852241.5,4894.43077888315
8933083,4921.88275699251
9013924.5,4949.1436987122
9094766,4976.21559124106
9175607.5,5003.10039431155
9256449,5029.80004066259
9337290.5,5056.31643650278
9418132,5082.65146196401
9498973.5,5108.80697154591
9579815,5134.78479455112
9660656.5,5160.58673551183
9741498,5186.2145746076
9822339.5,5211.6700680748
9903181,5236.95494860779
9984022.5,5262.07092575208
10064864,5287.01968628965
10145705.5,5311.80289461653
10226547,5336.42219311298
10307388.5,5360.87920250631
10388230,5385.17552222651
10469071.5,5409.31273075494
10549913,5433.29238596622
10630754.5,5457.11602546334
10711596,5480.78516690637
10792437.5,5504.30130833474
10873279,5527.66592848325
10954120.5,5550.88048709209
11034962,5573.94642521081
11115803.5,5596.86516549653
11196645,5619.63811250644
11277486.5,5642.26665298473
11358328,5664.75215614409
11439169.5,5687.09597394187
11520011,5709.29944135106
11600852.5,5731.36387662617
11681694,5753.29058156414
11762535.5,5775.08084176033
11843377,5796.73592685983
11924218.5,5818.25709080405
12005060,5839.64557207272
12085901.5,5860.90259392153
12166743,5882.02936461533
12247584.5,5903.02707765701
12328426,5923.89691201234
12409267.5,5944.64003233056
12490109,5965.25758916107
12570950.5,5985.75071916615
12651792,6006.12054532987
12732633.5,6026.36817716319
12813475,6046.49471090544
12894316.5,6066.50122972214
12975158,6086.38880389935
13055999.5,6106.15849103451
13136841,6125.81133622393
13217682.5,6145.34837224695
13298524,6164.77061974686
13379365.5,6184.07908740865
13460207,6203.27477213361
13541048.5,6222.35865921092
13621890,6241.33172248624
13702731.5,6260.19492452736
13783573,6278.94921678698
13864414.5,6297.59553976269
13945256,6316.13482315418
14026097.5,6334.5679860178
14106939,6352.89593691837
14187780.5,6371.11957407851
14268622,6389.23978552538
14349463.5,6407.25744923489
14430305,6425.17343327355
14511146.5,6442.98859593784
14591988,6460.70378589131
14672829.5,6478.31984229934
14753671,6495.83759496161
14834512.5,6513.25786444245
14915354,6530.58146219894
14996195.5,6547.80919070689
15077037,6564.94184358479
15157878.5,6581.98020571565
15238720,6598.92505336689
15319561.5,6615.7771543082
15400403,6632.53726792752
15481244.5,6649.20614534509
15562086,6665.78452952571
15642927.5,6682.27315538906
15723769,6698.67274991834
15804610.5,6714.98403226714
15885452,6731.20771386448
15966293.5,6747.34449851834
16047135,6763.39508251737
16127976.5,6779.36015473108
16208818,6795.24039670837
16289659.5,6811.03648277454
16370501,6826.74908012669
16451342.5,6842.37884892774
16532184,6857.92644239881
16613025.5,6873.39250691028
16693867,6888.77768207133
16774708.5,6904.08260081812
16855550,6919.30788950061
16936391.5,6934.45416796799
17017233,6949.52204965278
17098074.5,6964.51214165369
17178916,6979.42504481713
17259757.5,6994.26135381748
17340599,7009.02165723618
17421440.5,7023.7065376395
17502282,7038.31657165526
17583123.5,7052.85233004825
17663965,7067.31437779459
17744806.5,7081.7032741549
17825648,7096.01957274643
17906489.5,7110.26382161404
17987331,7124.43656330012
18068172.5,7138.53833491352
18149014,7152.56966819735
18229855.5,7166.53108959586
18310697,7180.42312032027
18391538.5,7194.24627641358
18472380,7208.00106881456
18553221.5,7221.68800342064
18634063,7235.30758114994
18714904.5,7248.86029800242
18795746,7262.34664512002
18876587.5,7275.76710884609
18957429,7289.12217078375
19038270.5,7302.41230785357
19119112,7315.63799235032
19199953.5,7328.79969199891
19280795,7341.89787000954
19361636.5,7354.93298513204
19442478,7367.90549170943
19523319.5,7380.8158397307
19604161,7393.66447488285
19685002.5,7406.45183860217
19765844,7419.1783681248
19846685.5,7431.84449653658
19927527,7444.45065282213
20008368.5,7456.99726191336
20089210,7469.48474473714
20170051.5,7481.91351826242
20250893,7494.28399554661
20331734.5,7506.59658578137
20412576,7518.85169433771
20493417.5,7531.04972281049
20574259,7543.19106906226
20655100.5,7555.27612726656
20735942,7567.30528795054
20816783.5,7579.27893803706
20897625,7591.19746088613
20978466.5,7603.06123633588
21059308,7614.87064074289
21140149.5,7626.62604702194
21220991,7638.32782468536
21301832.5,7649.97633988166
21382674,7661.57195543376
21463515.5,7673.11503087667
21544357,7684.60592249461
21625198.5,7696.04498335771
21706040,7707.43256335816
21786881.5,7718.76900924586
21867723,7730.05466466366
21948564.5,7741.28987018203
22029406,7752.47496333337
22110247.5,7763.61027864579
22191089,7774.69614767645
22271930.5,7785.73289904449
22352772,7796.72085846347
22433613.5,7807.66034877346
22514455,7818.55168997261
22595296.5,7829.39519924838
22676138,7840.19119100834
22756979.5,7850.93997691052
22837821,7861.64186589344
22918662.5,7872.29716420569
22999504,7882.90617543513
23080345.5,7893.46920053776
23161187,7903.98653786615
23242028.5,7914.45848319754
23322870,7924.88532976154
23403711.5,7935.26736826757
23484553,7945.6048869318
23565394.5,7955.89817150387
23646236,7966.14750529319
23727077.5,7976.35316919497
23807919,7986.51544171582
23888760.5,7996.63459899916
23969602,8006.71091485018
24050443.5,8016.74466076055
24131285,8026.73610593281
24212126.5,8036.68551730443
24292968,8046.59315957162
24373809.5,8056.45929521276
24454651,8066.28418451158
24535492.5,8076.06808558009
24616334,8085.81125438117
24697175.5,8095.51394475085
24778017,8105.1764084204
24858858.5,8114.79889503809
24939700,8124.38165219069
25020541.5,8133.9249254247
25101383,8143.42895826731
25182224.5,8152.89399224715
25263066,8162.32026691472
25343907.5,8171.70801986262
25424749,8181.05748674549
25505590.5,8190.36890129974
25586432,8199.64249536305
25667273.5,8208.87849889357
25748115,8218.07713998896
25828956.5,8227.23864490515
25909798,8236.36323807491
25990639.5,8245.45114212614
26071481,8254.50257790004
26152322.5,8263.51776446891
26233164,8272.49691915392
26314005.5,8281.4402575425
26394847,8290.34799350563
26475688.5,8299.22033921488
26556530,8308.05750515926
26637371.5,8316.85970016183
26718213,8325.62713139624
26799054.5,8334.36000440287
26879896,8343.05852310498
26960737.5,8351.72288982452
27041579,8360.35330529789
27122420.5,8368.94996869134
27203262,8377.5130776164
27284103.5,8386.04282814495
27364945,8394.53941482422
27445786.5,8403.00303069154
27526628,8411.43386728901
27607469.5,8419.83211467793
27688311,8428.19796145306
27769152.5,8436.53159475677
27849994,8444.83320029299
27930835.5,8453.10296234096
28011677,8461.34106376895
28092518.5,8469.54768604765
28173360,8477.72300926356
28254201.5,8485.86721213211
28335043,8493.98047201076
28415884.5,8502.06296491177
28496726,8510.11486551502
28577567.5,8518.13634718055
28658409,8526.12758196101
28739250.5,8534.08874061395
28820092,8542.01999261402
28900933.5,8549.92150616495
28981775,8557.79344821146
29062616.5,8565.63598445103
29143458,8573.44927934552
29224299.5,8581.23349613264
29305141,8588.98879683735
29385982.5,8596.7153422831
29466824,8604.41329210293
29547665.5,8612.08280475047
29628507,8619.72403751082
29709348.5,8627.33714651128
29790190,8634.92228673203
29871031.5,8642.47961201658
29951873,8650.00927508224
30032714.5,8657.51142753036
30113556,8664.98621985651
30194397.5,8672.43380146056
30275239,8679.85432065664
30356080.5,8687.24792468296
30436922,8694.61475971154
30517763.5,8701.9549708579
30598605,8709.26870219053
30679446.5,8716.55609674034
30760288,8723.81729650997
30841129.5,8731.05244248306
30921971,8738.2616746333
31002812.5,8745.44513193352
31083654,8752.60295236459
31164495.5,8759.73527292426
31245337,8766.84222963589
31326178.5,8773.92395755715
31407020,8780.98059078848
31487861.5,8788.01226248164
31568703,8795.01910484805
31649544.5,8802.00124916708
31730386,8808.95882579423
31811227.5,8815.8919641693
31892069,8822.80079282434
31972910.5,8829.68543939166
32053752,8836.54603061164
32134593.5,8843.38269234054
32215435,8850.19554955817
32296276.5,8856.98472637555
32377118,8863.75034604239
32457959.5,8870.49253095457
32538801,8877.21140266157
32619642.5,8883.90708187367
32700484,8890.57968846929
32781325.5,8897.22934150206
32862167,8903.85615920796
32943008.5,8910.46025901228
33023850,8917.0417575366
33104691.5,8923.60077060561
33185533,8930.13741325395
33266374.5,8936.6517997329
33347216,8943.14404351706
33428057.5,8949.6142573109
33508899,8956.06255305535
33589740.5,8962.48904193419
33670582,8968.89383438047
33751423.5,8975.27704008283
33832265,8981.63876799178
33913106.5,8987.97912632586
33993948,8994.29822257782
34074789.5,9000.59616352065
34155631,9006.87305521364
34236472.5,9013.12900300829
34317314,9019.36411155425
34398155.5,9025.5784848051
34478997,9031.77222602419
34559838.5,9037.9454377903
34640680,9044.09822200335
34721521.5,9050.23067988998
34802363,9056.34291200909
34883204.5,9062.4350182574
34964046,9068.5070978748
35044887.5,9074.55924944981
35125729,9080.59157092489
35206570.5,9086.60415960174
35287412,9092.59711214648
35368253.5,9098.5705245949
35449095,9104.52449235755
35529936.5,9110.45911022482
35610778,9116.37447237198
35691619.5,9122.27067236416
35772461,9128.14780316129
35853302.5,9134.00595712298
35934144,9139.84522601333
36014985.5,9145.66570100579
36095827,9151.46747268782
36176668.5,9157.25063106566
36257510,9163.01526556894
36338351.5,9168.76146505533
36419193,9174.48931781507
36500034.5,9180.19891157549
36580876,9185.89033350552
36661717.5,9191.56367022011
36742559,9197.21900778462
36823400.5,9202.85643171917
36904242,9208.47602700296
36985083.5,9214.07787807854
37065925,9219.66206885603
37146766.5,9225.22868271732
37227608,9230.77780252021
37308449.5,9236.30951060253
37389291,9241.82388878622
37470132.5,9247.32101838133
37550974,9252.80098019006
37631815.5,9258.26385451068
37712657,9263.7097211415
37793498.5,9269.13865938471
37874340,9274.55074805023
37955181.5,9279.94606545957
38036023,9285.32468944955
38116864.5,9290.68669737609
38197706,9296.03216611789
38278547.5,9301.36117208012
38359389,9306.67379119806
38440230.5,9311.97009894067
38521072,9317.25017031423
38601913.5,9322.51407986582
38682755,9327.76190168687
38763596.5,9332.99370941662
38844438,9338.20957624555
38925279.5,9343.40957491882
39006121,9348.59377773964
39086962.5,9353.76225657259
39167804,9358.91508284703
39248645.5,9364.05232756027
39329487,9369.17406128094
39410328.5,9374.28035415214
39491170,9379.3712758947
39572011.5,9384.44689581032
39652853,9389.50728278471
39733694.5,9394.55250529074
39814536,9399.5826313915
39895377.5,9404.59772874337
39976219,9409.59786459906
40057060.5,9414.5831058106
40137902,9419.55351883232
40218743.5,9424.50916972383
40299585,9429.45012415292
40380426.5,9434.37644739847
40461268,9439.28820435331
40542109.5,9444.18545952711
40622951,9449.06827704913
40703792.5,9453.93672067113
40784634,9458.79085377003
40865475.5,9463.63073935073
40946317,9468.45644004881
41027158.5,9473.26801813324
41108000,9478.06553550908
