"ResDensity","N_TraitValue"
10,0.000255413385402716
10.05,0.00025669045232973
10.1,0.000257967519256743
10.15,0.000259244586183757
10.2,0.00026052165311077
10.25,0.000261798720037784
10.3,0.000263075786964798
10.35,0.000264352853891811
10.4,0.000265629920818825
10.45,0.000266906987745838
10.5,0.000268184054672852
10.55,0.000269461121599866
10.6,0.000270738188526879
10.65,0.000272015255453893
10.7,0.000273292322380906
10.75,0.00027456938930792
10.8,0.000275846456234934
10.85,0.000277123523161947
10.9,0.000278400590088961
10.95,0.000279677657015974
11,0.000280954723942988
11.05,0.000282231790870001
11.1,0.000283508857797015
11.15,0.000284785924724029
11.2,0.000286062991651042
11.25,0.000287340058578056
11.3,0.000288617125505069
11.35,0.000289894192432083
11.4,0.000291171259359096
11.45,0.00029244832628611
11.5,0.000293725393213124
11.55,0.000295002460140137
11.6,0.000296279527067151
11.65,0.000297556593994164
11.7,0.000298833660921178
11.75,0.000300110727848192
11.8,0.000301387794775205
11.85,0.000302664861702219
11.9,0.000303941928629232
11.95,0.000305218995556246
12,0.000306496062483259
12.05,0.000307773129410273
12.1,0.000309050196337287
12.15,0.0003103272632643
12.2,0.000311604330191314
12.25,0.000312881397118327
12.3,0.000314158464045341
12.35,0.000315435530972354
12.4,0.000316712597899368
12.45,0.000317989664826382
12.5,0.000319266731753395
12.55,0.000320543798680409
12.6,0.000321820865607422
12.65,0.000323097932534436
12.7,0.00032437499946145
12.75,0.000325652066388463
12.8,0.000326929133315477
12.85,0.00032820620024249
12.9,0.000329483267169504
12.95,0.000330760334096517
13,0.000332037401023531
13.05,0.000333314467950545
13.1,0.000334591534877558
13.15,0.000335868601804572
13.2,0.000337145668731585
13.25,0.000338422735658599
13.3,0.000339699802585613
13.35,0.000340976869512626
13.4,0.00034225393643964
13.45,0.000343531003366653
13.5,0.000344808070293667
13.55,0.00034608513722068
13.6,0.000347362204147694
13.65,0.000348639271074708
13.7,0.000349916338001721
13.75,0.000351193404928735
13.8,0.000352470471855748
13.85,0.000353747538782762
13.9,0.000355024605709776
13.95,0.000356301672636789
14,0.000357578739563803
14.05,0.000358855806490816
14.1,0.00036013287341783
14.15,0.000361409940344843
14.2,0.000362687007271857
14.25,0.000363964074198871
14.3,0.000365241141125884
14.35,0.000366518208052898
14.4,0.000367795274979911
14.45,0.000369072341906925
14.5,0.000370349408833939
14.55,0.000371626475760952
14.6,0.000372903542687966
14.65,0.000374180609614979
14.7,0.000375457676541993
14.75,0.000376734743469006
14.8,0.00037801181039602
14.85,0.000379288877323034
14.9,0.000380565944250047
14.95,0.000381843011177061
15,0.000383120078104074
15.05,0.000384397145031088
15.1,0.000385674211958101
15.15,0.000386951278885115
15.2,0.000388228345812129
15.25,0.000389505412739142
15.3,0.000390782479666156
15.35,0.000392059546593169
15.4,0.000393336613520183
15.45,0.000394613680447197
15.5,0.00039589074737421
15.55,0.000397167814301224
15.6,0.000398444881228237
15.65,0.000399721948155251
15.7,0.000400999015082264
15.75,0.000402276082009278
15.8,0.000403553148936292
15.85,0.000404830215863305
15.9,0.000406107282790319
15.95,0.000407384349717332
16,0.000408661416644346
16.05,0.00040993848357136
16.1,0.000411215550498373
16.15,0.000412492617425387
16.2,0.0004137696843524
16.25,0.000415046751279414
16.3,0.000416323818206427
16.35,0.000417600885133441
16.4,0.000418877952060455
16.45,0.000420155018987468
16.5,0.000421432085914482
16.55,0.000422709152841495
16.6,0.000423986219768509
16.65,0.000425263286695522
16.7,0.000426540353622536
16.75,0.00042781742054955
16.8,0.000429094487476563
16.85,0.000430371554403577
16.9,0.00043164862133059
16.95,0.000432925688257604
17,0.000434202755184618
17.05,0.000435479822111631
17.1,0.000436756889038645
17.15,0.000438033955965658
17.2,0.000439311022892672
17.25,0.000440588089819685
17.3,0.000441865156746699
17.35,0.000443142223673713
17.4,0.000444419290600726
17.45,0.00044569635752774
17.5,0.000446973424454753
17.55,0.000448250491381767
17.6,0.000449527558308781
17.65,0.000450804625235794
17.7,0.000452081692162808
17.75,0.000453358759089821
17.8,0.000454635826016835
17.85,0.000455912892943848
17.9,0.000457189959870862
17.95,0.000458467026797876
18,0.000459744093724889
18.05,0.000461021160651903
18.1,0.000462298227578916
18.15,0.00046357529450593
18.2,0.000464852361432944
18.25,0.000466129428359957
18.3,0.000467406495286971
18.35,0.000468683562213984
18.4,0.000469960629140998
18.45,0.000471237696068011
18.5,0.000472514762995025
18.55,0.000473791829922039
18.6,0.000475068896849052
18.65,0.000476345963776066
18.7,0.000477623030703079
18.75,0.000478900097630093
18.8,0.000480177164557106
18.85,0.00048145423148412
18.9,0.000482731298411134
18.95,0.000484008365338147
19,0.000485285432265161
19.05,0.000486562499192174
19.1,0.000487839566119188
19.15,0.000489116633046201
19.2,0.000490393699973215
19.25,0.000491670766900229
19.3,0.000492947833827242
19.35,0.000494224900754256
19.4,0.000495501967681269
19.45,0.000496779034608283
19.5,0.000498056101535297
19.55,0.00049933316846231
19.6,0.000500610235389324
19.65,0.000501887302316337
19.7,0.000503164369243351
19.75,0.000504441436170364
19.8,0.000505718503097378
19.85,0.000506995570024392
19.9,0.000508272636951405
19.95,0.000509549703878419
20,0.000510826770805432
20.05,0.000512103837732446
20.1,0.00051338090465946
20.15,0.000514657971586473
20.2,0.000515935038513487
20.25,0.0005172121054405
20.3,0.000518489172367514
20.35,0.000519766239294528
20.4,0.000521043306221541
20.45,0.000522320373148555
20.5,0.000523597440075568
20.55,0.000524874507002582
20.6,0.000526151573929595
20.65,0.000527428640856609
20.7,0.000528705707783623
20.75,0.000529982774710636
20.8,0.00053125984163765
20.85,0.000532536908564663
20.9,0.000533813975491677
20.95,0.000535091042418691
21,0.000536368109345704
21.05,0.000537645176272718
21.1,0.000538922243199731
21.15,0.000540199310126745
21.2,0.000541476377053758
21.25,0.000542753443980772
21.3,0.000544030510907786
21.35,0.000545307577834799
21.4,0.000546584644761813
21.45,0.000547861711688826
21.5,0.00054913877861584
21.55,0.000550415845542853
21.6,0.000551692912469867
21.65,0.00055296997939688
21.7,0.000554247046323894
21.75,0.000555524113250908
21.8,0.000556801180177921
21.85,0.000558078247104935
21.9,0.000559355314031948
21.95,0.000560632380958962
22,0.000561909447885976
22.05,0.000563186514812989
22.1,0.000564463581740003
22.15,0.000565740648667016
22.2,0.00056701771559403
22.25,0.000568294782521044
22.3,0.000569571849448057
22.35,0.000570848916375071
22.4,0.000572125983302084
22.45,0.000573403050229098
22.5,0.000574680117156111
22.55,0.000575957184083125
22.6,0.000577234251010139
22.65,0.000578511317937152
22.7,0.000579788384864166
22.75,0.000581065451791179
22.8,0.000582342518718193
22.85,0.000583619585645207
22.9,0.00058489665257222
22.95,0.000586173719499234
23,0.000587450786426247
23.05,0.000588727853353261
23.1,0.000590004920280274
23.15,0.000591281987207288
23.2,0.000592559054134302
23.25,0.000593836121061315
23.3,0.000595113187988329
23.35,0.000596390254915342
23.4,0.000597667321842356
23.45,0.00059894438876937
23.5,0.000600221455696383
23.55,0.000601498522623397
23.6,0.00060277558955041
23.65,0.000604052656477424
23.7,0.000605329723404437
23.75,0.000606606790331451
23.8,0.000607883857258465
23.85,0.000609160924185478
23.9,0.000610437991112492
23.95,0.000611715058039505
24,0.000612992124966519
24.05,0.000614269191893533
24.1,0.000615546258820546
24.15,0.00061682332574756
24.2,0.000618100392674573
24.25,0.000619377459601587
24.3,0.0006206545265286
24.35,0.000621931593455614
24.4,0.000623208660382627
24.45,0.000624485727309641
24.5,0.000625762794236655
24.55,0.000627039861163668
24.6,0.000628316928090682
24.65,0.000629593995017695
24.7,0.000630871061944709
24.75,0.000632148128871723
24.8,0.000633425195798736
24.85,0.00063470226272575
24.9,0.000635979329652763
24.95,0.000637256396579777
25,0.000638533463506791
25.05,0.000639810530433804
25.1,0.000641087597360818
25.15,0.000642364664287831
25.2,0.000643641731214845
25.25,0.000644918798141858
25.3,0.000646195865068872
25.35,0.000647472931995886
25.4,0.000648749998922899
25.45,0.000650027065849913
25.5,0.000651304132776926
25.55,0.00065258119970394
25.6,0.000653858266630954
25.65,0.000655135333557967
25.7,0.000656412400484981
25.75,0.000657689467411994
25.8,0.000658966534339008
25.85,0.000660243601266021
25.9,0.000661520668193035
25.95,0.000662797735120049
26,0.000664074802047062
26.05,0.000665351868974076
26.1,0.000666628935901089
26.15,0.000667906002828103
26.2,0.000669183069755116
26.25,0.00067046013668213
26.3,0.000671737203609144
26.35,0.000673014270536157
26.4,0.000674291337463171
26.45,0.000675568404390184
26.5,0.000676845471317198
26.55,0.000678122538244212
26.6,0.000679399605171225
26.65,0.000680676672098239
26.7,0.000681953739025252
26.75,0.000683230805952266
26.8,0.000684507872879279
26.85,0.000685784939806293
26.9,0.000687062006733307
26.95,0.00068833907366032
27,0.000689616140587334
27.05,0.000690893207514347
27.1,0.000692170274441361
27.15,0.000693447341368375
27.2,0.000694724408295388
27.25,0.000696001475222402
27.3,0.000697278542149415
27.35,0.000698555609076429
27.4,0.000699832676003442
27.45,0.000701109742930456
27.5,0.00070238680985747
27.55,0.000703663876784483
27.6,0.000704940943711497
27.65,0.00070621801063851
27.7,0.000707495077565524
27.75,0.000708772144492537
27.8,0.000710049211419551
27.85,0.000711326278346565
27.9,0.000712603345273578
27.95,0.000713880412200592
28,0.000715157479127605
28.05,0.000716434546054619
28.1,0.000717711612981633
28.15,0.000718988679908646
28.2,0.00072026574683566
28.25,0.000721542813762673
28.3,0.000722819880689687
28.35,0.0007240969476167
28.4,0.000725374014543714
28.45,0.000726651081470728
28.5,0.000727928148397741
28.55,0.000729205215324755
28.6,0.000730482282251768
28.65,0.000731759349178782
28.7,0.000733036416105795
28.75,0.000734313483032809
28.8,0.000735590549959823
28.85,0.000736867616886836
28.9,0.00073814468381385
28.95,0.000739421750740863
29,0.000740698817667877
29.05,0.000741975884594891
29.1,0.000743252951521904
29.15,0.000744530018448918
29.2,0.000745807085375931
29.25,0.000747084152302945
29.3,0.000748361219229959
29.35,0.000749638286156972
29.4,0.000750915353083986
29.45,0.000752192420010999
29.5,0.000753469486938013
29.55,0.000754746553865026
29.6,0.00075602362079204
29.65,0.000757300687719054
29.7,0.000758577754646067
29.75,0.000759854821573081
29.8,0.000761131888500094
29.85,0.000762408955427108
29.9,0.000763686022354121
29.95,0.000764963089281135
30,0.000766240156208149
30.05,0.000767517223135162
30.1,0.000768794290062176
30.15,0.000770071356989189
30.2,0.000771348423916203
30.25,0.000772625490843217
30.3,0.00077390255777023
30.35,0.000775179624697244
30.4,0.000776456691624257
30.45,0.000777733758551271
30.5,0.000779010825478284
30.55,0.000780287892405298
30.6,0.000781564959332312
30.65,0.000782842026259325
30.7,0.000784119093186339
30.75,0.000785396160113352
30.8,0.000786673227040366
30.85,0.00078795029396738
30.9,0.000789227360894393
30.95,0.000790504427821407
31,0.00079178149474842
31.05,0.000793058561675434
31.1,0.000794335628602447
31.15,0.000795612695529461
31.2,0.000796889762456475
31.25,0.000798166829383488
31.3,0.000799443896310502
31.35,0.000800720963237515
31.4,0.000801998030164529
31.45,0.000803275097091542
31.5,0.000804552164018556
31.55,0.00080582923094557
31.6,0.000807106297872583
31.65,0.000808383364799597
31.7,0.00080966043172661
31.75,0.000810937498653624
31.8,0.000812214565580638
31.85,0.000813491632507651
31.9,0.000814768699434665
31.95,0.000816045766361678
32,0.000817322833288692
32.05,0.000818599900215705
32.1,0.000819876967142719
32.15,0.000821154034069733
32.2,0.000822431100996746
32.25,0.00082370816792376
32.3,0.000824985234850773
32.35,0.000826262301777787
32.4,0.000827539368704801
32.45,0.000828816435631814
32.5,0.000830093502558828
32.55,0.000831370569485841
32.6,0.000832647636412855
32.65,0.000833924703339869
32.7,0.000835201770266882
32.75,0.000836478837193896
32.8,0.000837755904120909
32.85,0.000839032971047923
32.9,0.000840310037974936
32.95,0.00084158710490195
33,0.000842864171828963
33.05,0.000844141238755977
33.1,0.000845418305682991
33.15,0.000846695372610004
33.2,0.000847972439537018
33.25,0.000849249506464031
33.3,0.000850526573391045
33.35,0.000851803640318059
33.4,0.000853080707245072
33.45,0.000854357774172086
33.5,0.000855634841099099
33.55,0.000856911908026113
33.6,0.000858188974953126
33.65,0.00085946604188014
33.7,0.000860743108807154
33.75,0.000862020175734167
33.8,0.000863297242661181
33.85,0.000864574309588194
33.9,0.000865851376515208
33.95,0.000867128443442222
34,0.000868405510369235
34.05,0.000869682577296249
34.1,0.000870959644223262
34.15,0.000872236711150276
34.2,0.000873513778077289
34.25,0.000874790845004303
34.3,0.000876067911931316
34.35,0.00087734497885833
34.4,0.000878622045785344
34.45,0.000879899112712357
34.5,0.000881176179639371
34.55,0.000882453246566384
34.6,0.000883730313493398
34.65,0.000885007380420412
34.7,0.000886284447347425
34.75,0.000887561514274439
34.8,0.000888838581201452
34.85,0.000890115648128466
34.9,0.00089139271505548
34.95,0.000892669781982493
35,0.000893946848909507
