"ResDensity","N_TraitValue"
5,8.71032005412206e-05
5.07,8.83226453487977e-05
5.14,8.95420901563748e-05
5.21,9.07615349639519e-05
5.28,9.1980979771529e-05
5.35,9.3200424579106e-05
5.42,9.44198693866831e-05
5.49,9.56393141942602e-05
5.56,9.68587590018373e-05
5.63,9.80782038094144e-05
5.7,9.92976486169915e-05
5.77,0.000100517093424569
5.84,0.000101736538232146
5.91,0.000102955983039723
5.98,0.0001041754278473
6.05,0.000105394872654877
6.12,0.000106614317462454
6.19,0.000107833762270031
6.26,0.000109053207077608
6.33,0.000110272651885185
6.4,0.000111492096692762
6.47,0.000112711541500339
6.54,0.000113930986307917
6.61,0.000115150431115494
6.68,0.000116369875923071
6.75,0.000117589320730648
6.82,0.000118808765538225
6.89,0.000120028210345802
6.96,0.000121247655153379
7.03,0.000122467099960956
7.1,0.000123686544768533
7.17,0.00012490598957611
7.24,0.000126125434383687
7.31,0.000127344879191265
7.38,0.000128564323998842
7.45,0.000129783768806419
7.52,0.000131003213613996
7.59,0.000132222658421573
7.66,0.00013344210322915
7.73,0.000134661548036727
7.8,0.000135880992844304
7.87,0.000137100437651881
7.94,0.000138319882459458
8.01,0.000139539327267035
8.08,0.000140758772074613
8.15,0.00014197821688219
8.22,0.000143197661689767
8.29,0.000144417106497344
8.36,0.000145636551304921
8.43,0.000146855996112498
8.5,0.000148075440920075
8.57,0.000149294885727652
8.64,0.000150514330535229
8.71,0.000151733775342806
8.78,0.000152953220150383
8.85,0.000154172664957961
8.92,0.000155392109765538
8.99,0.000156611554573115
9.06,0.000157830999380692
9.13,0.000159050444188269
9.2,0.000160269888995846
9.27,0.000161489333803423
9.34,0.000162708778611
9.41,0.000163928223418577
9.48,0.000165147668226154
9.55,0.000166367113033731
9.62,0.000167586557841308
9.69,0.000168806002648886
9.76,0.000170025447456463
9.83,0.00017124489226404
9.9,0.000172464337071617
9.97,0.000173683781879194
10.04,0.000174903226686771
10.11,0.000176122671494348
10.18,0.000177342116301925
10.25,0.000178561561109502
10.32,0.000179781005917079
10.39,0.000181000450724656
10.46,0.000182219895532234
10.53,0.000183439340339811
10.6,0.000184658785147388
10.67,0.000185878229954965
10.74,0.000187097674762542
10.81,0.000188317119570119
10.88,0.000189536564377696
10.95,0.000190756009185273
11.02,0.00019197545399285
11.09,0.000193194898800427
11.16,0.000194414343608004
11.23,0.000195633788415582
11.3,0.000196853233223159
11.37,0.000198072678030736
11.44,0.000199292122838313
11.51,0.00020051156764589
11.58,0.000201731012453467
11.65,0.000202950457261044
11.72,0.000204169902068621
11.79,0.000205389346876198
11.86,0.000206608791683775
11.93,0.000207828236491352
12,0.000209047681298929
12.07,0.000210267126106507
12.14,0.000211486570914084
12.21,0.000212706015721661
12.28,0.000213925460529238
12.35,0.000215144905336815
12.42,0.000216364350144392
12.49,0.000217583794951969
12.56,0.000218803239759546
12.63,0.000220022684567123
12.7,0.0002212421293747
12.77,0.000222461574182277
12.84,0.000223681018989855
12.91,0.000224900463797432
12.98,0.000226119908605009
13.05,0.000227339353412586
13.12,0.000228558798220163
13.19,0.00022977824302774
13.26,0.000230997687835317
13.33,0.000232217132642894
13.4,0.000233436577450471
13.47,0.000234656022258048
13.54,0.000235875467065625
13.61,0.000237094911873203
13.68,0.00023831435668078
13.75,0.000239533801488357
13.82,0.000240753246295934
13.89,0.000241972691103511
13.96,0.000243192135911088
14.03,0.000244411580718665
14.1,0.000245631025526242
14.17,0.000246850470333819
14.24,0.000248069915141396
14.31,0.000249289359948973
14.38,0.00025050880475655
14.45,0.000251728249564128
14.52,0.000252947694371705
14.59,0.000254167139179282
14.66,0.000255386583986859
14.73,0.000256606028794436
14.8,0.000257825473602013
14.87,0.00025904491840959
14.94,0.000260264363217167
15.01,0.000261483808024744
15.08,0.000262703252832321
15.15,0.000263922697639898
15.22,0.000265142142447476
15.29,0.000266361587255053
15.36,0.00026758103206263
15.43,0.000268800476870207
15.5,0.000270019921677784
15.57,0.000271239366485361
15.64,0.000272458811292938
15.71,0.000273678256100515
15.78,0.000274897700908092
15.85,0.000276117145715669
15.92,0.000277336590523246
15.99,0.000278556035330824
16.06,0.000279775480138401
16.13,0.000280994924945978
16.2,0.000282214369753555
16.27,0.000283433814561132
16.34,0.000284653259368709
16.41,0.000285872704176286
16.48,0.000287092148983863
16.55,0.00028831159379144
16.62,0.000289531038599017
16.69,0.000290750483406594
16.76,0.000291969928214172
16.83,0.000293189373021749
16.9,0.000294408817829326
16.97,0.000295628262636903
17.04,0.00029684770744448
17.11,0.000298067152252057
17.18,0.000299286597059634
17.25,0.000300506041867211
17.32,0.000301725486674788
17.39,0.000302944931482365
17.46,0.000304164376289942
17.53,0.00030538382109752
17.6,0.000306603265905097
17.67,0.000307822710712674
17.74,0.000309042155520251
17.81,0.000310261600327828
17.88,0.000311481045135405
17.95,0.000312700489942982
18.02,0.000313919934750559
18.09,0.000315139379558136
18.16,0.000316358824365713
18.23,0.00031757826917329
18.3,0.000318797713980867
18.37,0.000320017158788445
18.44,0.000321236603596022
18.51,0.000322456048403599
18.58,0.000323675493211176
18.65,0.000324894938018753
18.72,0.00032611438282633
18.79,0.000327333827633907
18.86,0.000328553272441484
18.93,0.000329772717249061
19,0.000330992162056638
19.07,0.000332211606864215
19.14,0.000333431051671793
19.21,0.00033465049647937
19.28,0.000335869941286947
19.35,0.000337089386094524
19.42,0.000338308830902101
19.49,0.000339528275709678
19.56,0.000340747720517255
19.63,0.000341967165324832
19.7,0.000343186610132409
19.77,0.000344406054939986
19.84,0.000345625499747563
19.91,0.000346844944555141
19.98,0.000348064389362718
20.05,0.000349283834170295
20.12,0.000350503278977872
20.19,0.000351722723785449
20.26,0.000352942168593026
20.33,0.000354161613400603
20.4,0.00035538105820818
20.47,0.000356600503015757
20.54,0.000357819947823334
20.61,0.000359039392630911
20.68,0.000360258837438488
20.75,0.000361478282246066
20.82,0.000362697727053643
20.89,0.00036391717186122
20.96,0.000365136616668797
21.03,0.000366356061476374
21.1,0.000367575506283951
21.17,0.000368794951091528
21.24,0.000370014395899105
21.31,0.000371233840706682
21.38,0.000372453285514259
21.45,0.000373672730321836
21.52,0.000374892175129414
21.59,0.000376111619936991
21.66,0.000377331064744568
21.73,0.000378550509552145
21.8,0.000379769954359722
21.87,0.000380989399167299
21.94,0.000382208843974876
22.01,0.000383428288782453
22.08,0.00038464773359003
22.15,0.000385867178397607
22.22,0.000387086623205184
22.29,0.000388306068012762
22.36,0.000389525512820339
22.43,0.000390744957627916
22.5,0.000391964402435493
22.57,0.00039318384724307
22.64,0.000394403292050647
22.71,0.000395622736858224
22.78,0.000396842181665801
22.85,0.000398061626473378
22.92,0.000399281071280955
22.99,0.000400500516088532
23.06,0.00040171996089611
23.13,0.000402939405703687
23.2,0.000404158850511264
23.27,0.000405378295318841
23.34,0.000406597740126418
23.41,0.000407817184933995
23.48,0.000409036629741572
23.55,0.000410256074549149
23.62,0.000411475519356726
23.69,0.000412694964164303
23.76,0.00041391440897188
23.83,0.000415133853779457
23.9,0.000416353298587035
23.97,0.000417572743394612
24.04,0.000418792188202189
24.11,0.000420011633009766
24.18,0.000421231077817343
24.25,0.00042245052262492
24.32,0.000423669967432497
24.39,0.000424889412240074
24.46,0.000426108857047651
24.53,0.000427328301855228
24.6,0.000428547746662805
24.67,0.000429767191470383
24.74,0.00043098663627796
24.81,0.000432206081085537
24.88,0.000433425525893114
24.95,0.000434644970700691
25.02,0.000435864415508268
25.09,0.000437083860315845
25.16,0.000438303305123422
25.23,0.000439522749930999
25.3,0.000440742194738576
25.37,0.000441961639546153
25.44,0.000443181084353731
25.51,0.000444400529161308
25.58,0.000445619973968885
25.65,0.000446839418776462
25.72,0.000448058863584039
25.79,0.000449278308391616
25.86,0.000450497753199193
25.93,0.00045171719800677
26,0.000452936642814347
26.07,0.000454156087621924
26.14,0.000455375532429501
26.21,0.000456594977237078
26.28,0.000457814422044656
26.35,0.000459033866852233
26.42,0.00046025331165981
26.49,0.000461472756467387
26.56,0.000462692201274964
26.63,0.000463911646082541
26.7,0.000465131090890118
26.77,0.000466350535697695
26.84,0.000467569980505272
26.91,0.000468789425312849
26.98,0.000470008870120426
27.05,0.000471228314928004
27.12,0.000472447759735581
27.19,0.000473667204543158
27.26,0.000474886649350735
27.33,0.000476106094158312
27.4,0.000477325538965889
27.47,0.000478544983773466
27.54,0.000479764428581043
27.61,0.00048098387338862
27.68,0.000482203318196197
27.75,0.000483422763003774
27.82,0.000484642207811352
27.89,0.000485861652618929
27.96,0.000487081097426506
28.03,0.000488300542234083
28.1,0.00048951998704166
28.17,0.000490739431849237
28.24,0.000491958876656814
28.31,0.000493178321464391
28.38,0.000494397766271968
28.45,0.000495617211079545
28.52,0.000496836655887122
28.59,0.0004980561006947
28.66,0.000499275545502277
28.73,0.000500494990309854
28.8,0.000501714435117431
28.87,0.000502933879925008
28.94,0.000504153324732585
29.01,0.000505372769540162
29.08,0.000506592214347739
29.15,0.000507811659155316
29.22,0.000509031103962893
29.29,0.00051025054877047
29.36,0.000511469993578047
29.43,0.000512689438385625
29.5,0.000513908883193202
29.57,0.000515128328000779
29.64,0.000516347772808356
29.71,0.000517567217615933
29.78,0.00051878666242351
29.85,0.000520006107231087
29.92,0.000521225552038664
29.99,0.000522444996846241
30.06,0.000523664441653818
30.13,0.000524883886461395
30.2,0.000526103331268973
30.27,0.00052732277607655
30.34,0.000528542220884127
30.41,0.000529761665691704
30.48,0.000530981110499281
30.55,0.000532200555306858
30.62,0.000533420000114435
30.69,0.000534639444922012
30.76,0.000535858889729589
30.83,0.000537078334537166
30.9,0.000538297779344743
30.97,0.000539517224152321
31.04,0.000540736668959898
31.11,0.000541956113767475
31.18,0.000543175558575052
31.25,0.000544395003382629
31.32,0.000545614448190206
31.39,0.000546833892997783
31.46,0.00054805333780536
31.53,0.000549272782612937
31.6,0.000550492227420514
31.67,0.000551711672228091
31.74,0.000552931117035668
31.81,0.000554150561843246
31.88,0.000555370006650823
31.95,0.0005565894514584
32.02,0.000557808896265977
32.09,0.000559028341073554
32.16,0.000560247785881131
32.23,0.000561467230688708
32.3,0.000562686675496285
32.37,0.000563906120303862
32.44,0.000565125565111439
32.51,0.000566345009919017
32.58,0.000567564454726594
32.65,0.000568783899534171
32.72,0.000570003344341748
32.79,0.000571222789149325
32.86,0.000572442233956902
32.93,0.000573661678764479
33,0.000574881123572056
33.07,0.000576100568379633
33.14,0.00057732001318721
33.21,0.000578539457994787
33.28,0.000579758902802364
33.35,0.000580978347609941
33.42,0.000582197792417519
33.49,0.000583417237225096
33.56,0.000584636682032673
33.63,0.00058585612684025
33.7,0.000587075571647827
33.77,0.000588295016455404
33.84,0.000589514461262981
33.91,0.000590733906070558
33.98,0.000591953350878135
34.05,0.000593172795685712
34.12,0.00059439224049329
34.19,0.000595611685300867
34.26,0.000596831130108444
34.33,0.000598050574916021
34.4,0.000599270019723598
34.47,0.000600489464531175
34.54,0.000601708909338752
34.61,0.000602928354146329
34.68,0.000604147798953906
34.75,0.000605367243761483
34.82,0.00060658668856906
34.89,0.000607806133376637
34.96,0.000609025578184215
35.03,0.000610245022991792
35.1,0.000611464467799369
35.17,0.000612683912606946
35.24,0.000613903357414523
35.31,0.0006151228022221
35.38,0.000616342247029677
35.45,0.000617561691837254
35.52,0.000618781136644831
35.59,0.000620000581452408
35.66,0.000621220026259986
35.73,0.000622439471067563
35.8,0.00062365891587514
35.87,0.000624878360682717
35.94,0.000626097805490294
36.01,0.000627317250297871
36.08,0.000628536695105448
36.15,0.000629756139913025
36.22,0.000630975584720602
36.29,0.000632195029528179
36.36,0.000633414474335756
36.43,0.000634633919143333
36.5,0.00063585336395091
36.57,0.000637072808758488
36.64,0.000638292253566065
36.71,0.000639511698373642
36.78,0.000640731143181219
36.85,0.000641950587988796
36.92,0.000643170032796373
36.99,0.00064438947760395
37.06,0.000645608922411527
37.13,0.000646828367219104
37.2,0.000648047812026681
37.27,0.000649267256834259
37.34,0.000650486701641836
37.41,0.000651706146449413
37.48,0.00065292559125699
37.55,0.000654145036064567
37.62,0.000655364480872144
37.69,0.000656583925679721
37.76,0.000657803370487298
37.83,0.000659022815294875
37.9,0.000660242260102452
37.97,0.000661461704910029
38.04,0.000662681149717607
38.11,0.000663900594525184
38.18,0.000665120039332761
38.25,0.000666339484140338
38.32,0.000667558928947915
38.39,0.000668778373755492
38.46,0.000669997818563069
38.53,0.000671217263370646
38.6,0.000672436708178223
38.67,0.0006736561529858
38.74,0.000674875597793377
38.81,0.000676095042600954
38.88,0.000677314487408532
38.95,0.000678533932216109
39.02,0.000679753377023686
39.09,0.000680972821831263
39.16,0.00068219226663884
39.23,0.000683411711446417
39.3,0.000684631156253994
39.37,0.000685850601061571
39.44,0.000687070045869148
39.51,0.000688289490676725
39.58,0.000689508935484302
39.65,0.00069072838029188
39.72,0.000691947825099457
39.79,0.000693167269907034
39.86,0.000694386714714611
39.93,0.000695606159522188
40,0.000696825604329765
