"ResDensity","N_TraitValue"
7300,7.04106574796372e-05
7525.4,7.23767797962297e-05
7750.8,7.43316699186104e-05
7976.2,7.6275423824663e-05
8201.6,7.8208136401883e-05
8427,8.01299014628178e-05
8652.4,8.20408117602469e-05
8877.8,8.39409590021035e-05
9103.2,8.58304338661464e-05
9328.6,8.77093260143845e-05
9554,8.95777241072599e-05
9779.4,9.14357158175935e-05
10004.8,9.32833878442993e-05
10230.2,9.51208259258698e-05
10455.6,9.69481148536383e-05
10681,9.8765338484822e-05
10906.4,0.00010057257975535
11131.8,0.000102369920692482
11357.2,0.000104157442427218
11582.6,0.000105935225206503
11808,0.000107703348405241
12033.4,0.000109461890538108
12258.8,0.000111210929271168
12484.2,0.000112950541433313
12709.6,0.000114680803027513
12935,0.000116401789241879
13160.4,0.000118113574460561
13385.8,0.000119816232274461
13611.2,0.000121509835491779
13836.6,0.000123194456148393
14062,0.000124870165518073
14287.4,0.000126537034122532
14512.8,0.000128195131741315
14738.2,0.000129844527421546
14963.6,0.000131485289487503
15189,0.000133117485550058
15414.4,0.000134741182515963
15639.8,0.000136356446596992
15865.2,0.000137963343318938
16090.6,0.000139561937530482
16316,0.000141152293411908
16541.4,0.000142734474483697
16766.8,0.000144308543614983
16992.2,0.000145874563031881
17217.6,0.000147432594325686
17443,0.000148982698460948
17668.4,0.000150524935783426
17893.8,0.000152059366027914
18119.2,0.000153586048325959
18344.6,0.000155105041213455
18570,0.000156616402638121
18795.4,0.000158120189966877
19020.8,0.000159616459993096
19246.2,0.000161105268943757
19471.6,0.000162586672486488
19697,0.000164060725736502
19922.4,0.000165527483263437
20147.8,0.000166986999098086
20373.2,0.000168439326739032
20598.6,0.000169884519159187
20824,0.000171322628812231
21049.4,0.00017275370763896
21274.8,0.000174177807073534
21500.2,0.000175594978049647
21725.6,0.000177005271006595
21951,0.000178408735895258
22176.4,0.000179805422184004
22401.8,0.000181195378864493
22627.2,0.000182578654457413
22852.6,0.000183955297018123
23078,0.000185325354142215
23303.4,0.000186688872971004
23528.8,0.000188045900196933
23754.2,0.000189396482068902
23979.6,0.000190740664397524
24205,0.000192078492560305
24430.4,0.000193410011506745
24655.8,0.00019473526576338
24881.2,0.000196054299438741
25106.6,0.000197367156228249
25332,0.000198673879419037
25557.4,0.000199974511894713
25782.8,0.000201269096140046
26008.2,0.000202557674245598
26233.6,0.000203840287912277
26459,0.000205116978455845
26684.4,0.000206387786811347
26909.8,0.000207652753537491
27135.2,0.000208911918820958
27360.6,0.000210165322480665
27586,0.000211413003971954
27811.4,0.000212655002390739
28036.8,0.000213891356477585
28262.2,0.000215122104621739
28487.6,0.000216347284865103
28713,0.000217566934906151
28938.4,0.000218781092103798
29163.8,0.000219989793481216
29389.2,0.000221193075729594
29614.6,0.000222390975211852
29840,0.000223583527966303
30065.4,0.000224770769710271
30290.8,0.000225952735843651
30516.2,0.000227129461452433
30741.6,0.000228300981312169
30967,0.000229467329891403
31192.4,0.000230628541355049
31417.8,0.000231784649567726
31643.2,0.000232935688097053
31868.6,0.000234081690216897
32094,0.000235222688910578
32319.4,0.000236358716874032
32544.8,0.00023748980651894
32770.2,0.000238615989975804
32995.6,0.000239737299096994
33221,0.000240853765459747
33446.4,0.000241965420369136
33671.8,0.000243072294860991
33897.2,0.000244174419704792
34122.6,0.000245271825406516
34348,0.000246364542211454
34573.4,0.000247452600106991
34798.8,0.000248536028825345
35024.2,0.000249614857846278
35249.6,0.000250689116399771
35475,0.000251758833468662
35700.4,0.000252824037791253
35925.8,0.000253884757863881
36151.2,0.000254941021943466
36376.6,0.000255992858050013
36602,0.000257040293969094
36827.4,0.000258083357254291
37052.8,0.000259122075229618
37278.2,0.0002601564749919
37503.6,0.000261186583413134
37729,0.000262212427142816
37954.4,0.000263234032610235
38179.8,0.000264251426026748
38405.2,0.000265264633388017
38630.6,0.000266273680476229
38856,0.000267278592862274
39081.4,0.000268279395907916
39306.8,0.000269276114767916
39532.2,0.000270268774392148
39757.6,0.000271257399527675
39983,0.00027224201472081
40208.4,0.000273222644319144
40433.8,0.000274199312473554
40659.2,0.000275172043140187
40884.6,0.000276140860082418
41110,0.000277105786872784
41335.4,0.000278066846894896
41560.8,0.000279024063345331
41786.2,0.000279977459235493
42011.6,0.000280927057393462
42237,0.000281872880465814
42462.4,0.00028281495091942
42687.8,0.000283753291043227
42913.2,0.000284687922950015
43138.6,0.000285618868578134
43364,0.000286546149693221
43589.4,0.000287469787889895
43814.8,0.000288389804593436
44040.2,0.000289306221061437
44265.6,0.000290219058385449
44491,0.000291128337492589
44716.4,0.000292034079147149
44941.8,0.000292936303952169
45167.2,0.000293835032351005
45392.6,0.000294730284628867
45618,0.000295622080914353
45843.4,0.000296510441180951
46068.8,0.000297395385248532
46294.2,0.000298276932784826
46519.6,0.000299155103306875
46745,0.00030002991618248
46970.4,0.000300901390631617
47195.8,0.000301769545727849
47421.2,0.000302634400399719
47646.6,0.000303495973432121
47872,0.000304354283467665
48097.4,0.000305209349008016
48322.8,0.000306061188415231
48548.2,0.000306909819913064
48773.6,0.000307755261588276
48999,0.000308597531391911
49224.4,0.00030943664714057
49449.8,0.00031027262651767
49675.2,0.000311105487074682
49900.6,0.000311935246232361
50126,0.00031276192128196
50351.4,0.000313585529386434
50576.8,0.000314406087581622
50802.2,0.000315223612777428
51027.6,0.000316038121758978
51253,0.000316849631187773
51478.4,0.000317658157602818
51703.8,0.000318463717421755
51929.2,0.000319266326941966
52154.6,0.000320066002341677
52380,0.000320862759681043
52605.4,0.000321656614903224
52830.8,0.000322447583835449
53056.2,0.000323235682190064
53281.6,0.000324020925565578
53507,0.000324803329447688
53732.4,0.000325582909210301
53957.8,0.000326359680116534
54183.2,0.000327133657319719
54408.6,0.000327904855864382
54634,0.000328673290687218
54859.4,0.00032943897661806
55084.8,0.000330201928380829
55310.2,0.000330962160594479
55535.6,0.00033171968777393
55761,0.000332474524330993
55986.4,0.000333226684575282
56211.8,0.000333976182715123
56437.2,0.00033472303285844
56662.6,0.000335467249013651
56888,0.000336208845090534
57113.4,0.000336947834901101
57338.8,0.000337684232160449
57564.2,0.000338418050487615
57789.6,0.000339149303406411
58015,0.000339878004346257
58240.4,0.000340604166643002
58465.8,0.000341327803539737
58691.2,0.000342048928187602
58916.6,0.000342767553646582
59142,0.000343483692886294
59367.4,0.000344197358786769
59592.8,0.000344908564139223
59818.2,0.000345617321646823
60043.6,0.000346323643925441
60269,0.000347027543504403
60494.4,0.000347729032827231
60719.8,0.000348428124252377
60945.2,0.000349124830053946
61170.6,0.000349819162422416
61396,0.00035051113346535
61621.4,0.000351200755208096
61846.8,0.00035188803959449
62072.2,0.000352572998487539
62297.6,0.000353255643670106
62523,0.000353935986845588
62748.4,0.000354614039638582
62973.8,0.000355289813595546
63199.2,0.00035596332018546
63424.6,0.000356634570800468
63650,0.000357303576756524
63875.4,0.000357970349294028
64100.8,0.000358634899578456
64326.2,0.00035929723870098
64551.6,0.000359957377679087
64777,0.000360615327457192
65002.4,0.000361271098907239
65227.8,0.000361924702829303
65453.2,0.000362576149952181
65678.6,0.000363225450933981
65904,0.000363872616362699
66129.4,0.000364517656756799
66354.8,0.000365160582565783
66580.2,0.000365801404170751
66805.6,0.000366440131884963
67031,0.000367076775954392
67256.4,0.000367711346558272
67481.8,0.000368343853809639
67707.2,0.000368974307755869
67932.6,0.000369602718379211
68158,0.000370229095597312
68383.4,0.000370853449263742
68608.8,0.000371475789168506
68834.2,0.00037209612503856
69059.6,0.000372714466538314
69285,0.000373330823270138
69510.4,0.000373945204774857
69735.8,0.00037455762053224
69961.2,0.000375168079961495
70186.6,0.000375776592421745
70412,0.000376383167212509
70637.4,0.000376987813574178
70862.8,0.00037759054068848
71088.2,0.000378191357678946
71313.6,0.000378790273611374
71539,0.000379387297494278
71764.4,0.000379982438279349
71989.8,0.000380575704861892
72215.2,0.000381167106081276
72440.6,0.000381756650721374
72666,0.000382344347510991
72891.4,0.000382930205124303
73116.8,0.000383514232181276
73342.2,0.000384096437248095
73567.6,0.00038467682883758
73793,0.0003852554154096
74018.4,0.000385832205371488
74243.8,0.000386407207078442
74469.2,0.000386980428833936
74694.6,0.000387551878890111
74920,0.00038812156544818
75145.4,0.000388689496658813
75370.8,0.000389255680622531
75596.2,0.000389820125390087
75821.6,0.000390382838962851
76047,0.000390943829293185
76272.4,0.00039150310428482
76497.8,0.000392060671793227
76723.2,0.000392616539625983
76948.6,0.000393170715543137
77174,0.000393723207257571
77399.4,0.000394274022435357
77624.8,0.000394823168696112
77850.2,0.00039537065361335
78075.6,0.00039591648471483
78301,0.000396460669482898
78526.4,0.000397003215354835
78751.8,0.000397544129723191
78977.2,0.000398083419936121
79202.6,0.000398621093297719
79428,0.00039915715706835
79653.4,0.000399691618464972
79878.8,0.000400224484661463
80104.2,0.000400755762788942
80329.6,0.000401285459936084
80555,0.00040181358314944
80780.4,0.000402340139433746
81005.8,0.000402865135752235
81231.2,0.000403388579026941
81456.6,0.000403910476139006
81682,0.000404430833928981
81907.4,0.000404949659197123
82132.8,0.000405466958703694
82358.2,0.000405982739169251
82583.6,0.000406497007274942
82809,0.000407009769662791
83034.4,0.000407521032935983
83259.8,0.000408030803659151
83485.2,0.000408539088358655
83710.6,0.000409045893522858
83936,0.000409551225602409
84161.4,0.00041005509101051
84386.8,0.000410557496123188
84612.2,0.00041105844727957
84837.6,0.000411557950782141
85063,0.000412056012897016
85288.4,0.000412552639854195
85513.8,0.00041304783784783
85739.2,0.000413541613036477
85964.6,0.000414033971543353
86190,0.00041452491945659
86415.4,0.000415014462829484
86640.8,0.000415502607680747
86866.2,0.000415989359994751
87091.6,0.000416474725721772
87317,0.000416958710778234
87542.4,0.000417441321046952
87767.8,0.000417922562377363
87993.2,0.00041840244058577
88218.6,0.000418880961455572
88444,0.000419358130737498
88669.4,0.000419833954149835
88894.8,0.00042030843737866
89120.2,0.000420781586078065
89345.6,0.00042125340587038
89571,0.000421723902346398
89796.4,0.000422193081065594
90021.8,0.000422660947556345
90247.2,0.000423127507316148
90472.6,0.000423592765811834
90698,0.00042405672847978
90923.4,0.000424519400726124
91148.8,0.000424980787926975
91374.2,0.000425440895428617
91599.6,0.000425899728547719
91825,0.00042635729257154
92050.4,0.000426813592758131
92275.8,0.000427268634336536
92501.2,0.000427722422506992
92726.6,0.000428174962441128
92952,0.000428626259282161
93177.4,0.00042907631814509
93402.8,0.00042952514411689
93628.2,0.000429972742256705
93853.6,0.000430419117596035
94079,0.000430864275138927
94304.4,0.000431308219862161
94529.8,0.000431750956715436
94755.2,0.000432192490621553
94980.6,0.000432632826476598
95206,0.000433071969150125
95431.4,0.000433509923485331
95656.8,0.000433946694299238
95882.2,0.000434382286382869
96107.6,0.00043481670450142
96333,0.000435249953394438
96558.4,0.000435682037775991
96783.8,0.000436112962334841
97009.2,0.000436542731734609
97234.6,0.00043697135061395
97460,0.000437398823586712
97685.4,0.00043782515524211
97910.8,0.000438250350144884
98136.2,0.000438674412835464
98361.6,0.000439097347830132
98587,0.000439519159621181
98812.4,0.000439939852677076
99037.8,0.00044035943144261
99263.2,0.000440777900339063
99488.6,0.000441195263764352
99714,0.000441611526093193
99939.4,0.000442026691677246
100164.8,0.000442440764845272
100390.2,0.000442853749903281
100615.6,0.000443265651134682
100841,0.00044367647280043
101066.4,0.000444086219139176
101291.8,0.000444494894367409
101517.2,0.000444902502679603
101742.6,0.000445309048248358
101968,0.000445714535224547
102193.4,0.000446118967737453
102418.8,0.000446522349894909
102644.2,0.000446924685783443
102869.6,0.000447325979468407
103095,0.000447726234994121
103320.4,0.000448125456384006
103545.8,0.000448523647640719
103771.2,0.000448920812746289
103996.6,0.000449316955662245
104222,0.000449712080329752
104447.4,0.000450106190669739
104672.8,0.000450499290583032
104898.2,0.00045089138395048
105123.6,0.000451282474633081
105349,0.000451672566472113
105574.4,0.00045206166328926
105799.8,0.000452449768886729
106025.2,0.000452836887047385
106250.6,0.000453223021534866
106476,0.000453608176093706
106701.4,0.00045399235444946
106926.8,0.00045437556030882
107152.2,0.000454757797359736
107377.6,0.000455139069271534
107603,0.000455519379695034
107828.4,0.000455898732262666
108053.8,0.000456277130588583
108279.2,0.000456654578268783
108504.6,0.000457031078881215
108730,0.000457406635985896
108955.4,0.000457781253125023
109180.8,0.000458154933823083
109406.2,0.000458527681586966
109631.6,0.000458899499906073
109857,0.000459270392252423
110082.4,0.000459640362080766
110307.8,0.000460009412828685
110533.2,0.000460377547916707
110758.6,0.000460744770748404
110984,0.000461111084710502
111209.4,0.000461476493172985
111434.8,0.000461840999489193
111660.2,0.000462204606995933
111885.6,0.000462567319013573
112111,0.000462929138846147
112336.4,0.000463290069781456
112561.8,0.000463650115091165
112787.2,0.000464009278030904
113012.6,0.000464367561840365
113238,0.000464724969743398
113463.4,0.000465081504948112
113688.8,0.000465437170646967
113914.2,0.000465791970016871
114139.6,0.000466145906219274
114365,0.000466498982400262
114590.4,0.000466851201690651
114815.8,0.000467202567206077
115041.2,0.000467553082047094
115266.6,0.000467902749299255
115492,0.000468251572033214
115717.4,0.000468599553304807
115942.8,0.000468946696155146
116168.2,0.000469293003610705
116393.6,0.000469638478683411
116619,0.000469983124370728
116844.4,0.000470326943655747
117069.8,0.000470669939507266
117295.2,0.000471012114879885
117520.6,0.000471353472714083
117746,0.000471694015936304
117971.4,0.000472033747459043
118196.8,0.000472372670180925
118422.2,0.000472710786986794
118647.6,0.000473048100747787
118873,0.00047338461432142
119098.4,0.000473720330551668
119323.8,0.000474055252269044
119549.2,0.000474389382290682
119774.6,0.000474722723420409
120000,0.000475055278448832
