"ResDensity","N_TraitValue"
56.3075,2.80727892960545e-06
57.1108418,2.84171994712691e-06
57.9141836,2.87602550192563e-06
58.7175254,2.91019639163192e-06
59.5208672,2.94423340762622e-06
60.324209,2.9781373351002e-06
61.1275508,3.01190895311712e-06
61.9308926,3.04554903467155e-06
62.7342344,3.07905834674831e-06
63.5375762,3.11243765038075e-06
64.340918,3.14568770070841e-06
65.1442598,3.17880924703392e-06
65.9476016,3.21180303287932e-06
66.7509434,3.24466979604168e-06
67.5542852,3.27741026864809e-06
68.357627,3.31002517721005e-06
69.1609688,3.34251524267717e-06
69.9643106,3.37488118049031e-06
70.7676524,3.40712370063413e-06
71.5709942,3.43924350768893e-06
72.374336,3.47124130088205e-06
73.1776778,3.50311777413855e-06
73.9810196,3.53487361613142e-06
74.7843614,3.56650951033114e-06
75.5877032,3.59802613505475e-06
76.391045,3.62942416351429e-06
77.1943868,3.66070426386475e-06
77.9977286,3.69186709925149e-06
78.8010704,3.72291332785708e-06
79.6044122,3.75384360294764e-06
80.407754,3.78465857291864e-06
81.2110958,3.81535888134027e-06
82.0144376,3.84594516700219e-06
82.8177794,3.87641806395782e-06
83.6211212,3.90677820156824e-06
84.424463,3.9370262045454e-06
85.2278048,3.96716269299509e-06
86.0311466,3.99718828245922e-06
86.8344884,4.02710358395778e-06
87.6378302,4.05690920403026e-06
88.441172,4.08660574477667e-06
89.2445138,4.11619380389807e-06
90.0478556,4.14567397473667e-06
90.8511974,4.1750468463155e-06
91.6545392,4.20431300337761e-06
92.457881,4.23347302642492e-06
93.2612228,4.26252749175658e-06
94.0645646,4.29147697150691e-06
94.8679064,4.320322033683e-06
95.6712482,4.34906324220183e-06
96.47459,4.37770115692704e-06
97.2779318,4.40623633370526e-06
98.0812736,4.43466932440208e-06
98.8846154,4.46300067693764e-06
99.6879572,4.49123093532181e-06
100.491299,4.51936063968903e-06
101.2946408,4.54739032633272e-06
102.0979826,4.57532052773941e-06
102.9013244,4.60315177262243e-06
103.7046662,4.63088458595528e-06
104.508008,4.65851948900465e-06
105.3113498,4.68605699936303e-06
106.1146916,4.71349763098111e-06
106.9180334,4.74084189419968e-06
107.7213752,4.76809029578128e-06
108.524717,4.79524333894157e-06
109.3280588,4.8223015233802e-06
110.1314006,4.84926534531157e-06
110.9347424,4.87613529749508e-06
111.7380842,4.90291186926521e-06
112.541426,4.92959554656118e-06
113.3447678,4.95618681195638e-06
114.1481096,4.98268614468743e-06
114.9514514,5.009094020683e-06
115.7547932,5.03541091259228e-06
116.558135,5.06163728981319e-06
117.3614768,5.08777361852028e-06
118.1648186,5.11382036169238e-06
118.9681604,5.13977797913988e-06
119.7715022,5.16564692753184e-06
120.574844,5.19142766042276e-06
121.3781858,5.21712062827907e-06
122.1815276,5.24272627850537e-06
122.9848694,5.26824505547043e-06
123.7882112,5.29367740053285e-06
124.591553,5.31902375206653e-06
125.3948948,5.34428454548587e-06
126.1982366,5.36946021327068e-06
127.0015784,5.39455118499088e-06
127.8049202,5.4195578873309e-06
128.608262,5.4444807441139e-06
129.4116038,5.46932017632572e-06
130.2149456,5.49407660213854e-06
131.0182874,5.5187504369344e-06
131.8216292,5.54334209332839e-06
132.624971,5.56785198119167e-06
133.4283128,5.59228050767425e-06
134.2316546,5.61662807722749e-06
135.0349964,5.6408950916265e-06
135.8383382,5.66508194999216e-06
136.64168,5.68918904881306e-06
137.4450218,5.71321678196711e-06
138.2483636,5.73716554074307e-06
139.0517054,5.76103571386169e-06
139.8550472,5.78482768749684e-06
140.658389,5.80854184529628e-06
141.4617308,5.83217856840226e-06
142.2650726,5.85573823547202e-06
143.0684144,5.87922122269794e-06
143.8717562,5.90262790382757e-06
144.675098,5.92595865018351e-06
145.4784398,5.94921383068298e-06
146.2817816,5.9723938118573e-06
147.0851234,5.99549895787115e-06
147.8884652,6.01852963054163e-06
148.691807,6.04148618935715e-06
149.4951488,6.06436899149613e-06
150.2984906,6.08717839184553e-06
151.1018324,6.1099147430192e-06
151.9051742,6.13257839537602e-06
152.708516,6.15516969703796e-06
153.5118578,6.17768899390784e-06
154.3151996,6.20013662968702e-06
155.1185414,6.22251294589287e-06
155.9218832,6.24481828187611e-06
156.725225,6.26705297483793e-06
157.5285668,6.28921735984701e-06
158.3319086,6.31131176985636e-06
159.1352504,6.33333653571996e-06
159.9385922,6.3552919862093e-06
160.741934,6.37717844802973e-06
161.5452758,6.39899624583666e-06
162.3486176,6.42074570225163e-06
163.1519594,6.4424271378782e-06
163.9553012,6.46404087131768e-06
164.758643,6.4855872191848e-06
165.5619848,6.50706649612309e-06
166.3653266,6.52847901482028e-06
167.1686684,6.54982508602339e-06
167.9720102,6.57110501855382e-06
168.775352,6.59231911932224e-06
169.5786938,6.61346769334331e-06
170.3820356,6.63455104375031e-06
171.1853774,6.65556947180967e-06
171.9887192,6.67652327693524e-06
172.792061,6.69741275670258e-06
173.5954028,6.71823820686299e-06
174.3987446,6.73899992135753e-06
175.2020864,6.75969819233078e-06
176.0054282,6.78033331014458e-06
176.80877,6.80090556339164e-06
177.6121118,6.8214152389089e-06
178.4154536,6.84186262179096e-06
179.2187954,6.86224799540325e-06
180.0221372,6.8825716413951e-06
180.825479,6.90283383971275e-06
181.6288208,6.92303486861216e-06
182.4321626,6.94317500467179e-06
183.2355044,6.9632545228052e-06
184.0388462,6.98327369627357e-06
184.842188,7.00323279669807e-06
185.6455298,7.02313209407218e-06
186.4488716,7.04297185677386e-06
187.2522134,7.06275235157757e-06
188.0555552,7.08247384366628e-06
188.858897,7.1021365966433e-06
189.6622388,7.12174087254404e-06
190.4655806,7.14128693184761e-06
191.2689224,7.1607750334884e-06
192.0722642,7.18020543486749e-06
192.875606,7.199578391864e-06
193.6789478,7.2188941588463e-06
194.4822896,7.23815298868316e-06
195.2856314,7.25735513275477e-06
196.0889732,7.27650084096371e-06
196.892315,7.29559036174576e-06
197.6956568,7.31462394208063e-06
198.4989986,7.33360182750267e-06
199.3023404,7.35252426211138e-06
200.1056822,7.37139148858187e-06
200.909024,7.3902037481753e-06
201.7123658,7.40896128074907e-06
202.5157076,7.42766432476708e-06
203.3190494,7.44631311730983e-06
204.1223912,7.46490789408441e-06
204.925733,7.48344888943444e-06
205.7290748,7.50193633634993e-06
206.5324166,7.52037046647703e-06
207.3357584,7.5387515101277e-06
208.1391002,7.5570796962893e-06
208.942442,7.57535525263411e-06
209.7457838,7.59357840552876e-06
210.5491256,7.61174938004356e-06
211.3524674,7.62986839996178e-06
212.1558092,7.64793568778881e-06
212.959151,7.66595146476133e-06
213.7624928,7.68391595085625e-06
214.5658346,7.70182936479975e-06
215.3691764,7.71969192407611e-06
216.1725182,7.73750384493651e-06
216.97586,7.75526534240779e-06
217.7792018,7.77297663030106e-06
218.5825436,7.79063792122031e-06
219.3858854,7.8082494265709e-06
220.1892272,7.82581135656801e-06
220.992569,7.84332392024501e-06
221.7959108,7.86078732546172e-06
222.5992526,7.87820177891264e-06
223.4025944,7.89556748613516e-06
224.2059362,7.91288465151758e-06
225.009278,7.93015347830715e-06
225.8126198,7.94737416861804e-06
226.6159616,7.9645469234392e-06
227.4193034,7.9816719426422e-06
228.2226452,7.99874942498895e-06
229.025987,8.01577956813944e-06
229.8293288,8.03276256865934e-06
230.6326706,8.04969862202755e-06
231.4360124,8.06658792264372e-06
232.2393542,8.08343066383568e-06
233.042696,8.10022703786681e-06
233.8460378,8.11697723594337e-06
234.6493796,8.13368144822175e-06
235.4527214,8.15033986381568e-06
236.2560632,8.16695267080332e-06
237.059405,8.18352005623439e-06
237.8627468,8.20004220613716e-06
238.6660886,8.21651930552545e-06
239.4694304,8.23295153840547e-06
240.2727722,8.24933908778274e-06
241.076114,8.26568213566883e-06
241.8794558,8.28198086308813e-06
242.6827976,8.29823545008454e-06
243.4861394,8.31444607572805e-06
244.2894812,8.33061291812139e-06
245.092823,8.34673615440649e-06
245.8961648,8.36281596077096e-06
246.6995066,8.37885251245456e-06
247.5028484,8.39484598375549e-06
248.3061902,8.41079654803675e-06
249.109532,8.42670437773241e-06
249.9128738,8.44256964435379e-06
250.7162156,8.45839251849567e-06
251.5195574,8.47417316984233e-06
252.3228992,8.48991176717372e-06
253.126241,8.50560847837138e-06
253.9295828,8.52126347042447e-06
254.7329246,8.53687690943565e-06
255.5362664,8.55244896062701e-06
256.3396082,8.56797978834582e-06
257.14295,8.5834695560704e-06
257.9462918,8.59891842641579e-06
258.7496336,8.61432656113946e-06
259.5529754,8.62969412114696e-06
260.3563172,8.64502126649753e-06
261.159659,8.66030815640963e-06
261.9630008,8.67555494926648e-06
262.7663426,8.69076180262152e-06
263.5696844,8.70592887320383e-06
264.3730262,8.72105631692352e-06
265.176368,8.73614428887709e-06
265.9797098,8.75119294335269e-06
266.7830516,8.76620243383542e-06
267.5863934,8.78117291301251e-06
268.3897352,8.79610453277856e-06
269.193077,8.81099744424058e-06
269.9964188,8.82585179772319e-06
270.7997606,8.84066774277361e-06
271.6031024,8.85544542816669e-06
272.4064442,8.87018500190993e-06
273.209786,8.88488661124836e-06
274.0131278,8.89955040266948e-06
274.8164696,8.91417652190814e-06
275.6198114,8.92876511395133e-06
276.4231532,8.94331632304298e-06
277.226495,8.95783029268873e-06
278.0298368,8.97230716566066e-06
278.8331786,8.98674708400191e-06
279.6365204,9.00115018903141e-06
280.4398622,9.01551662134841e-06
281.243204,9.02984652083712e-06
282.0465458,9.0441400266712e-06
282.8498876,9.0583972773183e-06
283.6532294,9.07261841054453e-06
284.4565712,9.08680356341885e-06
285.259913,9.10095287231755e-06
286.0632548,9.11506647292856e-06
286.8665966,9.12914450025581e-06
287.6699384,9.14318708862353e-06
288.4732802,9.15719437168054e-06
289.276622,9.17116648240446e-06
290.0799638,9.18510355310593e-06
290.8833056,9.19900571543281e-06
291.6866474,9.21287310037428e-06
292.4899892,9.226705838265e-06
293.293331,9.24050405878915e-06
294.0966728,9.25426789098452e-06
294.9000146,9.26799746324651e-06
295.7033564,9.28169290333213e-06
296.5066982,9.29535433836398e-06
297.31004,9.30898189483414e-06
298.1133818,9.32257569860811e-06
298.9167236,9.33613587492867e-06
299.7200654,9.34966254841974e-06
300.5234072,9.36315584309018e-06
301.326749,9.37661588233759e-06
302.1300908,9.39004278895207e-06
302.9334326,9.40343668511997e-06
303.7367744,9.41679769242755e-06
304.5401162,9.43012593186471e-06
305.343458,9.44342152382862e-06
306.1467998,9.45668458812733e-06
306.9501416,9.46991524398342e-06
307.7534834,9.48311361003749e-06
308.5568252,9.49627980435181e-06
309.360167,9.50941394441372e-06
310.1635088,9.52251614713925e-06
310.9668506,9.5355865288765e-06
311.7701924,9.5486252054091e-06
312.5735342,9.56163229195965e-06
313.376876,9.57460790319313e-06
314.1802178,9.58755215322021e-06
314.9835596,9.60046515560065e-06
315.7869014,9.6133470233466e-06
316.5902432,9.62619786892587e-06
317.393585,9.63901780426527e-06
318.1969268,9.6518069407538e-06
319.0002686,9.66456538924589e-06
319.8036104,9.67729326006462e-06
320.6069522,9.68999066300489e-06
321.410294,9.70265770733657e-06
322.2136358,9.71529450180765e-06
323.0169776,9.72790115464732e-06
323.8203194,9.74047777356911e-06
324.6236612,9.75302446577391e-06
325.427003,9.76554133795305e-06
326.2303448,9.7780284962913e-06
327.0336866,9.79048604646989e-06
327.8370284,9.80291409366948e-06
328.6403702,9.81531274257313e-06
329.443712,9.82768209736922e-06
330.2470538,9.84002226175441e-06
331.0503956,9.85233333893647e-06
331.8537374,9.86461543163723e-06
332.6570792,9.8768686420954e-06
333.460421,9.88909307206939e-06
334.2637628,9.90128882284017e-06
335.0671046,9.91345599521404e-06
335.8704464,9.9255946895254e-06
336.6737882,9.93770500563954e-06
337.47713,9.94978704295534e-06
338.2804718,9.96184090040804e-06
339.0838136,9.97386667647186e-06
339.8871554,9.98586446916277e-06
340.6904972,9.99783437604111e-06
341.493839,1.00097764942142e-05
342.2971808,1.00216909203391e-05
343.1005226,1.0033577750625e-05
343.9038644,1.0045437080836e-05
344.7072062,1.00572690062936e-05
345.510548,1.00690736218792e-05
346.3138898,1.00808510220369e-05
347.1172316,1.00926013007757e-05
347.9205734,1.0104324551672e-05
348.7239152,1.01160208678723e-05
349.527257,1.01276903420958e-05
350.3305988,1.01393330666362e-05
351.1339406,1.01509491333649e-05
351.9372824,1.0162538633733e-05
352.7406242,1.01741016587736e-05
353.543966,1.01856382991046e-05
354.3473078,1.01971486449306e-05
355.1506496,1.02086327860457e-05
355.9539914,1.02200908118354e-05
356.7573332,1.02315228112794e-05
357.560675,1.02429288729532e-05
358.3640168,1.02543090850313e-05
359.1673586,1.02656635352887e-05
359.9707004,1.02769923111035e-05
360.7740422,1.02882954994591e-05
361.577384,1.02995731869466e-05
362.3807258,1.03108254597664e-05
363.1840676,1.03220524037313e-05
363.9874094,1.03332541042679e-05
364.7907512,1.03444306464192e-05
365.594093,1.03555821148466e-05
366.3974348,1.0366708593832e-05
367.2007766,1.037781016728e-05
368.0041184,1.03888869187202e-05
368.8074602,1.03999389313088e-05
369.610802,1.04109662878311e-05
370.4141438,1.04219690707035e-05
371.2174856,1.04329473619754e-05
372.0208274,1.04439012433314e-05
372.8241692,1.04548307960931e-05
373.627511,1.04657361012214e-05
374.4308528,1.04766172393185e-05
375.2341946,1.04874742906295e-05
376.0375364,1.04983073350447e-05
376.8408782,1.05091164521015e-05
377.64422,1.05199017209865e-05
378.4475618,1.0530663220537e-05
379.2509036,1.05414010292433e-05
380.0542454,1.05521152252506e-05
380.8575872,1.05628058863606e-05
381.660929,1.05734730900337e-05
382.4642708,1.05841169133907e-05
383.2676126,1.05947374332148e-05
384.0709544,1.06053347259531e-05
384.8742962,1.0615908867719e-05
385.677638,1.06264599342936e-05
386.4809798,1.06369880011274e-05
387.2843216,1.06474931433426e-05
388.0876634,1.06579754357345e-05
388.8910052,1.06684349527734e-05
389.694347,1.06788717686062e-05
390.4976888,1.06892859570585e-05
391.3010306,1.0699677591636e-05
392.1043724,1.07100467455265e-05
392.9077142,1.07203934916013e-05
393.711056,1.07307179024172e-05
394.5143978,1.07410200502181e-05
395.3177396,1.07513000069366e-05
396.1210814,1.07615578441957e-05
396.9244232,1.07717936333106e-05
397.727765,1.07820074452904e-05
398.5311068,1.07921993508393e-05
399.3344486,1.08023694203588e-05
400.1377904,1.08125177239487e-05
400.9411322,1.08226443314096e-05
401.744474,1.08327493122434e-05
402.5478158,1.08428327356559e-05
403.3511576,1.08528946705577e-05
404.1544994,1.0862935185566e-05
404.9578412,1.08729543490063e-05
405.761183,1.08829522289137e-05
406.5645248,1.08929288930346e-05
407.3678666,1.09028844088283e-05
408.1712084,1.09128188434681e-05
408.9745502,1.09227322638434e-05
409.777892,1.09326247365608e-05
410.5812338,1.09424963279458e-05
411.3845756,1.0952347104044e-05
412.1879174,1.0962177130623e-05
412.9912592,1.09719864731734e-05
413.794601,1.09817751969108e-05
414.5979428,1.09915433667764e-05
415.4012846,1.10012910474396e-05
416.2046264,1.10110183032983e-05
417.0079682,1.10207251984811e-05
417.81131,1.10304117968483e-05
418.6146518,1.10400781619933e-05
419.4179936,1.10497243572444e-05
420.2213354,1.10593504456656e-05
421.0246772,1.10689564900585e-05
421.828019,1.10785425529632e-05
422.6313608,1.10881086966602e-05
423.4347026,1.10976549831712e-05
424.2380444,1.11071814742608e-05
425.0413862,1.11166882314375e-05
425.844728,1.11261753159555e-05
426.6480698,1.11356427888156e-05
427.4514116,1.11450907107668e-05
428.2547534,1.11545191423072e-05
429.0580952,1.11639281436859e-05
429.861437,1.11733177749036e-05
430.6647788,1.11826880957145e-05
431.4681206,1.1192039165627e-05
432.2714624,1.12013710439054e-05
433.0748042,1.12106837895709e-05
433.878146,1.12199774614031e-05
434.6814878,1.12292521179409e-05
435.4848296,1.1238507817484e-05
436.2881714,1.12477446180939e-05
437.0915132,1.12569625775953e-05
437.894855,1.12661617535773e-05
438.6981968,1.12753422033945e-05
439.5015386,1.12845039841681e-05
440.3048804,1.12936471527875e-05
441.1082222,1.13027717659109e-05
441.911564,1.13118778799669e-05
442.7149058,1.13209655511556e-05
443.5182476,1.13300348354495e-05
444.3215894,1.1339085788595e-05
445.1249312,1.13481184661133e-05
445.928273,1.13571329233016e-05
446.7316148,1.13661292152342e-05
447.5349566,1.13751073967639e-05
448.3382984,1.13840675225225e-05
449.1416402,1.13930096469226e-05
449.944982,1.14019338241581e-05
450.7483238,1.14108401082059e-05
451.5516656,1.14197285528265e-05
452.3550074,1.14285992115651e-05
453.1583492,1.14374521377531e-05
453.961691,1.14462873845088e-05
454.7650328,1.14551050047385e-05
455.5683746,1.14639050511376e-05
456.3717164,1.14726875761917e-05
457.1750582,1.14814526321776e-05
457.9784,1.14902002711644e-05
