"ResDensity","N_TraitValue"
25,0.00642353112281582
26.95,0.00686228008500077
28.9,0.00729320632013297
30.85,0.0077165171939565
32.8,0.0081324128072425
34.75,0.00854108631118342
36.7,0.00894272420649799
38.65,0.00933750662722016
40.6,0.00972560761007917
42.55,0.0101071953503172
44.5,0.0104824324447344
46.45,0.0108514761226994
48.4,0.0112144784658149
50.35,0.0115715866168824
52.3,0.0119229429787704
54.25,0.0122686854037497
56.2,0.0126089473738252
58.15,0.01294385817256
60.1,0.0132735430488554
62.05,0.0135981233731238
64,0.0139177167862639
65.95,0.01423243734182
67.9,0.0145423956416897
69.85,0.014847698965716
71.8,0.0151484513954852
73.75,0.015444753932629
75.7,0.0157367046119149
77.65,0.0160243986093888
79.6,0.0163079283458227
81.55,0.0165873835857021
83.5,0.0168628515319761
85.45,0.017134416916781
87.4,0.0174021620883352
89.35,0.0176661670941916
91.3,0.0179265097610267
93.25,0.0181832657711311
95.2,0.0184365087357603
97.15,0.0186863102654958
99.1,0.0189327400377561
101.05,0.019175865861593
103,0.0194157537398987
104.95,0.0196524679291442
106.9,0.0198860709967616
108.85,0.0201166238762799
110.8,0.0203441859203136
112.75,0.0205688149515035
114.7,0.0207905673115
116.65,0.0210094979080764
118.6,0.0212256602604553
120.55,0.0214391065429261
122.5,0.0216498876268291
124.45,0.0218580531209758
126.4,0.0220636514105751
128.35,0.0222667296947266
130.3,0.0224673340225448
132.25,0.0226655093279705
134.2,0.0228612994633256
136.15,0.0230547472316631
138.1,0.0232458944179635
140.05,0.0234347818192245
142,0.0236214492734896
143.95,0.0238059356878594
145.9,0.0239882790655271
147.85,0.0241685165318763
149.8,0.024346684359681
151.75,0.0245228179934412
153.7,0.024696952072891
155.65,0.0248691204557092
157.6,0.0250393562394664
159.55,0.0252076917828363
161.5,0.0253741587261011
163.45,0.0255387880109773
165.4,0.0257016098997893
167.35,0.0258626539940141
169.3,0.0260219492522226
171.25,0.0261795240074389
173.2,0.0263354059839406
175.15,0.0264896223135206
177.1,0.0266421995512298
179.05,0.0267931636906211
181,0.0269425401785124
182.95,0.0270903539292858
184.9,0.0272366293387406
186.85,0.0273813902975164
188.8,0.0275246602041009
190.75,0.0276664619774379
192.7,0.0278068180691499
194.65,0.0279457504753887
196.6,0.028083280748327
198.55,0.0282194300073042
200.5,0.0283542189496374
202.45,0.0284876678611111
204.4,0.0286197966261545
206.35,0.0287506247377189
208.3,0.0288801713068643
210.25,0.0290084550720665
212.2,0.0291354944082522
214.15,0.0292613073355736
216.1,0.0293859115279293
218.05,0.0295093243212409
220,0.0296315627214939
221.95,0.0297526434125491
223.9,0.0298725827637341
225.85,0.0299913968372206
227.8,0.0301091013951952
229.75,0.0302257119068301
231.7,0.0303412435550605
233.65,0.0304557112431746
235.6,0.0305691296012224
237.55,0.0306815129922493
239.5,0.0307928755183594
241.45,0.0309032310266147
243.4,0.0310125931147746
245.35,0.0311209751368816
247.3,0.0312283902086971
249.25,0.0313348512129923
251.2,0.031440370804699
253.15,0.0315449614159246
255.1,0.0316486352608343
257.05,0.0317514043404067
259,0.0318532804470643
260.95,0.0319542751691845
262.9,0.032054399895494
264.85,0.0321536658193497
266.8,0.0322520839429106
268.75,0.0323496650812023
270.7,0.0324464198660791
272.65,0.0325423587500858
274.6,0.0326374920102214
276.55,0.0327318297516094
278.5,0.0328253819110758
280.45,0.0329181582606382
282.4,0.0330101684109087
284.35,0.0331014218144122
286.3,0.0331919277688243
288.25,0.0332816954201286
290.2,0.033370733765698
292.15,0.033459051657301
294.1,0.0335466578040348
296.05,0.033633560775189
298,0.0337197690030388
299.95,0.0338052907855733
301.9,0.0338901342891578
303.85,0.0339743075511332
305.8,0.0340578184823541
307.75,0.0341406748696676
309.7,0.0342228843783332
311.65,0.034304454554387
313.6,0.0343853928269507
315.55,0.0344657065104871
317.5,0.0345454028070035
319.45,0.0346244888082047
321.4,0.0347029714975966
323.35,0.0347808577525418
325.3,0.0348581543462689
327.25,0.0349348679498353
329.2,0.0350110051340473
331.15,0.0350865723713356
333.1,0.03516157603759
335.05,0.0352360224139521
337,0.0353099176885694
338.95,0.0353832679583094
340.9,0.0354560792304371
342.85,0.0355283574242542
344.8,0.0356001083727041
346.75,0.0356713378239405
348.7,0.0357420514428628
350.65,0.0358122548126178
352.6,0.035881953436069
354.55,0.035951152737235
356.5,0.036019858062696
358.45,0.0360880746829711
360.4,0.0361558077938661
362.35,0.0362230625177927
364.3,0.0362898439050599
366.25,0.0363561569351381
368.2,0.0364220065178968
370.15,0.0364873974948165
372.1,0.0365523346401753
374.05,0.0366168226622106
376,0.0366808662042577
377.95,0.0367444698458635
379.9,0.0368076381038787
381.85,0.0368703754335268
383.8,0.0369326862294518
385.75,0.036994574826744
387.7,0.0370560455019456
389.65,0.037117102474036
391.6,0.0371777499053966
393.55,0.0372379919027571
395.5,0.0372978325181222
397.45,0.0373572757496805
399.4,0.0374163255426946
401.35,0.037474985790374
403.3,0.0375332603347312
405.25,0.03759115296742
407.2,0.037648667430558
409.15,0.0377058074175333
411.1,0.0377625765737944
413.05,0.0378189784976264
415,0.0378750167409104
416.95,0.0379306948098699
418.9,0.0379860161658013
420.85,0.0380409842257918
422.8,0.0380956023634229
424.75,0.0381498739094603
426.7,0.0382038021525312
428.65,0.0382573903397886
430.6,0.038310641677563
432.55,0.0383635593320018
434.5,0.038416146429697
436.45,0.038468406058301
438.4,0.0385203412671307
440.35,0.0385719550677609
442.3,0.0386232504346062
444.25,0.0386742303054926
446.2,0.0387248975822181
448.15,0.0387752551311036
450.1,0.0388253057835331
452.05,0.0388750523364849
454,0.038924497553052
455.95,0.0389736441629539
457.9,0.0390224948630394
459.85,0.0390710523177792
461.8,0.0391193191597507
463.75,0.0391672979901141
465.7,0.0392149913790788
467.65,0.0392624018663634
469.6,0.0393095319616457
471.55,0.0393563841450061
473.5,0.0394029608673622
475.45,0.0394492645508965
477.4,0.0394952975894763
479.35,0.0395410623490659
481.3,0.0395865611681325
483.25,0.039631796358044
485.2,0.0396767702034606
487.15,0.0397214849627198
489.1,0.0397659428682137
491.05,0.0398101461267611
493,0.0398540969199725
494.95,0.0398977974046089
496.9,0.0399412497129347
498.85,0.0399844559530644
500.8,0.0400274182093039
502.75,0.0400701385424851
504.7,0.0401126189902958
506.65,0.0401548615676038
508.6,0.0401968682667751
510.55,0.0402386410579874
512.5,0.0402801818895378
514.45,0.0403214926881464
516.4,0.0403625753592534
518.35,0.0404034317873125
520.3,0.040444063836079
522.25,0.040484473348893
524.2,0.0405246621489586
526.15,0.0405646320396175
528.1,0.0406043848046193
530.05,0.0406439222083866
532,0.0406832459962758
533.95,0.0407223578948346
535.9,0.040761259612054
537.85,0.0407999528376174
539.8,0.040838439243145
541.75,0.0408767204824345
543.7,0.0409147981916983
545.65,0.0409526739897964
547.6,0.0409903494784655
549.55,0.0410278262425456
551.5,0.0410651058502015
553.45,0.0411021898531419
555.4,0.0411390797868344
557.35,0.0411757771707178
559.3,0.0412122835084105
561.25,0.0412486002879159
563.2,0.0412847289818246
565.15,0.0413206710475134
567.1,0.0413564279273412
569.05,0.0413920010488422
571,0.0414273918249157
572.95,0.0414626016540129
574.9,0.0414976319203217
576.85,0.0415324839939477
578.8,0.0415671592310928
580.75,0.0416016589742313
582.7,0.0416359845522831
584.65,0.0416701372807841
586.6,0.0417041184620547
588.55,0.0417379293853651
590.5,0.0417715713270983
592.45,0.0418050455509107
594.4,0.0418383533078906
596.35,0.0418714958367137
598.3,0.041904474363797
600.25,0.0419372901034497
602.2,0.0419699442580227
604.15,0.042002438018055
606.1,0.0420347725624186
608.05,0.0420669490584613
610,0.0420989686621467
611.95,0.0421308325181929
613.9,0.0421625417602089
615.85,0.0421940975108292
617.8,0.0422255008818459
619.75,0.0422567529743397
621.7,0.0422878548788081
623.65,0.0423188076752928
625.6,0.0423496124335043
627.55,0.0423802702129453
629.5,0.0424107820630322
631.45,0.0424411490232148
633.4,0.0424713721230942
635.35,0.0425014523825394
637.3,0.042531390811802
639.25,0.042561188411629
641.2,0.0425908461733748
643.15,0.0426203650791105
645.1,0.0426497461017331
647.05,0.0426789902050716
649,0.0427080983439928
650.95,0.0427370714645055
652.9,0.0427659105038624
654.85,0.0427946163906613
656.8,0.0428231900449452
658.75,0.0428516323783001
660.7,0.0428799442939522
662.65,0.0429081266868635
664.6,0.0429361804438261
666.55,0.0429641064435549
668.5,0.0429919055567799
670.45,0.0430195786463364
672.4,0.043047126567254
674.35,0.0430745501668454
676.3,0.0431018502847924
678.25,0.0431290277532324
680.2,0.0431560833968423
682.15,0.0431830180329222
684.1,0.0432098324714779
686.05,0.0432365275153018
688,0.043263103960053
689.95,0.0432895625943365
691.9,0.0433159041997814
693.85,0.0433421295511172
695.8,0.0433682394162506
697.75,0.0433942345563398
699.7,0.0434201157258687
701.65,0.0434458836727201
703.6,0.0434715391382473
705.55,0.0434970828573455
707.5,0.043522515558522
709.45,0.0435478379639654
711.4,0.0435730507896137
713.35,0.0435981547452222
715.3,0.0436231505344298
717.25,0.043648038854825
719.2,0.0436728203980103
721.15,0.043697495849667
723.1,0.0437220658896177
725.05,0.0437465311918893
727,0.0437708924247744
728.95,0.0437951502508921
730.9,0.043819305327248
732.85,0.0438433583052939
734.8,0.0438673098309861
736.75,0.043891160544843
738.7,0.0439149110820028
740.65,0.0439385620722792
742.6,0.0439621141402175
744.55,0.0439855679051496
746.5,0.0440089239812481
748.45,0.0440321829775799
750.4,0.0440553454981592
752.35,0.0440784121419999
754.3,0.0441013835031671
756.25,0.0441242601708281
758.2,0.0441470427293029
760.15,0.0441697317581138
762.1,0.0441923278320346
764.05,0.0442148315211391
766,0.0442372433908491
767.95,0.0442595640019818
769.9,0.0442817939107965
771.85,0.0443039336690408
773.8,0.0443259838239962
775.75,0.0443479449185233
777.7,0.0443698174911064
779.65,0.0443916020758973
781.6,0.0444132992027591
783.55,0.0444349093973088
785.5,0.04445643318096
787.45,0.0444778710709646
789.4,0.0444992235804547
791.35,0.044520491218483
793.3,0.0445416744900634
795.25,0.0445627738962114
797.2,0.0445837899339829
799.15,0.0446047230965137
801.1,0.0446255738730581
803.05,0.0446463427490268
805,0.0446670302060246
806.95,0.0446876367218876
808.9,0.0447081627707203
810.85,0.0447286088229315
812.8,0.0447489753452706
814.75,0.0447692628008629
816.7,0.0447894716492449
818.65,0.0448096023463986
820.6,0.0448296553447865
822.55,0.0448496310933847
824.5,0.044869530037717
826.45,0.0448893526198877
828.4,0.0449090992786145
830.35,0.0449287704492609
832.3,0.0449483665638678
834.25,0.0449678880511858
836.2,0.044987335336706
838.15,0.045006708842691
840.1,0.0450260089882053
842.05,0.0450452361891461
844,0.0450643908582725
845.95,0.0450834734052353
847.9,0.0451024842366064
849.85,0.0451214237559074
851.8,0.0451402923636381
853.75,0.0451590904573052
855.7,0.0451778184314495
857.65,0.0451964766776743
859.6,0.0452150655846719
861.55,0.0452335855382513
863.5,0.0452520369213644
865.45,0.0452704201141326
867.4,0.0452887354938729
869.35,0.0453069834351236
871.3,0.0453251643096699
873.25,0.0453432784865694
875.2,0.0453613263321767
877.15,0.0453793082101681
879.1,0.0453972244815663
881.05,0.0454150755047644
883,0.0454328616355498
884.95,0.045450583227128
886.9,0.0454682406301457
888.85,0.0454858341927141
890.8,0.0455033642604317
892.75,0.0455208311764071
894.7,0.0455382352812811
896.65,0.0455555769132492
898.6,0.0455728564080831
900.55,0.0455900740991527
902.5,0.0456072303174474
904.45,0.0456243253915974
906.4,0.0456413596478945
908.35,0.0456583334103131
910.3,0.0456752470005305
912.25,0.0456921007379473
914.2,0.0457088949397076
916.15,0.045725629920719
918.1,0.0457423059936719
920.05,0.0457589234690593
922,0.0457754826551958
923.95,0.045791983858237
925.9,0.0458084273821982
927.85,0.045824813528973
929.8,0.0458411425983518
931.75,0.0458574148880403
933.7,0.0458736306936773
935.65,0.0458897903088527
937.6,0.0459058940251253
939.55,0.0459219421320402
941.5,0.0459379349171464
943.45,0.0459538726660136
945.4,0.0459697556622496
947.35,0.0459855841875167
949.3,0.0460013585215488
951.25,0.0460170789421676
953.2,0.0460327457252988
955.15,0.0460483591449886
957.1,0.0460639194734195
959.05,0.0460794269809259
961,0.0460948819360102
962.95,0.0461102846053579
964.9,0.0461256352538531
966.85,0.0461409341445937
968.8,0.0461561815389066
970.75,0.0461713776963621
972.7,0.0461865228747891
974.65,0.0462016173302894
976.6,0.0462166613172524
978.55,0.046231655088369
980.5,0.0462465988946462
982.45,0.0462614929854208
984.4,0.0462763376083732
986.35,0.0462911330095415
988.3,0.0463058794333348
990.25,0.0463205771225468
992.2,0.046335226318369
994.15,0.0463498272604038
996.1,0.0463643801866779
998.05,0.0463788853336551
1000,0.0463933429362489
