"ResDensity","N_TraitValue"
10,0.000931118453295029
10.3,0.000953460936362184
10.6,0.000975544425400139
10.9,0.000997373397845255
11.2,0.00101895222851854
11.5,0.00104028519254862
11.8,0.00106137646819534
12.1,0.00108223013957801
12.4,0.00110285019931183
12.7,0.00112324055105638
13,0.00114340501197923
13.3,0.00116334731513825
13.6,0.00118307111178559
13.9,0.00120257997359628
14.2,0.00122187739482444
14.5,0.00124096679438969
14.8,0.00125985151789655
15.1,0.00127853483958908
15.4,0.0012970199642435
15.7,0.00131531002900071
16,0.00133340810514123
16.3,0.00135131719980452
16.6,0.00136904025765465
16.9,0.00138658016249439
17.2,0.00140393973882954
17.5,0.00142112175338518
17.8,0.00143812891657569
18.1,0.00145496388393009
18.4,0.00147162925747433
18.7,0.001488127587072
19,0.00150446137172489
19.3,0.00152063306083492
19.6,0.00153664505542857
19.9,0.00155249970934532
20.2,0.00156819933039116
20.5,0.00158374618145846
20.8,0.00159914248161326
21.1,0.00161439040715121
21.4,0.00162949209262306
21.7,0.00164444963183075
22,0.00165926507879527
22.3,0.00167394044869685
22.6,0.0016884777187888
22.9,0.00170287882928555
23.2,0.00171714568422592
23.5,0.00173128015231231
23.8,0.00174528406772666
24.1,0.00175915923092395
24.4,0.0017729074094038
24.7,0.0017865303384611
25,0.00180002972191614
25.3,0.00181340723282502
25.6,0.00182666451417083
25.9,0.00183980317953639
26.2,0.0018528248137589
26.5,0.00186573097356723
26.8,0.00187852318820234
27.1,0.00189120296002131
27.4,0.00190377176508554
27.7,0.00191623105373352
28,0.00192858225113878
28.3,0.0019408267578533
28.6,0.00195296595033695
28.9,0.00196500118147329
29.2,0.00197693378107221
29.5,0.00198876505635974
29.8,0.00200049629245544
30.1,0.00201212875283775
30.4,0.0020236636797976
30.7,0.00203510229488069
31,0.00204644579931872
31.3,0.00205769537444993
31.6,0.00206885218212918
31.9,0.00207991736512802
32.2,0.00209089204752482
32.5,0.00210177733508552
32.8,0.00211257431563494
33.1,0.00212328405941925
33.4,0.00213390761945958
33.7,0.00214444603189719
34,0.00215490031633032
34.3,0.00216527147614306
34.6,0.00217556049882637
34.9,0.00218576835629152
35.2,0.00219589600517612
35.5,0.00220594438714298
35.8,0.00221591442917202
36.1,0.00222580704384527
36.4,0.00223562312962539
36.7,0.00224536357112763
37,0.00225502923938563
37.3,0.00226462099211102
37.6,0.00227413967394721
37.9,0.00228358611671726
38.2,0.00229296113966626
38.5,0.00230226554969814
38.8,0.00231150014160718
39.1,0.00232066569830437
39.4,0.00232976299103862
39.7,0.00233879277961314
40,0.00234775581259696
40.3,0.00235665282753181
40.6,0.0023654845511344
40.9,0.00237425169949435
41.2,0.00238295497826767
41.5,0.00239159508286616
41.8,0.00240017269864259
42.1,0.00240868850107194
42.4,0.00241714315592872
42.7,0.00242553731946048
43,0.00243387163855761
43.3,0.00244214675091952
43.6,0.00245036328521731
43.9,0.00245852186125295
44.2,0.00246662309011515
44.5,0.00247466757433195
44.8,0.00248265590802011
45.1,0.00249058867703132
45.4,0.0024984664590955
45.7,0.00250628982396101
46,0.00251405933353203
46.3,0.00252177554200308
46.6,0.0025294389959908
46.9,0.00253705023466305
47.2,0.00254460978986532
47.5,0.00255211818624464
47.8,0.00255957594137098
48.1,0.00256698356585612
48.4,0.00257434156347024
48.7,0.0025816504312561
49,0.00258891065964099
49.3,0.00259612273254638
49.6,0.0026032871274955
49.9,0.00261040431571869
50.2,0.00261747476225676
50.5,0.00262449892606223
50.8,0.00263147726009869
51.1,0.00263841021143815
51.4,0.00264529822135651
51.7,0.00265214172542718
52,0.00265894115361294
52.3,0.00266569693035594
52.6,0.00267240947466604
52.9,0.00267907920020745
53.2,0.0026857065153837
53.5,0.002692291823421
53.8,0.00269883552245
54.1,0.00270533800558608
54.4,0.00271179966100803
54.7,0.00271822087203531
55,0.00272460201720386
55.3,0.00273094347034045
55.6,0.00273724560063575
55.9,0.00274350877271591
56.2,0.00274973334671293
56.5,0.00275591967833366
56.8,0.00276206811892757
57.1,0.00276817901555328
57.4,0.00277425271104383
57.7,0.00278028954407084
58,0.00278628984920743
58.3,0.00279225395699003
58.6,0.00279818219397909
58.9,0.00280407488281868
59.2,0.00280993234229502
59.5,0.00281575488739397
59.8,0.0028215428293575
60.1,0.00282729647573915
60.4,0.00283301613045847
60.7,0.00283870209385462
61,0.00284435466273883
61.3,0.00284997413044615
61.6,0.00285556078688612
61.9,0.00286111491859267
62.2,0.00286663680877308
62.5,0.00287212673735613
62.8,0.00287758498103942
63.1,0.00288301181333584
63.4,0.00288840750461923
63.7,0.00289377232216936
64,0.00289910653021598
64.3,0.00290441038998225
64.6,0.00290968415972738
64.9,0.00291492809478853
65.2,0.00292014244762203
65.5,0.00292532746784391
65.8,0.00293048340226969
66.1,0.0029356104949536
66.4,0.00294070898722704
66.7,0.00294577911773647
67,0.00295082112248064
67.3,0.00295583523484722
67.6,0.00296082168564878
67.9,0.00296578070315826
68.2,0.00297071251314373
68.5,0.00297561733890274
68.8,0.00298049540129594
69.1,0.00298534691878029
69.4,0.00299017210744166
69.7,0.00299497118102687
70,0.00299974435097532
70.3,0.00300449182644998
70.6,0.003009213814368
70.9,0.00301391051943073
71.2,0.00301858214415331
71.5,0.0030232288888938
71.8,0.00302785095188179
72.1,0.00303244852924662
72.4,0.0030370218150451
72.7,0.00304157100128882
73,0.00304609627797103
73.3,0.0030505978330931
73.6,0.00305507585269051
73.9,0.00305953052085854
74.2,0.00306396201977744
74.5,0.00306837052973733
74.8,0.00307275622916257
75.1,0.00307711929463592
75.4,0.00308145990092216
75.7,0.00308577822099148
76,0.00309007442604243
76.3,0.00309434868552455
76.6,0.00309860116716067
76.9,0.0031028320369688
77.2,0.00310704145928378
77.5,0.00311122959677853
77.8,0.00311539661048504
78.1,0.00311954265981496
78.4,0.00312366790257997
78.7,0.00312777249501179
79,0.00313185659178188
79.3,0.00313592034602092
79.6,0.0031399639093379
79.9,0.00314398743183898
80.2,0.00314799106214611
80.5,0.00315197494741528
80.8,0.00315593923335457
81.1,0.00315988406424191
81.4,0.00316380958294257
81.7,0.00316771593092646
82,0.00317160324828506
82.3,0.00317547167374819
82.6,0.00317932134470053
82.9,0.00318315239719788
83.2,0.00318696496598317
83.5,0.00319075918450225
83.8,0.00319453518491952
84.1,0.00319829309813321
84.4,0.00320203305379051
84.7,0.00320575518030254
85,0.00320945960485898
85.3,0.00321314645344259
85.6,0.00321681585084349
85.9,0.00322046792067324
86.2,0.0032241027853787
86.5,0.00322772056625575
86.8,0.00323132138346276
87.1,0.00323490535603388
87.4,0.00323847260189221
87.7,0.00324202323786266
88,0.00324555737968476
88.3,0.00324907514202522
88.6,0.00325257663849032
88.9,0.00325606198163817
89.2,0.00325953128299071
89.5,0.00326298465304569
89.8,0.00326642220128832
90.1,0.0032698440362029
90.4,0.00327325026528421
90.7,0.00327664099504874
91,0.00328001633104586
91.3,0.0032833763778687
91.6,0.00328672123916499
91.9,0.00329005101764772
92.2,0.00329336581510566
92.5,0.00329666573241368
92.8,0.00329995086954306
93.1,0.00330322132557153
93.4,0.00330647719869326
93.7,0.00330971858622865
94,0.00331294558463409
94.3,0.00331615828951146
94.6,0.00331935679561761
94.9,0.00332254119687368
95.2,0.00332571158637426
95.5,0.00332886805639651
95.8,0.00333201069840905
96.1,0.00333513960308087
96.4,0.00333825486028999
96.7,0.00334135655913208
97,0.00334444478792899
97.3,0.00334751963423707
97.6,0.0033505811848555
97.9,0.00335362952583445
98.2,0.00335666474248309
98.5,0.00335968691937762
98.8,0.00336269614036909
99.1,0.00336569248859113
99.4,0.00336867604646768
99.7,0.00337164689572047
100,0.00337460511737652
100.3,0.00337755079177549
100.6,0.00338048399857699
100.9,0.0033834048167677
101.2,0.00338631332466853
101.5,0.00338920959994156
101.8,0.00339209371959697
102.1,0.00339496575999991
102.4,0.00339782579687716
102.7,0.00340067390532385
103,0.00340351015981002
103.3,0.00340633463418708
103.6,0.00340914740169426
103.9,0.0034119485349649
104.2,0.00341473810603276
104.5,0.00341751618633812
104.8,0.00342028284673394
105.1,0.00342303815749187
105.4,0.00342578218830817
105.7,0.00342851500830961
106,0.00343123668605929
106.3,0.00343394728956235
106.6,0.00343664688627162
106.9,0.00343933554309326
107.2,0.00344201332639227
107.5,0.00344468030199791
107.8,0.00344733653520917
108.1,0.00344998209080001
108.4,0.00345261703302473
108.7,0.00345524142562306
109,0.00345785533182539
109.3,0.0034604588143578
109.6,0.0034630519354471
109.9,0.00346563475682576
110.2,0.00346820733973684
110.5,0.00347076974493882
110.8,0.00347332203271038
111.1,0.00347586426285513
111.4,0.00347839649470625
111.7,0.00348091878713118
112,0.00348343119853611
112.3,0.00348593378687052
112.6,0.00348842660963162
112.9,0.00349090972386879
113.2,0.00349338318618788
113.5,0.00349584705275556
113.8,0.00349830137930351
114.1,0.00350074622113271
114.4,0.00350318163311752
114.7,0.00350560766970979
115,0.00350802438494298
115.3,0.0035104318324361
115.6,0.00351283006539772
115.9,0.00351521913662987
116.2,0.00351759909853191
116.5,0.00351997000310438
116.8,0.0035223319019528
117.1,0.00352468484629135
117.4,0.00352702888694665
117.7,0.00352936407436138
118,0.00353169045859787
118.3,0.00353400808934176
118.6,0.00353631701590546
118.9,0.00353861728723166
119.2,0.00354090895189684
119.5,0.00354319205811464
119.8,0.00354546665373923
120.1,0.00354773278626871
120.4,0.00354999050284836
120.7,0.00355223985027395
121,0.00355448087499496
121.3,0.00355671362311774
121.6,0.00355893814040875
121.9,0.00356115447229761
122.2,0.00356336266388024
122.5,0.00356556275992191
122.8,0.00356775480486024
123.1,0.00356993884280822
123.4,0.00357211491755718
123.7,0.00357428307257965
124,0.00357644335103236
124.3,0.003578595795759
124.6,0.00358074044929311
124.9,0.00358287735386089
125.2,0.00358500655138391
125.5,0.00358712808348194
125.8,0.00358924199147558
126.1,0.00359134831638898
126.4,0.00359344709895251
126.7,0.00359553837960534
127,0.00359762219849809
127.3,0.00359969859549535
127.6,0.00360176761017825
127.9,0.00360382928184699
128.2,0.00360588364952329
128.5,0.00360793075195286
128.8,0.00360997062760786
129.1,0.00361200331468931
129.4,0.00361402885112944
129.7,0.00361604727459407
130,0.00361805862248495
130.3,0.00362006293194208
130.6,0.00362206023984597
130.9,0.0036240505828199
131.2,0.00362603399723219
131.5,0.00362801051919839
131.8,0.00362998018458349
132.1,0.00363194302900406
132.4,0.00363389908783043
132.7,0.0036358483961888
133,0.00363779098896332
133.3,0.00363972690079824
133.6,0.00364165616609987
133.9,0.00364357881903871
134.2,0.00364549489355142
134.5,0.0036474044233428
134.8,0.00364930744188784
135.1,0.00365120398243358
135.4,0.00365309407800112
135.7,0.00365497776138751
136,0.00365685506516765
136.3,0.00365872602169615
136.6,0.00366059066310921
136.9,0.00366244902132647
137.2,0.00366430112805279
137.5,0.00366614701478011
137.8,0.00366798671278917
138.1,0.00366982025315134
138.4,0.00367164766673031
138.7,0.00367346898418388
139,0.00367528423596563
139.3,0.00367709345232664
139.6,0.00367889666331715
139.9,0.00368069389878827
140.2,0.00368248518839356
140.5,0.00368427056159071
140.8,0.00368605004764314
141.1,0.00368782367562161
141.4,0.00368959147440577
141.7,0.00369135347268577
142,0.00369310969896378
142.3,0.00369486018155554
142.6,0.00369660494859189
142.9,0.00369834402802027
143.2,0.00370007744760619
143.5,0.00370180523493473
143.8,0.00370352741741203
144.1,0.00370524402226669
144.4,0.00370695507655121
144.7,0.00370866060714345
145,0.003710360640748
145.3,0.00371205520389759
145.6,0.00371374432295448
145.9,0.00371542802411179
146.2,0.00371710633339491
146.5,0.00371877927666277
146.8,0.00372044687960925
147.1,0.00372210916776442
147.4,0.00372376616649589
147.7,0.00372541790101008
148,0.00372706439635352
148.3,0.00372870567741408
148.6,0.00373034176892226
148.9,0.00373197269545241
149.2,0.00373359848142396
149.5,0.00373521915110267
149.8,0.00373683472860177
150.1,0.00373844523788325
150.4,0.00374005070275895
150.7,0.00374165114689181
151,0.00374324659379698
151.3,0.003744837066843
151.6,0.00374642258925292
151.9,0.00374800318410546
152.2,0.0037495788743361
152.5,0.00375114968273821
152.8,0.00375271563196414
153.1,0.0037542767445263
153.4,0.00375583304279826
153.7,0.0037573845490158
154,0.00375893128527799
154.3,0.0037604732735482
154.6,0.00376201053565519
154.9,0.00376354309329411
155.2,0.00376507096802751
155.5,0.00376659418128638
155.8,0.00376811275437115
156.1,0.00376962670845266
156.4,0.00377113606457314
156.7,0.00377264084364724
157,0.00377414106646292
157.3,0.00377563675368247
157.6,0.0037771279258434
157.9,0.00377861460335946
158.2,0.00378009680652149
158.5,0.00378157455549837
158.8,0.00378304787033799
159.1,0.00378451677096805
159.4,0.00378598127719706
159.7,0.00378744140871516
160,0.00378889718509506
