"ResDensity","N_TraitValue"
10,0.000101428051631997
10.38,0.000104623077905081
10.76,0.000107778340969461
11.14,0.000110894578534967
11.52,0.000113972510175037
11.9,0.000117012837880656
12.28,0.000120016246594119
12.66,0.000122983404723473
13.04,0.00012591496463843
13.42,0.000128811563148549
13.8,0.000131673821964407
14.18,0.000134502348142464
14.56,0.000137297734514291
14.94,0.000140060560100804
15.32,0.000142791390512098
15.7,0.000145490778333481
16.08,0.000148159263498239
16.46,0.00015079737364768
16.84,0.00015340562447895
17.22,0.000155984520081099
17.6,0.000158534553259876
17.98,0.000161056205851668
18.36,0.000163549949027024
18.74,0.000166016243584146
19.12,0.000168455540232753
19.5,0.000170868279868667
19.88,0.000173254893839477
20.26,0.00017561580420163
20.64,0.000177951423969245
21.02,0.000180262157354987
21.4,0.000182548400003275
21.78,0.000184810539216115
22.16,0.000187048954171829
22.54,0.000189264016136936
22.92,0.000191456088671441
23.3,0.000193625527827755
23.68,0.000195772682343499
24.06,0.000197897893828384
24.44,0.000200001496945396
24.82,0.000202083819586487
25.2,0.000204145183042949
25.58,0.000206185902170684
25.96,0.000208206285550518
26.34,0.000210206635643758
26.72,0.000212187248943141
27.1,0.000214148416119333
27.48,0.000216090422163138
27.86,0.000218013546523559
28.24,0.00021991806324185
28.62,0.000221804241081695
29,0.000223672343655648
29.38,0.000225522629547951
29.76,0.000227355352433855
30.14,0.000229170761195564
30.52,0.000230969100034905
30.9,0.00023275060858283
31.28,0.000234515522005871
31.66,0.000236264071109615
32.04,0.000237996482439335
32.42,0.000239712978377828
32.8,0.000241413777240586
33.18,0.000243099093368354
33.56,0.000244769137217178
33.94,0.00024642411544602
34.32,0.000248064231002005
34.7,0.000249689683203382
35.08,0.000251300667820277
35.46,0.000252897377153295
35.84,0.000254480000110036
36.22,0.000256048722279604
36.6,0.00025760372600516
36.98,0.000259145190454571
37.36,0.000260673291689233
37.74,0.000262188202731104
38.12,0.000263690093628013
38.5,0.000265179131517289
38.88,0.000266655480687767
39.26,0.000268119302640212
39.64,0.000269570756146213
40.02,0.000271009997305592
40.4,0.000272437179602365
40.78,0.00027385245395931
41.16,0.000275255968791167
41.54,0.000276647870056522
41.92,0.000278028301308405
42.3,0.00027939740374365
42.68,0.000280755316251031
43.06,0.000282102175458238
43.44,0.000283438115777698
43.82,0.000284763269451294
44.2,0.000286077766594002
44.58,0.000287381735236476
44.96,0.000288675301366626
45.34,0.000289958588970186
45.72,0.000291231720070338
46.1,0.000292494814766386
46.48,0.000293747991271523
46.86,0.000294991365949714
47.24,0.000296225053351713
47.62,0.000297449166250244
48,0.000298663815674367
48.38,0.000299869110943044
48.76,0.000301065159697942
49.14,0.000302252067935475
49.52,0.00030342994003812
49.9,0.000304598878805018
50.28,0.000305758985481882
50.66,0.000306910359790229
51.04,0.000308053099955953
51.42,0.000309187302737265
51.8,0.000310313063451997
52.18,0.00031143047600431
52.56,0.000312539632910802
52.94,0.000313640625326043
53.32,0.000314733543067552
53.7,0.000315818474640214
54.08,0.000316895507260181
54.46,0.000317964726878237
54.84,0.000319026218202666
55.22,0.000320080064721623
55.6,0.000321126348725023
55.98,0.000322165151325961
56.36,0.000323196552481674
56.74,0.000324220631014056
57.12,0.000325237464629741
57.5,0.000326247129939753
57.88,0.000327249702478753
58.26,0.000328245256723873
58.64,0.000329233866113159
59.02,0.00033021560306363
59.4,0.000331190538988961
59.78,0.000332158744316801
60.16,0.000333120288505729
60.54,0.000334075240061868
60.92,0.000335023666555154
61.3,0.000335965634635272
61.68,0.000336901210047271
62.06,0.000337830457646862
62.44,0.0003387534414154
62.82,0.000339670224474574
63.2,0.000340580869100794
63.58,0.000341485436739294
63.96,0.000342383988017954
64.34,0.000343276582760843
64.72,0.000344163280001497
65.1,0.000345044137995936
65.48,0.000345919214235419
65.86,0.000346788565458957
66.24,0.000347652247665571
66.62,0.00034851031612632
67,0.000349362825396092
67.38,0.000350209829325164
67.76,0.000351051381070542
68.14,0.000351887533107083
68.52,0.000352718337238399
68.9,0.000353543844607559
69.28,0.000354364105707584
69.66,0.000355179170391738
70.04,0.000355989087883632
70.42,0.000356793906787135
70.8,0.000357593675096091
71.18,0.000358388440203865
71.56,0.000359178248912701
71.94,0.000359963147442915
72.32,0.000360743181441903
72.7,0.000361518395992999
73.08,0.000362288835624154
73.46,0.000363054544316468
73.84,0.000363815565512555
74.22,0.000364571942124758
74.6,0.000365323716543222
74.98,0.000366070930643804
75.36,0.000366813625795856
75.74,0.000367551842869857
76.12,0.00036828562224491
76.5,0.000369015003816105
76.88,0.00036974002700175
77.26,0.000370460730750471
77.64,0.000371177153548188
78.02,0.000371889333424965
78.4,0.000372597307961741
78.78,0.000373301114296937
79.16,0.000374000789132954
79.54,0.000374696368742551
79.92,0.000375387888975115
80.3,0.000376075385262818
80.68,0.00037675889262667
81.06,0.000377438445682466
81.44,0.000378114078646628
81.82,0.000378785825341952
82.2,0.000379453719203247
82.58,0.000380117793282888
82.96,0.000380778080256261
83.34,0.000381434612427131
83.72,0.000382087421732904
84.1,0.000382736539749808
84.48,0.000383381997697986
84.86,0.000384023826446496
85.24,0.000384662056518241
85.62,0.000385296718094797
86,0.00038592784102118
86.38,0.000386555454810519
86.76,0.00038717958864866
87.14,0.000387800271398685
87.52,0.000388417531605367
87.9,0.000389031397499544
88.28,0.000389641897002422
88.66,0.00039024905772981
89.04,0.00039085290699628
89.42,0.00039145347181927
89.8,0.000392050778923109
90.18,0.000392644854742981
90.56,0.000393235725428827
90.94,0.000393823416849179
91.32,0.000394407954594939
91.7,0.000394989363983092
92.08,0.000395567670060359
92.46,0.000396142897606797
92.84,0.000396715071139337
93.22,0.000397284214915267
93.6,0.00039785035293566
93.98,0.000398413508948748
94.36,0.000398973706453246
94.74,0.000399530968701613
95.12,0.000400085318703277
95.5,0.000400636779227797
95.88,0.000401185372807984
96.26,0.000401731121742966
96.64,0.000402274048101214
97.02,0.000402814173723513
97.4,0.000403351520225893
97.78,0.000403886109002512
98.16,0.000404417961228496
98.54,0.000404947097862732
98.92,0.000405473539650625
99.3,0.000405997307126809
99.68,0.000406518420617814
100.06,0.000407036900244696
100.44,0.000407552765925631
100.82,0.00040806603737846
101.2,0.000408576734123207
101.58,0.000409084875484546
101.96,0.000409590480594248
102.34,0.000410093568393574
102.72,0.000410594157635644
103.1,0.000411092266887769
103.48,0.000411587914533741
103.86,0.000412081118776101
104.24,0.000412571897638363
104.62,0.000413060268967211
105,0.000413546250434664
105.38,0.000414029859540203
105.76,0.000414511113612877
106.14,0.000414990029813369
106.52,0.000415466625136037
106.9,0.000415940916410925
107.28,0.000416412920305743
107.66,0.000416882653327821
108.04,0.000417350131826029
108.42,0.000417815371992682
108.8,0.0004182783898654
109.18,0.000418739201328959
109.56,0.000419197822117102
109.94,0.000419654267814333
110.32,0.00042010855385768
110.7,0.000420560695538437
111.08,0.00042101070800388
111.46,0.000421458606258957
111.84,0.000421904405167955
112.22,0.000422348119456149
112.6,0.000422789763711418
112.98,0.000423229352385846
113.36,0.000423666899797299
113.74,0.000424102420130978
114.12,0.000424535927440954
114.5,0.000424967435651678
114.88,0.000425396958559471
115.26,0.000425824509834
115.64,0.000426250103019718
116.02,0.000426673751537307
116.4,0.000427095468685076
116.78,0.000427515267640362
117.16,0.000427933161460898
117.54,0.000428349163086168
117.92,0.000428763285338743
118.3,0.000429175540925598
118.68,0.000429585942439409
119.06,0.000429994502359842
119.44,0.00043040123305481
119.82,0.000430806146781728
120.2,0.00043120925568874
120.58,0.000431610571815933
120.96,0.000432010107096541
121.34,0.000432407873358123
121.72,0.000432803882323732
122.1,0.000433198145613067
122.48,0.000433590674743609
122.86,0.000433981481131741
123.24,0.000434370576093858
123.62,0.000434757970847458
124,0.000435143676512217
124.38,0.000435527704111059
124.76,0.000435910064571201
125.14,0.00043629076872519
125.52,0.00043666982731193
125.9,0.000437047250977686
126.28,0.000437423050277085
126.66,0.0004377972356741
127.04,0.000438169817543016
127.42,0.000438540806169395
127.8,0.00043891021175102
128.18,0.000439278044398829
128.56,0.000439644314137838
128.94,0.000440009030908052
129.32,0.000440372204565363
129.7,0.000440733844882439
130.08,0.0004410939615496
130.46,0.000441452564175686
130.84,0.000441809662288907
131.22,0.000442165265337689
131.6,0.000442519382691511
131.98,0.000442872023641721
132.36,0.000443223197402354
132.74,0.000443572913110933
133.12,0.000443921179829261
133.5,0.000444268006544204
133.88,0.000444613402168463
134.26,0.00044495737554134
134.64,0.00044529993542949
135.02,0.000445641090527667
135.4,0.000445980849459458
135.78,0.000446319220778011
136.16,0.000446656212966752
136.54,0.000446991834440096
136.92,0.000447326093544143
137.3,0.000447658998557375
137.68,0.000447990557691335
138.06,0.000448320779091305
138.44,0.000448649670836973
138.82,0.000448977240943091
139.2,0.000449303497360124
139.58,0.000449628447974898
139.96,0.000449952100611232
140.34,0.000450274463030566
140.72,0.000450595542932583
141.1,0.000450915347955823
141.48,0.000451233885678283
141.86,0.000451551163618025
142.24,0.000451867189233757
142.62,0.000452181969925425
143,0.00045249551303479
143.38,0.000452807825845993
143.76,0.000453118915586126
144.14,0.000453428789425785
144.52,0.000453737454479623
144.9,0.000454044917806896
145.28,0.000454351186411995
145.66,0.000454656267244985
146.04,0.000454960167202128
146.42,0.0004552628931264
146.8,0.00045556445180801
147.18,0.000455864849984903
147.56,0.000456164094343264
147.94,0.000456462191518014
148.32,0.000456759148093299
148.7,0.000457054970602976
149.08,0.000457349665531093
149.46,0.000457643239312362
149.84,0.000457935698332626
150.22,0.000458227048929323
150.6,0.000458517297391944
150.98,0.000458806449962487
151.36,0.000459094512835902
151.74,0.000459381492160533
152.12,0.000459667394038559
152.5,0.000459952224526423
152.88,0.000460235989635261
153.26,0.000460518695331327
153.64,0.000460800347536405
154.02,0.00046108095212823
154.4,0.000461360514940892
154.78,0.000461639041765242
155.16,0.000461916538349291
155.54,0.000462193010398607
155.92,0.000462468463576703
156.3,0.000462742903505429
156.68,0.000463016335765349
157.06,0.00046328876589612
157.44,0.000463560199396872
157.82,0.000463830641726568
158.2,0.000464100098304381
158.58,0.000464368574510048
158.96,0.000464636075684229
159.34,0.000464902607128864
159.72,0.000465168174107525
160.1,0.000465432781845754
160.48,0.000465696435531416
160.86,0.00046595914031503
161.24,0.00046622090131011
161.62,0.000466481723593492
162,0.000466741612205667
162.38,0.000467000572151103
162.76,0.000467258608398564
163.14,0.000467515725881434
163.52,0.000467771929498026
163.9,0.000468027224111895
164.28,0.000468281614552146
164.66,0.000468535105613738
165.04,0.000468787702057784
165.42,0.000469039408611852
165.8,0.000469290229970259
166.18,0.00046954017079436
166.56,0.000469789235712842
166.94,0.000470037429322004
167.32,0.000470284756186043
167.7,0.000470531220837335
168.08,0.000470776827776708
168.46,0.000471021581473719
168.84,0.000471265486366925
169.22,0.00047150854686415
169.6,0.000471750767342749
169.98,0.000471992152149876
170.36,0.000472232705602739
170.74,0.000472472431988861
171.12,0.000472711335566331
171.5,0.000472949420564059
171.88,0.000473186691182025
172.26,0.000473423151591525
172.64,0.000473658805935417
173.02,0.000473893658328361
173.4,0.000474127712857061
173.78,0.000474360973580498
174.16,0.00047459344453017
174.54,0.00047482512971032
174.92,0.000475056033098167
175.3,0.000475286158644135
175.68,0.000475515510272078
176.06,0.000475744091879499
176.44,0.000475971907337777
176.82,0.000476198960492383
177.2,0.000476425255163093
177.58,0.000476650795144208
177.96,0.000476875584204762
178.34,0.000477099626088733
178.72,0.000477322924515251
179.1,0.000477545483178806
179.48,0.000477767305749447
179.86,0.000477988395872987
180.24,0.000478208757171203
180.62,0.000478428393242032
181,0.000478647307659768
181.38,0.000478865503975255
181.76,0.000479082985716081
182.14,0.000479299756386766
182.52,0.000479515819468949
182.9,0.00047973117842158
183.28,0.000479945836681097
183.66,0.000480159797661616
184.04,0.000480373064755107
184.42,0.000480585641331574
184.8,0.000480797530739236
185.18,0.000481008736304698
185.56,0.000481219261333129
185.94,0.000481429109108431
186.32,0.000481638282893413
186.7,0.000481846785929957
187.08,0.000482054621439189
187.46,0.000482261792621643
187.84,0.000482468302657422
188.22,0.000482674154706367
188.6,0.000482879351908215
188.98,0.000483083897382757
189.36,0.00048328779423
189.74,0.000483491045530319
190.12,0.000483693654344617
190.5,0.000483895623714476
190.88,0.000484096956662308
191.26,0.000484297656191507
191.64,0.0004844977252866
192.02,0.000484697166913394
192.4,0.00048489598401912
192.78,0.000485094179532582
193.16,0.000485291756364297
193.54,0.000485488717406643
193.92,0.000485685065533993
194.3,0.000485880803602861
194.68,0.000486075934452036
195.06,0.000486270460902723
195.44,0.000486464385758676
195.82,0.000486657711806336
196.2,0.000486850441814959
196.58,0.000487042578536754
196.96,0.000487234124707012
197.34,0.000487425083044234
197.72,0.000487615456250261
198.1,0.000487805247010403
198.48,0.000487994457993562
198.86,0.000488183091852359
199.24,0.00048837115122326
199.62,0.000488558638726693
200,0.000488745556967177
