"ResDensity","N_TraitValue"
25,0.00212751847989478
26.95,0.00212751848179957
28.9,0.00212751848344731
30.85,0.00212751848488675
32.8,0.00212751848615503
34.75,0.00212751848728098
36.7,0.00212751848828727
38.65,0.00212751848919203
40.6,0.00212751849000987
42.55,0.00212751849075275
44.5,0.00212751849143053
46.45,0.0021275184920514
48.4,0.00212751849262224
50.35,0.00212751849314886
52.3,0.00212751849363622
54.25,0.00212751849408853
56.2,0.00212751849450946
58.15,0.00212751849490216
60.1,0.00212751849526938
62.05,0.00212751849561351
64,0.00212751849593668
65.95,0.00212751849624073
67.9,0.00212751849652732
69.85,0.00212751849679791
71.8,0.0021275184970538
73.75,0.00212751849729616
75.7,0.00212751849752603
77.65,0.00212751849774436
79.6,0.00212751849795199
81.55,0.00212751849814969
83.5,0.00212751849833816
85.45,0.00212751849851803
87.4,0.00212751849868987
89.35,0.0021275184988542
91.3,0.00212751849901152
93.25,0.00212751849916226
95.2,0.00212751849930683
97.15,0.00212751849944559
99.1,0.00212751849957889
101.05,0.00212751849970704
103,0.00212751849983034
104.95,0.00212751849994906
106.9,0.00212751850006345
108.85,0.00212751850017374
110.8,0.00212751850028015
112.75,0.00212751850038288
114.7,0.00212751850048212
116.65,0.00212751850057803
118.6,0.0021275185006708
120.55,0.00212751850076056
122.5,0.00212751850084746
124.45,0.00212751850093165
126.4,0.00212751850101323
128.35,0.00212751850109233
130.3,0.00212751850116907
132.25,0.00212751850124355
134.2,0.00212751850131586
136.15,0.00212751850138609
138.1,0.00212751850145435
140.05,0.0021275185015207
142,0.00212751850158523
143.95,0.00212751850164802
145.9,0.00212751850170912
147.85,0.00212751850176862
149.8,0.00212751850182656
151.75,0.00212751850188302
153.7,0.00212751850193804
155.65,0.00212751850199168
157.6,0.002127518502044
159.55,0.00212751850209504
161.5,0.00212751850214484
163.45,0.00212751850219346
165.4,0.00212751850224093
167.35,0.0021275185022873
169.3,0.00212751850233259
171.25,0.00212751850237686
173.2,0.00212751850242013
175.15,0.00212751850246243
177.1,0.0021275185025038
179.05,0.00212751850254427
181,0.00212751850258387
182.95,0.00212751850262263
184.9,0.00212751850266057
186.85,0.00212751850269771
188.8,0.00212751850273409
190.75,0.00212751850276973
192.7,0.00212751850280464
194.65,0.00212751850283886
196.6,0.00212751850287239
198.55,0.00212751850290527
200.5,0.00212751850293751
202.45,0.00212751850296912
204.4,0.00212751850300014
206.35,0.00212751850303056
208.3,0.00212751850306042
210.25,0.00212751850308973
212.2,0.00212751850311849
214.15,0.00212751850314673
216.1,0.00212751850317446
218.05,0.0021275185032017
220,0.00212751850322845
221.95,0.00212751850325473
223.9,0.00212751850328056
225.85,0.00212751850330594
227.8,0.00212751850333088
229.75,0.0021275185033554
231.7,0.00212751850337951
233.65,0.00212751850340322
235.6,0.00212751850342653
237.55,0.00212751850344946
239.5,0.00212751850347202
241.45,0.00212751850349421
243.4,0.00212751850351605
245.35,0.00212751850353754
247.3,0.00212751850355869
249.25,0.00212751850357951
251.2,0.00212751850360001
253.15,0.00212751850362019
255.1,0.00212751850364006
257.05,0.00212751850365963
259,0.00212751850367891
260.95,0.0021275185036979
262.9,0.0021275185037166
264.85,0.00212751850373503
266.8,0.0021275185037532
268.75,0.00212751850377109
270.7,0.00212751850378874
272.65,0.00212751850380612
274.6,0.00212751850382326
276.55,0.00212751850384016
278.5,0.00212751850385683
280.45,0.00212751850387326
282.4,0.00212751850388946
284.35,0.00212751850390544
286.3,0.00212751850392121
288.25,0.00212751850393676
290.2,0.0021275185039521
292.15,0.00212751850396724
294.1,0.00212751850398217
296.05,0.00212751850399691
298,0.00212751850401146
299.95,0.00212751850402582
301.9,0.00212751850403999
303.85,0.00212751850405398
305.8,0.00212751850406779
307.75,0.00212751850408143
309.7,0.00212751850409489
311.65,0.00212751850410819
313.6,0.00212751850412132
315.55,0.00212751850413429
317.5,0.0021275185041471
319.45,0.00212751850415975
321.4,0.00212751850417225
323.35,0.0021275185041846
325.3,0.0021275185041968
327.25,0.00212751850420886
329.2,0.00212751850422077
331.15,0.00212751850423254
333.1,0.00212751850424418
335.05,0.00212751850425568
337,0.00212751850426704
338.95,0.00212751850427828
340.9,0.00212751850428938
342.85,0.00212751850430036
344.8,0.00212751850431122
346.75,0.00212751850432195
348.7,0.00212751850433257
350.65,0.00212751850434306
352.6,0.00212751850435344
354.55,0.00212751850436371
356.5,0.00212751850437386
358.45,0.00212751850438391
360.4,0.00212751850439384
362.35,0.00212751850440367
364.3,0.00212751850441339
366.25,0.00212751850442301
368.2,0.00212751850443252
370.15,0.00212751850444194
372.1,0.00212751850445126
374.05,0.00212751850446048
376,0.0021275185044696
377.95,0.00212751850447863
379.9,0.00212751850448757
381.85,0.00212751850449642
383.8,0.00212751850450518
385.75,0.00212751850451384
387.7,0.00212751850452243
389.65,0.00212751850453092
391.6,0.00212751850453933
393.55,0.00212751850454766
395.5,0.0021275185045559
397.45,0.00212751850456407
399.4,0.00212751850457215
401.35,0.00212751850458016
403.3,0.00212751850458809
405.25,0.00212751850459594
407.2,0.00212751850460372
409.15,0.00212751850461142
411.1,0.00212751850461905
413.05,0.00212751850462661
415,0.00212751850463409
416.95,0.00212751850464151
418.9,0.00212751850464886
420.85,0.00212751850465614
422.8,0.00212751850466335
424.75,0.0021275185046705
426.7,0.00212751850467758
428.65,0.00212751850468459
430.6,0.00212751850469155
432.55,0.00212751850469844
434.5,0.00212751850470527
436.45,0.00212751850471203
438.4,0.00212751850471874
440.35,0.00212751850472539
442.3,0.00212751850473198
444.25,0.00212751850473851
446.2,0.00212751850474498
448.15,0.0021275185047514
450.1,0.00212751850475776
452.05,0.00212751850476407
454,0.00212751850477032
455.95,0.00212751850477652
457.9,0.00212751850478267
459.85,0.00212751850478877
461.8,0.00212751850479481
463.75,0.0021275185048008
465.7,0.00212751850480674
467.65,0.00212751850481264
469.6,0.00212751850481848
471.55,0.00212751850482427
473.5,0.00212751850483002
475.45,0.00212751850483572
477.4,0.00212751850484138
479.35,0.00212751850484699
481.3,0.00212751850485255
483.25,0.00212751850485807
485.2,0.00212751850486354
487.15,0.00212751850486897
489.1,0.00212751850487436
491.05,0.0021275185048797
493,0.002127518504885
494.95,0.00212751850489026
496.9,0.00212751850489548
498.85,0.00212751850490065
500.8,0.00212751850490579
502.75,0.00212751850491089
504.7,0.00212751850491595
506.65,0.00212751850492097
508.6,0.00212751850492595
510.55,0.00212751850493089
512.5,0.00212751850493579
514.45,0.00212751850494066
516.4,0.00212751850494549
518.35,0.00212751850495029
520.3,0.00212751850495504
522.25,0.00212751850495977
524.2,0.00212751850496445
526.15,0.00212751850496911
528.1,0.00212751850497373
530.05,0.00212751850497831
532,0.00212751850498286
533.95,0.00212751850498738
535.9,0.00212751850499187
537.85,0.00212751850499632
539.8,0.00212751850500074
541.75,0.00212751850500513
543.7,0.00212751850500948
545.65,0.00212751850501381
547.6,0.0021275185050181
549.55,0.00212751850502237
551.5,0.0021275185050266
553.45,0.00212751850503081
555.4,0.00212751850503498
557.35,0.00212751850503913
559.3,0.00212751850504325
561.25,0.00212751850504733
563.2,0.00212751850505139
565.15,0.00212751850505543
567.1,0.00212751850505943
569.05,0.00212751850506341
571,0.00212751850506736
572.95,0.00212751850507128
574.9,0.00212751850507518
576.85,0.00212751850507905
578.8,0.00212751850508289
580.75,0.00212751850508671
582.7,0.0021275185050905
584.65,0.00212751850509427
586.6,0.00212751850509801
588.55,0.00212751850510173
590.5,0.00212751850510542
592.45,0.00212751850510909
594.4,0.00212751850511273
596.35,0.00212751850511635
598.3,0.00212751850511995
600.25,0.00212751850512352
602.2,0.00212751850512707
604.15,0.0021275185051306
606.1,0.0021275185051341
608.05,0.00212751850513759
610,0.00212751850514105
611.95,0.00212751850514449
613.9,0.0021275185051479
615.85,0.0021275185051513
617.8,0.00212751850515467
619.75,0.00212751850515802
621.7,0.00212751850516135
623.65,0.00212751850516466
625.6,0.00212751850516795
627.55,0.00212751850517122
629.5,0.00212751850517447
631.45,0.0021275185051777
633.4,0.00212751850518091
635.35,0.00212751850518409
637.3,0.00212751850518726
639.25,0.00212751850519041
641.2,0.00212751850519355
643.15,0.00212751850519666
645.1,0.00212751850519975
647.05,0.00212751850520283
649,0.00212751850520588
650.95,0.00212751850520892
652.9,0.00212751850521194
654.85,0.00212751850521494
656.8,0.00212751850521792
658.75,0.00212751850522089
660.7,0.00212751850522384
662.65,0.00212751850522677
664.6,0.00212751850522968
666.55,0.00212751850523258
668.5,0.00212751850523546
670.45,0.00212751850523832
672.4,0.00212751850524117
674.35,0.002127518505244
676.3,0.00212751850524682
678.25,0.00212751850524961
680.2,0.00212751850525239
682.15,0.00212751850525516
684.1,0.00212751850525791
686.05,0.00212751850526065
688,0.00212751850526336
689.95,0.00212751850526607
691.9,0.00212751850526876
693.85,0.00212751850527143
695.8,0.00212751850527409
697.75,0.00212751850527673
699.7,0.00212751850527936
701.65,0.00212751850528197
703.6,0.00212751850528457
705.55,0.00212751850528716
707.5,0.00212751850528973
709.45,0.00212751850529229
711.4,0.00212751850529483
713.35,0.00212751850529736
715.3,0.00212751850529987
717.25,0.00212751850530237
719.2,0.00212751850530486
721.15,0.00212751850530734
723.1,0.0021275185053098
725.05,0.00212751850531225
727,0.00212751850531468
728.95,0.0021275185053171
730.9,0.00212751850531951
732.85,0.00212751850532191
734.8,0.00212751850532429
736.75,0.00212751850532666
738.7,0.00212751850532902
740.65,0.00212751850533136
742.6,0.0021275185053337
744.55,0.00212751850533602
746.5,0.00212751850533833
748.45,0.00212751850534062
750.4,0.00212751850534291
752.35,0.00212751850534518
754.3,0.00212751850534744
756.25,0.00212751850534969
758.2,0.00212751850535193
760.15,0.00212751850535416
762.1,0.00212751850535637
764.05,0.00212751850535858
766,0.00212751850536077
767.95,0.00212751850536295
769.9,0.00212751850536512
771.85,0.00212751850536728
773.8,0.00212751850536943
775.75,0.00212751850537157
777.7,0.0021275185053737
779.65,0.00212751850537581
781.6,0.00212751850537792
783.55,0.00212751850538001
785.5,0.0021275185053821
787.45,0.00212751850538417
789.4,0.00212751850538624
791.35,0.00212751850538829
793.3,0.00212751850539034
795.25,0.00212751850539237
797.2,0.0021275185053944
799.15,0.00212751850539641
801.1,0.00212751850539842
803.05,0.00212751850540041
805,0.0021275185054024
806.95,0.00212751850540437
808.9,0.00212751850540634
810.85,0.00212751850540829
812.8,0.00212751850541024
814.75,0.00212751850541218
816.7,0.00212751850541411
818.65,0.00212751850541603
820.6,0.00212751850541794
822.55,0.00212751850541984
824.5,0.00212751850542173
826.45,0.00212751850542361
828.4,0.00212751850542549
830.35,0.00212751850542736
832.3,0.00212751850542921
834.25,0.00212751850543106
836.2,0.0021275185054329
838.15,0.00212751850543473
840.1,0.00212751850543655
842.05,0.00212751850543837
844,0.00212751850544017
845.95,0.00212751850544197
847.9,0.00212751850544376
849.85,0.00212751850544554
851.8,0.00212751850544731
853.75,0.00212751850544908
855.7,0.00212751850545084
857.65,0.00212751850545258
859.6,0.00212751850545432
861.55,0.00212751850545606
863.5,0.00212751850545778
865.45,0.0021275185054595
867.4,0.00212751850546121
869.35,0.00212751850546291
871.3,0.00212751850546461
873.25,0.00212751850546629
875.2,0.00212751850546797
877.15,0.00212751850546964
879.1,0.00212751850547131
881.05,0.00212751850547296
883,0.00212751850547461
884.95,0.00212751850547626
886.9,0.00212751850547789
888.85,0.00212751850547952
890.8,0.00212751850548114
892.75,0.00212751850548275
894.7,0.00212751850548436
896.65,0.00212751850548596
898.6,0.00212751850548755
900.55,0.00212751850548914
902.5,0.00212751850549072
904.45,0.00212751850549229
906.4,0.00212751850549386
908.35,0.00212751850549542
910.3,0.00212751850549697
912.25,0.00212751850549851
914.2,0.00212751850550005
916.15,0.00212751850550158
918.1,0.00212751850550311
920.05,0.00212751850550463
922,0.00212751850550614
923.95,0.00212751850550765
925.9,0.00212751850550915
927.85,0.00212751850551064
929.8,0.00212751850551213
931.75,0.00212751850551361
933.7,0.00212751850551509
935.65,0.00212751850551655
937.6,0.00212751850551802
939.55,0.00212751850551947
941.5,0.00212751850552093
943.45,0.00212751850552237
945.4,0.00212751850552381
947.35,0.00212751850552524
949.3,0.00212751850552667
951.25,0.00212751850552809
953.2,0.00212751850552951
955.15,0.00212751850553092
957.1,0.00212751850553232
959.05,0.00212751850553372
961,0.00212751850553511
962.95,0.0021275185055365
964.9,0.00212751850553788
966.85,0.00212751850553925
968.8,0.00212751850554062
970.75,0.00212751850554199
972.7,0.00212751850554335
974.65,0.0021275185055447
976.6,0.00212751850554605
978.55,0.00212751850554739
980.5,0.00212751850554873
982.45,0.00212751850555006
984.4,0.00212751850555139
986.35,0.00212751850555271
988.3,0.00212751850555403
990.25,0.00212751850555534
992.2,0.00212751850555664
994.15,0.00212751850555795
996.1,0.00212751850555924
998.05,0.00212751850556053
1000,0.00212751850556182
