"ResDensity","N_TraitValue"
38.6442,2.06101118167721e-05
39.2049632,2.08338367339953e-05
39.7657264,2.10559550405331e-05
40.3264896,2.12764839805288e-05
40.8872528,2.14954405522245e-05
41.448016,2.17128415123292e-05
42.0087792,2.19287033802932e-05
42.5695424,2.21430424424927e-05
43.1303056,2.23558747563257e-05
43.6910688,2.25672161542223e-05
44.251832,2.27770822475707e-05
44.8125952,2.29854884305611e-05
45.3733584,2.31924498839504e-05
45.9341216,2.33979815787478e-05
46.4948848,2.36020982798252e-05
47.055648,2.38048145494528e-05
47.6164112,2.40061447507624e-05
48.1771744,2.42061030511398e-05
48.7379376,2.4404703425548e-05
49.2987008,2.46019596597831e-05
49.859464,2.47978853536642e-05
50.4202272,2.49924939241593e-05
50.9809904,2.51857986084474e-05
51.5417536,2.53778124669206e-05
52.1025168,2.55685483861254e-05
52.66328,2.57580190816453e-05
53.2240432,2.59462371009274e-05
53.7848064,2.61332148260511e-05
54.3455696,2.63189644764448e-05
54.9063328,2.65034981115469e-05
55.467096,2.66868276334159e-05
56.0278592,2.686896478929e-05
56.5886224,2.70499211740953e-05
57.1493856,2.72297082329073e-05
57.7101488,2.74083372633632e-05
58.270912,2.75858194180289e-05
58.8316752,2.77621657067199e-05
59.3924384,2.79373869987782e-05
59.9532016,2.8111494025305e-05
60.5139648,2.82844973813522e-05
61.074728,2.84564075280712e-05
61.6354912,2.86272347948215e-05
62.1962544,2.87969893812399e-05
62.7570176,2.89656813592704e-05
63.3177808,2.91333206751561e-05
63.878544,2.92999171513943e-05
64.4393072,2.94654804886549e-05
65.0000704,2.96300202676636e-05
65.5608336,2.97935459510494e-05
66.1215968,2.99560668851594e-05
66.68236,3.01175923018387e-05
67.2431232,3.02781313201792e-05
67.8038864,3.04376929482355e-05
68.3646496,3.05962860847097e-05
68.9254128,3.07539195206058e-05
69.486176,3.09106019408539e-05
70.0469392,3.10663419259059e-05
70.6077024,3.12211479533009e-05
71.1684656,3.13750283992044e-05
71.7292288,3.15279915399185e-05
72.289992,3.16800455533658e-05
72.8507552,3.18311985205471e-05
73.4115184,3.19814584269728e-05
73.9722816,3.21308331640692e-05
74.5330448,3.22793305305601e-05
75.093808,3.24269582338243e-05
75.6545712,3.25737238912285e-05
76.2153344,3.27196350314381e-05
76.7760976,3.28646990957042e-05
77.3368608,3.30089234391288e-05
77.897624,3.31523153319079e-05
78.4583872,3.32948819605529e-05
79.0191504,3.34366304290917e-05
79.5799136,3.35775677602481e-05
80.1406768,3.37177008966023e-05
80.70144,3.38570367017304e-05
81.2622032,3.3995581961325e-05
81.8229664,3.4133343384297e-05
82.3837296,3.42703276038588e-05
82.9444928,3.44065411785881e-05
83.505256,3.45419905934757e-05
84.0660192,3.46766822609539e-05
84.6267824,3.48106225219088e-05
85.1875456,3.49438176466752e-05
85.7483088,3.50762738360153e-05
86.309072,3.52079972220809e-05
86.8698352,3.53389938693595e-05
87.4305984,3.54692697756054e-05
87.9913616,3.55988308727548e-05
88.5521248,3.57276830278264e-05
89.112888,3.58558320438068e-05
89.6736512,3.59832836605218e-05
90.2344144,3.61100435554932e-05
90.7951776,3.62361173447825e-05
91.3559408,3.63615105838193e-05
91.916704,3.64862287682183e-05
92.4774672,3.66102773345815e-05
93.0382304,3.67336616612885e-05
93.5989936,3.68563870692738e-05
94.1597568,3.69784588227917e-05
94.72052,3.70998821301688e-05
95.2812832,3.72206621445452e-05
95.8420464,3.73408039646029e-05
96.4028096,3.74603126352839e-05
96.9635728,3.7579193148496e-05
97.524336,3.7697450443808e-05
98.0850992,3.78150894091337e-05
98.6458624,3.79321148814055e-05
99.2066256,3.80485316472374e-05
99.7673888,3.81643444435775e-05
100.328152,3.82795579583506e-05
100.8889152,3.83941768310906e-05
101.4496784,3.85082056535635e-05
102.0104416,3.86216489703804e-05
102.5712048,3.87345112796013e-05
103.131968,3.88467970333297e-05
103.6927312,3.89585106382979e-05
104.2534944,3.90696564564438e-05
104.8142576,3.91802388054781e-05
105.3750208,3.9290261959444e-05
105.935784,3.93997301492673e-05
106.4965472,3.95086475632993e-05
107.0573104,3.96170183478506e-05
107.6180736,3.97248466077173e-05
108.1788368,3.98321364066994e-05
108.7396,3.99388917681113e-05
109.3003632,4.00451166752846e-05
109.8611264,4.01508150720638e-05
110.4218896,4.0255990863294e-05
110.9826528,4.03606479153023e-05
111.543416,4.04647900563709e-05
112.1041792,4.05684210772047e-05
112.6649424,4.06715447313904e-05
113.2257056,4.07741647358503e-05
113.7864688,4.08762847712888e-05
114.347232,4.09779084826322e-05
114.9079952,4.10790394794626e-05
115.4687584,4.11796813364452e-05
116.0295216,4.12798375937493e-05
116.5902848,4.1379511757464e-05
117.151048,4.14787073000065e-05
117.7118112,4.1577427660526e-05
118.2725744,4.16756762453009e-05
118.8333376,4.17734564281306e-05
119.3941008,4.18707715507217e-05
119.954864,4.19676249230685e-05
120.5156272,4.20640198238288e-05
121.0763904,4.21599595006935e-05
121.6371536,4.2255447170751e-05
122.1979168,4.23504860208478e-05
122.75868,4.24450792079419e-05
123.3194432,4.25392298594531e-05
123.8802064,4.26329410736075e-05
124.4409696,4.27262159197772e-05
125.0017328,4.28190574388156e-05
125.562496,4.29114686433877e-05
126.1232592,4.30034525182962e-05
126.6840224,4.30950120208026e-05
127.2447856,4.31861500809442e-05
127.8055488,4.32768696018468e-05
128.366312,4.33671734600327e-05
128.9270752,4.34570645057253e-05
129.4878384,4.3546545563148e-05
130.0486016,4.36356194308209e-05
130.6093648,4.37242888818523e-05
131.170128,4.3812556664226e-05
131.7308912,4.39004255010858e-05
132.2916544,4.39878980910155e-05
132.8524176,4.40749771083146e-05
133.4131808,4.41616652032715e-05
133.973944,4.4247965002432e-05
134.5347072,4.43338791088646e-05
135.0954704,4.44194101024226e-05
135.6562336,4.45045605400018e-05
136.2169968,4.45893329557955e-05
136.77776,4.46737298615461e-05
137.3385232,4.47577537467929e-05
137.8992864,4.48414070791171e-05
138.4600496,4.49246923043832e-05
139.0208128,4.50076118469776e-05
139.581576,4.50901681100435e-05
140.1423392,4.51723634757134e-05
140.7031024,4.52542003053381e-05
141.2638656,4.53356809397126e-05
141.8246288,4.54168076992997e-05
142.385392,4.54975828844502e-05
142.9461552,4.55780087756199e-05
143.5069184,4.56580876335847e-05
144.0676816,4.57378216996522e-05
144.6284448,4.5817213195871e-05
145.189208,4.58962643252369e-05
145.7499712,4.59749772718966e-05
146.3107344,4.60533542013493e-05
146.8714976,4.61313972606448e-05
147.4322608,4.62091085785799e-05
147.993024,4.62864902658918e-05
148.5537872,4.6363544415449e-05
149.1145504,4.64402731024407e-05
149.6753136,4.65166783845621e-05
150.2360768,4.65927623021992e-05
150.79684,4.66685268786099e-05
151.3576032,4.67439741201036e-05
151.9183664,4.68191060162183e-05
152.4791296,4.68939245398954e-05
153.0398928,4.69684316476523e-05
153.600656,4.70426292797531e-05
154.1614192,4.71165193603771e-05
154.7221824,4.7190103797785e-05
155.2829456,4.7263384484483e-05
155.8437088,4.73363632973856e-05
156.404472,4.74090420979751e-05
156.9652352,4.74814227324607e-05
157.5259984,4.7553507031934e-05
158.0867616,4.76252968125241e-05
158.6475248,4.76967938755496e-05
159.208288,4.77680000076696e-05
159.7690512,4.78389169810326e-05
160.3298144,4.79095465534231e-05
160.8905776,4.7979890468407e-05
161.4513408,4.80499504554755e-05
162.012104,4.81197282301863e-05
162.5728672,4.81892254943036e-05
163.1336304,4.82584439359371e-05
163.6943936,4.83273852296779e-05
164.2551568,4.83960510367341e-05
164.81592,4.8464443005064e-05
165.3766832,4.85325627695079e-05
165.9374464,4.86004119519184e-05
166.4982096,4.86679921612892e-05
167.0589728,4.87353049938824e-05
167.619736,4.88023520333538e-05
168.1804992,4.88691348508774e-05
168.7412624,4.89356550052679e-05
169.3020256,4.90019140431025e-05
169.8627888,4.906791349884e-05
170.423552,4.91336548949399e-05
170.9843152,4.91991397419791e-05
171.5450784,4.92643695387678e-05
172.1058416,4.93293457724636e-05
172.6666048,4.93940699186849e-05
173.227368,4.94585434416223e-05
173.7881312,4.9522767794149e-05
174.3488944,4.95867444179302e-05
174.9096576,4.96504747435308e-05
175.4704208,4.97139601905219e-05
176.031184,4.97772021675864e-05
176.5919472,4.98402020726233e-05
177.1527104,4.99029612928503e-05
177.7134736,4.9965481204906e-05
178.2742368,5.00277631749504e-05
178.835,5.00898085587643e-05
179.3957632,5.01516187018481e-05
179.9565264,5.02131949395183e-05
180.5172896,5.02745385970046e-05
181.0780528,5.03356509895442e-05
181.638816,5.03965334224762e-05
182.1995792,5.04571871913344e-05
182.7603424,5.05176135819393e-05
183.3211056,5.05778138704888e-05
183.8818688,5.06377893236482e-05
184.442632,5.0697541198639e-05
185.0033952,5.07570707433267e-05
185.5641584,5.08163791963076e-05
186.1249216,5.0875467786995e-05
186.6856848,5.09343377357038e-05
187.246448,5.09929902537347e-05
187.8072112,5.10514265434572e-05
188.3679744,5.11096477983919e-05
188.9287376,5.11676552032917e-05
189.4895008,5.12254499342219e-05
190.050264,5.128303315864e-05
190.6110272,5.13404060354745e-05
191.1717904,5.13975697152018e-05
191.7325536,5.14545253399242e-05
192.2933168,5.15112740434451e-05
192.85408,5.15678169513448e-05
193.4148432,5.16241551810545e-05
193.9756064,5.168028984193e-05
194.5363696,5.1736222035325e-05
195.0971328,5.17919528546625e-05
195.657896,5.18474833855061e-05
196.2186592,5.1902814705631e-05
196.7794224,5.19579478850934e-05
197.3401856,5.20128839862991e-05
197.9009488,5.20676240640727e-05
198.461712,5.2122169165724e-05
199.0224752,5.21765203311156e-05
199.5832384,5.22306785927289e-05
200.1440016,5.22846449757288e-05
200.7047648,5.23384204980294e-05
201.265528,5.23920061703571e-05
201.8262912,5.24454029963145e-05
202.3870544,5.24986119724428e-05
202.9478176,5.25516340882839e-05
203.5085808,5.26044703264416e-05
204.069344,5.26571216626426e-05
204.6301072,5.2709589065796e-05
205.1908704,5.27618734980535e-05
205.7516336,5.28139759148676e-05
206.3123968,5.286589726505e-05
206.87316,5.29176384908293e-05
207.4339232,5.29692005279077e-05
207.9946864,5.3020584305518e-05
208.5554496,5.30717907464787e-05
209.1162128,5.31228207672496e-05
209.676976,5.31736752779865e-05
210.2377392,5.32243551825954e-05
210.7985024,5.32748613787857e-05
211.3592656,5.33251947581236e-05
211.9200288,5.33753562060842e-05
212.480792,5.34253466021038e-05
213.0415552,5.34751668196309e-05
213.6023184,5.35248177261775e-05
214.1630816,5.35743001833692e-05
214.7238448,5.36236150469947e-05
215.284608,5.36727631670561e-05
215.8453712,5.37217453878167e-05
216.4061344,5.37705625478499e-05
216.9668976,5.3819215480087e-05
217.5276608,5.38677050118646e-05
218.088424,5.39160319649712e-05
218.6491872,5.39641971556939e-05
219.2099504,5.40122013948644e-05
219.7707136,5.40600454879043e-05
220.3314768,5.41077302348702e-05
220.89224,5.41552564304986e-05
221.4530032,5.42026248642494e-05
222.0137664,5.42498363203503e-05
222.5745296,5.42968915778397e-05
223.1352928,5.43437914106095e-05
223.696056,5.43905365874479e-05
224.2568192,5.4437127872081e-05
224.8175824,5.44835660232146e-05
225.3783456,5.45298517945753e-05
225.9391088,5.45759859349514e-05
226.499872,5.46219691882332e-05
227.0606352,5.46678022934529e-05
227.6213984,5.47134859848244e-05
228.1821616,5.47590209917822e-05
228.7429248,5.48044080390206e-05
229.303688,5.48496478465319e-05
229.8644512,5.48947411296444e-05
230.4252144,5.49396885990604e-05
230.9859776,5.49844909608932e-05
231.5467408,5.50291489167043e-05
232.107504,5.50736631635401e-05
232.6682672,5.51180343939679e-05
233.2290304,5.51622632961119e-05
233.7897936,5.52063505536888e-05
234.3505568,5.52502968460433e-05
234.91132,5.52941028481824e-05
235.4720832,5.53377692308105e-05
236.0328464,5.53812966603635e-05
236.5936096,5.54246857990425e-05
237.1543728,5.54679373048474e-05
237.715136,5.55110518316107e-05
238.2758992,5.55540300290295e-05
238.8366624,5.55968725426991e-05
239.3974256,5.56395800141447e-05
239.9581888,5.56821530808535e-05
240.518952,5.57245923763069e-05
241.0797152,5.57668985300111e-05
241.6404784,5.58090721675289e-05
242.2012416,5.58511139105103e-05
242.7620048,5.58930243767232e-05
243.322768,5.59348041800832e-05
243.8835312,5.59764539306841e-05
244.4442944,5.60179742348273e-05
245.0050576,5.60593656950513e-05
245.5658208,5.61006289101611e-05
246.126584,5.61417644752563e-05
246.6873472,5.61827729817609e-05
247.2481104,5.62236550174504e-05
247.8088736,5.62644111664807e-05
248.3696368,5.63050420094159e-05
248.9304,5.63455481232553e-05
249.4911632,5.63859300814612e-05
250.0519264,5.64261884539858e-05
250.6126896,5.64663238072983e-05
251.1734528,5.65063367044108e-05
251.734216,5.65462277049054e-05
252.2949792,5.65859973649597e-05
252.8557424,5.66256462373729e-05
253.4165056,5.66651748715915e-05
253.9772688,5.67045838137346e-05
254.538032,5.67438736066187e-05
255.0987952,5.67830447897834e-05
255.6595584,5.68220978995153e-05
256.2203216,5.6861033468873e-05
256.7810848,5.6899852027711e-05
257.341848,5.69385541027041e-05
257.9026112,5.69771402173709e-05
258.4633744,5.70156108920975e-05
259.0241376,5.7053966644161e-05
259.5849008,5.70922079877525e-05
260.145664,5.71303354340004e-05
260.7064272,5.71683494909928e-05
261.2671904,5.72062506638002e-05
261.8279536,5.7244039454498e-05
262.3887168,5.72817163621884e-05
262.94948,5.73192818830227e-05
263.5102432,5.73567365102229e-05
264.0710064,5.73940807341032e-05
264.6317696,5.74313150420916e-05
265.1925328,5.7468439918751e-05
265.753296,5.75054558458001e-05
266.3140592,5.75423633021346e-05
266.8748224,5.75791627638474e-05
267.4355856,5.76158547042493e-05
267.9963488,5.76524395938895e-05
268.557112,5.76889179005752e-05
269.1178752,5.7725290089392e-05
269.6786384,5.77615566227235e-05
270.2394016,5.77977179602708e-05
270.8001648,5.78337745590721e-05
271.360928,5.78697268735219e-05
271.9216912,5.790557535539e-05
272.4824544,5.79413204538404e-05
273.0432176,5.79769626154503e-05
273.6039808,5.80125022842285e-05
274.164744,5.80479399016338e-05
274.7255072,5.80832759065934e-05
275.2862704,5.8118510735521e-05
275.8470336,5.81536448223347e-05
276.4077968,5.81886785984749e-05
276.96856,5.8223612492922e-05
277.5293232,5.82584469322136e-05
278.0900864,5.82931823404623e-05
278.6508496,5.83278191393725e-05
279.2116128,5.83623577482579e-05
279.772376,5.8396798584058e-05
280.3331392,5.84311420613551e-05
280.8939024,5.8465388592391e-05
281.4546656,5.84995385870833e-05
282.0154288,5.85335924530419e-05
282.576192,5.8567550595585e-05
283.1369552,5.86014134177555e-05
283.6977184,5.86351813203369e-05
284.2584816,5.86688547018688e-05
284.8192448,5.87024339586628e-05
285.380008,5.87359194848182e-05
285.9407712,5.87693116722369e-05
286.5015344,5.88026109106396e-05
287.0622976,5.88358175875798e-05
287.6230608,5.88689320884598e-05
288.183824,5.89019547965452e-05
288.7445872,5.89348860929796e-05
289.3053504,5.89677263567994e-05
289.8661136,5.90004759649486e-05
290.4268768,5.90331352922926e-05
290.98764,5.90657047116331e-05
291.5484032,5.9098184593722e-05
292.1091664,5.91305753072755e-05
292.6699296,5.91628772189879e-05
293.2306928,5.9195090693546e-05
293.791456,5.9227216093642e-05
294.3522192,5.92592537799878e-05
294.9129824,5.92912041113282e-05
295.4737456,5.93230674444544e-05
296.0345088,5.93548441342169e-05
296.595272,5.93865345335394e-05
297.1560352,5.94181389934311e-05
297.7167984,5.94496578630004e-05
298.2775616,5.9481091489467e-05
298.8383248,5.95124402181751e-05
299.399088,5.95437043926062e-05
299.9598512,5.95748843543911e-05
300.5206144,5.96059804433228e-05
301.0813776,5.96369929973688e-05
301.6421408,5.9667922352683e-05
302.202904,5.96987688436182e-05
302.7636672,5.97295328027382e-05
303.3244304,5.97602145608292e-05
303.8851936,5.97908144469125e-05
304.4459568,5.98213327882554e-05
305.00672,5.98517699103835e-05
305.5674832,5.9882126137092e-05
306.1282464,5.99124017904573e-05
306.6890096,5.99425971908481e-05
307.2497728,5.9972712656937e-05
307.810536,6.00027485057119e-05
308.3712992,6.00327050524864e-05
308.9320624,6.00625826109117e-05
309.4928256,6.00923814929868e-05
310.0535888,6.01221020090699e-05
310.614352,6.01517444678888e-05
311.1751152,6.0181309176552e-05
311.7358784,6.02107964405588e-05
312.2966416,6.02402065638103e-05
312.8574048,6.02695398486194e-05
313.418168,6.02987965957216e-05
313.9789312,6.03279771042849e-05
314.5396944,6.03570816719202e-05
315.1004576,6.03861105946915e-05
315.6612208,6.04150641671257e-05
316.221984,6.04439426822226e-05
316.7827472,6.0472746431465e-05
317.3435104,6.05014757048283e-05
317.9042736,6.05301307907904e-05
318.4650368,6.0558711976341e-05
319.0258,6.05872195469917e-05
