"ResDensity","N_TraitValue"
10,0.000939775879218947
10.08,0.000947085520930082
10.16,0.000954391944628519
10.24,0.000961695152438849
10.32,0.000968995146483792
10.4,0.000976291928884199
10.48,0.000983585501759058
10.56,0.00099087586722549
10.64,0.000998163027398757
10.72,0.00100544698439226
10.8,0.00101272774031754
10.88,0.0010200052972843
10.96,0.00102727965740035
11.04,0.0010345508227717
11.12,0.00104181879550246
11.2,0.00104908357769494
11.28,0.00105634517144956
11.36,0.00106360357886493
11.44,0.00107085880203781
11.52,0.00107811084306311
11.6,0.00108535970403391
11.68,0.00109260538704146
11.76,0.00109984789417517
11.84,0.00110708722752261
11.92,0.00111432338916955
12,0.00112155638119991
12.08,0.00112878620569578
12.16,0.00113601286473744
12.24,0.00114323636040334
12.32,0.00115045669477012
12.4,0.0011576738699126
12.48,0.00116488788790379
12.56,0.00117209875081486
12.64,0.0011793064607152
12.72,0.00118651101967237
12.8,0.00119371242975215
12.88,0.00120091069301847
12.96,0.00120810581153351
13.04,0.0012152977873576
13.12,0.00122248662254931
13.2,0.00122967231916538
13.28,0.00123685487926077
13.36,0.00124403430488865
13.44,0.0012512105981004
13.52,0.00125838376094559
13.6,0.00126555379547202
13.68,0.00127272070372571
13.76,0.00127988448775088
13.84,0.00128704514958998
13.92,0.00129420269128366
14,0.00130135711487082
14.08,0.00130850842238857
14.16,0.00131565661587225
14.24,0.00132280169735541
14.32,0.00132994366886986
14.4,0.00133708253244562
14.48,0.00134421829011095
14.56,0.00135135094389235
14.64,0.00135848049581454
14.72,0.0013656069479005
14.8,0.00137273030217144
14.88,0.00137985056064683
14.96,0.00138696772534435
15.04,0.00139408179827996
15.12,0.00140119278146786
15.2,0.00140830067692049
15.28,0.00141540548664856
15.36,0.00142250721266101
15.44,0.00142960585696507
15.52,0.0014367014215662
15.6,0.00144379390846814
15.68,0.00145088331967286
15.76,0.00145796965718065
15.84,0.00146505292299
15.92,0.00147213311909772
16,0.00147921024749887
16.08,0.00148628431018677
16.16,0.00149335530915303
16.24,0.00150042324638753
16.32,0.00150748812387843
16.4,0.00151454994361217
16.48,0.00152160870757346
16.56,0.0015286644177453
16.64,0.00153571707610898
16.72,0.00154276668464407
16.8,0.00154981324532842
16.88,0.00155685676013819
16.96,0.00156389723104781
17.04,0.00157093466003003
17.12,0.00157796904905588
17.2,0.00158500040009467
17.28,0.00159202871511405
17.36,0.00159905399607993
17.44,0.00160607624495655
17.52,0.00161309546370646
17.6,0.00162011165429048
17.68,0.00162712481866778
17.76,0.00163413495879581
17.84,0.00164114207663035
17.92,0.00164814617412549
18,0.00165514725323364
18.08,0.0016621453159055
18.16,0.00166914036409014
18.24,0.0016761323997349
18.32,0.00168312142478548
18.4,0.00169010744118588
18.48,0.00169709045087844
18.56,0.00170407045580383
18.64,0.00171104745790104
18.72,0.0017180214591074
18.8,0.00172499246135857
18.88,0.00173196046658855
18.96,0.00173892547672968
19.04,0.00174588749371262
19.12,0.00175284651946639
19.2,0.00175980255591836
19.28,0.00176675560499421
19.36,0.001773705668618
19.44,0.00178065274871213
19.52,0.00178759684719734
19.6,0.00179453796599273
19.68,0.00180147610701576
19.76,0.00180841127218222
19.84,0.00181534346340628
19.92,0.00182227268260046
20,0.00182919893167565
20.08,0.00183612221254109
20.16,0.00184304252710439
20.24,0.00184995987727152
20.32,0.00185687426494682
20.4,0.00186378569203301
20.48,0.00187069416043118
20.56,0.00187759967204076
20.64,0.00188450222875959
20.72,0.00189140183248388
20.8,0.00189829848510821
20.88,0.00190519218852555
20.96,0.00191208294462723
21.04,0.00191897075530299
21.12,0.00192585562244093
21.2,0.00193273754792756
21.28,0.00193961653364776
21.36,0.00194649258148481
21.44,0.00195336569332037
21.52,0.00196023587103452
21.6,0.0019671031165057
21.68,0.00197396743161078
21.76,0.001980828818225
21.84,0.00198768727822202
21.92,0.00199454281347388
22,0.00200139542585106
22.08,0.00200824511722242
22.16,0.00201509188945522
22.24,0.00202193574441515
22.32,0.00202877668396629
22.4,0.00203561470997115
22.48,0.00204244982429065
22.56,0.00204928202878411
22.64,0.00205611132530929
22.72,0.00206293771572236
22.8,0.0020697612018779
22.88,0.00207658178562892
22.96,0.00208339946882687
23.04,0.00209021425332159
23.12,0.00209702614096138
23.2,0.00210383513359296
23.28,0.00211064123306147
23.36,0.00211744444121049
23.44,0.00212424475988204
23.52,0.00213104219091657
23.6,0.00213783673615296
23.68,0.00214462839742853
23.76,0.00215141717657906
23.84,0.00215820307543876
23.92,0.00216498609584027
24,0.0021717662396147
24.08,0.00217854350859158
24.16,0.00218531790459892
24.24,0.00219208942946316
24.32,0.00219885808500919
24.4,0.00220562387306037
24.48,0.00221238679543851
24.56,0.00221914685396386
24.64,0.00222590405045514
24.72,0.00223265838672955
24.8,0.00223940986460272
24.88,0.00224615848588876
24.96,0.00225290425240025
25.04,0.00225964716594822
25.12,0.00226638722834218
25.2,0.00227312444139011
25.28,0.00227985880689847
25.36,0.00228659032667217
25.44,0.00229331900251461
25.52,0.00230004483622767
25.6,0.00230676782961169
25.68,0.00231348798446553
25.76,0.00232020530258647
25.84,0.00232691978577033
25.92,0.00233363143581139
26,0.00234034025450241
26.08,0.00234704624363464
26.16,0.00235374940499784
26.24,0.00236044974038023
26.32,0.00236714725156856
26.4,0.00237384194034802
26.48,0.00238053380850236
26.56,0.00238722285781378
26.64,0.00239390909006299
26.72,0.00240059250702921
26.8,0.00240727311049015
26.88,0.00241395090222205
26.96,0.00242062588399961
27.04,0.00242729805759608
27.12,0.00243396742478319
27.2,0.00244063398733119
27.28,0.00244729774700885
27.36,0.00245395870558344
27.44,0.00246061686482075
27.52,0.00246727222648508
27.6,0.00247392479233926
27.68,0.00248057456414463
27.76,0.00248722154366105
27.84,0.00249386573264691
27.92,0.00250050713285911
28,0.0025071457460531
28.08,0.00251378157398283
28.16,0.00252041461840079
28.24,0.00252704488105801
28.32,0.00253367236370403
28.4,0.00254029706808695
28.48,0.00254691899595337
28.56,0.00255353814904847
28.64,0.00256015452911592
28.72,0.00256676813789797
28.8,0.00257337897713538
28.88,0.00257998704856748
28.96,0.00258659235393213
29.04,0.00259319489496572
29.12,0.00259979467340322
29.2,0.00260639169097811
29.28,0.00261298594942247
29.36,0.00261957745046688
29.44,0.0026261661958405
29.52,0.00263275218727105
29.6,0.00263933542648478
29.68,0.00264591591520652
29.76,0.00265249365515966
29.84,0.00265906864806614
29.92,0.00266564089564646
30,0.00267221039961968
30.08,0.00267877716170346
30.16,0.00268534118361397
30.24,0.002691902467066
30.32,0.00269846101377288
30.4,0.00270501682544652
30.48,0.0027115699037974
30.56,0.00271812025053458
30.64,0.00272466786736568
30.72,0.00273121275599692
30.8,0.00273775491813307
30.88,0.00274429435547752
30.96,0.00275083106973219
31.04,0.00275736506259763
31.12,0.00276389633577295
31.2,0.00277042489095585
31.28,0.00277695072984262
31.36,0.00278347385412812
31.44,0.00278999426550584
31.52,0.00279651196566783
31.6,0.00280302695630474
31.68,0.00280953923910581
31.76,0.0028160488157589
31.84,0.00282255568795043
31.92,0.00282905985736545
32,0.0028355613256876
32.08,0.00284206009459911
32.16,0.00284855616578084
32.24,0.00285504954091223
32.32,0.00286154022167134
32.4,0.00286802820973483
32.48,0.00287451350677798
32.56,0.00288099611447466
32.64,0.00288747603449738
32.72,0.00289395326851723
32.8,0.00290042781820395
32.88,0.00290689968522587
32.96,0.00291336887124996
33.04,0.00291983537794178
33.12,0.00292629920696554
33.2,0.00293276035998406
33.28,0.00293921883865877
33.36,0.00294567464464975
33.44,0.00295212777961569
33.52,0.00295857824521391
33.6,0.00296502604310037
33.68,0.00297147117492964
33.76,0.00297791364235494
33.84,0.00298435344702811
33.92,0.00299079059059964
34,0.00299722507471865
34.08,0.00300365690103289
34.16,0.00301008607118876
34.24,0.00301651258683128
34.32,0.00302293644960415
34.4,0.00302935766114967
34.48,0.00303577622310882
34.56,0.00304219213712121
34.64,0.00304860540482509
34.72,0.00305501602785736
34.8,0.0030614240078536
34.88,0.00306782934644801
34.96,0.00307423204527345
35.04,0.00308063210596143
35.12,0.00308702953014214
35.2,0.00309342431944439
35.28,0.00309981647549568
35.36,0.00310620599992216
35.44,0.00311259289434863
35.52,0.00311897716039857
35.6,0.00312535879969412
35.68,0.00313173781385606
35.76,0.00313811420450389
35.84,0.00314448797325572
35.92,0.00315085912172837
36,0.00315722765153731
36.08,0.0031635935642967
36.16,0.00316995686161936
36.24,0.00317631754511678
36.32,0.00318267561639914
36.4,0.00318903107707529
36.48,0.00319538392875276
36.56,0.00320173417303777
36.64,0.0032080818115352
36.72,0.00321442684584865
36.8,0.00322076927758035
36.88,0.00322710910833127
36.96,0.00323344633970104
37.04,0.00323978097328798
37.12,0.0032461130106891
37.2,0.00325244245350011
37.28,0.00325876930331541
37.36,0.00326509356172807
37.44,0.0032714152303299
37.52,0.00327773431071137
37.6,0.00328405080446166
37.68,0.00329036471316865
37.76,0.00329667603841893
37.84,0.00330298478179777
37.92,0.00330929094488915
38,0.00331559452927578
38.08,0.00332189553653904
38.16,0.00332819396825903
38.24,0.00333448982601457
38.32,0.00334078311138319
38.4,0.0033470738259411
38.48,0.00335336197126326
38.56,0.00335964754892333
38.64,0.00336593056049367
38.72,0.00337221100754538
38.8,0.00337848889164827
38.88,0.00338476421437086
38.96,0.0033910369772804
39.04,0.00339730718194286
39.12,0.00340357482992294
39.2,0.00340983992278404
39.28,0.00341610246208831
39.36,0.00342236244939661
39.44,0.00342861988626855
39.52,0.00343487477426245
39.6,0.00344112711493537
39.68,0.00344737690984309
39.76,0.00345362416054014
39.84,0.00345986886857978
39.92,0.00346611103551399
40,0.00347235066289351
40.08,0.0034785877522678
40.16,0.00348482230518508
40.24,0.00349105432319229
40.32,0.00349728380783512
40.4,0.00350351076065801
40.48,0.00350973518320414
40.56,0.00351595707701543
40.64,0.00352217644363256
40.72,0.00352839328459495
40.8,0.00353460760144078
40.88,0.00354081939570695
40.96,0.00354702866892916
41.04,0.00355323542264183
41.12,0.00355943965837814
41.2,0.00356564137767003
41.28,0.00357184058204821
41.36,0.00357803727304213
41.44,0.00358423145218001
41.52,0.00359042312098882
41.6,0.00359661228099431
41.68,0.00360279893372098
41.76,0.0036089830806921
41.84,0.00361516472342971
41.92,0.00362134386345461
42,0.00362752050228638
42.08,0.00363369464144335
42.16,0.00363986628244264
42.24,0.00364603542680014
42.32,0.0036522020760305
42.4,0.00365836623164717
42.48,0.00366452789516236
42.56,0.00367068706808704
42.64,0.003676843751931
42.72,0.00368299794820278
42.8,0.0036891496584097
42.88,0.00369529888405789
42.96,0.00370144562665222
43.04,0.0037075898876964
43.12,0.00371373166869287
43.2,0.0037198709711429
43.28,0.00372600779654652
43.36,0.00373214214640258
43.44,0.00373827402220868
43.52,0.00374440342546125
43.6,0.00375053035765549
43.68,0.00375665482028542
43.76,0.00376277681484381
43.84,0.00376889634282229
43.92,0.00377501340571123
44,0.00378112800499983
44.08,0.00378724014217608
44.16,0.00379334981872679
44.24,0.00379945703613756
44.32,0.00380556179589277
44.4,0.00381166409947566
44.48,0.00381776394836822
44.56,0.0038238613440513
44.64,0.00382995628800451
44.72,0.00383604878170631
44.8,0.00384213882663395
44.88,0.00384822642426349
44.96,0.00385431157606982
45.04,0.00386039428352664
45.12,0.00386647454810646
45.2,0.00387255237128061
45.28,0.00387862775451924
45.36,0.00388470069929132
45.44,0.00389077120706464
45.52,0.00389683927930581
45.6,0.00390290491748026
45.68,0.00390896812305227
45.76,0.00391502889748491
45.84,0.0039210872422401
45.92,0.00392714315877858
46,0.00393319664855993
46.08,0.00393924771304253
46.16,0.00394529635368362
46.24,0.00395134257193928
46.32,0.0039573863692644
46.4,0.00396342774711271
46.48,0.00396946670693679
46.56,0.00397550325018804
46.64,0.00398153737831671
46.72,0.00398756909277189
46.8,0.0039935983950015
46.88,0.00399962528645232
46.96,0.00400564976856996
47.04,0.00401167184279888
47.12,0.00401769151058237
47.2,0.0040237087733626
47.28,0.00402972363258055
47.36,0.00403573608967608
47.44,0.00404174614608788
47.52,0.0040477538032535
47.6,0.00405375906260934
47.68,0.00405976192559065
47.76,0.00406576239363155
47.84,0.004071760468165
47.92,0.00407775615062282
48,0.00408374944243569
48.08,0.00408974034503316
48.16,0.00409572885984361
48.24,0.00410171498829433
48.32,0.00410769873181142
48.4,0.00411368009181987
48.48,0.00411965906974355
48.56,0.00412563566700516
48.64,0.0041316098850263
48.72,0.00413758172522743
48.8,0.00414355118902786
48.88,0.00414951827784579
48.96,0.00415548299309829
49.04,0.00416144533620129
49.12,0.00416740530856962
49.2,0.00417336291161696
49.28,0.00417931814675588
49.36,0.00418527101539781
49.44,0.00419122151895308
49.52,0.00419716965883089
49.6,0.00420311543643933
49.68,0.00420905885318535
49.76,0.0042149999104748
49.84,0.00422093860971241
49.92,0.00422687495230179
50,0.00423280893964546
