"ResDensity","N_TraitValue"
10,7.93626413481833e-05
10.12,8.02149380745592e-05
10.24,8.10651138913461e-05
10.36,8.19131767054162e-05
10.48,8.27591343843875e-05
10.6,8.3602994756867e-05
10.72,8.44447656126924e-05
10.84,8.52844547031715e-05
10.96,8.61220697413203e-05
11.08,8.69576184020992e-05
11.2,8.77911083226473e-05
11.32,8.8622547102515e-05
11.44,8.94519423038953e-05
11.56,9.02793014518529e-05
11.68,9.11046320345514e-05
11.8,9.192794150348e-05
11.92,9.2749237273677e-05
12.04,9.35685267239529e-05
12.16,9.43858171971113e-05
12.28,9.52011160001679e-05
12.4,9.60144304045688e-05
12.52,9.68257676464062e-05
12.64,9.76351349266333e-05
12.76,9.84425394112773e-05
12.88,9.92479882316509e-05
13,0.000100051488484562
13.12,0.000100853047232523
13.24,0.000101652671503955
13.36,0.000102450368293399
13.48,0.000103246144561712
13.6,0.000104040007236276
13.72,0.000104831963211197
13.84,0.000105622019347503
13.96,0.000106410182473344
14.08,0.000107196459384187
14.2,0.000107980856843013
14.32,0.000108763381580511
14.44,0.000109544040295269
14.56,0.000110322839653966
14.68,0.000111099786291561
14.8,0.000111874886811483
14.92,0.000112648147785817
15.04,0.00011341957575549
15.16,0.000114189177230456
15.28,0.000114956958689876
15.4,0.000115722926582305
15.52,0.000116487087325868
15.64,0.000117249447308443
15.76,0.000118010012887835
15.88,0.000118768790391956
16,0.000119525786119
16.12,0.000120281006337615
16.24,0.000121034457287079
16.36,0.000121786145177469
16.48,0.000122536076189835
16.6,0.000123284256476365
16.72,0.000124030692160558
16.84,0.000124775389337388
16.96,0.00012551835407347
17.08,0.000126259592407227
17.2,0.00012699911034905
17.32,0.000127736913881464
17.44,0.000128473008959286
17.56,0.000129207401509791
17.68,0.000129940097432861
17.8,0.000130671102601155
17.92,0.000131400422860256
18.04,0.000132128064028833
18.16,0.000132854031898792
18.28,0.000133578332235432
18.4,0.000134300970777598
18.52,0.000135021953237828
18.64,0.000135741285302512
18.76,0.00013645897263203
18.88,0.000137175020860914
19,0.000137889435597982
19.12,0.000138602222426496
19.24,0.000139313386904298
19.36,0.000140022934563961
19.48,0.00014073087091293
19.6,0.000141437201433665
19.72,0.000142141931583781
19.84,0.00014284506679619
19.96,0.000143546612479241
20.08,0.000144246574016859
20.2,0.000144944956768679
20.32,0.000145641766070188
20.44,0.000146337007232857
20.56,0.000147030685544278
20.68,0.000147722806268299
20.8,0.000148413374645152
20.92,0.000149102395891592
21.04,0.000149789875201025
21.16,0.000150475817743635
21.28,0.000151160228666523
21.4,0.000151843113093825
21.52,0.000152524476126849
21.64,0.000153204322844195
21.76,0.000153882658301885
21.88,0.000154559487533487
22,0.000155234815550242
22.12,0.000155908647341184
22.24,0.000156580987873264
22.36,0.000157251842091474
22.48,0.000157921214918966
22.6,0.000158589111257173
22.72,0.00015925553598593
22.84,0.000159920493963589
22.96,0.000160583990027144
23.08,0.00016124602899234
23.2,0.000161906615653796
23.32,0.000162565754785117
23.44,0.000163223451139012
23.56,0.000163879709447404
23.68,0.000164534534421548
23.8,0.00016518793075214
23.92,0.000165839903109434
24.04,0.000166490456143346
24.16,0.000167139594483571
24.28,0.00016778732273969
24.4,0.000168433645501278
24.52,0.000169078567338018
24.64,0.000169722092799799
24.76,0.000170364226416832
24.88,0.000171004972699754
25,0.000171644336139729
25.12,0.000172282321208558
25.24,0.000172918932358783
25.36,0.000173554174023788
25.48,0.000174188050617904
25.6,0.000174820566536509
25.72,0.000175451726156132
25.84,0.000176081533834552
25.96,0.000176709993910903
26.08,0.000177337110705764
26.2,0.000177962888521269
26.32,0.000178587331641198
26.44,0.000179210444331077
26.56,0.000179832230838276
26.68,0.000180452695392105
26.8,0.000181071842203908
26.92,0.000181689675467161
27.04,0.000182306199357565
27.16,0.000182921418033142
27.28,0.000183535335634325
27.4,0.000184147956284056
27.52,0.000184759284087871
27.64,0.000185369323133999
27.76,0.000185978077493451
27.88,0.000186585551220107
28,0.000187191748350809
28.12,0.000187796672905453
28.24,0.000188400328887071
28.36,0.000189002720281926
28.48,0.000189603851059596
28.6,0.000190203725173062
28.72,0.000190802346558796
28.84,0.000191399719136845
28.96,0.000191995846810917
29.08,0.000192590733468467
29.2,0.000193184382980782
29.32,0.000193776799203062
29.44,0.000194367985974508
29.56,0.000194957947118401
29.68,0.000195546686442186
29.8,0.000196134207737553
29.92,0.00019672051478052
30.04,0.000197305611331513
30.16,0.000197889501135446
30.28,0.000198472187921803
30.4,0.000199053675404712
30.52,0.000199633967283033
30.64,0.000200213067240425
30.76,0.000200790978945436
30.88,0.000201367706051569
31,0.000201943252197369
31.12,0.000202517621006492
31.24,0.000203090816087786
31.36,0.000203662841035364
31.48,0.000204233699428678
31.6,0.000204803394832597
31.72,0.000205371930797481
31.84,0.000205939310859252
31.96,0.000206505538539467
32.08,0.000207070617345395
32.2,0.000207634550770087
32.32,0.000208197342292445
32.44,0.0002087589953773
32.56,0.000209319513475478
32.68,0.000209878900023872
32.8,0.000210437158445513
32.92,0.000210994292149638
33.04,0.000211550304531763
33.16,0.000212105198973748
33.28,0.000212658978843868
33.4,0.000213211647496881
33.52,0.000213763208274092
33.64,0.000214313664503428
33.76,0.000214863019499497
33.88,0.00021541127656366
34,0.000215958438984094
34.12,0.000216504510035859
34.24,0.000217049492980963
34.36,0.000217593391068427
34.48,0.000218136207534352
34.6,0.000218677945601976
34.72,0.000219218608481748
34.84,0.000219758199371383
34.96,0.000220296721455928
35.08,0.000220834177907827
35.2,0.000221370571886978
35.32,0.000221905906540801
35.44,0.000222440185004295
35.56,0.0002229734104001
35.68,0.000223505585838562
35.8,0.000224036714417785
35.92,0.000224566799223701
36.04,0.000225095843330122
36.16,0.000225623849798803
36.28,0.000226150821679502
36.4,0.000226676762010035
36.52,0.000227201673816337
36.64,0.000227725560112522
36.76,0.000228248423900934
36.88,0.000228770268172213
37,0.000229291095905344
37.12,0.00022981091006772
37.24,0.000230329713615194
37.36,0.000230847509492137
37.48,0.000231364300631495
37.6,0.00023188008995484
37.72,0.000232394880372431
37.84,0.000232908674783262
37.96,0.000233421476075124
38.08,0.000233933287124651
38.2,0.000234444110797381
38.32,0.000234953949947805
38.44,0.000235462807419422
38.56,0.000235970686044792
38.68,0.000236477588645586
38.8,0.000236983518032641
38.92,0.000237488477006013
39.04,0.000237992468355025
39.16,0.00023849549485832
39.28,0.000238997559283913
39.4,0.000239498664389241
39.52,0.000239998812921214
39.64,0.000240498007616263
39.76,0.000240996251200393
39.88,0.000241493546389232
40,0.000241989895888076
40.12,0.000242485302391947
40.24,0.000242979768585631
40.36,0.000243473297143735
40.48,0.000243965890730733
40.6,0.00024445755200101
40.72,0.000244948283598915
40.84,0.000245438088158805
40.96,0.000245926968305094
41.08,0.000246414926652298
41.2,0.000246901965805086
41.32,0.000247388088358318
41.44,0.000247873296897101
41.56,0.000248357593996828
41.68,0.000248840982223225
41.8,0.000249323464132397
41.92,0.000249805042270875
42.04,0.000250285719175656
42.16,0.000250765497374252
42.28,0.000251244379384732
42.4,0.000251722367715768
42.52,0.000252199464866675
42.64,0.000252675673327459
42.76,0.000253150995578857
42.88,0.000253625434092383
43,0.000254098991330368
43.12,0.000254571669746005
43.24,0.000255043471783388
43.36,0.000255514399877559
43.48,0.000255984456454546
43.6,0.000256453643931406
43.72,0.000256921964716266
43.84,0.000257389421208365
43.96,0.000257856015798095
44.08,0.00025832175086704
44.2,0.000258786628788018
44.32,0.000259250651925122
44.44,0.000259713822633759
44.56,0.000260176143260689
44.68,0.000260637616144066
44.8,0.000261098243613478
44.92,0.000261558027989984
45.04,0.000262016971586155
45.16,0.000262475076706112
45.28,0.000262932345645564
45.4,0.000263388780691847
45.52,0.000263844384123962
45.64,0.000264299158212614
45.76,0.000264753105220249
45.88,0.000265206227401088
46,0.000265658527001171
46.12,0.000266110006258389
46.24,0.000266560667402523
46.36,0.000267010512655281
46.48,0.000267459544230331
46.6,0.000267907764333345
46.72,0.000268355175162025
46.84,0.000268801778906146
46.96,0.000269247577747593
47.08,0.000269692573860388
47.2,0.000270136769410734
47.32,0.000270580166557047
47.44,0.00027102276744999
47.56,0.000271464574232507
47.68,0.000271905589039863
47.8,0.000272345813999671
47.92,0.000272785251231931
48.04,0.000273223902849064
48.16,0.000273661770955944
48.28,0.000274098857649931
48.4,0.000274535165020907
48.52,0.000274970695151309
48.64,0.00027540545011616
48.76,0.000275839431983102
48.88,0.000276272642812434
49,0.000276705084657136
49.12,0.00027713675956291
49.24,0.000277567669568205
49.36,0.000277997816704255
49.48,0.000278427202995107
49.6,0.000278855830457654
49.72,0.000279283701101666
49.84,0.000279710816929825
49.96,0.000280137179937749
50.08,0.000280562792114031
50.2,0.000280987655440265
50.32,0.000281411771891076
50.44,0.000281835143434157
50.56,0.000282257772030291
50.68,0.000282679659633387
50.8,0.000283100808190508
50.92,0.000283521219641903
51.04,0.000283940895921033
51.16,0.000284359838954604
51.28,0.000284778050662595
51.4,0.000285195532958288
51.52,0.000285612287748296
51.64,0.000286028316932594
51.76,0.000286443622404545
51.88,0.000286858206050933
52,0.000287272069751986
52.12,0.00028768521538141
52.24,0.000288097644806414
52.36,0.000288509359887737
52.48,0.000288920362479681
52.6,0.000289330654430133
52.72,0.000289740237580597
52.84,0.000290149113766219
52.96,0.000290557284815816
53.08,0.000290964752551902
53.2,0.000291371518790716
53.32,0.000291777585342248
53.44,0.000292182954010268
53.56,0.00029258762659235
53.68,0.0002929916048799
53.8,0.000293394890658183
53.92,0.000293797485706348
54.04,0.000294199391797455
54.16,0.0002946006106985
54.28,0.000295001144170442
54.4,0.000295400993968229
54.52,0.000295800161840823
54.64,0.000296198649531224
54.76,0.0002965964587765
54.88,0.000296993591307805
55,0.000297390048850411
55.12,0.000297785833123731
55.24,0.00029818094584134
55.36,0.000298575388711006
55.48,0.00029896916343471
55.6,0.000299362271708671
55.72,0.000299754715223374
55.84,0.000300146495663587
55.96,0.000300537614708395
56.08,0.000300928074031215
56.2,0.000301317875299824
56.32,0.000301707020176383
56.44,0.00030209551031746
56.56,0.000302483347374052
56.68,0.000302870532991612
56.8,0.000303257068810066
56.92,0.000303642956463845
57.04,0.0003040281975819
57.16,0.000304412793787728
57.28,0.000304796746699398
57.4,0.000305180057929568
57.52,0.00030556272908551
57.64,0.000305944761769133
57.76,0.000306326157577007
57.88,0.00030670691810038
58,0.000307087044925206
58.12,0.000307466539632163
58.24,0.000307845403796676
58.36,0.000308223638988942
58.48,0.000308601246773944
58.6,0.000308978228711482
58.72,0.000309354586356187
58.84,0.000309730321257546
58.96,0.000310105434959923
59.08,0.000310479929002579
59.2,0.000310853804919694
59.32,0.000311227064240387
59.44,0.00031159970848874
59.56,0.000311971739183812
59.68,0.000312343157839667
59.8,0.000312713965965391
59.92,0.000313084165065113
60.04,0.000313453756638025
60.16,0.0003138227421784
60.28,0.000314191123175619
60.4,0.000314558901114183
60.52,0.000314926077473739
60.64,0.000315292653729097
60.76,0.000315658631350247
60.88,0.000316024011802386
61,0.000316388796545932
61.12,0.000316752987036544
61.24,0.000317116584725142
61.36,0.000317479591057928
61.48,0.000317842007476402
61.6,0.000318203835417384
61.72,0.000318565076313031
61.84,0.000318925731590857
61.96,0.00031928580267375
62.08,0.000319645290979994
62.2,0.000320004197923284
62.32,0.000320362524912749
62.44,0.000320720273352963
62.56,0.000321077444643973
62.68,0.00032143404018131
62.8,0.000321790061356008
62.92,0.000322145509554627
63.04,0.000322500386159265
63.16,0.00032285469254758
63.28,0.000323208430092804
63.4,0.000323561600163766
63.52,0.000323914204124905
63.64,0.000324266243336289
63.76,0.000324617719153634
63.88,0.000324968632928319
64,0.000325318986007406
64.12,0.000325668779733653
64.24,0.000326018015445538
64.36,0.000326366694477268
64.48,0.000326714818158801
64.6,0.000327062387815864
64.72,0.000327409404769965
64.84,0.000327755870338414
64.96,0.000328101785834338
65.08,0.000328447152566695
65.2,0.000328791971840298
65.32,0.000329136244955823
65.44,0.000329479973209831
65.56,0.00032982315789478
65.68,0.000330165800299045
65.8,0.000330507901706933
65.92,0.000330849463398698
66.04,0.000331190486650557
66.16,0.000331530972734708
66.28,0.000331870922919343
66.4,0.000332210338468665
66.52,0.000332549220642905
66.64,0.000332887570698335
66.76,0.000333225389887286
66.88,0.000333562679458161
67,0.000333899440655452
67.12,0.000334235674719757
67.24,0.00033457138288779
67.36,0.000334906566392402
67.48,0.000335241226462592
67.6,0.000335575364323523
67.72,0.000335908981196541
67.84,0.000336242078299181
67.96,0.000336574656845191
68.08,0.000336906718044542
68.2,0.000337238263103443
68.32,0.000337569293224357
68.44,0.000337899809606013
68.56,0.000338229813443424
68.68,0.000338559305927898
68.8,0.000338888288247057
68.92,0.000339216761584844
69.04,0.000339544727121544
69.16,0.000339872186033795
69.28,0.000340199139494602
69.4,0.000340525588673352
69.52,0.000340851534735829
69.64,0.000341176978844223
69.76,0.00034150192215715
69.88,0.000341826365829663
70,0.000342150311013263
