"ResDensity","N_TraitValue"
1,5.2587573336956e-05
1.022,5.3236801264773e-05
1.044,5.3873878084473e-05
1.066,5.44991417679253e-05
1.088,5.51129178683027e-05
1.11,5.57155200852923e-05
1.132,5.63072507997146e-05
1.154,5.68884015794672e-05
1.176,5.74592536585704e-05
1.198,5.8020078390968e-05
1.22,5.85711376806233e-05
1.242,5.91126843893416e-05
1.264,5.96449627236526e-05
1.286,6.0168208601999e-05
1.308,6.06826500033873e-05
1.33,6.11885072985875e-05
1.352,6.16859935648893e-05
1.374,6.21753148853612e-05
1.396,6.26566706334943e-05
1.418,6.31302537440579e-05
1.44,6.35962509709392e-05
1.462,6.40548431326907e-05
1.484,6.4506205346465e-05
1.506,6.49505072509707e-05
1.528,6.53879132190476e-05
1.55,6.58185825604202e-05
1.572,6.62426697151543e-05
1.594,6.66603244383111e-05
1.616,6.70716919762617e-05
1.638,6.74769132350995e-05
1.66,6.78761249415588e-05
1.682,6.82694597968272e-05
1.704,6.86570466236148e-05
1.726,6.90390105068224e-05
1.748,6.94154729281315e-05
1.77,6.97865518948202e-05
1.792,7.0152362063093e-05
1.814,7.05130148561924e-05
1.836,7.08686185775523e-05
1.858,7.121927851923e-05
1.88,7.15650970658481e-05
1.902,7.19061737942603e-05
1.924,7.22426055691456e-05
1.946,7.25744866347231e-05
1.968,7.290190870277e-05
1.99,7.32249610371157e-05
2.012,7.35437305347759e-05
2.034,7.38583018038798e-05
2.056,7.41687572385401e-05
2.078,7.44751770908019e-05
2.1,7.47776395398048e-05
2.122,7.50762207582821e-05
2.144,7.53709949765168e-05
2.166,7.56620345438662e-05
2.188,7.59494099879632e-05
2.21,7.62331900716948e-05
2.232,7.65134418480569e-05
2.254,7.67902307129737e-05
2.276,7.70636204561726e-05
2.298,7.73336733101958e-05
2.32,7.76004499976277e-05
2.342,7.78640097766146e-05
2.364,7.8124410484747e-05
2.386,7.83817085813736e-05
2.408,7.86359591884116e-05
2.43,7.88872161297158e-05
2.452,7.91355319690646e-05
2.474,7.93809580468205e-05
2.496,7.96235445153178e-05
2.518,7.98633403730285e-05
2.54,8.01003934975572e-05
2.562,8.03347506775087e-05
2.584,8.05664576432754e-05
2.606,8.07955590967864e-05
2.628,8.10220987402575e-05
2.65,8.12461193039832e-05
2.672,8.1467662573206e-05
2.694,8.16867694141e-05
2.716,8.19034797989006e-05
2.738,8.21178328302158e-05
2.76,8.23298667645469e-05
2.782,8.25396190350508e-05
2.804,8.27471262735714e-05
2.826,8.29524243319667e-05
2.848,8.31555483027589e-05
2.87,8.33565325391319e-05
2.892,8.35554106742998e-05
2.914,8.37522156402701e-05
2.936,8.39469796860225e-05
2.958,8.41397343951262e-05
2.98,8.43305107028136e-05
3.002,8.45193389125312e-05
3.024,8.47062487119869e-05
3.046,8.48912691887095e-05
3.068,8.50744288451394e-05
3.09,8.52557556132663e-05
3.112,8.54352768688292e-05
3.134,8.56130194450948e-05
3.156,8.57890096462282e-05
3.178,8.59632732602697e-05
3.2,8.61358355717323e-05
3.222,8.63067213738315e-05
3.244,8.64759549803601e-05
3.266,8.66435602372213e-05
3.288,8.68095605336289e-05
3.31,8.69739788129891e-05
3.332,8.7136837583471e-05
3.354,8.72981589282789e-05
3.376,8.74579645156341e-05
3.398,8.76162756084779e-05
3.42,8.77731130739021e-05
3.442,8.79284973923189e-05
3.464,8.80824486663757e-05
3.486,8.82349866296255e-05
3.508,8.8386130654959e-05
3.53,8.85358997628067e-05
3.552,8.8684312629118e-05
3.574,8.88313875931251e-05
3.596,8.89771426648975e-05
3.618,8.91215955326934e-05
3.64,8.92647635701164e-05
3.662,8.94066638430803e-05
3.684,8.95473131165915e-05
3.706,8.96867278613515e-05
3.728,8.98249242601866e-05
3.75,8.99619182143101e-05
3.772,9.00977253494216e-05
3.794,9.02323610216483e-05
3.816,9.03658403233331e-05
3.838,9.04981780886751e-05
3.86,9.06293888992243e-05
3.882,9.07594870892386e-05
3.904,9.08884867509031e-05
3.926,9.10164017394194e-05
3.948,9.1143245677966e-05
3.97,9.12690319625348e-05
3.992,9.13937737666477e-05
4.014,9.15174840459554e-05
4.036,9.16401755427231e-05
4.058,9.17618607902059e-05
4.08,9.18825521169161e-05
4.102,9.20022616507878e-05
4.124,9.21210013232392e-05
4.146,9.22387828731365e-05
4.168,9.23556178506632e-05
4.19,9.24715176210956e-05
4.212,9.25864933684882e-05
4.234,9.27005560992715e-05
4.256,9.28137166457643e-05
4.278,9.2925985669603e-05
4.3,9.30373736650901e-05
4.322,9.31478909624643e-05
4.344,9.32575477310943e-05
4.366,9.33663539825978e-05
4.388,9.34743195738886e-05
4.41,9.35814542101539e-05
4.432,9.36877674477616e-05
4.454,9.37932686971025e-05
4.476,9.38979672253667e-05
4.498,9.40018721592575e-05
4.52,9.41049924876432e-05
4.542,9.42073370641496e-05
4.564,9.43089146096938e-05
4.586,9.44097337149613e-05
4.608,9.45098028428283e-05
4.63,9.46091303307296e-05
4.652,9.47077243929741e-05
4.674,9.48055931230093e-05
4.696,9.49027444956363e-05
4.718,9.49991863691759e-05
4.74,9.50949264875871e-05
4.762,9.51899724825406e-05
4.784,9.52843318754461e-05
4.806,9.5378012079437e-05
4.828,9.54710204013113e-05
4.85,9.55633640434314e-05
4.872,9.5655050105584e-05
4.894,9.57460855867988e-05
4.916,9.58364773871301e-05
4.938,9.59262323094003e-05
4.96,9.60153570609062e-05
4.982,9.61038582550899e-05
5.004,9.61917424131748e-05
5.026,9.62790159657677e-05
5.048,9.63656852544266e-05
5.07,9.64517565331976e-05
5.092,9.65372359701186e-05
5.114,9.66221296486932e-05
5.136,9.67064435693337e-05
5.158,9.67901836507748e-05
5.18,9.68733557314592e-05
5.202,9.69559655708938e-05
5.224,9.70380188509797e-05
5.246,9.71195211773148e-05
5.268,9.72004780804702e-05
5.29,9.72808950172417e-05
5.312,9.73607773718752e-05
5.334,9.7440130457269e-05
5.356,9.75189595161515e-05
5.378,9.75972697222357e-05
5.4,9.76750661813514e-05
5.422,9.77523539325547e-05
5.444,9.7829137949216e-05
5.466,9.7905423140087e-05
5.488,9.79812143503468e-05
5.51,9.80565163626274e-05
5.532,9.813133389802e-05
5.554,9.82056716170618e-05
5.576,9.82795341207035e-05
5.598,9.83529259512585e-05
5.62,9.84258515933344e-05
5.642,9.84983154747462e-05
5.664,9.85703219674126e-05
5.686,9.86418753882351e-05
5.708,9.87129799999611e-05
5.73,9.87836400120299e-05
5.752,9.88538595814038e-05
5.774,9.89236428133833e-05
5.796,9.89929937624069e-05
5.818,9.90619164328366e-05
5.84,9.91304147797286e-05
5.862,9.91984927095898e-05
5.884,9.92661540811203e-05
5.906,9.9333402705943e-05
5.928,9.94002423493187e-05
5.95,9.94666767308493e-05
5.972,9.95327095251676e-05
5.994,9.95983443626152e-05
6.016,9.9663584829907e-05
6.038,9.97284344707856e-05
6.06,9.97928967866622e-05
6.082,9.98569752372472e-05
6.104,9.99206732411687e-05
6.126,9.9983994176581e-05
6.148,0.000100046941381762
6.17,0.000100109518155698
6.192,0.000100171727758664
6.214,0.000100233573412784
6.236,0.000100295058302595
6.258,0.000100356185575585
6.28,0.000100416958342738
6.302,0.000100477379679055
6.324,0.00010053745262408
6.346,0.000100597180182401
6.368,0.000100656565324159
6.39,0.000100715610985534
6.412,0.000100774320069236
6.434,0.000100832695444971
6.456,0.000100890739949919
6.478,0.000100948456389185
6.5,0.000101005847536258
6.522,0.000101062916133449
6.544,0.000101119664892331
6.566,0.000101176096494171
6.588,0.000101232213590346
6.61,0.000101288018802763
6.632,0.000101343514724267
6.654,0.000101398703919041
6.676,0.000101453588923
6.698,0.000101508172244183
6.72,0.000101562456363132
6.742,0.00010161644373327
6.764,0.000101670136781268
6.786,0.000101723537907411
6.808,0.000101776649485954
6.83,0.000101829473865475
6.852,0.000101882013369221
6.874,0.000101934270295447
6.896,0.000101986246917755
6.918,0.00010203794548542
6.94,0.000102089368223714
6.962,0.00010214051733423
6.984,0.00010219139499519
7.006,0.000102242003361762
7.028,0.000102292344566354
7.05,0.000102342420718924
7.072,0.000102392233907268
7.094,0.000102441786197311
7.116,0.000102491079633397
7.138,0.000102540116238564
7.16,0.000102588898014825
7.182,0.000102637426943439
7.204,0.00010268570498518
7.226,0.000102733734080599
7.248,0.000102781516150287
7.27,0.000102829053095129
7.292,0.000102876346796556
7.314,0.000102923399116795
7.336,0.000102970211899112
7.358,0.000103016786968051
7.38,0.000103063126129675
7.402,0.000103109231171798
7.424,0.000103155103864212
7.446,0.000103200745958918
7.468,0.000103246159190347
7.49,0.000103291345275576
7.512,0.000103336305914553
7.534,0.000103381042790302
7.556,0.000103425557569137
7.578,0.000103469851900868
7.6,0.000103513927419006
7.622,0.00010355778574096
7.644,0.00010360142846824
7.666,0.00010364485718665
7.688,0.000103688073466477
7.71,0.000103731078862684
7.732,0.000103773874915097
7.754,0.000103816463148585
7.776,0.000103858845073243
7.798,0.000103901022184573
7.82,0.000103942995963656
7.842,0.000103984767877327
7.864,0.000104026339378346
7.886,0.000104067711905567
7.908,0.000104108886884103
7.93,0.000104149865725489
7.952,0.000104190649827846
7.974,0.000104231240576036
7.996,0.000104271639341823
8.018,0.000104311847484025
8.04,0.000104351866348666
8.062,0.000104391697269128
8.084,0.000104431341566298
8.106,0.000104470800548714
8.128,0.000104510075512709
8.15,0.000104549167742555
8.172,0.000104588078510597
8.194,0.0001046268090774
8.216,0.000104665360691877
8.238,0.000104703734591427
8.26,0.000104741932002068
8.282,0.000104779954138566
8.304,0.000104817802204565
8.326,0.000104855477392711
8.348,0.000104892980884781
8.37,0.000104930313851807
8.392,0.000104967477454193
8.414,0.000105004472841839
8.436,0.00010504130115426
8.458,0.000105077963520701
8.48,0.000105114461060254
8.502,0.000105150794881969
8.524,0.000105186966084972
8.546,0.000105222975758568
8.568,0.000105258824982359
8.59,0.000105294514826345
8.612,0.000105330046351033
8.634,0.000105365420607543
8.656,0.00010540063863771
8.678,0.000105435701474187
8.7,0.000105470610140547
8.722,0.000105505365651381
8.744,0.000105539969012395
8.766,0.000105574421220512
8.788,0.000105608723263961
8.81,0.000105642876122379
8.832,0.000105676880766896
8.854,0.000105710738160236
8.876,0.0001057444492568
8.898,0.000105778015002759
8.92,0.000105811436336144
8.942,0.00010584471418693
8.964,0.000105877849477126
8.986,0.000105910843120858
9.008,0.000105943696024451
9.03,0.000105976409086516
9.052,0.00010600898319803
9.074,0.000106041419242418
9.096,0.00010607371809563
9.118,0.000106105880626224
9.14,0.000106137907695439
9.162,0.000106169800157277
9.184,0.000106201558858576
9.206,0.000106233184639084
9.228,0.000106264678331536
9.25,0.000106296040761724
9.272,0.000106327272748573
9.294,0.000106358375104206
9.316,0.000106389348634024
9.338,0.000106420194136764
9.36,0.000106450912404578
9.382,0.000106481504223094
9.404,0.000106511970371486
9.426,0.000106542311622539
9.448,0.000106572528742716
9.47,0.00010660262249222
9.492,0.000106632593625061
9.514,0.000106662442889114
9.536,0.000106692171026188
9.558,0.00010672177877208
9.58,0.000106751266856643
9.602,0.00010678063600384
9.624,0.000106809886931807
9.646,0.000106839020352908
9.668,0.000106868036973799
9.69,0.000106896937495478
9.712,0.000106925722613344
9.734,0.000106954393017257
9.756,0.000106982949391587
9.778,0.000107011392415271
9.8,0.000107039722761866
9.822,0.000107067941099607
9.844,0.00010709604809145
9.866,0.000107124044395133
9.888,0.000107151930663222
9.91,0.000107179707543166
9.932,0.000107207375677341
9.954,0.000107234935703105
9.976,0.000107262388252845
9.998,0.000107289733954025
10.02,0.000107316973429234
10.042,0.000107344107296233
10.064,0.000107371136168004
10.086,0.000107398060652792
10.108,0.000107424881354155
10.13,0.000107451598871004
10.152,0.000107478213797654
10.174,0.000107504726723863
10.196,0.000107531138234877
10.218,0.000107557448911473
10.24,0.000107583659330003
10.262,0.000107609770062435
10.284,0.000107635781676393
10.306,0.0001076616947352
10.328,0.00010768750979792
10.35,0.000107713227419394
10.372,0.000107738848150286
10.394,0.000107764372537114
10.416,0.000107789801122297
10.438,0.000107815134444187
10.46,0.000107840373037114
10.482,0.000107865517431415
10.504,0.000107890568153478
10.526,0.000107915525725776
10.548,0.000107940390666903
10.57,0.000107965163491611
10.592,0.000107989844710845
10.614,0.000108014434831779
10.636,0.000108038934357849
10.658,0.000108063343788788
10.68,0.00010808766362066
10.702,0.000108111894345897
10.724,0.000108136036453325
10.746,0.000108160090428203
10.768,0.000108184056752254
10.79,0.000108207935903695
10.812,0.000108231728357273
10.834,0.00010825543458429
10.856,0.000108279055052643
10.878,0.000108302590226846
10.9,0.000108326040568066
10.922,0.00010834940653415
10.944,0.000108372688579658
10.966,0.00010839588715589
10.988,0.000108419002710916
11.01,0.000108442035689603
11.032,0.000108464986533649
11.054,0.000108487855681603
11.076,0.0001085106435689
11.098,0.000108533350627887
11.12,0.000108555977287846
11.142,0.000108578523975028
11.164,0.000108600991112673
11.186,0.000108623379121043
11.208,0.000108645688417442
11.23,0.000108667919416246
11.252,0.000108690072528929
11.274,0.000108712148164083
11.296,0.000108734146727451
11.318,0.000108756068621946
11.34,0.000108777914247677
11.362,0.000108799684001974
11.384,0.000108821378279413
11.406,0.000108842997471839
11.428,0.000108864541968386
11.45,0.000108886012155507
11.472,0.000108907408416993
11.494,0.000108928731133996
11.516,0.000108949980685052
11.538,0.000108971157446105
11.56,0.000108992261790526
11.582,0.000109013294089139
11.604,0.000109034254710239
11.626,0.000109055144019615
11.648,0.000109075962380572
11.67,0.00010909671015395
11.692,0.000109117387698147
11.714,0.00010913799536914
11.736,0.000109158533520503
11.758,0.000109179002503428
11.78,0.000109199402666746
11.802,0.000109219734356946
11.824,0.000109239997918196
11.846,0.000109260193692361
11.868,0.000109280322019021
11.89,0.000109300383235494
11.912,0.00010932037767685
11.934,0.000109340305675934
11.956,0.000109360167563382
11.978,0.000109379963667639
12,0.00010939969431498
