"ResDensity","N_TraitValue"
10,0.000166098363933542
10.3,0.00017022091182524
10.6,0.000174302200937789
10.9,0.000178342847568808
11.2,0.000182343455802239
11.5,0.000186304617809423
11.8,0.000190226914141299
12.1,0.00019411091401206
12.4,0.000197957175574526
12.7,0.00020176624618754
13,0.000205538662675635
13.3,0.000209274951581253
13.6,0.000212975629409738
13.9,0.000216641202867367
14.2,0.000220272169092637
14.5,0.00022386901588103
14.8,0.000227432221903474
15.1,0.000230962256918697
15.4,0.000234459581979689
15.7,0.000237924649634437
16,0.000241357904121145
16.3,0.000244759781558091
16.6,0.000248130710128307
16.9,0.000251471110259242
17.2,0.000254781394797564
17.5,0.000258061969179253
17.8,0.000261313231595141
18.1,0.000264535573152031
18.4,0.000267729378029531
18.7,0.00027089502363275
19,0.000274032880740961
19.3,0.000277143313652376
19.6,0.000280226680325137
19.9,0.000283283332514641
20.2,0.000286313615907314
20.5,0.000289317870250938
20.8,0.000292296429481629
21.1,0.000295249621847581
21.4,0.000298177770029647
21.7,0.000301081191258881
22,0.000303960197431103
22.3,0.00030681509521859
22.6,0.000309646186178977
22.9,0.000312453766861435
23.2,0.000315238128910228
23.5,0.000317999559165697
23.8,0.00032073833976277
24.1,0.000323454748227055
24.4,0.000326149057568584
24.7,0.000328821536373283
25,0.000331472448892227
25.3,0.000334102055128737
25.6,0.000336710610923395
25.9,0.000339298368037019
26.2,0.000341865574231661
26.5,0.000344412473349685
26.8,0.000346939305390978
27.1,0.000349446306588335
27.4,0.000351933709481089
27.7,0.000354401742987004
28,0.000356850632472514
28.3,0.000359280599821316
28.6,0.000361691863501395
28.9,0.000364084638630491
29.2,0.000366459137040083
29.5,0.000368815567337898
29.8,0.000371154134969005
30.1,0.000373475042275527
30.4,0.000375778488555001
30.7,0.000378064670117426
31,0.000380333780341034
31.3,0.000382586009726821
31.6,0.000384821545951853
31.9,0.000387040573921409
32.2,0.000389243275819954
32.5,0.000391429831161006
32.8,0.000393600416835903
33.1,0.000395755207161506
33.4,0.000397894373926867
33.7,0.000400018086438883
34,0.000402126511566966
34.3,0.000404219813786748
34.6,0.000406298155222855
34.9,0.000408361695690764
35.2,0.000410410592737765
35.5,0.000412445001683061
35.8,0.000414465075657018
36.1,0.000416470965639584
36.4,0.000418462820497907
36.7,0.000420440787023166
37,0.000422405009966628
37.3,0.000424355632074964
37.6,0.000426292794124827
37.9,0.000428216634956724
38.2,0.000430127291508184
38.5,0.000432024898846252
38.8,0.000433909590199315
39.1,0.000435781496988285
39.4,0.000437640748857149
39.7,0.000439487473702893
40,0.00044132179770484
40.3,0.000443143845353378
40.6,0.000444953739478134
40.9,0.000446751601275569
41.2,0.000448537550336036
41.5,0.000450311704670294
41.8,0.000452074180735506
42.1,0.000453825093460719
42.4,0.000455564556271844
42.7,0.000457292681116157
43,0.000459009578486306
43.3,0.000460715357443869
43.6,0.000462410125642445
43.9,0.000464093989350299
44.2,0.000465767053472579
44.5,0.000467429421573102
44.8,0.000469081195895717
45.1,0.000470722477385279
45.4,0.000472353365708202
45.7,0.000473973959272642
46,0.000475584355248286
46.3,0.000477184649585777
46.6,0.000478774937035768
46.9,0.000480355311167626
47.2,0.000481925864387781
47.5,0.000483486687957741
47.8,0.000485037872011765
48.1,0.000486579505574217
48.4,0.000488111676576596
48.7,0.000489634471874256
49,0.000491147977262816
49.3,0.000492652277494277
49.6,0.000494147456292839
49.9,0.000495633596370436
50.2,0.000497110779441989
50.5,0.000498579086240381
50.8,0.000500038596531166
51.1,0.000501489389127015
51.4,0.000502931541901904
51.7,0.000504365131805042
52,0.000505790234874565
52.3,0.000507206926250975
52.6,0.000508615280190346
52.9,0.000510015370077304
53.2,0.000511407268437769
53.5,0.000512791046951477
53.8,0.000514166776464292
54.1,0.000515534527000287
54.4,0.000516894367773634
54.7,0.000518246367200275
55,0.000519590592909396
55.3,0.000520927111754705
55.6,0.000522255989825516
55.9,0.00052357729245764
56.2,0.000524891084244097
56.5,0.00052619742904564
56.8,0.0005274963900011
57.1,0.000528788029537563
57.4,0.000530072409380368
57.7,0.000531349590562941
58,0.000532619633436463
58.3,0.000533882597679375
58.6,0.000535138542306728
58.9,0.000536387525679373
59.2,0.000537629605513002
59.5,0.00053886483888704
59.8,0.000540093282253386
60.1,0.000541314991445014
60.4,0.000542530021684433
60.7,0.000543738427592006
61,0.000544940263194139
61.3,0.000546135581931325
61.6,0.000547324436666072
61.9,0.000548506879690696
62.2,0.000549682962734982
62.5,0.000550852736973734
62.8,0.000552016253034194
63.1,0.000553173561003351
63.4,0.00055432471043512
63.7,0.000555469750357424
64,0.000556608729279147
64.3,0.000557741695196991
64.6,0.000558868695602213
64.9,0.000559989777487262
65.2,0.000561104987352312
65.5,0.000562214371211693
65.8,0.000563317974600215
66.1,0.000564415842579401
66.4,0.00056550801974362
66.7,0.000566594550226125
67,0.000567675477704999
67.3,0.000568750845409003
67.6,0.000569820696123347
67.9,0.000570885072195357
68.2,0.000571944015540066
68.5,0.000572997567645716
68.8,0.000574045769579175
69.1,0.000575088661991275
69.4,0.000576126285122066
69.7,0.000577158678805991
70,0.000578185882476984
70.3,0.000579207935173494
70.6,0.000580224875543426
70.9,0.000581236741849013
71.2,0.000582243571971619
71.5,0.000583245403416462
71.8,0.000584242273317275
72.1,0.000585234218440888
72.4,0.000586221275191756
72.7,0.000587203479616405
73,0.000588180867407828
73.3,0.000589153473909802
73.6,0.00059012133412115
73.9,0.000591084482699942
74.2,0.000592042953967629
74.5,0.00059299678191312
74.8,0.000593946000196804
75.1,0.000594890642154502
75.4,0.000595830740801377
75.7,0.000596766328835775
76,0.00059769743864302
76.3,0.000598624102299148
76.6,0.000599546351574592
76.9,0.000600464217937811
77.2,0.000601377732558874
77.5,0.000602286926312981
77.8,0.000603191829783948
78.1,0.000604092473267633
78.4,0.000604988886775319
78.7,0.000605881100037047
79,0.000606769142504899
79.3,0.000607653043356245
79.6,0.000608532831496937
79.9,0.000609408535564454
80.2,0.000610280183931019
80.5,0.000611147804706655
80.8,0.000612011425742212
81.1,0.000612871074632343
81.4,0.000613726778718447
81.7,0.000614578565091566
82,0.000615426460595244
82.3,0.000616270491828345
82.6,0.000617110685147838
82.9,0.000617947066671541
83.2,0.00061877966228082
83.5,0.00061960849762327
83.8,0.000620433598115338
84.1,0.000621254988944929
84.4,0.000622072695073962
84.7,0.000622886741240906
85,0.000623697151963269
85.3,0.000624503951540063
85.6,0.000625307164054231
85.9,0.000626106813375043
86.2,0.00062690292316046
86.5,0.000627695516859471
86.8,0.000628484617714391
87.1,0.000629270248763133
87.4,0.000630052432841455
87.7,0.000630831192585166
88,0.000631606550432313
88.3,0.000632378528625338
88.6,0.000633147149213199
88.9,0.000633912434053475
89.2,0.000634674404814437
89.5,0.000635433082977088
89.8,0.00063618848983719
90.1,0.000636940646507248
90.4,0.000637689573918484
90.7,0.000638435292822773
91,0.000639177823794565
91.3,0.000639917187232773
91.6,0.000640653403362642
91.9,0.000641386492237596
92.2,0.000642116473741054
92.5,0.000642843367588232
92.8,0.000643567193327916
93.1,0.000644287970344214
93.4,0.000645005717858287
93.7,0.00064572045493006
94,0.000646432200459903
94.3,0.000647140973190303
94.6,0.000647846791707509
94.9,0.000648549674443151
95.2,0.00064924963967585
95.5,0.0006499467055328
95.8,0.000650640889991336
96.1,0.000651332210880473
96.4,0.000652020685882439
96.7,0.000652706332534179
97,0.000653389168228846
97.3,0.000654069210217269
97.6,0.000654746475609409
97.9,0.000655420981375793
98.2,0.000656092744348928
98.5,0.000656761781224707
98.8,0.000657428108563789
99.1,0.000658091742792965
99.4,0.000658752700206509
99.7,0.000659410996967512
100,0.000660066649109197
100.3,0.000660719672536225
100.6,0.000661370083025978
100.9,0.000662017896229829
101.2,0.000662663127674399
101.5,0.0006633057927628
101.8,0.000663945906775853
102.1,0.000664583484873309
102.4,0.000665218542095037
102.7,0.000665851093362213
103,0.000666481153478486
103.3,0.00066710873713113
103.6,0.000667733858892192
103.9,0.000668356533219614
104.2,0.00066897677445835
104.5,0.000669594596841468
104.8,0.000670210014491236
105.1,0.000670823041420203
105.4,0.000671433691532257
105.7,0.000672041978623681
106,0.000672647916384188
106.3,0.000673251518397951
106.6,0.000673852798144616
106.9,0.000674451769000306
107.2,0.000675048444238616
107.5,0.000675642837031587
107.8,0.000676234960450681
108.1,0.000676824827467739
108.4,0.000677412450955923
108.7,0.000677997843690658
109,0.000678581018350556
109.3,0.00067916198751833
109.6,0.000679740763681703
109.9,0.000680317359234296
110.2,0.000680891786476519
110.5,0.000681464057616444
110.8,0.000682034184770666
111.1,0.000682602179965165
111.4,0.000683168055136145
111.7,0.000683731822130875
112,0.000684293492708512
112.3,0.000684853078540922
112.6,0.000685410591213485
112.9,0.000685966042225899
113.2,0.000686519442992965
113.5,0.000687070804845376
113.8,0.000687620139030482
114.1,0.000688167456713062
114.4,0.000688712768976076
114.7,0.000689256086821417
115,0.000689797421170646
115.3,0.000690336782865728
115.6,0.000690874182669753
115.9,0.000691409631267654
116.2,0.000691943139266915
116.5,0.000692474717198268
116.8,0.000693004375516391
117.1,0.000693532124600592
117.4,0.000694057974755483
117.7,0.000694581936211656
118,0.000695104019126344
118.3,0.000695624233584075
118.6,0.000696142589597328
118.9,0.000696659097107169
119.2,0.000697173765983889
119.5,0.000697686606027631
119.8,0.000698197626969017
120.1,0.000698706838469756
120.4,0.00069921425012326
120.7,0.000699719871455242
121,0.000700223711924313
121.3,0.000700725780922574
121.6,0.000701226087776195
121.9,0.000701724641745999
122.2,0.000702221452028026
122.5,0.000702716527754106
122.8,0.00070320987799241
123.1,0.000703701511748013
123.4,0.000704191437963434
123.7,0.000704679665519184
124,0.000705166203234297
124.3,0.000705651059866866
124.6,0.000706134244114567
124.9,0.000706615764615177
125.2,0.000707095629947092
125.5,0.000707573848629834
125.8,0.000708050429124555
126.1,0.000708525379834539
126.4,0.000708998709105692
126.7,0.000709470425227034
127,0.000709940536431181
127.3,0.000710409050894825
127.6,0.000710875976739208
127.9,0.000711341322030589
128.2,0.000711805094780713
128.5,0.000712267302947267
128.8,0.000712727954434335
129.1,0.000713187057092851
129.4,0.000713644618721046
129.7,0.000714100647064883
130,0.000714555149818502
130.3,0.000715008134624648
130.6,0.000715459609075101
130.9,0.000715909580711099
131.2,0.00071635805702376
131.5,0.000716805045454496
131.8,0.000717250553395423
132.1,0.000717694588189773
132.4,0.000718137157132294
132.7,0.000718578267469651
133,0.000719017926400819
133.3,0.000719456141077478
133.6,0.0007198929186044
133.9,0.000720328266039831
134.2,0.000720762190395872
134.5,0.000721194698638858
134.8,0.000721625797689728
135.1,0.000722055494424393
135.4,0.000722483795674107
135.7,0.000722910708225822
136,0.000723336238822553
136.3,0.000723760394163728
136.6,0.000724183180905543
136.9,0.000724604605661307
137.2,0.000725024675001791
137.5,0.000725443395455566
137.8,0.000725860773509341
138.1,0.000726276815608302
138.4,0.000726691528156439
138.7,0.000727104917516877
139,0.000727516990012202
139.3,0.000727927751924783
139.6,0.000728337209497088
139.9,0.000728745368932005
140.2,0.000729152236393153
140.5,0.000729557818005193
140.8,0.000729962119854133
141.1,0.000730365147987636
141.4,0.000730766908415318
141.7,0.000731167407109051
142,0.000731566650003253
142.3,0.000731964642995187
142.6,0.000732361391945249
142.9,0.000732756902677252
143.2,0.00073315118097872
143.5,0.000733544232601159
143.8,0.000733936063260345
144.1,0.0007343266786366
144.4,0.000734716084375063
144.7,0.000735104286085964
145,0.000735491289344893
145.3,0.000735877099693069
145.6,0.000736261722637601
145.9,0.000736645163651752
146.2,0.000737027428175199
146.5,0.00073740852161429
146.8,0.000737788449342296
147.1,0.00073816721669967
147.4,0.00073854482899429
147.7,0.000738921291501712
148,0.000739296609465412
148.3,0.000739670788097034
148.6,0.000740043832576626
148.9,0.000740415748052883
149.2,0.000740786539643382
149.5,0.000741156212434818
149.8,0.000741524771483235
150.1,0.000741892221814257
150.4,0.000742258568423318
150.7,0.000742623816275885
151,0.000742987970307688
151.3,0.000743351035424935
151.6,0.000743713016504538
151.9,0.00074407391839433
152.2,0.00074443374591328
152.5,0.000744792503851709
152.8,0.0007451501969715
153.1,0.000745506830006314
153.4,0.000745862407661793
153.7,0.00074621693461577
154,0.000746570415518475
154.3,0.000746922854992734
154.6,0.000747274257634177
154.9,0.000747624628011432
155.2,0.000747973970666324
155.5,0.000748322290114076
155.8,0.000748669590843497
156.1,0.000749015877317178
156.4,0.000749361153971685
156.7,0.000749705425217745
157,0.000750048695440434
157.3,0.000750390968999367
157.6,0.000750732250228879
157.9,0.000751072543438207
158.2,0.000751411852911677
158.5,0.000751750182908875
158.8,0.000752087537664836
159.1,0.000752423921390212
159.4,0.000752759338271449
159.7,0.000753093792470966
160,0.000753427288127318
