"ResDensity","N_TraitValue"
10,2.64383380345414e-05
10.1,2.65695834846316e-05
10.2,2.66995266661895e-05
10.3,2.68281868659542e-05
10.4,2.69555829916839e-05
10.5,2.70817335814194e-05
10.6,2.72066568124765e-05
10.7,2.73303705101777e-05
10.8,2.74528921563316e-05
10.9,2.75742388974676e-05
11,2.76944275528356e-05
11.1,2.78134746221776e-05
11.2,2.79313962932784e-05
11.3,2.80482084493042e-05
11.4,2.81639266759335e-05
11.5,2.82785662682903e-05
11.6,2.83921422376829e-05
11.7,2.85046693181569e-05
11.8,2.86161619728671e-05
11.9,2.87266344002745e-05
12,2.8836100540174e-05
12.1,2.89445740795583e-05
12.2,2.90520684583225e-05
12.3,2.91585968748157e-05
12.4,2.92641722912427e-05
12.5,2.93688074389223e-05
12.6,2.94725148234047e-05
12.7,2.95753067294544e-05
12.8,2.96771952259013e-05
12.9,2.97781921703639e-05
13,2.98783092138501e-05
13.1,2.99775578052375e-05
13.2,3.00759491956378e-05
13.3,3.01734944426489e-05
13.4,3.02702044144972e-05
13.5,3.03660897940745e-05
13.6,3.04611610828718e-05
13.7,3.05554286048133e-05
13.8,3.06489025099936e-05
13.9,3.07415927783213e-05
14,3.08335092230703e-05
14.1,3.0924661494344e-05
14.2,3.10150590824519e-05
14.3,3.11047113212043e-05
14.4,3.11936273911242e-05
14.5,3.12818163225815e-05
14.6,3.13692869988505e-05
14.7,3.14560481590924e-05
14.8,3.15421084012665e-05
14.9,3.16274761849698e-05
15,3.17121598342096e-05
15.1,3.17961675401092e-05
15.2,3.18795073635486e-05
15.3,3.19621872377435e-05
15.4,3.20442149707624e-05
15.5,3.21255982479845e-05
15.6,3.22063446345004e-05
15.7,3.2286461577456e-05
15.8,3.23659564083426e-05
15.9,3.24448363452326e-05
16,3.25231084949652e-05
16.1,3.26007798552801e-05
16.2,3.26778573169035e-05
16.3,3.27543476655858e-05
16.4,3.28302575840928e-05
16.5,3.29055936541526e-05
16.6,3.29803623583575e-05
16.7,3.30545700820233e-05
16.8,3.31282231150077e-05
16.9,3.32013276534873e-05
17,3.32738898016947e-05
17.1,3.33459155736184e-05
17.2,3.3417410894664e-05
17.3,3.34883816032789e-05
17.4,3.35588334525424e-05
17.5,3.36287721117196e-05
17.6,3.36982031677823e-05
17.7,3.37671321268973e-05
17.8,3.38355644158813e-05
17.9,3.39035053836258e-05
18,3.397096030249e-05
18.1,3.40379343696658e-05
18.2,3.41044327085115e-05
18.3,3.41704603698591e-05
18.4,3.42360223332927e-05
18.5,3.43011235084004e-05
18.6,3.43657687360003e-05
18.7,3.44299627893397e-05
18.8,3.44937103752705e-05
18.9,3.45570161353998e-05
19,3.46198846472157e-05
19.1,3.46823204251915e-05
19.2,3.47443279218659e-05
19.3,3.48059115289016e-05
19.4,3.48670755781222e-05
19.5,3.49278243425275e-05
19.6,3.49881620372894e-05
19.7,3.50480928207261e-05
19.8,3.51076207952578e-05
19.9,3.51667500083428e-05
20,3.52254844533948e-05
20.1,3.52838280706818e-05
20.2,3.53417847482078e-05
20.3,3.53993583225756e-05
20.4,3.54565525798344e-05
20.5,3.5513371256309e-05
20.6,3.55698180394137e-05
20.7,3.56258965684503e-05
20.8,3.56816104353896e-05
20.9,3.57369631856392e-05
21,3.57919583187948e-05
21.1,3.58465992893781e-05
21.2,3.59008895075602e-05
21.3,3.59548323398712e-05
21.4,3.60084311098954e-05
21.5,3.60616890989549e-05
21.6,3.61146095467785e-05
21.7,3.61671956521587e-05
21.8,3.62194505735969e-05
21.9,3.62713774299348e-05
22,3.63229793009758e-05
22.1,3.63742592280933e-05
22.2,3.64252202148285e-05
22.3,3.64758652274771e-05
22.4,3.65261971956641e-05
22.5,3.65762190129095e-05
22.6,3.66259335371823e-05
22.7,3.66753435914453e-05
22.8,3.67244519641886e-05
22.9,3.67732614099553e-05
23,3.68217746498556e-05
23.1,3.68699943720731e-05
23.2,3.69179232323607e-05
23.3,3.6965563854529e-05
23.4,3.70129188309245e-05
23.5,3.70599907229e-05
23.6,3.71067820612765e-05
23.7,3.71532953467964e-05
23.8,3.71995330505698e-05
23.9,3.72454976145112e-05
24,3.72911914517701e-05
24.1,3.73366169471531e-05
24.2,3.73817764575384e-05
24.3,3.7426672312284e-05
24.4,3.74713068136282e-05
24.5,3.75156822370827e-05
24.6,3.75598008318194e-05
24.7,3.76036648210509e-05
24.8,3.76472764024033e-05
24.9,3.76906377482838e-05
25,3.77337510062409e-05
25.1,3.77766182993193e-05
25.2,3.78192417264084e-05
25.3,3.78616233625845e-05
25.4,3.79037652594482e-05
25.5,3.79456694454546e-05
25.6,3.79873379262397e-05
25.7,3.80287726849397e-05
25.8,3.80699756825057e-05
25.9,3.81109488580136e-05
26,3.81516941289677e-05
26.1,3.81922133915999e-05
26.2,3.82325085211642e-05
26.3,3.82725813722259e-05
26.4,3.83124337789458e-05
26.5,3.83520675553604e-05
26.6,3.83914844956572e-05
26.7,3.84306863744449e-05
26.8,3.84696749470205e-05
26.9,3.85084519496307e-05
27,3.85470190997298e-05
27.1,3.85853780962334e-05
27.2,3.86235306197679e-05
27.3,3.86614783329155e-05
27.4,3.86992228804562e-05
27.5,3.87367658896054e-05
27.6,3.87741089702475e-05
27.7,3.88112537151659e-05
27.8,3.88482017002702e-05
27.9,3.88849544848182e-05
28,3.89215136116357e-05
28.1,3.89578806073324e-05
28.2,3.89940569825142e-05
28.3,3.90300442319925e-05
28.4,3.90658438349901e-05
28.5,3.91014572553438e-05
28.6,3.91368859417039e-05
28.7,3.9172131327731e-05
28.8,3.92071948322886e-05
28.9,3.92420778596344e-05
29,3.92767817996072e-05
29.1,3.93113080278116e-05
29.2,3.93456579057997e-05
29.3,3.93798327812506e-05
29.4,3.94138339881457e-05
29.5,3.94476628469432e-05
29.6,3.94813206647484e-05
29.7,3.95148087354825e-05
29.8,3.95481283400482e-05
29.9,3.95812807464929e-05
30,3.96142672101697e-05
30.1,3.96470889738959e-05
30.2,3.96797472681093e-05
30.3,3.97122433110212e-05
30.4,3.97445783087689e-05
30.5,3.97767534555639e-05
30.6,3.98087699338398e-05
30.7,3.98406289143967e-05
30.8,3.98723315565439e-05
30.9,3.99038790082408e-05
31,3.9935272406235e-05
31.1,3.99665128761993e-05
31.2,3.99976015328662e-05
31.3,4.00285394801601e-05
31.4,4.00593278113284e-05
31.5,4.008996760907e-05
31.6,4.01204599456624e-05
31.7,4.01508058830867e-05
31.8,4.01810064731508e-05
31.9,4.02110627576112e-05
32,4.02409757682923e-05
32.1,4.02707465272052e-05
32.2,4.03003760466635e-05
32.3,4.0329865329398e-05
32.4,4.03592153686703e-05
32.5,4.03884271483841e-05
32.6,4.04175016431949e-05
32.7,4.04464398186188e-05
32.8,4.04752426311392e-05
32.9,4.05039110283119e-05
33,4.05324459488696e-05
33.1,4.05608483228238e-05
33.2,4.05891190715664e-05
33.3,4.06172591079688e-05
33.4,4.06452693364803e-05
33.5,4.06731506532254e-05
33.6,4.07009039460987e-05
33.7,4.07285300948597e-05
33.8,4.07560299712256e-05
33.9,4.07834044389629e-05
34,4.08106543539778e-05
34.1,4.08377805644057e-05
34.2,4.08647839106989e-05
34.3,4.08916652257133e-05
34.4,4.09184253347946e-05
34.5,4.09450650558621e-05
34.6,4.09715851994925e-05
34.7,4.09979865690017e-05
34.8,4.10242699605266e-05
34.9,4.10504361631041e-05
35,4.10764859587512e-05
35.1,4.11024201225419e-05
35.2,4.11282394226848e-05
35.3,4.11539446205986e-05
35.4,4.11795364709869e-05
35.5,4.12050157219123e-05
35.6,4.12303831148693e-05
35.7,4.12556393848558e-05
35.8,4.12807852604446e-05
35.9,4.13058214638532e-05
36,4.1330748711013e-05
36.1,4.13555677116375e-05
36.2,4.13802791692899e-05
36.3,4.14048837814489e-05
36.4,4.14293822395754e-05
36.5,4.14537752291761e-05
36.6,4.14780634298686e-05
36.7,4.15022475154433e-05
36.8,4.15263281539269e-05
36.9,4.15503060076431e-05
37,4.15741817332734e-05
37.1,4.15979559819176e-05
37.2,4.16216293991522e-05
37.3,4.16452026250897e-05
37.4,4.16686762944355e-05
37.5,4.16920510365452e-05
37.6,4.17153274754811e-05
37.7,4.17385062300673e-05
37.8,4.17615879139447e-05
37.9,4.17845731356254e-05
38,4.18074624985457e-05
38.1,4.18302566011194e-05
38.2,4.18529560367895e-05
38.3,4.187556139408e-05
38.4,4.18980732566469e-05
38.5,4.19204922033279e-05
38.6,4.19428188081924e-05
38.7,4.19650536405906e-05
38.8,4.19871972652015e-05
38.9,4.20092502420811e-05
39,4.20312131267095e-05
39.1,4.20530864700372e-05
39.2,4.20748708185316e-05
39.3,4.20965667142226e-05
39.4,4.21181746947469e-05
39.5,4.21396952933932e-05
39.6,4.21611290391455e-05
39.7,4.21824764567267e-05
39.8,4.22037380666413e-05
39.9,4.2224914385218e-05
40,4.2246005924651e-05
40.1,4.22670131930417e-05
40.2,4.22879366944393e-05
40.3,4.23087769288812e-05
40.4,4.2329534392433e-05
40.5,4.23502095772274e-05
40.6,4.23708029715035e-05
40.7,4.2391315059645e-05
40.8,4.24117463222186e-05
40.9,4.24320972360107e-05
41,4.24523682740655e-05
41.1,4.24725599057208e-05
41.2,4.24926725966448e-05
41.3,4.25127068088715e-05
41.4,4.25326630008364e-05
41.5,4.25525416274112e-05
41.6,4.25723431399386e-05
41.7,4.25920679862662e-05
41.8,4.26117166107805e-05
41.9,4.26312894544403e-05
42,4.26507869548092e-05
42.1,4.2670209546089e-05
42.2,4.26895576591512e-05
42.3,4.27088317215693e-05
42.4,4.27280321576501e-05
42.5,4.27471593884651e-05
42.6,4.27662138318808e-05
42.7,4.27851959025895e-05
42.8,4.28041060121394e-05
42.9,4.28229445689642e-05
43,4.28417119784125e-05
43.1,4.28604086427769e-05
43.2,4.28790349613228e-05
43.3,4.28975913303168e-05
43.4,4.29160781430549e-05
43.5,4.29344957898898e-05
43.6,4.29528446582593e-05
43.7,4.29711251327124e-05
43.8,4.29893375949369e-05
43.9,4.30074824237858e-05
44,4.30255599953035e-05
44.1,4.30435706827517e-05
44.2,4.30615148566352e-05
44.3,4.30793928847274e-05
44.4,4.30972051320952e-05
44.5,4.31149519611241e-05
44.6,4.31326337315424e-05
44.7,4.3150250800446e-05
44.8,4.31678035223221e-05
44.9,4.3185292249073e-05
45,4.32027173300397e-05
45.1,4.32200791120253e-05
45.2,4.32373779393177e-05
45.3,4.32546141537124e-05
45.4,4.32717880945354e-05
45.5,4.3288900098665e-05
45.6,4.3305950500554e-05
45.7,4.33229396322516e-05
45.8,4.33398678234248e-05
45.9,4.33567354013799e-05
46,4.33735426910833e-05
46.1,4.33902900151825e-05
46.2,4.34069776940272e-05
46.3,4.34236060456888e-05
46.4,4.34401753859815e-05
46.5,4.34566860284817e-05
46.6,4.34731382845482e-05
46.7,4.34895324633414e-05
46.8,4.3505868871843e-05
46.9,4.35221478148748e-05
47,4.35383695951181e-05
47.1,4.35545345131321e-05
47.2,4.35706428673725e-05
47.3,4.358669495421e-05
47.4,4.36026910679487e-05
47.5,4.36186315008434e-05
47.6,4.3634516543118e-05
47.7,4.36503464829831e-05
47.8,4.3666121606653e-05
47.9,4.36818421983633e-05
48,4.36975085403878e-05
48.1,4.37131209130557e-05
48.2,4.37286795947679e-05
48.3,4.37441848620138e-05
48.4,4.37596369893876e-05
48.5,4.37750362496047e-05
48.6,4.37903829135172e-05
48.7,4.38056772501306e-05
48.8,4.38209195266188e-05
48.9,4.383611000834e-05
49,4.3851248958852e-05
49.1,4.38663366399275e-05
49.2,4.38813733115693e-05
49.3,4.38963592320248e-05
49.4,4.39112946578013e-05
49.5,4.39261798436805e-05
49.6,4.39410150427326e-05
49.7,4.39558005063313e-05
49.8,4.39705364841673e-05
49.9,4.3985223224263e-05
50,4.39998609729858e-05
50.1,4.40144499750626e-05
50.2,4.40289904735928e-05
50.3,4.40434827100619e-05
50.4,4.40579269243552e-05
50.5,4.40723233547708e-05
50.6,4.40866722380328e-05
50.7,4.41009738093041e-05
50.8,4.41152283021993e-05
50.9,4.41294359487978e-05
51,4.41435969796558e-05
51.1,4.41577116238192e-05
51.2,4.41717801088356e-05
51.3,4.4185802660767e-05
51.4,4.41997795042014e-05
51.5,4.42137108622652e-05
51.6,4.42275969566349e-05
51.7,4.42414380075487e-05
51.8,4.42552342338184e-05
51.9,4.42689858528409e-05
52,4.42826930806095e-05
52.1,4.42963561317252e-05
52.2,4.43099752194081e-05
52.3,4.43235505555081e-05
52.4,4.43370823505165e-05
52.5,4.43505708135762e-05
52.6,4.43640161524929e-05
52.7,4.43774185737458e-05
52.8,4.43907782824979e-05
52.9,4.44040954826065e-05
53,4.44173703766338e-05
53.1,4.44306031658571e-05
53.2,4.44437940502789e-05
53.3,4.44569432286368e-05
53.4,4.44700508984138e-05
53.5,4.44831172558482e-05
53.6,4.44961424959431e-05
53.7,4.45091268124762e-05
53.8,4.45220703980095e-05
53.9,4.45349734438989e-05
54,4.45478361403033e-05
54.1,4.45606586761945e-05
54.2,4.45734412393656e-05
54.3,4.45861840164412e-05
54.4,4.45988871928857e-05
54.5,4.46115509530124e-05
54.6,4.46241754799929e-05
54.7,4.46367609558654e-05
54.8,4.46493075615437e-05
54.9,4.46618154768258e-05
55,4.46742848804025e-05
55.1,4.46867159498661e-05
55.2,4.46991088617182e-05
55.3,4.47114637913791e-05
55.4,4.4723780913195e-05
55.5,4.47360604004469e-05
55.6,4.47483024253585e-05
55.7,4.47605071591041e-05
55.8,4.4772674771817e-05
55.9,4.47848054325969e-05
56,4.47968993095182e-05
56.1,4.48089565696373e-05
56.2,4.48209773790006e-05
56.3,4.48329619026522e-05
56.4,4.48449103046412e-05
56.5,4.48568227480293e-05
56.6,4.48686993948981e-05
56.7,4.48805404063568e-05
56.8,4.4892345942549e-05
56.9,4.49041161626603e-05
57,4.49158512249254e-05
57.1,4.49275512866349e-05
57.2,4.49392165041426e-05
57.3,4.49508470328726e-05
57.4,4.49624430273257e-05
57.5,4.49740046410868e-05
57.6,4.49855320268313e-05
57.7,4.4997025336332e-05
57.8,4.50084847204656e-05
57.9,4.50199103292196e-05
58,4.50313023116986e-05
58.1,4.50426608161306e-05
58.2,4.5053985989874e-05
58.3,4.50652779794236e-05
58.4,4.50765369304166e-05
58.5,4.50877629876398e-05
58.6,4.50989562950347e-05
58.7,4.51101169957045e-05
58.8,4.51212452319198e-05
58.9,4.51323411451246e-05
59,4.51434048759425e-05
59.1,4.51544365641827e-05
59.2,4.51654363488456e-05
59.3,4.51764043681287e-05
59.4,4.51873407594327e-05
59.5,4.51982456593668e-05
59.6,4.52091192037547e-05
59.7,4.52199615276401e-05
59.8,4.52307727652924e-05
59.9,4.5241553050212e-05
60,4.52523025151362e-05
