"ResDensity","N_TraitValue"
5,0.112807876311742
5.23,0.116870945250149
5.46,0.120857196278808
5.69,0.124768787519038
5.92,0.128607797001871
6.15,0.132376226349194
6.38,0.136076004253717
6.61,0.139708989770457
6.84,0.143276975431567
7.07,0.146781690195446
7.3,0.150224802240348
7.53,0.153607921611957
7.76,0.156932602733769
7.99,0.160200346788497
8.22,0.163412603978163
8.45,0.166570775670033
8.68,0.169676216435062
8.91,0.172730235985074
9.14,0.175734101014508
9.37,0.178689036952161
9.6,0.181596229628025
9.83,0.184456826859973
10.06,0.187271939964765
10.29,0.190042645197538
10.52,0.192769985123719
10.75,0.195454969927006
10.98,0.198098578656892
11.21,0.200701760418951
11.44,0.203265435510935
11.67,0.205790496507529
11.9,0.208277809296464
12.13,0.210728214068504
12.36,0.213142526263682
12.59,0.215521537476045
12.82,0.217866016318979
13.05,0.220176709253145
13.28,0.222454341378864
13.51,0.224699617194735
13.74,0.226913221324152
13.97,0.229095819211292
14.2,0.231248057788055
14.43,0.23337056611337
14.66,0.235463955986192
14.89,0.237528822533433
15.12,0.239565744774031
15.35,0.241575286160267
15.58,0.243557995097404
15.81,0.245514405442644
16.04,0.247445036984359
16.27,0.249350395902508
16.5,0.25123097521109
16.73,0.253087255183439
16.96,0.254919703761149
17.19,0.25672877694734
17.42,0.258514919184977
17.65,0.26027856372089
17.88,0.262020132956123
18.11,0.263740038783215
18.34,0.265438682910966
18.57,0.267116457177236
18.8,0.268773743850284
19.03,0.270410915919137
19.26,0.272028337373448
19.49,0.273626363473283
19.72,0.275205341009268
19.95,0.276765608553486
20.18,0.278307496701497
20.41,0.279831328305875
20.64,0.28133741870157
20.87,0.282826075923454
21.1,0.284297600916351
21.33,0.285752287737866
21.56,0.287190423754277
21.79,0.288612289829791
22.02,0.290018160509406
22.25,0.291408304195639
22.48,0.292782983319352
22.71,0.294142454504918
22.94,0.295486968729923
23.17,0.296816771479633
23.4,0.298132102896419
23.63,0.299433197924328
23.86,0.300720286448982
24.09,0.301993593432989
24.32,0.303253339047022
24.55,0.30449973879674
24.78,0.305733003645682
25.01,0.306953340134313
25.24,0.308160950495336
25.47,0.309356032765412
25.7,0.310538780893432
25.93,0.311709384845445
26.16,0.312868030706372
26.39,0.31401490077862
26.62,0.315150173677708
26.85,0.316274024424995
27.08,0.317386624537639
27.31,0.318488142115855
27.54,0.319578741927587
27.77,0.320658585490664
28,0.321727831152552
28.23,0.322786634167756
28.46,0.323835146772973
28.69,0.324873518260061
28.92,0.325901895046903
29.15,0.32692042074623
29.38,0.327929236232482
29.61,0.328928479706765
29.84,0.329918286759958
30.07,0.330898790434057
30.3,0.331870121281781
30.53,0.332832407424524
30.76,0.333785774608693
30.99,0.334730346260481
31.22,0.33566624353914
31.45,0.336593585388788
31.68,0.337512488588799
31.91,0.338423067802831
32.14,0.339325435626522
32.37,0.340219702633902
32.6,0.341105977422563
32.83,0.341984366657621
33.06,0.342854975114513
33.29,0.343717905720657
33.52,0.344573259596015
33.75,0.345421136092602
33.98,0.346261632832947
34.21,0.347094845747568
34.44,0.347920869111471
34.67,0.348739795579705
34.9,0.349551716222016
35.13,0.350356720556599
35.36,0.351154896583008
35.59,0.351946330814216
35.82,0.352731108307883
36.05,0.35350931269682
36.28,0.354281026218709
36.51,0.355046329745065
36.74,0.355805302809494
36.97,0.356558023635246
37.2,0.357304569162085
37.43,0.358045015072512
37.66,0.358779435817337
37.89,0.359507904640638
38.12,0.360230493604106
38.35,0.360947273610814
38.58,0.361658314428406
38.81,0.362363684711734
39.04,0.363063452024959
39.27,0.363757682863122
39.5,0.364446442673209
39.73,0.365129795874717
39.96,0.365807805879742
40.19,0.36648053511259
40.42,0.367148045028941
40.65,0.367810396134561
40.88,0.368467648003586
41.11,0.369119859296383
41.34,0.369767087777005
41.57,0.370409390330241
41.8,0.371046822978287
42.03,0.371679440897031
42.26,0.372307298431976
42.49,0.372930449113803
42.72,0.373548945673584
42.95,0.374162840057656
43.18,0.374772183442166
43.41,0.375377026247294
43.64,0.375977418151155
43.87,0.376573408103408
44.1,0.377165044338553
44.33,0.377752374388949
44.56,0.378335445097541
44.79,0.378914302630313
45.02,0.379488992488476
45.25,0.380059559520392
45.48,0.380626047933234
45.71,0.38118850130441
45.94,0.381746962592738
46.17,0.382301474149378
46.4,0.382852077728543
46.63,0.383398814497979
46.86,0.383941725049225
47.09,0.384480849407657
47.32,0.385016227042329
47.55,0.385547896875601
47.78,0.386075897292575
48.01,0.38660026615033
48.24,0.387121040786973
48.47,0.387638258030499
48.7,0.388151954207477
48.93,0.388662165151547
49.16,0.389168926211764
49.39,0.38967227226075
49.62,0.390172237702703
49.85,0.390668856481231
50.08,0.391162162087034
50.31,0.391652187565436
50.54,0.392138965523759
50.77,0.392622528138561
51,0.393102907162725
51.23,0.393580133932404
51.46,0.394054239373844
51.69,0.394525254010056
51.92,0.394993207967373
52.15,0.395458130981871
52.38,0.395920052405666
52.61,0.396379001213094
52.84,0.396835006006768
53.07,0.397288095023522
53.3,0.397738296140234
53.53,0.398185636879553
53.76,0.398630144415497
53.99,0.399071845578965
54.22,0.399510766863128
54.45,0.399946934428732
54.68,0.400380374109292
54.91,0.400811111416194
55.14,0.4012391715437
55.37,0.401664579373861
55.6,0.402087359481337
55.83,0.40250753613813
56.06,0.402925133318229
56.29,0.40334017470217
56.52,0.403752683681511
56.75,0.404162683363229
56.98,0.404570196574032
57.21,0.404975245864599
57.44,0.405377853513735
57.67,0.40577804153246
57.9,0.406175831668017
58.13,0.406571245407816
58.36,0.406964303983297
58.59,0.407355028373737
58.82,0.407743439309975
59.05,0.408129557278087
59.28,0.40851340252298
59.51,0.408894995051935
59.74,0.409274354638082
59.97,0.409651500823818
60.2,0.410026452924155
60.43,0.410399230030028
60.66,0.410769851011528
60.89,0.411138334521086
61.12,0.411504698996609
61.35,0.411868962664546
61.58,0.412231143542918
61.81,0.412591259444285
62.04,0.412949327978669
62.27,0.413305366556422
62.5,0.413659392391049
62.73,0.414011422501982
62.96,0.414361473717308
63.19,0.41470956267645
63.42,0.415055705832803
63.65,0.415399919456329
63.88,0.415742219636102
64.11,0.416082622282818
64.34,0.41642114313126
64.57,0.416757797742721
64.8,0.417092601507391
65.03,0.417425569646699
65.26,0.417756717215622
65.49,0.418086059104955
65.72,0.418413610043539
65.95,0.418739384600462
66.18,0.419063397187215
66.41,0.41938566205982
66.64,0.419706193320917
66.87,0.420025004921827
67.1,0.420342110664571
67.33,0.420657524203864
67.56,0.420971259049076
67.79,0.421283328566157
68.02,0.421593745979539
68.25,0.421902524374005
68.48,0.422209676696521
68.71,0.422515215758052
68.94,0.422819154235343
69.17,0.423121504672666
69.4,0.423422279483554
69.63,0.423721490952493
69.86,0.4240191512366
70.09,0.424315272367265
70.32,0.424609866251775
70.55,0.42490294467491
70.78,0.425194519300511
71.01,0.425484601673033
71.24,0.425773203219064
71.47,0.426060335248827
71.7,0.426346008957658
71.93,0.42663023542746
72.16,0.426913025628138
72.39,0.427194390419007
72.62,0.427474340550185
72.85,0.427752886663962
73.08,0.428030039296146
73.31,0.428305808877395
73.54,0.428580205734521
73.77,0.428853240091785
74,0.429124922072161
74.23,0.429395261698592
74.46,0.429664268895217
74.69,0.429931953488593
74.92,0.430198325208884
75.15,0.430463393691045
75.38,0.430727168475982
75.61,0.430989659011695
75.84,0.431250874654409
76.07,0.431510824669685
76.3,0.431769518233515
76.53,0.432026964433401
76.76,0.43228317226942
76.99,0.432538150655272
77.22,0.432791908419317
77.45,0.433044454305588
77.68,0.4332957969748
77.91,0.433545945005341
78.14,0.433794906894242
78.37,0.434042691058145
78.6,0.434289305834249
78.83,0.434534759481246
79.06,0.434779060180241
79.29,0.435022216035663
79.52,0.435264235076161
79.75,0.435505125255486
79.98,0.435744894453364
80.21,0.435983550476356
80.44,0.436221101058701
80.67,0.436457553863158
80.9,0.436692916481824
81.13,0.436927196436949
81.36,0.437160401181739
81.59,0.437392538101143
81.82,0.437623614512637
82.05,0.437853637666985
82.28,0.438082614749009
82.51,0.438310552878327
82.74,0.438537459110094
82.97,0.438763340435734
83.2,0.43898820378365
83.43,0.439212056019941
83.66,0.439434903949095
83.89,0.439656754314681
84.12,0.439877613800027
84.35,0.440097489028896
84.58,0.440316386566141
84.81,0.440534312918366
85.04,0.440751274534564
85.27,0.440967277806757
85.5,0.441182329070623
85.73,0.441396434606117
85.96,0.441609600638077
86.19,0.441821833336835
86.42,0.442033138818805
86.65,0.442243523147075
86.88,0.442452992331987
87.11,0.442661552331707
87.34,0.44286920905279
87.57,0.44307596835074
87.8,0.443281836030559
88.03,0.443486817847291
88.26,0.443690919506556
88.49,0.443894146665082
88.72,0.444096504931227
88.95,0.444297999865492
89.18,0.444498636981037
89.41,0.444698421744177
89.64,0.444897359574881
89.87,0.445095455847263
90.1,0.445292715890066
90.33,0.445489144987136
90.56,0.445684748377902
90.79,0.44587953125783
91.02,0.446073498778896
91.25,0.44626665605003
91.48,0.446459008137569
91.71,0.446650560065701
91.94,0.446841316816899
92.17,0.447031283332356
92.4,0.44722046451241
92.63,0.447408865216966
92.86,0.447596490265912
93.09,0.44778334443953
93.32,0.447969432478902
93.55,0.448154759086311
93.78,0.448339328925638
94.01,0.448523146622751
94.24,0.448706216765894
94.47,0.448888543906067
94.7,0.449070132557403
94.93,0.449250987197543
95.16,0.449431112268
95.39,0.449610512174528
95.62,0.449789191287475
95.85,0.449967153942142
96.08,0.450144404439134
96.31,0.450320947044704
96.54,0.450496785991096
96.77,0.450671925476884
97,0.450846369667305
97.23,0.451020122694591
97.46,0.451193188658294
97.69,0.451365571625608
97.92,0.451537275631689
98.15,0.451708304679969
98.38,0.451878662742466
98.61,0.452048353760095
98.84,0.452217381642968
99.07,0.452385750270696
99.3,0.452553463492686
99.53,0.452720525128435
99.76,0.452886938967818
99.99,0.453052708771377
100.22,0.453217838270602
100.45,0.453382331168211
100.68,0.45354619113843
100.91,0.453709421827263
101.14,0.453872026852763
101.37,0.454034009805303
101.6,0.454195374247833
101.83,0.45435612371615
102.06,0.454516261719147
102.29,0.454675791739079
102.52,0.454834717231803
102.75,0.45499304162704
102.98,0.455150768328611
103.21,0.45530790071469
103.44,0.455464442138037
103.67,0.455620395926242
103.9,0.455775765381961
104.13,0.455930553783145
104.36,0.456084764383273
104.59,0.456238400411581
104.82,0.456391465073285
105.05,0.456543961549805
105.28,0.456695892998987
105.51,0.456847262555318
105.74,0.456998073330143
105.97,0.45714832841188
106.2,0.457298030866228
106.43,0.457447183736375
106.66,0.457595790043208
106.89,0.457743852785514
107.12,0.457891374940182
107.35,0.458038359462403
107.58,0.458184809285868
107.81,0.458330727322962
108.04,0.458476116464958
108.27,0.458620979582206
108.5,0.458765319524324
108.73,0.458909139120386
108.96,0.459052441179103
109.19,0.459195228489009
109.42,0.459337503818639
109.65,0.459479269916712
109.88,0.459620529512305
110.11,0.459761285315028
110.34,0.4599015400152
110.57,0.460041296284015
110.8,0.46018055677372
111.03,0.460319324117774
111.26,0.460457600931019
111.49,0.460595389809844
111.72,0.460732693332346
111.95,0.46086951405849
112.18,0.461005854530272
112.41,0.461141717271873
112.64,0.461277104789815
112.87,0.461412019573116
113.1,0.461546464093444
113.33,0.461680440805265
113.56,0.461813952145993
113.79,0.46194700053614
114.02,0.46207958837946
114.25,0.462211718063096
114.48,0.462343391957719
114.71,0.462474612417674
114.94,0.462605381781121
115.17,0.462735702370169
115.4,0.462865576491018
115.63,0.462995006434091
115.86,0.463123994474174
116.09,0.463252542870544
116.32,0.463380653867104
116.55,0.463508329692512
116.78,0.463635572560313
117.01,0.463762384669062
117.24,0.463888768202455
117.47,0.464014725329453
117.7,0.464140258204406
117.93,0.464265368967174
118.16,0.464390059743252
118.39,0.464514332643889
118.62,0.464638189766206
118.85,0.464761633193314
119.08,0.464884664994433
119.31,0.465007287225006
119.54,0.465129501926813
119.77,0.465251311128086
120,0.465372716843619
