"ResDensity","N_TraitValue"
2,0.0541874886359664
2.036,0.055028886758911
2.072,0.0558662076969549
2.108,0.0566994810138517
2.144,0.0575287359882206
2.18,0.0583540016169763
2.216,0.0591753066187086
2.252,0.0599926794370137
2.288,0.0608061482437782
2.324,0.0616157409424154
2.36,0.0624214851710557
2.396,0.0632234083056924
2.432,0.0640215374632814
2.468,0.0648158995047985
2.504,0.0656065210382523
2.54,0.0663934284216554
2.576,0.0671766477659534
2.612,0.0679562049379132
2.648,0.0687321255629705
2.684,0.0695044350280379
2.72,0.0702731584842734
2.756,0.0710383208498109
2.792,0.0717999468124527
2.828,0.0725580608323247
2.864,0.0733126871444947
2.9,0.0740638497615553
2.936,0.0748115724761707
2.972,0.075555878863589
3.008,0.0762967922841195
3.044,0.0770343358855774
3.08,0.0777685326056938
3.116,0.0784994051744939
3.152,0.0792269761166431
3.188,0.0799512677537601
3.224,0.0806723022067007
3.26,0.0813901013978088
3.296,0.0821046870531394
3.332,0.0828160807046495
3.368,0.0835243036923615
3.404,0.0842293771664968
3.44,0.0849313220895814
3.476,0.0856301592385233
3.512,0.0863259092066625
3.548,0.0870185924057939
3.584,0.0877082290681632
3.62,0.0883948392484374
3.656,0.0890784428256479
3.692,0.0897590595051099
3.728,0.0904367088203153
3.764,0.0911114101348017
3.8,0.0917831826439966
3.836,0.0924520453770377
3.872,0.0931180171985703
3.908,0.09378111681052
3.944,0.0944413627538443
3.98,0.0950987734102597
4.016,0.0957533670039487
4.052,0.0964051616032428
4.088,0.0970541751222856
4.124,0.097700425322674
4.16,0.0983439298150782
4.196,0.0989847060608413
4.232,0.0996227713735593
4.268,0.10025814292064
4.304,0.100890837724843
4.34,0.101520872665799
4.376,0.102148264481513
4.412,0.102773029769844
4.448,0.103395184989971
4.484,0.104014746463836
4.52,0.104631730377575
4.556,0.105246152782923
4.592,0.105858029598609
4.628,0.106467376611731
4.664,0.107074209479112
4.7,0.107678543728642
4.736,0.108280394760603
4.772,0.108879777848976
4.808,0.109476708142734
4.844,0.110071200667117
4.88,0.110663270324896
4.916,0.111252931897612
4.952,0.111840200046815
4.988,0.11242508931527
5.024,0.113007614128164
5.06,0.113587788794289
5.096,0.114165627507215
5.132,0.114741144346444
5.168,0.115314353278559
5.204,0.115885268158351
5.24,0.116453902729935
5.276,0.117020270627851
5.312,0.117584385378159
5.348,0.118146260399511
5.384,0.118705909004218
5.42,0.1192633443993
5.456,0.119818579687524
5.492,0.120371627868433
5.528,0.120922501839359
5.564,0.121471214396425
5.6,0.122017778235537
5.636,0.122562205953363
5.672,0.123104510048301
5.708,0.123644702921435
5.744,0.124182796877478
5.78,0.124718804125713
5.816,0.125252736780908
5.852,0.125784606864235
5.888,0.126314426304168
5.924,0.126842206937379
5.96,0.127367960509615
5.996,0.127891698676573
6.032,0.12841343300476
6.068,0.128933174972342
6.104,0.129450935969992
6.14,0.129966727301714
6.176,0.130480560185674
6.212,0.130992445755006
6.248,0.13150239505862
6.284,0.132010419061998
6.32,0.132516528647977
6.356,0.133020734617526
6.392,0.133523047690518
6.428,0.134023478506486
6.464,0.134522037625377
6.5,0.135018735528291
6.536,0.135513582618221
6.572,0.136006589220774
6.608,0.136497765584893
6.644,0.136987121883563
6.68,0.137474668214518
6.716,0.137960414600934
6.752,0.138444370992114
6.788,0.138926547264169
6.824,0.139406953220691
6.86,0.139885598593412
6.896,0.14036249304287
6.932,0.140837646159051
6.968,0.141311067462035
7.004,0.141782766402633
7.04,0.142252752363013
7.076,0.142721034657325
7.112,0.143187622532314
7.148,0.143652525167929
7.184,0.144115751677927
7.22,0.144577311110466
7.256,0.145037212448696
7.292,0.145495464611341
7.328,0.145952076453275
7.364,0.146407056766093
7.4,0.146860414278676
7.436,0.147312157657747
7.472,0.147762295508427
7.508,0.148210836374776
7.544,0.148657788740339
7.58,0.149103161028677
7.616,0.1495469616039
7.652,0.149989198771186
7.688,0.150429880777303
7.724,0.150869015811117
7.76,0.151306612004107
7.796,0.151742677430858
7.832,0.152177220109565
7.868,0.152610248002518
7.904,0.153041769016594
7.94,0.153471791003735
7.976,0.153900321761426
8.012,0.154327369033164
8.048,0.154752940508926
8.084,0.155177043825632
8.12,0.155599686567599
8.156,0.156020876266993
8.192,0.156440620404281
8.228,0.156858926408668
8.264,0.15727580165854
8.3,0.157691253481893
8.336,0.158105289156768
8.372,0.158517915911672
8.408,0.158929140925999
8.444,0.15933897133045
8.48,0.159747414207439
8.516,0.160154476591507
8.552,0.160560165469722
8.588,0.16096448778208
8.624,0.161367450421901
8.66,0.161769060236221
8.696,0.162169324026179
8.732,0.1625682485474
8.768,0.162965840510379
8.804,0.163362106580852
8.84,0.163757053380172
8.876,0.164150687485678
8.912,0.164543015431057
8.948,0.16493404370671
8.984,0.165323778760105
9.02,0.165712226996136
9.056,0.166099394777469
9.092,0.166485288424896
9.128,0.16686991421767
9.164,0.167253278393855
9.2,0.167635387150658
9.236,0.168016246644761
9.272,0.168395862992659
9.308,0.168774242270978
9.344,0.169151390516809
9.38,0.16952731372802
9.416,0.169902017863581
9.452,0.170275508843876
9.488,0.170647792551013
9.524,0.171018874829136
9.56,0.17138876148473
9.596,0.171757458286921
9.632,0.172124970967781
9.668,0.17249130522262
9.704,0.172856466710286
9.74,0.173220461053448
9.776,0.173583293838894
9.812,0.17394497061781
9.848,0.174305496906066
9.884,0.174664878184495
9.92,0.175023119899174
9.956,0.175380227461693
9.992,0.175736206249435
10.028,0.17609106160584
10.064,0.176444798840675
10.1,0.176797423230297
10.136,0.177148940017919
10.172,0.177499354413866
10.208,0.177848671595835
10.244,0.178196896709147
10.28,0.178544034867004
10.316,0.178890091150736
10.352,0.179235070610049
10.388,0.179578978263272
10.424,0.1799218190976
10.46,0.180263598069334
10.496,0.180604320104124
10.532,0.180943990097197
10.568,0.1812826129136
10.604,0.18162019338843
10.64,0.18195673632706
10.676,0.182292246505373
10.712,0.182626728669983
10.748,0.182960187538463
10.784,0.183292627799563
10.82,0.183624054113432
10.856,0.183954471111836
10.892,0.184283883398372
10.928,0.184612295548683
10.964,0.184939712110671
11,0.185266137604703
11.036,0.185591576523824
11.072,0.185916033333961
11.108,0.186239512474124
11.144,0.186562018356615
11.18,0.186883555367223
11.216,0.187204127865426
11.252,0.187523740184587
11.288,0.187842396632149
11.324,0.188160101489828
11.36,0.188476859013806
11.396,0.188792673434922
11.432,0.189107548958856
11.468,0.189421489766322
11.504,0.189734500013246
11.54,0.190046583830957
11.576,0.190357745326362
11.612,0.190667988582131
11.648,0.19097731765687
11.684,0.191285736585306
11.72,0.191593249378455
11.756,0.1918998600238
11.792,0.192205572485462
11.828,0.192510390704371
11.864,0.192814318598434
11.9,0.193117360062706
11.936,0.193419518969555
11.972,0.193720799168825
12.008,0.194021204488002
12.044,0.194320738732375
12.08,0.194619405685195
12.116,0.19491720910784
12.152,0.195214152739965
12.188,0.195510240299666
12.224,0.195805475483628
12.26,0.196099861967287
12.296,0.196393403404974
12.332,0.196686103430072
12.368,0.196977965655165
12.404,0.197268993672186
12.44,0.197559191052561
12.476,0.197848561347362
12.512,0.198137108087446
12.548,0.198424834783602
12.584,0.198711744926692
12.62,0.198997841987792
12.656,0.19928312941833
12.692,0.199567610650232
12.728,0.199851289096051
12.764,0.200134168149108
12.8,0.200416251183627
12.836,0.200697541554868
12.872,0.20097804259926
12.908,0.201257757634537
12.944,0.20153668995986
12.98,0.201814842855957
13.016,0.202092219585244
13.052,0.202368823391955
13.088,0.202644657502271
13.124,0.202919725124442
13.16,0.203194029448911
13.196,0.203467573648442
13.232,0.203740360878236
13.268,0.204012394276058
13.304,0.204283676962354
13.34,0.20455421204037
13.376,0.204824002596275
13.412,0.205093051699271
13.448,0.205361362401714
13.484,0.205628937739232
13.52,0.205895780730831
13.556,0.206161894379018
13.592,0.206427281669907
13.628,0.206691945573333
13.664,0.206955889042965
13.7,0.207219115016411
13.736,0.207481626415332
13.772,0.207743426145545
13.808,0.208004517097135
13.844,0.20826490214456
13.88,0.208524584146753
13.916,0.208783565947232
13.952,0.209041850374201
13.988,0.209299440240651
14.024,0.209556338344467
14.06,0.209812547468524
14.096,0.210068070380793
14.132,0.210322909834436
14.168,0.210577068567907
14.204,0.210830549305049
14.24,0.211083354755193
14.276,0.211335487613254
14.312,0.211586950559826
14.348,0.211837746261275
14.384,0.212087877369839
14.42,0.212337346523717
14.456,0.212586156347162
14.492,0.212834309450575
14.528,0.213081808430593
14.564,0.213328655870185
14.6,0.213574854338736
14.636,0.213820406392139
14.672,0.214065314572884
14.708,0.214309581410145
14.744,0.214553209419867
14.78,0.21479620110485
14.816,0.215038558954841
14.852,0.215280285446612
14.888,0.215521383044049
14.924,0.215761854198233
14.96,0.216001701347526
14.996,0.216240926917651
15.032,0.216479533321772
15.068,0.216717522960582
15.104,0.216954898222375
15.14,0.217191661483133
15.176,0.2174278151066
15.212,0.217663361444365
15.248,0.217898302835936
15.284,0.218132641608821
15.32,0.218366380078603
15.356,0.218599520549015
15.392,0.218832065312019
15.428,0.21906401664788
15.464,0.219295376825237
15.5,0.219526148101182
15.536,0.219756332721332
15.572,0.219985932919899
15.608,0.220214950919766
15.644,0.220443388932556
15.68,0.220671249158705
15.716,0.220898533787531
15.752,0.221125244997307
15.788,0.221351384955326
15.824,0.221576955817976
15.86,0.221801959730803
15.896,0.222026398828581
15.932,0.222250275235381
15.968,0.222473591064637
16.004,0.222696348419211
16.04,0.222918549391462
16.076,0.223140196063308
16.112,0.223361290506295
16.148,0.223581834781657
16.184,0.223801830940385
16.22,0.224021281023286
16.256,0.224240187061048
16.292,0.224458551074306
16.328,0.224676375073697
16.364,0.224893661059927
16.4,0.225110411023832
16.436,0.225326626946437
16.472,0.225542310799017
16.508,0.225757464543157
16.544,0.225972090130811
16.58,0.226186189504363
16.616,0.226399764596682
16.652,0.226612817331184
16.688,0.226825349621886
16.724,0.227037363373469
16.76,0.227248860481326
16.796,0.227459842831629
16.832,0.227670312301376
16.868,0.227880270758451
16.904,0.228089720061681
16.94,0.228298662060885
16.976,0.228507098596936
17.012,0.228715031501807
17.048,0.228922462598632
17.084,0.229129393701754
17.12,0.22933582661678
17.156,0.229541763140635
17.192,0.229747205061611
17.228,0.229952154159422
17.264,0.230156612205251
17.3,0.230360580961806
17.336,0.230564062183368
17.372,0.230767057615841
17.408,0.230969568996804
17.444,0.231171598055557
17.48,0.231373146513175
17.516,0.231574216082552
17.552,0.231774808468453
17.588,0.231974925367561
17.624,0.232174568468525
17.66,0.232373739452007
17.696,0.232572439990729
17.732,0.232770671749521
17.768,0.232968436385367
17.804,0.233165735547451
17.84,0.233362570877202
17.876,0.233558944008341
17.912,0.233754856566925
17.948,0.233950310171394
17.984,0.234145306432612
18.02,0.234339846953914
18.056,0.23453393333115
18.092,0.234727567152727
18.128,0.234920749999654
18.164,0.235113483445582
18.2,0.235305769056852
18.236,0.235497608392532
18.272,0.235689003004463
18.308,0.235879954437299
18.344,0.236070464228548
18.38,0.236260533908614
18.416,0.236450165000841
18.452,0.236639359021547
18.488,0.236828117480071
18.524,0.23701644187881
18.56,0.237204333713257
18.596,0.237391794472046
18.632,0.237578825636986
18.668,0.237765428683104
18.704,0.237951605078679
18.74,0.238137356285288
18.776,0.238322683757834
18.812,0.238507588944596
18.848,0.238692073287255
18.884,0.238876138220941
18.92,0.239059785174263
18.956,0.239243015569351
18.992,0.23942583082189
19.028,0.239608232341158
19.064,0.23979022153006
19.1,0.239971799785168
19.136,0.240152968496752
19.172,0.240333729048818
19.208,0.240514082819143
19.244,0.24069403117931
19.28,0.240873575494743
19.316,0.241052717124741
19.352,0.241231457422513
19.388,0.24140979773521
19.424,0.241587739403961
19.46,0.241765283763908
19.496,0.241942432144235
19.532,0.242119185868205
19.568,0.24229554625319
19.604,0.242471514610708
19.64,0.24264709224645
19.676,0.242822280460316
19.712,0.242997080546448
19.748,0.243171493793256
19.784,0.243345521483458
19.82,0.243519164894105
19.856,0.243692425296614
19.892,0.243865303956801
19.928,0.244037802134908
19.964,0.244209921085638
20,0.244381662058182
