"ResDensity","N_TraitValue"
3,3.48102227244848e-05
3.234,3.73942618098623e-05
3.468,3.99603004206953e-05
3.702,4.25085259917137e-05
3.936,4.50391233643636e-05
4.17,4.75522748315018e-05
4.404,5.00481601811701e-05
4.638,5.25269567394699e-05
4.872,5.49888394125596e-05
5.106,5.74339807277949e-05
5.34,5.98625508740326e-05
5.574,6.22747177411182e-05
5.808,6.46706469585753e-05
6.042,6.70505019335174e-05
6.276,6.94144438877978e-05
6.51,7.17626318944179e-05
6.744,7.40952229132096e-05
6.978,7.64123718258092e-05
7.212,7.87142314699385e-05
7.446,8.100095267301e-05
7.68,8.32726842850715e-05
7.914,8.55295732111041e-05
8.148,8.77717644426898e-05
8.382,8.99994010890625e-05
8.616,9.2212624407556e-05
8.85,9.4411573833463e-05
9.084,9.65963870093177e-05
9.318,9.8767199813617e-05
9.552,0.000100924146388989
9.786,0.000103067359169827
10.02,0.000105196968909391
10.254,0.000107313104706403
10.488,0.000109415894031133
10.722,0.000111505462750995
10.956,0.000113581935155662
11.19,0.000115645433981709
11.424,0.000117696080436799
11.658,0.000119733994223412
11.892,0.00012175929356214
12.126,0.000123772095214547
12.36,0.00012577251450561
12.594,0.000127760665345741
12.828,0.000129736660252415
13.062,0.000131700610371392
13.296,0.000133652625497559
13.53,0.000135592814095392
13.764,0.000137521283319043
13.998,0.000139438139032071
14.232,0.000141343485826813
14.466,0.000143237427043406
14.7,0.000145120064788473
14.934,0.000146991499953472
15.168,0.000148851832232721
15.402,0.000150701160141097
15.636,0.000152539581031431
15.87,0.000154367191111592
16.104,0.000156184085461263
16.338,0.00015799035804844
16.572,0.000159786101745624
16.806,0.00016157140834574
17.04,0.000163346368577784
17.274,0.000165111072122186
17.508,0.000166865607625919
17.742,0.000168610062717339
17.976,0.000170344524020776
18.21,0.000172069077170876
18.444,0.000173783806826688
18.678,0.000175488796685521
18.912,0.000177184129496566
19.146,0.000178869887074275
19.38,0.000180546150311531
19.614,0.000182212999192582
19.848,0.000183870512805763
20.082,0.00018551876935601
20.316,0.000187157846177155
20.55,0.000188787819744021
20.784,0.00019040876568432
21.018,0.000192020758790348
21.252,0.000193623873030486
21.486,0.000195218181560517
21.72,0.000196803756734757
21.954,0.000198380670116993
22.188,0.000199948992491256
22.422,0.000201508793872412
22.656,0.000203060143516579
22.89,0.00020460310993138
23.124,0.000206137760886022
23.358,0.000207664163421228
23.592,0.000209182383858988
23.826,0.000210692487812174
24.06,0.000212194540193988
24.294,0.000213688605227263
24.528,0.000215174746453618
24.762,0.000216653026742466
24.996,0.00021812350829988
25.23,0.000219586252677317
25.464,0.000221041320780208
25.698,0.000222488772876411
25.932,0.000223928668604531
26.166,0.000225361066982113
26.4,0.000226786026413705
26.634,0.000228203604698793
26.868,0.000229613859039623
27.102,0.000231016846048886
27.336,0.000232412621757303
27.57,0.000233801241621078
27.804,0.000235182760529245
28.038,0.000236557232810899
28.272,0.00023792471224232
28.506,0.000239285252053986
28.74,0.000240638904937477
28.974,0.000241985723052282
29.208,0.000243325758032495
29.442,0.000244659060993416
29.676,0.000245985682538048
29.91,0.000247305672763503
30.144,0.000248619081267303
30.378,0.000249925957153596
30.612,0.000251226349039273
30.846,0.000252520305060001
31.08,0.000253807872876157
31.314,0.000255089099678682
31.548,0.00025636403219485
31.782,0.000257632716693943
32.016,0.000258895198992851
32.25,0.000260151524461589
32.484,0.00026140173802873
32.718,0.00026264588418676
32.952,0.000263884006997359
33.186,0.000265116150096602
33.42,0.000266342356700083
33.654,0.00026756266960797
33.888,0.000268777131209984
34.122,0.000269985783490306
34.356,0.000271188668032419
34.59,0.000272385826023873
34.824,0.000273577298260988
35.058,0.000274763125153487
35.292,0.000275943346729067
35.526,0.0002771180026379
35.76,0.000278287132157076
35.994,0.000279450774194977
36.228,0.000280608967295597
36.462,0.000281761749642799
36.696,0.000282909159064504
36.93,0.000284051233036838
37.164,0.000285188008688204
37.398,0.000286319522803313
37.632,0.000287445811827146
37.866,0.000288566911868869
38.1,0.000289682858705693
38.334,0.000290793687786677
38.568,0.000291899434236486
38.802,0.000293000132859089
39.036,0.000294095818141413
39.27,0.000295186524256945
39.504,0.000296272285069284
39.738,0.000297353134135645
39.972,0.000298429104710317
40.206,0.000299500229748076
40.44,0.000300566541907543
40.674,0.000301628073554511
40.908,0.000302684856765216
41.142,0.000303736923329564
41.376,0.000304784304754328
41.61,0.000305827032266284
41.844,0.00030686513681532
42.078,0.000307898649077497
42.312,0.00030892759945807
42.546,0.000309952018094468
42.78,0.00031097193485924
43.014,0.000311987379362959
43.248,0.000312998380957081
43.482,0.000314004968736782
43.716,0.000315007171543742
43.95,0.000316005017968906
44.184,0.000316998536355194
44.418,0.000317987754800196
44.652,0.000318972701158812
44.886,0.000319953403045868
45.12,0.0003209298878387
45.354,0.0003219021826797
45.588,0.00032287031447883
45.822,0.000323834309916105
46.056,0.000324794195444045
46.29,0.000325749997290094
46.524,0.000326701741459008
46.758,0.000327649453735214
46.992,0.000328593159685139
47.226,0.000329532884659508
47.46,0.000330468653795616
47.694,0.000331400492019567
47.928,0.000332328424048488
48.162,0.000333252474392716
48.396,0.000334172667357954
48.63,0.000335089027047404
48.864,0.000336001577363868
49.098,0.000336910342011833
49.332,0.000337815344499515
49.566,0.000338716608140894
49.8,0.000339614156057711
50.034,0.000340508011181446
50.268,0.000341398196255273
50.502,0.000342284733835988
50.736,0.000343167646295912
50.97,0.000344046955824779
51.204,0.000344922684431587
51.438,0.000345794853946439
51.672,0.000346663486022359
51.906,0.000347528602137077
52.14,0.000348390223594807
52.374,0.00034924837152799
52.608,0.000350103066899026
52.842,0.000350954330501975
53.076,0.000351802182964251
53.31,0.000352646644748283
53.544,0.000353487736153163
53.778,0.000354325477316269
54.012,0.00035515988821488
54.246,0.000355990988667755
54.48,0.000356818798336709
54.714,0.000357643336728158
54.948,0.000358464623194658
55.182,0.00035928267693641
55.416,0.000360097517002766
55.65,0.0003609091622937
55.884,0.000361717631561273
56.118,0.000362522943411076
56.352,0.000363325116303659
56.586,0.000364124168555939
56.82,0.000364920118342596
57.054,0.00036571298369745
57.288,0.000366502782514825
57.522,0.000367289532550891
57.756,0.000368073251424999
57.99,0.000368853956620995
58.224,0.000369631665488519
58.458,0.000370406395244292
58.692,0.000371178162973383
58.926,0.000371946985630471
59.16,0.000372712880041081
59.394,0.000373475862902813
59.628,0.000374235950786558
59.862,0.000374993160137693
60.096,0.000375747507277272
60.33,0.000376499008403195
60.564,0.000377247679591369
60.798,0.000377993536796853
61.032,0.000378736595854995
61.266,0.000379476872482549
61.5,0.000380214382278782
61.734,0.000380949140726575
61.968,0.000381681163193501
62.202,0.000382410464932903
62.436,0.000383137061084943
62.67,0.000383860966677662
62.904,0.000384582196628007
63.138,0.000385300765742859
63.372,0.000386016688720046
63.606,0.000386729980149346
63.84,0.000387440654513477
64.074,0.000388148726189077
64.308,0.000388854209447675
64.542,0.000389557118456646
64.776,0.000390257467280166
65.01,0.000390955269880143
65.244,0.00039165054011715
65.478,0.000392343291751339
65.712,0.000393033538443353
65.946,0.000393721293755218
66.18,0.000394406571151237
66.414,0.000395089383998867
66.648,0.000395769745569584
66.882,0.00039644766903975
67.116,0.000397123167491459
67.35,0.000397796253913377
67.584,0.000398466941201582
67.818,0.000399135242160376
68.052,0.000399801169503114
68.286,0.000400464735852995
68.52,0.000401125953743874
68.754,0.000401784835621039
68.988,0.000402441393842001
69.222,0.000403095640677262
69.456,0.000403747588311078
69.69,0.00040439724884222
69.924,0.000405044634284719
70.158,0.000405689756568609
70.392,0.000406332627540656
70.626,0.000406973258965088
70.86,0.00040761166252431
71.094,0.000408247849819612
71.328,0.000408881832371878
71.562,0.000409513621622273
71.796,0.00041014322893294
72.03,0.000410770665587675
72.264,0.000411395942792602
72.498,0.000412019071676845
72.732,0.00041264006329318
72.966,0.000413258928618696
73.2,0.000413875678555438
73.434,0.000414490323931048
73.668,0.000415102875499399
73.902,0.00041571334394122
74.136,0.000416321739864721
74.37,0.000416928073806204
74.604,0.000417532356230672
74.838,0.000418134597532433
75.072,0.000418734808035692
75.306,0.000419332997995146
75.54,0.000419929177596562
75.774,0.000420523356957363
76.008,0.000421115546127191
76.242,0.000421705755088481
76.476,0.00042229399375702
76.71,0.000422880271982501
76.944,0.000423464599549072
77.178,0.000424046986175883
77.412,0.000424627441517624
77.646,0.000425205975165057
77.88,0.000425782596645545
78.114,0.000426357315423578
78.348,0.000426930140901284
78.582,0.00042750108241895
78.816,0.000428070149255522
79.05,0.000428637350629114
79.284,0.000429202695697501
79.518,0.000429766193558614
79.752,0.00043032785325103
79.986,0.00043088768375445
80.22,0.000431445693990182
80.454,0.000432001892821615
80.688,0.000432556289054685
80.922,0.000433108891438342
81.156,0.000433659708665009
81.39,0.000434208749371042
81.624,0.000434756022137174
81.858,0.000435301535488968
82.092,0.000435845297897257
82.326,0.000436387317778584
82.56,0.000436927603495634
82.794,0.000437466163357667
83.028,0.000438003005620942
83.262,0.000438538138489139
83.496,0.000439071570113778
83.73,0.000439603308594631
83.964,0.000440133361980135
84.198,0.000440661738267793
84.432,0.000441188445404584
84.666,0.000441713491287354
84.9,0.000442236883763213
85.134,0.000442758630629928
85.368,0.000443278739636308
85.602,0.000443797218482589
85.836,0.000444314074820812
86.07,0.000444829316255203
86.304,0.000445342950342541
86.538,0.000445854984592532
86.772,0.000446365426468174
87.006,0.000446874283386115
87.24,0.000447381562717021
87.474,0.000447887271785923
87.708,0.000448391417872574
87.942,0.0004488940082118
88.176,0.000449395049993841
88.41,0.000449894550364699
88.644,0.000450392516426473
88.878,0.000450888955237701
89.112,0.000451383873813687
89.346,0.000451877279126839
89.58,0.000452369178106989
89.814,0.000452859577641723
90.048,0.0004533484845767
90.282,0.000453835905715969
90.516,0.00045432184782229
90.75,0.000454806317617439
90.984,0.000455289321782526
91.218,0.000455770866958297
91.452,0.000456250959745439
91.686,0.000456729606704882
91.92,0.000457206814358101
92.154,0.000457682589187406
92.388,0.00045815693763624
92.622,0.000458629866109469
92.856,0.000459101380973671
93.09,0.000459571488557418
93.324,0.000460040195151564
93.558,0.000460507507009524
93.792,0.000460973430347549
94.026,0.000461437971345007
94.26,0.000461901136144651
94.494,0.000462362930852894
94.728,0.000462823361540074
94.962,0.000463282434240722
95.196,0.000463740154953827
95.43,0.000464196529643092
95.664,0.000464651564237199
95.898,0.000465105264630062
96.132,0.000465557636681083
96.366,0.000466008686215404
96.6,0.000466458419024158
96.834,0.000466906840864713
97.068,0.000467353957460923
97.302,0.000467799774503368
97.536,0.000468244297649596
97.77,0.000468687532524364
98.004,0.000469129484719873
98.238,0.000469570159796004
98.472,0.000470009563280552
98.706,0.000470447700669457
98.94,0.000470884577427031
99.174,0.000471320198986187
99.408,0.000471754570748666
99.642,0.000472187698085256
99.876,0.000472619586336017
100.11,0.000473050240810498
100.344,0.000473479666787956
100.578,0.000473907869517572
100.812,0.000474334854218664
101.046,0.000474760626080899
101.28,0.000475185190264503
101.514,0.000475608551900472
101.748,0.000476030716090775
101.982,0.000476451687908561
102.216,0.000476871472398363
102.45,0.000477290074576297
102.684,0.000477707499430264
102.918,0.000478123751920147
103.152,0.000478538836978008
103.386,0.000478952759508282
103.62,0.000479365524387973
103.854,0.000479777136466839
104.088,0.000480187600567591
104.322,0.000480596921486073
104.556,0.000481005103991454
104.79,0.000481412152826411
105.024,0.000481818072707315
105.258,0.000482222868324408
105.492,0.00048262654434199
105.726,0.000483029105398594
105.96,0.000483430556107166
106.194,0.000483830901055239
106.428,0.000484230144805108
106.662,0.000484628291894007
106.896,0.000485025346834275
107.13,0.000485421314113532
107.364,0.000485816198194843
107.598,0.00048621000351689
107.832,0.000486602734494138
108.066,0.000486994395516994
108.3,0.00048738499095198
108.534,0.000487774525141887
108.768,0.000488163002405941
109.002,0.000488550427039961
109.236,0.000488936803316516
109.47,0.000489322135485085
109.704,0.000489706427772211
109.938,0.000490089684381653
110.172,0.000490471909494547
110.406,0.000490853107269548
110.64,0.00049123328184299
110.874,0.000491612437329028
111.108,0.000491990577819792
111.342,0.000492367707385532
111.576,0.000492743830074763
111.81,0.000493118949914413
112.044,0.000493493070909962
112.278,0.00049386619704559
112.512,0.000494238332284315
112.746,0.000494609480568132
112.98,0.000494979645818156
113.214,0.000495348831934759
113.448,0.000495717042797706
113.682,0.000496084282266289
113.916,0.000496450554179467
114.15,0.000496815862355995
114.384,0.000497180210594559
114.618,0.000497543602673908
114.852,0.000497906042352982
115.086,0.000498267533371046
115.32,0.000498628079447814
115.554,0.00049898768428358
115.788,0.000499346351559341
116.022,0.000499704084936928
116.256,0.000500060888059124
116.49,0.000500416764549795
116.724,0.000500771718014006
116.958,0.000501125752038145
117.192,0.000501478870190047
117.426,0.000501831076019109
117.66,0.000502182373056412
117.894,0.000502532764814837
118.128,0.000502882254789185
118.362,0.00050323084645629
118.596,0.000503578543275136
118.83,0.000503925348686972
119.064,0.000504271266115422
119.298,0.000504616298966602
119.532,0.000504960450629232
119.766,0.000505303724474742
120,0.000505646123857385
