"ResDensity","N_TraitValue"
99.6239,0.157368632265715
100.9733204,0.158993151222344
102.3227408,0.160607373992238
103.6721612,0.162211398151887
105.0215816,0.163805320048694
106.371002,0.165389234820265
107.7204224,0.166963236413341
109.0698428,0.168527417602367
110.4192632,0.170081870007727
111.7686836,0.171626684113629
113.118104,0.173161949285665
114.4675244,0.174687753788042
115.8169448,0.176204184800499
117.1663652,0.17771132843491
118.5157856,0.179209269751585
119.865206,0.180698092775274
121.2146264,0.182177880510876
122.5640468,0.183648714958869
123.9134672,0.185110677130452
125.2628876,0.186563847062422
126.612308,0.188008303831781
127.9617284,0.189444125570078
129.3111488,0.190871389477497
130.6605692,0.192290171836694
132.0099896,0.193700548026391
133.35941,0.195102592534718
134.7088304,0.196496378972337
136.0582508,0.197881980085316
137.4076712,0.199259467767789
138.7570916,0.200628913074395
140.106512,0.201990386232488
141.4559324,0.203343956654147
142.8053528,0.204689692947972
144.1547732,0.206027662930676
145.5041936,0.207357933638475
146.853614,0.208680571338289
148.2030344,0.209995641538739
149.5524548,0.211303209000971
150.9018752,0.212603337749277
152.2512956,0.213896091081556
153.600716,0.215181531579578
154.9501364,0.216459721119086
156.2995568,0.217730720879726
157.6489772,0.218994591354804
158.9983976,0.220251392360891
160.347818,0.221501183047252
161.6972384,0.22274402190513
163.0466588,0.223979966776868
164.3960792,0.225209074864889
165.7454996,0.226431402740514
167.09492,0.227647006352643
168.4443404,0.228855941036296
169.7937608,0.230058261521004
171.1431812,0.231254021939073
172.4926016,0.232443275833703
173.842022,0.233626076166986
175.1914424,0.234802475327762
176.5408628,0.23597252513936
177.8902832,0.237136276867202
179.2397036,0.238293781226297
180.589124,0.239445088388602
181.9385444,0.240590247990276
183.2879648,0.241729309138811
184.6373852,0.242862320420051
185.9868056,0.243989329905103
187.336226,0.245110385157133
188.6856464,0.246225533238058
190.0350668,0.247334820715133
191.3844872,0.248438293667433
192.7339076,0.249535997692229
194.083328,0.250627977911277
195.4327484,0.251714278976992
196.7821688,0.252794945078541
198.1315892,0.253870019947831
199.4810096,0.25493954686541
200.83043,0.256003568666277
202.1798504,0.257062127745596
203.5292708,0.258115266064329
204.8786912,0.259163025154783
206.2281116,0.260205446126066
207.577532,0.261242569669468
208.9269524,0.262274436063749
210.2763728,0.26330108518036
211.6257932,0.264322556488577
212.9752136,0.265338889060556
214.324634,0.266350121576318
215.6740544,0.267356292328658
217.0234748,0.268357439227971
218.3728952,0.269353599807021
219.7223156,0.270344811225631
221.071736,0.271331110275297
222.4211564,0.272312533383747
223.7705768,0.273289116619424
225.1199972,0.274260895695903
226.4694176,0.275227905976246
227.818838,0.276190182477292
229.1682584,0.277147759873881
230.5176788,0.278100672503023
231.8670992,0.279048954368001
233.2165196,0.279992639142413
234.56594,0.280931760174162
235.9153604,0.281866350489381
237.2647808,0.282796442796307
238.6142012,0.283722069489093
239.9636216,0.284643262651574
241.313042,0.285560054060972
242.6624624,0.286472475191548
244.0118828,0.287380557218204
245.3613032,0.288284331020039
246.7107236,0.289183827183841
248.060144,0.290079076007546
249.4095644,0.290970107503632
250.7589848,0.29185695140248
252.1084052,0.292739637155673
253.4578256,0.293618193939265
254.807246,0.294492650656988
256.1566664,0.295363035943428
257.5060868,0.296229378167144
258.8555072,0.297091705433757
260.2049276,0.297950045588985
261.554348,0.298804426221641
262.9037684,0.299654874666589
264.2531888,0.300501418007662
265.6026092,0.301344083080531
266.9520296,0.302182896475548
268.30145,0.303017884540536
269.6508704,0.303849073383555
271.0002908,0.304676488875617
272.3497112,0.305500156653372
273.6991316,0.306320102121757
275.048552,0.307136350456608
276.3979724,0.307948926607236
277.7473928,0.308757855298968
279.0968132,0.309563161035656
280.4462336,0.310364868102153
281.795654,0.31116300056675
283.1450744,0.311957582283589
284.4944948,0.312748636895037
285.8439152,0.31353618783403
287.1933356,0.314320258326391
288.542756,0.315100871393108
289.8921764,0.315878049852591
291.2415968,0.316651816322893
292.5910172,0.317422193223906
293.9404376,0.318189202779526
295.289858,0.318952867019789
296.6392784,0.319713207782982
297.9886988,0.320470246717723
299.3381192,0.321224005285015
300.6875396,0.321974504760278
302.03696,0.322721766235346
303.3863804,0.323465810620446
304.7358008,0.324206658646147
306.0852212,0.324944330865287
307.4346416,0.325678847654871
308.784062,0.326410229217948
310.1334824,0.327138495585467
311.4829028,0.3278636666181
312.8323232,0.328585762008052
314.1817436,0.329304801280841
315.531164,0.330020803797058
316.8805844,0.330733788754107
318.2300048,0.331443775187917
319.5794252,0.332150781974641
320.9288456,0.332854827832325
322.278266,0.333555931322559
323.6276864,0.334254110852113
324.9771068,0.334949384674545
326.3265272,0.335641770891791
327.6759476,0.336331287455737
329.025368,0.337017952169771
330.3747884,0.337701782690314
331.7242088,0.338382796528336
333.0736292,0.339061011050846
334.4230496,0.339736443482375
335.77247,0.340409110906426
337.1218904,0.341079030266923
338.4713108,0.341746218369626
339.8207312,0.342410691883543
341.1701516,0.343072467342312
342.519572,0.343731561145577
343.8689924,0.34438798956034
345.2184128,0.345041768722302
346.5678332,0.345692914637181
347.9172536,0.346341443182024
349.266674,0.34698737010649
350.6160944,0.347630711034133
351.9655148,0.348271481463655
353.3149352,0.348909696770154
354.6643556,0.349545372206355
356.013776,0.350178522903821
357.3631964,0.350809163874156
358.7126168,0.351437310010193
360.0620372,0.352062976087163
361.4114576,0.352686176763855
362.760878,0.353306926583764
364.1102984,0.353925239976214
365.4597188,0.354541131257487
366.8091392,0.355154614631918
368.1585596,0.355765704192994
369.50798,0.356374413924429
370.8574004,0.356980757701233
372.2068208,0.357584749290764
373.5562412,0.358186402353774
374.9056616,0.358785730445435
376.255082,0.359382747016358
377.6045024,0.3599774654136
378.9539228,0.360569898881657
380.3033432,0.361160060563452
381.6527636,0.3617479635013
383.002184,0.362333620637872
384.3516044,0.362917044817149
385.7010248,0.363498248785352
387.0504452,0.364077245191877
388.3998656,0.364654046590213
389.749286,0.365228665438844
391.0987064,0.365801114102151
392.4481268,0.366371404851296
393.7975472,0.366939549865099
395.1469676,0.367505561230909
396.496388,0.368069450945455
397.8458084,0.368631230915696
399.1952288,0.369190912959663
400.5446492,0.369748508807282
401.8940696,0.370304030101196
403.24349,0.370857488397575
404.5929104,0.371408895166919
405.9423308,0.371958261794847
407.2917512,0.372505599582884
408.6411716,0.373050919749234
409.990592,0.373594233429547
411.3400124,0.374135551677677
412.6894328,0.374674885466433
414.0388532,0.375212245688318
415.3882736,0.375747643156262
416.737694,0.376281088604351
418.0871144,0.376812592688541
419.4365348,0.37734216598737
420.7859552,0.377869819002655
422.1353756,0.378395562160193
423.484796,0.378919405810443
424.8342164,0.379441360229207
426.1836368,0.3799614356183
427.5330572,0.380479642106219
428.8824776,0.380995989748795
430.231898,0.381510488529847
431.5813184,0.382023148361825
432.9307388,0.382533979086446
434.2801592,0.383042990475324
435.6295796,0.383550192230592
436.979,0.384055593985521
438.3284204,0.384559205305128
439.6778408,0.385061035686779
441.0272612,0.385561094560788
442.3766816,0.386059391291006
443.726102,0.386555935175406
445.0755224,0.387050735446661
446.4249428,0.387543801272718
447.7743632,0.388035141757361
449.1237836,0.388524765940773
450.473204,0.389012682800094
451.8226244,0.389498901249962
453.1720448,0.389983430143063
454.5214652,0.390466278270664
455.8708856,0.390947454363146
457.220306,0.391426967090532
458.5697264,0.391904825063005
459.9191468,0.392381036831423
461.2685672,0.392855610887834
462.6179876,0.393328555665974
463.967408,0.393799879541771
465.3168284,0.394269590833839
466.6662488,0.394737697803966
468.0156692,0.395204208657599
469.3650896,0.395669131544324
470.71451,0.39613247455834
472.0639304,0.396594245738929
473.4133508,0.397054453070921
474.7627712,0.397513104485153
476.1121916,0.397970207858928
477.461612,0.39842577101646
478.8110324,0.398879801729328
480.1604528,0.399332307716911
481.5098732,0.39978329664683
482.8592936,0.400232776135379
484.208714,0.400680753747956
485.5581344,0.401127236999483
486.9075548,0.401572233354831
488.2569752,0.402015750229233
489.6063956,0.402457794988697
490.955816,0.402898374950415
492.3052364,0.403337497383164
493.6546568,0.403775169507708
495.0040772,0.404211398497193
496.3534976,0.404646191477538
497.702918,0.405079555527824
499.0523384,0.40551149768068
500.4017588,0.405942024922659
501.7511792,0.406371144194618
503.1005996,0.406798862392091
504.45002,0.407225186365658
505.7994404,0.407650122921308
507.1488608,0.408073678820805
508.4982812,0.408495860782046
509.8477016,0.408916675479412
511.197122,0.409336129544128
512.5465424,0.409754229564602
513.8959628,0.410170982086776
515.2453832,0.410586393614467
516.5948036,0.411000470609702
517.944224,0.411413219493057
519.2936444,0.411824646643986
520.6430648,0.412234758401153
521.9924852,0.412643561062753
523.3419056,0.413051060886837
524.691326,0.413457264091634
526.0407464,0.413862176855861
527.3901668,0.414265805319041
528.7395872,0.414668155581813
530.0890076,0.415069233706236
531.438428,0.415469045716099
532.7878484,0.415867597597217
534.1372688,0.416264895297733
535.4866892,0.416660944728412
536.8361096,0.417055751762938
538.18553,0.417449322238198
539.5349504,0.417841661954576
540.8843708,0.418232776676234
542.2337912,0.418622672131394
543.5832116,0.419011354012622
544.932632,0.419398827977101
546.2820524,0.419785099646905
547.6314728,0.420170174609275
548.9808932,0.420554058416884
550.3303136,0.420936756588107
551.679734,0.421318274607284
553.0291544,0.421698617924981
554.3785748,0.422077791958253
555.7279952,0.422455802090897
557.0774156,0.42283265367371
558.426836,0.423208352024739
559.7762564,0.423582902429535
561.1256768,0.423956310141394
562.4750972,0.424328580381611
563.8245176,0.424699718339718
565.173938,0.425069729173725
566.5233584,0.425438618010361
567.8727788,0.425806389945312
569.2221992,0.426173050043452
570.5716196,0.426538603339076
571.92104,0.426903054836135
573.2704604,0.427266409508459
574.6198808,0.427628672299984
575.9693012,0.427989848124981
577.3187216,0.428349941868272
578.668142,0.428708958385453
580.0175624,0.429066902503114
581.3669828,0.429423779019052
582.7164032,0.429779592702487
584.0658236,0.430134348294274
585.415244,0.430488050507117
586.7646644,0.430840704025769
588.1140848,0.431192313507249
589.4635052,0.431542883581041
590.8129256,0.431892418849298
592.162346,0.432240923887044
593.5117664,0.432588403242374
594.8611868,0.432934861436651
596.2106072,0.433280302964703
597.5600276,0.433624732295018
598.909448,0.433968153869932
600.2588684,0.434310572105828
601.6082888,0.434651991393318
602.9577092,0.434992416097433
604.3071296,0.435331850557813
605.65655,0.435670299088884
607.0059704,0.436007765980048
608.3553908,0.436344255495859
609.7048112,0.436679771876205
611.0542316,0.437014319336486
612.403652,0.43734790206779
613.7530724,0.437680524237069
615.1024928,0.438012189987311
616.4519132,0.438342903437712
617.8013336,0.438672668683849
619.150754,0.439001489797847
620.5001744,0.439329370828547
621.8495948,0.43965631580167
623.1990152,0.439982328719987
624.5484356,0.440307413563478
625.897856,0.440631574289495
627.2472764,0.440954814832923
628.5966968,0.441277139106339
629.9461172,0.441598551000171
631.2955376,0.441919054382852
632.644958,0.442238653100977
633.9943784,0.442557350979457
635.3437988,0.44287515182167
636.6932192,0.443192059409615
638.0426396,0.443508077504059
639.39206,0.443823209844688
640.7414804,0.444137460150254
642.0909008,0.444450832118721
643.4403212,0.444763329427408
644.7897416,0.445074955733138
646.139162,0.445385714672375
647.4885824,0.44569560986137
648.8380028,0.446004644896298
650.1874232,0.446312823353398
651.5368436,0.446620148789112
652.886264,0.446926624740223
654.2356844,0.447232254723985
655.5851048,0.447537042238263
656.9345252,0.447840990761667
658.2839456,0.448144103753679
659.633366,0.448446384654789
660.9827864,0.448747836886622
662.3322068,0.449048463852072
663.6816272,0.449348268935423
665.0310476,0.449647255502482
666.380468,0.449945426900701
667.7298884,0.450242786459305
669.0793088,0.450539337489415
670.4287292,0.450835083284169
671.7781496,0.451130027118844
673.12757,0.451424172250983
674.4769904,0.451717521920504
675.8264108,0.452010079349831
677.1758312,0.452301847744001
678.5252516,0.452592830290789
679.874672,0.452883030160821
681.2240924,0.45317245050769
682.5735128,0.453461094468066
683.9229332,0.453748965161818
685.2723536,0.454036065692118
686.621774,0.454322399145557
687.9711944,0.454607968592254
689.3206148,0.454892777085966
690.6700352,0.455176827664198
692.0194556,0.45546012334831
693.368876,0.455742667143622
694.7182964,0.456024462039526
696.0677168,0.456305511009585
697.4171372,0.456585817011641
698.7665576,0.456865382987919
700.115978,0.457144211865129
701.4653984,0.457422306554567
702.8148188,0.45769966995222
704.1642392,0.457976304938862
705.5136596,0.458252214380157
706.86308,0.458527401126757
708.2125004,0.458801868014398
709.5619208,0.459075617864002
710.9113412,0.45934865348177
712.2607616,0.459620977659278
713.610182,0.459892593173575
714.9596024,0.460163502787274
716.3090228,0.460433709248648
717.6584432,0.460703215291721
719.0078636,0.460972023636363
720.357284,0.461240136988377
721.7067044,0.461507558039596
723.0561248,0.461774289467968
724.4055452,0.462040333937646
725.7549656,0.462305694099079
727.104386,0.462570372589099
728.4538064,0.462834372031008
729.8032268,0.463097695034663
731.1526472,0.463360344196567
732.5020676,0.463622322099949
733.851488,0.46388363131485
735.2009084,0.46414427439821
736.5503288,0.464404253893949
737.8997492,0.464663572333048
739.2491696,0.464922232233634
740.59859,0.465180236101063
741.9480104,0.465437586427995
743.2974308,0.465694285694481
744.6468512,0.465950336368037
745.9962716,0.466205740903726
747.345692,0.466460501744238
748.6951124,0.466714621319964
750.0445328,0.466968102049076
751.3939532,0.467220946337601
752.7433736,0.467473156579502
754.092794,0.467724735156749
755.4422144,0.467975684439395
756.7916348,0.468226006785652
758.1410552,0.468475704541964
759.4904756,0.468724780043079
760.839896,0.468973235612124
762.1893164,0.469221073560676
763.5387368,0.469468296188833
764.8881572,0.469714905785287
766.2375776,0.469960904627393
767.586998,0.470206294981241
768.9364184,0.470451079101722
770.2858388,0.470695259232602
771.6352592,0.470938837606586
772.9846796,0.471181816445388
774.3341,0.4714241979598
