"ResDensity","N_TraitValue"
13,0.00108109924293836
13.4958,0.00112233070483443
13.9916,0.00116356216673049
14.4874,0.00120479362862656
14.9832,0.00124602509052262
15.479,0.00128725655241869
15.9748,0.00132848801431475
16.4706,0.00136971947621082
16.9664,0.00141095093810688
17.4622,0.00145218240000295
17.958,0.00149341386189901
18.4538,0.00153464532379508
18.9496,0.00157587678569114
19.4454,0.0016171082475872
19.9412,0.00165833970948327
20.437,0.00169957117137933
20.9328,0.0017408026332754
21.4286,0.00178203409517146
21.9244,0.00182326555706753
22.4202,0.00186449701896359
22.916,0.00190572848085966
23.4118,0.00194695994275572
23.9076,0.00198819140465179
24.4034,0.00202942286654785
24.8992,0.00207065432844392
25.395,0.00211188579033998
25.8908,0.00215311725223605
26.3866,0.00219434871413211
26.8824,0.00223558017602818
27.3782,0.00227681163792424
27.874,0.0023180430998203
28.3698,0.00235927456171637
28.8656,0.00240050602361243
29.3614,0.0024417374855085
29.8572,0.00248296894740456
30.353,0.00252420040930063
30.8488,0.00256543187119669
31.3446,0.00260666333309276
31.8404,0.00264789479498882
32.3362,0.00268912625688489
32.832,0.00273035771878095
33.3278,0.00277158918067702
33.8236,0.00281282064257308
34.3194,0.00285405210446915
34.8152,0.00289528356636521
35.311,0.00293651502826128
35.8068,0.00297774649015734
36.3026,0.0030189779520534
36.7984,0.00306020941394947
37.2942,0.00310144087584553
37.79,0.0031426723377416
38.2858,0.00318390379963766
38.7816,0.00322513526153373
39.2774,0.00326636672342979
39.7732,0.00330759818532586
40.269,0.00334882964722192
40.7648,0.00339006110911799
41.2606,0.00343129257101405
41.7564,0.00347252403291012
42.2522,0.00351375549480618
42.748,0.00355498695670225
43.2438,0.00359621841859831
43.7396,0.00363744988049437
44.2354,0.00367868134239044
44.7312,0.0037199128042865
45.227,0.00376114426618257
45.7228,0.00380237572807863
46.2186,0.0038436071899747
46.7144,0.00388483865187076
47.2102,0.00392607011376683
47.706,0.00396730157566289
48.2018,0.00400853303755896
48.6976,0.00404976449945502
49.1934,0.00409099596135109
49.6892,0.00413222742324715
50.185,0.00417345888514322
50.6808,0.00421469034703928
51.1766,0.00425592180893535
51.6724,0.00429715327083141
52.1682,0.00433838473272747
52.664,0.00437961619462354
53.1598,0.0044208476565196
53.6556,0.00446207911841567
54.1514,0.00450331058031173
54.6472,0.0045445420422078
55.143,0.00458577350410386
55.6388,0.00462700496599993
56.1346,0.00466823642789599
56.6304,0.00470946788979206
57.1262,0.00475069935168812
57.622,0.00479193081358419
58.1178,0.00483316227548025
58.6136,0.00487439373737631
59.1094,0.00491562519927238
59.6052,0.00495685666116844
60.101,0.00499808812306451
60.5968,0.00503931958496057
61.0926,0.00508055104685664
61.5884,0.0051217825087527
62.0842,0.00516301397064877
62.58,0.00520424543254483
63.0758,0.0052454768944409
63.5716,0.00528670835633696
64.0674,0.00532793981823303
64.5632,0.00536917128012909
65.059,0.00541040274202516
65.5548,0.00545163420392122
66.0506,0.00549286566581729
66.5464,0.00553409712771335
67.0422,0.00557532858960941
67.538,0.00561656005150548
68.0338,0.00565779151340154
68.5296,0.00569902297529761
69.0254,0.00574025443719367
69.5212,0.00578148589908974
70.017,0.0058227173609858
70.5128,0.00586394882288187
71.0086,0.00590518028477793
71.5044,0.005946411746674
72.0002,0.00598764320857006
72.496,0.00602887467046613
72.9918,0.00607010613236219
73.4876,0.00611133759425826
73.9834,0.00615256905615432
74.4792,0.00619380051805038
74.975,0.00623503197994645
75.4708,0.00627626344184251
75.9666,0.00631749490373858
76.4624,0.00635872636563464
76.9582,0.00639995782753071
77.454,0.00644118928942677
77.9498,0.00648242075132284
78.4456,0.0065236522132189
78.9414,0.00656488367511497
79.4372,0.00660611513701103
79.933,0.0066473465989071
80.4288,0.00668857806080316
80.9246,0.00672980952269923
81.4204,0.00677104098459529
81.9162,0.00681227244649135
82.412,0.00685350390838742
82.9078,0.00689473537028348
83.4036,0.00693596683217955
83.8994,0.00697719829407561
84.3952,0.00701842975597168
84.891,0.00705966121786774
85.3868,0.00710089267976381
85.8826,0.00714212414165987
86.3784,0.00718335560355594
86.8742,0.007224587065452
87.37,0.00726581852734807
87.8658,0.00730704998924413
88.3616,0.0073482814511402
88.8574,0.00738951291303626
89.3532,0.00743074437493233
89.849,0.00747197583682839
90.3448,0.00751320729872445
90.8406,0.00755443876062052
91.3364,0.00759567022251658
91.8322,0.00763690168441265
92.328,0.00767813314630871
92.8238,0.00771936460820478
93.3196,0.00776059607010084
93.8154,0.00780182753199691
94.3112,0.00784305899389297
94.807,0.00788429045578904
95.3028,0.0079255219176851
95.7986,0.00796675337958117
96.2944,0.00800798484147723
96.7902,0.0080492163033733
97.286,0.00809044776526936
97.7818,0.00813167922716542
98.2776,0.00817291068906149
98.7734,0.00821414215095755
99.2692,0.00825537361285362
99.765,0.00829660507474968
100.2608,0.00833783653664575
100.7566,0.00837906799854181
101.2524,0.00842029946043788
101.7482,0.00846153092233394
102.244,0.00850276238423001
102.7398,0.00854399384612607
103.2356,0.00858522530802214
103.7314,0.0086264567699182
104.2272,0.00866768823181427
104.723,0.00870891969371033
105.2188,0.0087501511556064
105.7146,0.00879138261750246
106.2104,0.00883261407939852
106.7062,0.00887384554129459
107.202,0.00891507700319065
107.6978,0.00895630846508672
108.1936,0.00899753992698278
108.6894,0.00903877138887885
109.1852,0.00908000285077491
109.681,0.00912123431267098
110.1768,0.00916246577456704
110.6726,0.00920369723646311
111.1684,0.00924492869835917
111.6642,0.00928616016025524
112.16,0.0093273916221513
112.6558,0.00936862308404737
113.1516,0.00940985454594343
113.6474,0.0094510860078395
114.1432,0.00949231746973556
114.639,0.00953354893163163
115.1348,0.00957478039352769
115.6306,0.00961601185542375
116.1264,0.00965724331731982
116.6222,0.00969847477921588
117.118,0.00973970624111195
117.6138,0.00978093770300801
118.1096,0.00982216916490408
118.6054,0.00986340062680014
119.1012,0.00990463208869621
119.597,0.00994586355059227
120.0928,0.00998709501248834
120.5886,0.0100283264743844
121.0844,0.0100695579362805
121.5802,0.0101107893981765
122.076,0.0101520208600726
122.5718,0.0101932523219687
123.0676,0.0102344837838647
123.5634,0.0102757152457608
124.0592,0.0103169467076569
124.555,0.0103581781695529
125.0508,0.010399409631449
125.5466,0.010440641093345
126.0424,0.0104818725552411
126.5382,0.0105231040171372
127.034,0.0105643354790332
127.5298,0.0106055669409293
128.0256,0.0106467984028254
128.5214,0.0106880298647214
129.0172,0.0107292613266175
129.513,0.0107704927885136
130.0088,0.0108117242504096
130.5046,0.0108529557123057
131.0004,0.0108941871742018
131.4962,0.0109354186360978
131.992,0.0109766500979939
132.4878,0.01101788155989
132.9836,0.011059113021786
133.4794,0.0111003444836821
133.9752,0.0111415759455781
134.471,0.0111828074074742
134.9668,0.0112240388693703
135.4626,0.0112652703312663
135.9584,0.0113065017931624
136.4542,0.0113477332550585
136.95,0.0113889647169545
137.4458,0.0114301961788506
137.9416,0.0114714276407467
138.4374,0.0115126591026427
138.9332,0.0115538905645388
139.429,0.0115951220264349
139.9248,0.0116363534883309
140.4206,0.011677584950227
140.9164,0.0117188164121231
141.4122,0.0117600478740191
141.908,0.0118012793359152
142.4038,0.0118425107978112
142.8996,0.0118837422597073
143.3954,0.0119249737216034
143.8912,0.0119662051834994
144.387,0.0120074366453955
144.8828,0.0120486681072916
145.3786,0.0120898995691876
145.8744,0.0121311310310837
146.3702,0.0121723624929798
146.866,0.0122135939548758
147.3618,0.0122548254167719
147.8576,0.012296056878668
148.3534,0.012337288340564
148.8492,0.0123785198024601
149.345,0.0124197512643562
149.8408,0.0124609827262522
150.3366,0.0125022141881483
150.8324,0.0125434456500443
151.3282,0.0125846771119404
151.824,0.0126259085738365
152.3198,0.0126671400357325
152.8156,0.0127083714976286
153.3114,0.0127496029595247
153.8072,0.0127908344214207
154.303,0.0128320658833168
154.7988,0.0128732973452129
155.2946,0.0129145288071089
155.7904,0.012955760269005
156.2862,0.0129969917309011
156.782,0.0130382231927971
157.2778,0.0130794546546932
157.7736,0.0131206861165893
158.2694,0.0131619175784853
158.7652,0.0132031490403814
159.261,0.0132443805022774
159.7568,0.0132856119641735
160.2526,0.0133268434260696
160.7484,0.0133680748879656
161.2442,0.0134093063498617
161.74,0.0134505378117578
162.2358,0.0134917692736538
162.7316,0.0135330007355499
163.2274,0.013574232197446
163.7232,0.013615463659342
164.219,0.0136566951212381
164.7148,0.0136979265831342
165.2106,0.0137391580450302
165.7064,0.0137803895069263
166.2022,0.0138216209688224
166.698,0.0138628524307184
167.1938,0.0139040838926145
167.6896,0.0139453153545105
168.1854,0.0139865468164066
168.6812,0.0140277782783027
169.177,0.0140690097401987
169.6728,0.0141102412020948
170.1686,0.0141514726639909
170.6644,0.0141927041258869
171.1602,0.014233935587783
171.656,0.0142751670496791
172.1518,0.0143163985115751
172.6476,0.0143576299734712
173.1434,0.0143988614353673
173.6392,0.0144400928972633
174.135,0.0144813243591594
174.6308,0.0145225558210555
175.1266,0.0145637872829515
175.6224,0.0146050187448476
176.1182,0.0146462502067436
176.614,0.0146874816686397
177.1098,0.0147287131305358
177.6056,0.0147699445924318
178.1014,0.0148111760543279
178.5972,0.014852407516224
179.093,0.01489363897812
179.5888,0.0149348704400161
180.0846,0.0149761019019122
180.5804,0.0150173333638082
181.0762,0.0150585648257043
181.572,0.0150997962876004
182.0678,0.0151410277494964
182.5636,0.0151822592113925
183.0594,0.0152234906732886
183.5552,0.0152647221351846
184.051,0.0153059535970807
184.5468,0.0153471850589767
185.0426,0.0153884165208728
185.5384,0.0154296479827689
186.0342,0.0154708794446649
186.53,0.015512110906561
187.0258,0.0155533423684571
187.5216,0.0155945738303531
188.0174,0.0156358052922492
188.5132,0.0156770367541453
189.009,0.0157182682160413
189.5048,0.0157594996779374
190.0006,0.0158007311398335
190.4964,0.0158419626017295
190.9922,0.0158831940636256
191.488,0.0159244255255217
191.9838,0.0159656569874177
192.4796,0.0160068884493138
192.9754,0.0160481199112098
193.4712,0.0160893513731059
193.967,0.016130582835002
194.4628,0.016171814296898
194.9586,0.0162130457587941
195.4544,0.0162542772206902
195.9502,0.0162955086825862
196.446,0.0163367401444823
196.9418,0.0163779716063784
197.4376,0.0164192030682744
197.9334,0.0164604345301705
198.4292,0.0165016659920666
198.925,0.0165428974539626
199.4208,0.0165841289158587
199.9166,0.0166253603777547
200.4124,0.0166665918396508
200.9082,0.0167078233015469
201.404,0.0167490547634429
201.8998,0.016790286225339
202.3956,0.0168315176872351
202.8914,0.0168727491491311
203.3872,0.0169139806110272
203.883,0.0169552120729233
204.3788,0.0169964435348193
204.8746,0.0170376749967154
205.3704,0.0170789064586115
205.8662,0.0171201379205075
206.362,0.0171613693824036
206.8578,0.0172026008442997
207.3536,0.0172438323061957
207.8494,0.0172850637680918
208.3452,0.0173262952299879
208.841,0.0173675266918839
209.3368,0.01740875815378
209.8326,0.017449989615676
210.3284,0.0174912210775721
210.8242,0.0175324525394682
211.32,0.0175736840013642
211.8158,0.0176149154632603
212.3116,0.0176561469251564
212.8074,0.0176973783870524
213.3032,0.0177386098489485
213.799,0.0177798413108446
214.2948,0.0178210727727406
214.7906,0.0178623042346367
215.2864,0.0179035356965328
215.7822,0.0179447671584288
216.278,0.0179859986203249
216.7738,0.018027230082221
217.2696,0.018068461544117
217.7654,0.0181096930060131
218.2612,0.0181509244679091
218.757,0.0181921559298052
219.2528,0.0182333873917013
219.7486,0.0182746188535973
220.2444,0.0183158503154934
220.7402,0.0183570817773895
221.236,0.0183983132392855
221.7318,0.0184395447011816
222.2276,0.0184807761630777
222.7234,0.0185220076249737
223.2192,0.0185632390868698
223.715,0.0186044705487659
224.2108,0.0186457020106619
224.7066,0.018686933472558
225.2024,0.018728164934454
225.6982,0.0187693963963501
226.194,0.0188106278582462
226.6898,0.0188518593201422
227.1856,0.0188930907820383
227.6814,0.0189343222439344
228.1772,0.0189755537058304
228.673,0.0190167851677265
229.1688,0.0190580166296226
229.6646,0.0190992480915186
230.1604,0.0191404795534147
230.6562,0.0191817110153108
231.152,0.0192229424772068
231.6478,0.0192641739391029
232.1436,0.019305405400999
232.6394,0.019346636862895
233.1352,0.0193878683247911
233.631,0.0194290997866871
234.1268,0.0194703312485832
234.6226,0.0195115627104793
235.1184,0.0195527941723753
235.6142,0.0195940256342714
236.11,0.0196352570961675
236.6058,0.0196764885580635
237.1016,0.0197177200199596
237.5974,0.0197589514818557
238.0932,0.0198001829437517
238.589,0.0198414144056478
239.0848,0.0198826458675439
239.5806,0.0199238773294399
240.0764,0.019965108791336
240.5722,0.0200063402532321
241.068,0.0200475717151281
241.5638,0.0200888031770242
242.0596,0.0201300346389202
242.5554,0.0201712661008163
243.0512,0.0202124975627124
243.547,0.0202537290246084
244.0428,0.0202949604865045
244.5386,0.0203361919484006
245.0344,0.0203774234102966
245.5302,0.0204186548721927
246.026,0.0204598863340888
246.5218,0.0205011177959848
247.0176,0.0205423492578809
247.5134,0.020583580719777
248.0092,0.020624812181673
248.505,0.0206660436435691
249.0008,0.0207072751054652
249.4966,0.0207485065673612
249.9924,0.0207897380292573
250.4882,0.0208309694911533
250.984,0.0208722009530494
251.4798,0.0209134324149455
251.9756,0.0209546638768415
252.4714,0.0209958953387376
252.9672,0.0210371268006337
253.463,0.0210783582625297
253.9588,0.0211195897244258
254.4546,0.0211608211863219
254.9504,0.0212020526482179
255.4462,0.021243284110114
255.942,0.0212845155720101
256.4378,0.0213257470339061
256.9336,0.0213669784958022
257.4294,0.0214082099576983
257.9252,0.0214494414195943
258.421,0.0214906728814904
258.9168,0.0215319043433864
259.4126,0.0215731358052825
259.9084,0.0216143672671786
260.4042,0.0216555987290746
260.9,0.0216968301909707
