"ResDensity","N_TraitValue"
0.11,0.115088842652673
0.11162,0.115679457529002
0.11324,0.116259007105781
0.11486,0.116827799463266
0.11648,0.117386131350107
0.1181,0.117934288699596
0.11972,0.118472547117938
0.12134,0.119001172346311
0.12296,0.119520420698337
0.12458,0.120030539474475
0.1262,0.120531767354753
0.12782,0.121024334771131
0.12944,0.121508464260742
0.13106,0.121984370801124
0.13268,0.122452262128512
0.1343,0.122912339040196
0.13592,0.123364795681838
0.13754,0.12380981982064
0.13916,0.12424759310516
0.14078,0.124678291312524
0.1424,0.125102084583757
0.14402,0.125519137647875
0.14564,0.125929610035383
0.14726,0.12633365628173
0.14888,0.126731426121295
0.1505,0.127123064672399
0.15212,0.127508712613822
0.15374,0.127888506353289
0.15536,0.128262578188338
0.15698,0.128631056459966
0.1586,0.128994065699443
0.16022,0.129351726768633
0.16184,0.129704156994155
0.16346,0.130051470295705
0.16508,0.130393777308825
0.1667,0.130731185502408
0.16832,0.131063799291185
0.16994,0.131391720143457
0.17156,0.131715046684296
0.17318,0.132033874794441
0.1748,0.13234829770509
0.17642,0.132658406088795
0.17804,0.13296428814664
0.17966,0.133266029691874
0.18128,0.133563714230175
0.1829,0.133857423036698
0.18452,0.134147235230057
0.18614,0.134433227843375
0.18776,0.134715475892555
0.18938,0.134994052441873
0.191,0.135269028667044
0.19262,0.135540473915841
0.19424,0.135808455766409
0.19586,0.136073040083348
0.19748,0.136334291071689
0.1991,0.136592271328834
0.20072,0.136847041894555
0.20234,0.137098662299152
0.20396,0.137347190609819
0.20558,0.137592683475324
0.2072,0.137835196169053
0.20882,0.138074782630501
0.21044,0.138311495505269
0.21206,0.138545386183628
0.21368,0.138776504837717
0.2153,0.13900490045742
0.21692,0.139230620884986
0.21854,0.139453712848441
0.22016,0.139674221993835
0.22178,0.139892192916377
0.2234,0.140107669190507
0.22502,0.140320693398928
0.22664,0.140531307160669
0.22826,0.140739551158189
0.22988,0.140945465163571
0.2315,0.141149088063852
0.23312,0.141350457885501
0.23474,0.141549611818094
0.23636,0.141746586237214
0.23798,0.141941416726595
0.2396,0.142134138099557
0.24122,0.142324784419742
0.24284,0.142513389021185
0.24446,0.142699984527747
0.24608,0.142884602871922
0.2477,0.143067275313062
0.24932,0.143248032455014
0.25094,0.143426904263218
0.25256,0.143603920081267
0.25418,0.143779108646952
0.2558,0.143952498107816
0.25742,0.144124116036231
0.25904,0.144293989444017
0.26066,0.144462144796611
0.26228,0.144628608026816
0.2639,0.14479340454813
0.26552,0.144956559267684
0.26714,0.145118096598787
0.26876,0.145278040473109
0.27038,0.145436414352496
0.272,0.145593241240444
0.27362,0.145748543693242
0.27524,0.145902343830778
0.27686,0.146054663347052
0.27848,0.146205523520369
0.2801,0.146354945223253
0.28172,0.146502948932073
0.28334,0.146649554736395
0.28496,0.146794782348075
0.28658,0.146938651110095
0.2882,0.147081180005148
0.28982,0.147222387663991
0.29144,0.147362292373561
0.29306,0.147500912084871
0.29468,0.14763826442069
0.2963,0.147774366683007
0.29792,0.147909235860301
0.29954,0.148042888634608
0.30116,0.1481753413884
0.30278,0.148306610211278
0.3044,0.14843671090649
0.30602,0.148565658997272
0.30764,0.14869346973302
0.30926,0.148820158095306
0.31088,0.148945738803729
0.3125,0.149070226321619
0.31412,0.149193634861586
0.31574,0.149315978390933
0.31736,0.149437270636923
0.31898,0.149557525091917
0.3206,0.149676755018373
0.32222,0.149794973453724
0.32384,0.149912193215132
0.32546,0.150028426904118
0.32708,0.150143686911077
0.3287,0.150257985419685
0.33032,0.15037133441119
0.33194,0.150483745668597
0.33356,0.150595230780754
0.33518,0.150705801146334
0.3368,0.150815467977719
0.33842,0.150924242304793
0.34004,0.151032134978634
0.34166,0.15113915667513
0.34328,0.151245317898496
0.3449,0.151350628984711
0.34652,0.151455100104876
0.34814,0.151558741268483
0.34976,0.151661562326617
0.35138,0.151763572975076
0.353,0.151864782757416
0.35462,0.151965201067932
0.35624,0.152064837154561
0.35786,0.152163700121722
0.35948,0.152261798933093
0.3611,0.152359142414312
0.36272,0.152455739255634
0.36434,0.152551598014509
0.36596,0.152646727118111
0.36758,0.152741134865814
0.3692,0.152834829431594
0.37082,0.152927818866401
0.37244,0.153020111100455
0.37406,0.153111713945504
0.37568,0.153202635097032
0.3773,0.153292882136407
0.37892,0.153382462532993
0.38054,0.153471383646211
0.38216,0.153559652727551
0.38378,0.153647276922548
0.3854,0.153734263272705
0.38702,0.153820618717383
0.38864,0.153906350095646
0.39026,0.153991464148066
0.39188,0.154075967518489
0.3935,0.154159866755764
0.39512,0.154243168315437
0.39674,0.154325878561402
0.39836,0.154408003767527
0.39998,0.154489550119238
0.4016,0.15457052371507
0.40322,0.154650930568193
0.40484,0.154730776607894
0.40646,0.154810067681038
0.40808,0.154888809553495
0.4097,0.154967007911538
0.41132,0.15504466836321
0.41294,0.155121796439666
0.41456,0.155198397596488
0.41618,0.155274477214966
0.4178,0.155350040603366
0.41942,0.155425092998156
0.42104,0.155499639565222
0.42266,0.155573685401052
0.42428,0.155647235533895
0.4259,0.155720294924902
0.42752,0.155792868469239
0.42914,0.155864960997185
0.43076,0.155936577275197
0.43238,0.156007722006965
0.434,0.156078399834443
0.43562,0.156148615338853
0.43724,0.156218373041681
0.43886,0.156287677405644
0.44048,0.156356532835641
0.4421,0.15642494367969
0.44372,0.156492914229841
0.44534,0.156560448723073
0.44696,0.156627551342174
0.44858,0.156694226216608
0.4502,0.156760477423359
0.45182,0.156826308987763
0.45344,0.156891724884322
0.45506,0.156956729037507
0.45668,0.157021325322539
0.4583,0.157085517566162
0.45992,0.157149309547397
0.46154,0.157212704998286
0.46316,0.157275707604616
0.46478,0.157338321006637
0.4664,0.15740054879976
0.46802,0.157462394535248
0.46964,0.15752386172089
0.47126,0.157584953821665
0.47288,0.157645674260391
0.4745,0.157706026418368
0.47612,0.157766013636003
0.47774,0.157825639213425
0.47936,0.157884906411096
0.48098,0.157943818450397
0.4826,0.15800237851422
0.48422,0.158060589747535
0.48584,0.158118455257955
0.48746,0.158175978116292
0.48908,0.158233161357094
0.4907,0.158290007979186
0.49232,0.158346520946187
0.49394,0.158402703187031
0.49556,0.15845855759647
0.49718,0.15851408703557
0.4988,0.158569294332203
0.50042,0.158624182281525
0.50204,0.158678753646449
0.50366,0.158733011158104
0.50528,0.158786957516299
0.5069,0.158840595389962
0.50852,0.158893927417587
0.51014,0.158946956207663
0.51176,0.158999684339101
0.51338,0.159052114361648
0.515,0.159104248796306
0.51662,0.159156090135727
0.51824,0.159207640844618
0.51986,0.159258903360126
0.52148,0.159309880092225
0.5231,0.159360573424094
0.52472,0.159410985712485
0.52634,0.159461119288092
0.52796,0.15951097645591
0.52958,0.159560559495584
0.5312,0.159609870661763
0.53282,0.159658912184436
0.53444,0.15970768626927
0.53606,0.159756195097943
0.53768,0.159804440828466
0.5393,0.159852425595505
0.54092,0.159900151510696
0.54254,0.159947620662952
0.54416,0.159994835118771
0.54578,0.160041796922535
0.5474,0.160088508096805
0.54902,0.160134970642609
0.55064,0.160181186539733
0.55226,0.160227157746997
0.55388,0.160272886202534
0.5555,0.160318373824063
0.55712,0.160363622509156
0.55874,0.160408634135501
0.56036,0.160453410561164
0.56198,0.160497953624845
0.5636,0.160542265146125
0.56522,0.16058634692572
0.56684,0.16063020074572
0.56846,0.160673828369833
0.57008,0.160717231543617
0.5717,0.160760411994717
0.57332,0.160803371433094
0.57494,0.160846111551246
0.57656,0.160888634024436
0.57818,0.160930940510909
0.5798,0.160973032652104
0.58142,0.161014912072873
0.58304,0.161056580381683
0.58466,0.161098039170829
0.58628,0.16113929001663
0.5879,0.161180334479634
0.58952,0.161221174104811
0.59114,0.161261810421751
0.59276,0.16130224494485
0.59438,0.161342479173502
0.596,0.161382514592284
0.59762,0.161422352671136
0.59924,0.161461994865543
0.60086,0.161501442616712
0.60248,0.161540697351747
0.6041,0.161579760483819
0.60572,0.16161863341234
0.60734,0.161657317523124
0.60896,0.161695814188557
0.61058,0.161734124767756
0.6122,0.161772250606732
0.61382,0.161810193038544
0.61544,0.161847953383458
0.61706,0.161885532949095
0.61868,0.16192293303059
0.6203,0.161960154910733
0.62192,0.161997199860118
0.62354,0.162034069137292
0.62516,0.16207076398889
0.62678,0.162107285649781
0.6284,0.162143635343205
0.63002,0.16217981428091
0.63164,0.162215823663285
0.63326,0.162251664679494
0.63488,0.162287338507608
0.6365,0.16232284631473
0.63812,0.162358189257129
0.63974,0.162393368480359
0.64136,0.162428385119385
0.64298,0.162463240298709
0.6446,0.162497935132482
0.64622,0.162532470724632
0.64784,0.162566848168972
0.64946,0.162601068549326
0.65108,0.162635132939631
0.6527,0.162669042404061
0.65432,0.162702797997126
0.65594,0.162736400763794
0.65756,0.162769851739587
0.65918,0.162803151950696
0.6608,0.162836302414082
0.66242,0.162869304137578
0.66404,0.162902158119997
0.66566,0.162934865351226
0.66728,0.162967426812331
0.6689,0.16299984347565
0.67052,0.163032116304893
0.67214,0.16306424625524
0.67376,0.163096234273427
0.67538,0.163128081297848
0.677,0.163159788258642
0.67862,0.163191356077784
0.68024,0.163222785669173
0.68186,0.163254077938727
0.68348,0.163285233784459
0.6851,0.163316254096573
0.68672,0.163347139757543
0.68834,0.1633778916422
0.68996,0.163408510617812
0.69158,0.163438997544165
0.6932,0.163469353273647
0.69482,0.163499578651325
0.69644,0.163529674515025
0.69806,0.163559641695405
0.69968,0.163589481016038
0.7013,0.163619193293483
0.70292,0.163648779337361
0.70454,0.163678239950427
0.70616,0.163707575928644
0.70778,0.163736788061257
0.7094,0.163765877130858
0.71102,0.16379484391346
0.71264,0.163823689178567
0.71426,0.163852413689238
0.71588,0.163881018202157
0.7175,0.163909503467701
0.71912,0.163937870230001
0.72074,0.163966119227011
0.72236,0.163994251190569
0.72398,0.164022266846464
0.7256,0.164050166914495
0.72722,0.164077952108531
0.72884,0.164105623136579
0.73046,0.164133180700837
0.73208,0.164160625497757
0.7337,0.164187958218102
0.73532,0.164215179547006
0.73694,0.164242290164029
0.73856,0.164269290743215
0.74018,0.164296181953147
0.7418,0.164322964457002
0.74342,0.164349638912608
0.74504,0.164376205972495
0.74666,0.164402666283949
0.74828,0.164429020489064
0.7499,0.164455269224796
0.75152,0.164481413123012
0.75314,0.164507452810542
0.75476,0.164533388909231
0.75638,0.164559222035982
0.758,0.164584952802812
0.75962,0.164610581816898
0.76124,0.164636109680622
0.76286,0.164661536991622
0.76448,0.164686864342838
0.7661,0.164712092322555
0.76772,0.164737221514452
0.76934,0.164762252497647
0.77096,0.164787185846738
0.77258,0.16481202213185
0.7742,0.164836761918679
0.77582,0.164861405768531
0.77744,0.164885954238371
0.77906,0.164910407880856
0.78068,0.164934767244387
0.7823,0.164959032873139
0.78392,0.164983205307113
0.78554,0.165007285082164
0.78716,0.165031272730052
0.78878,0.165055168778472
0.7904,0.165078973751099
0.79202,0.165102688167622
0.79364,0.165126312543785
0.79526,0.165149847391423
0.79688,0.165173293218498
0.7985,0.165196650529137
0.80012,0.165219919823668
0.80174,0.165243101598655
0.80336,0.165266196346933
0.80498,0.165289204557644
0.8066,0.165312126716273
0.80822,0.165334963304678
0.80984,0.165357714801128
0.81146,0.165380381680331
0.81308,0.165402964413474
0.8147,0.165425463468252
0.81632,0.165447879308898
0.81794,0.165470212396219
0.81956,0.165492463187625
0.82118,0.165514632137163
0.8228,0.165536719695544
0.82442,0.165558726310177
0.82604,0.165580652425196
0.82766,0.165602498481494
0.82928,0.165624264916748
0.8309,0.165645952165452
0.83252,0.165667560658944
0.83414,0.165689090825434
0.83576,0.165710543090035
0.83738,0.165731917874787
0.839,0.165753215598689
0.84062,0.165774436677724
0.84224,0.165795581524884
0.84386,0.165816650550202
0.84548,0.165837644160775
0.8471,0.165858562760789
0.84872,0.165879406751549
0.85034,0.165900176531502
0.85196,0.165920872496263
0.85358,0.165941495038638
0.8552,0.165962044548653
0.85682,0.165982521413577
0.85844,0.166002926017943
0.86006,0.166023258743577
0.86168,0.166043519969619
0.8633,0.166063710072547
0.86492,0.166083829426201
0.86654,0.166103878401806
0.86816,0.166123857367993
0.86978,0.166143766690823
0.8714,0.166163606733812
0.87302,0.166183377857947
0.87464,0.166203080421714
0.87626,0.166222714781116
0.87788,0.166242281289696
0.8795,0.166261780298557
0.88112,0.166281212156384
0.88274,0.166300577209464
0.88436,0.166319875801709
0.88598,0.166339108274673
0.8876,0.166358274967573
0.88922,0.16637737621731
0.89084,0.166396412358489
0.89246,0.166415383723438
0.89408,0.166434290642225
0.8957,0.166453133442683
0.89732,0.166471912450421
0.89894,0.16649062798885
0.90056,0.166509280379198
0.90218,0.166527869940527
0.9038,0.166546396989756
0.90542,0.166564861841675
0.90704,0.166583264808963
0.90866,0.166601606202207
0.91028,0.166619886329921
0.9119,0.166638105498559
0.91352,0.166656264012536
0.91514,0.166674362174243
0.91676,0.166692400284063
0.91838,0.166710378640391
0.92,0.166728297539647
