"ResDensity","N_TraitValue"
2.6832,0.000299798173491679
2.9755558,0.000300704501202856
3.2679116,0.000301452771148517
3.5602674,0.000302081013607336
3.8526232,0.00030261596411374
4.144979,0.000303076966728021
4.4373348,0.000303478363267686
4.7296906,0.000303831012055534
5.0220464,0.000304143285009458
5.3144022,0.000304421740796875
5.606758,0.000304671590527559
5.8991138,0.000304897026935108
6.1914696,0.000305101461558205
6.4838254,0.000305287698584345
6.7761812,0.000305458064247982
7.068537,0.0003056145044983
7.3608928,0.000305758659657734
7.6532486,0.000305891922156437
7.9456044,0.0003060154816556
8.2379602,0.000306130360660558
8.530316,0.000306237442882754
8.8226718,0.000306337496016506
9.1150276,0.000306431190172964
9.4073834,0.000306519112907565
9.6997392,0.000306601781553441
9.992095,0.000306679653407925
10.2844508,0.000306753134195855
10.5768066,0.000306822585140431
10.8691624,0.000306888328901794
11.1615182,0.000306950654589335
11.453874,0.000307009822012038
11.7462298,0.000307066065298647
12.0385856,0.000307119595994032
12.3309414,0.000307170605718103
12.6232972,0.000307219268457702
12.915653,0.00030726574254926
13.2080088,0.000307310172399817
13.5003646,0.000307352689985833
13.7927204,0.000307393416162541
14.0850762,0.000307432461811214
14.377432,0.000307469928847284
14.6697878,0.000307505911108603
14.9621436,0.000307540495140158
15.2544994,0.000307573760889052
15.5468552,0.000307605782321489
15.839211,0.000307636627971804
16.1315668,0.000307666361432099
16.4239226,0.000307695041789852
16.7162784,0.000307722724019842
17.0086342,0.000307749459335851
17.30099,0.000307775295506884
17.5933458,0.000307800277142009
17.8857016,0.000307824445947393
18.1780574,0.000307847840958659
18.4704132,0.000307870498751261
18.762769,0.000307892453631295
19.0551248,0.000307913737808814
19.3474806,0.000307934381555499
19.6398364,0.000307954413348313
19.9321922,0.00030797386000056
20.224548,0.000307992746781628
20.5169038,0.000308011097526537
20.8092596,0.000308028934736288
21.1016154,0.000308046279669902
21.3939712,0.000308063152428952
21.686327,0.000308079572035269
21.9786828,0.000308095556502483
22.2710386,0.000308111122901944
22.5633944,0.000308126287423541
22.8557502,0.000308141065431865
23.148106,0.00030815547151814
23.4404618,0.000308169519548273
23.7328176,0.000308183222707372
24.0251734,0.000308196593541021
24.3175292,0.000308209643993588
24.609885,0.000308222385443819
24.9022408,0.00030823482873792
25.1945966,0.000308246984220357
25.4869524,0.000308258861762532
25.7793082,0.000308270470789524
26.071664,0.000308281820305031
26.3640198,0.000308292918914657
26.6563756,0.000308303774847673
26.9487314,0.000308314395977371
27.2410872,0.000308324789840101
27.533443,0.000308334963653107
27.8257988,0.000308344924331241
28.1181546,0.000308354678502633
28.4105104,0.000308364232523405
28.7028662,0.000308373592491474
28.995222,0.000308382764259542
29.2875778,0.000308391753447289
29.5799336,0.000308400565452865
29.8722894,0.000308409205463692
30.1646452,0.000308417678466653
30.457001,0.000308425989257687
30.7493568,0.00030843414245084
31.0417126,0.000308442142486811
31.3340684,0.000308449993641014
31.6264242,0.000308457700031199
31.91878,0.000308465265624651
32.2111358,0.000308472694245002
32.5034916,0.000308479989578676
32.7958474,0.000308487155180984
33.0882032,0.000308494194481909
33.380559,0.000308501110791571
33.6729148,0.000308507907305427
33.9652706,0.000308514587109186
34.2576264,0.000308521153183484
34.5499822,0.000308527608408318
34.842338,0.000308533955567259
35.1346938,0.000308540197351452
35.4270496,0.000308546336363419
35.7194054,0.000308552375120685
36.0117612,0.00030855831605921
36.304117,0.000308564161536673
36.5964728,0.000308569913835589
36.8888286,0.000308575575166278
37.1811844,0.000308581147669701
37.4735402,0.000308586633420159
37.765896,0.000308592034427865
38.0582518,0.000308597352641401
38.3506076,0.000308602589950062
38.6429634,0.000308607748186096
38.9353192,0.000308612829126837
39.227675,0.000308617834496751
39.5200308,0.000308622765969383
39.8123866,0.000308627625169227
40.1047424,0.000308632413673507
40.3970982,0.000308637133013885
40.689454,0.000308641784678095
40.9818098,0.000308646370111506
41.2741656,0.000308650890718619
41.5665214,0.000308655347864501
41.8588772,0.000308659742876162
42.151233,0.000308664077043868
42.4435888,0.000308668351622407
42.7359446,0.000308672567832299
43.0283004,0.000308676726860958
43.3206562,0.000308680829863807
43.613012,0.000308684877965348
43.9053678,0.00030868887226019
44.1977236,0.000308692813814035
44.4900794,0.000308696703664626
44.7824352,0.000308700542822659
45.074791,0.000308704332272658
45.3671468,0.000308708072973815
45.6595026,0.000308711765860803
45.9518584,0.00030871541184455
46.2442142,0.000308719011812993
46.53657,0.000308722566631795
46.8289258,0.000308726077145042
47.1212816,0.000308729544175908
47.4136374,0.000308732968527302
47.7059932,0.000308736350982485
47.998349,0.000308739692305669
48.2907048,0.000308742993242592
48.5830606,0.000308746254521073
48.8754164,0.000308749476851546
49.1677722,0.000308752660927579
49.460128,0.000308755807426367
49.7524838,0.000308758917009218
50.0448396,0.000308761990322009
50.3371954,0.000308765027995641
50.6295512,0.000308768030646465
50.921907,0.000308770998876703
51.2142628,0.000308773933274845
51.5066186,0.000308776834416046
51.7989744,0.000308779702862495
52.0913302,0.00030878253916378
52.383686,0.000308785343857243
52.6760418,0.000308788117468313
52.9683976,0.000308790860510838
53.2607534,0.000308793573487402
53.5531092,0.000308796256889632
53.845465,0.000308798911198494
54.1378208,0.000308801536884581
54.4301766,0.000308804134408391
54.7225324,0.000308806704220596
55.0148882,0.000308809246762305
55.307244,0.000308811762465312
55.5995998,0.000308814251752345
55.8919556,0.000308816715037299
56.1843114,0.000308819152725468
56.4766672,0.000308821565213767
56.769023,0.000308823952890946
57.0613788,0.000308826316137799
57.3537346,0.00030882865532737
57.6460904,0.000308830970825144
57.9384462,0.000308833262989239
58.230802,0.000308835532170596
58.5231578,0.000308837778713149
58.8155136,0.000308840002954005
59.1078694,0.000308842205223612
59.4002252,0.000308844385845921
59.692581,0.000308846545138544
59.9849368,0.000308848683412914
60.2772926,0.000308850800974425
60.5696484,0.000308852898122587
60.8620042,0.000308854975151162
61.15436,0.000308857032348303
61.4467158,0.000308859069996684
61.7390716,0.000308861088373635
62.0314274,0.000308863087751263
62.3237832,0.000308865068396579
62.616139,0.00030886703057161
62.9084948,0.000308868974533522
63.2008506,0.000308870900534727
63.4932064,0.000308872808822995
63.7855622,0.00030887469964156
64.077918,0.000308876573229223
64.3702738,0.00030887842982045
64.6626296,0.000308880269645475
64.9549854,0.000308882092930391
65.2473412,0.000308883899897245
65.539697,0.000308885690764125
65.8320528,0.000308887465745254
66.1244086,0.000308889225051066
66.4167644,0.0003088909688883
66.7091202,0.00030889269746007
67.001476,0.000308894410965954
67.2938318,0.000308896109602063
67.5861876,0.000308897793561122
67.8785434,0.000308899463032536
68.1708992,0.000308901118202468
68.463255,0.000308902759253905
68.7556108,0.000308904386366723
69.0479666,0.000308905999717758
69.3403224,0.000308907599480866
69.6326782,0.000308909185826986
69.925034,0.000308910758924205
70.2173898,0.00030891231893781
70.5097456,0.000308913866030352
70.8021014,0.0003089154003617
71.0944572,0.000308916922089097
71.386813,0.000308918431367213
71.6791688,0.000308919928348197
71.9715246,0.000308921413181728
72.2638804,0.000308922886015069
72.5562362,0.000308924346993108
72.848592,0.000308925796258412
73.1409478,0.000308927233951272
73.4333036,0.000308928660209746
73.7256594,0.000308930075169705
74.0180152,0.000308931478964876
74.310371,0.000308932871726885
74.6027268,0.000308934253585294
74.8950826,0.000308935624667647
75.1874384,0.000308936985099506
75.4797942,0.00030893833500449
75.77215,0.000308939674504311
76.0645058,0.000308941003718814
76.3568616,0.000308942322766007
76.6492174,0.000308943631762104
76.9415732,0.000308944930821551
77.233929,0.000308946220057066
77.5262848,0.000308947499579666
77.8186406,0.000308948769498703
78.1109964,0.000308950029921894
78.4033522,0.000308951280955349
78.695708,0.000308952522703604
78.9880638,0.000308953755269652
79.2804196,0.000308954978754962
79.5727754,0.00030895619325952
79.8651312,0.000308957398881845
80.157487,0.000308958595719023
80.4498428,0.000308959783866728
80.7421986,0.000308960963419251
81.0345544,0.000308962134469523
81.3269102,0.000308963297109142
81.619266,0.000308964451428393
81.9116218,0.000308965597516273
82.2039776,0.000308966735460516
82.4963334,0.000308967865347613
82.7886892,0.000308968987262834
83.081045,0.000308970101290251
83.3734008,0.000308971207512756
83.6657566,0.000308972306012085
83.9581124,0.000308973396868838
84.2504682,0.000308974480162495
84.542824,0.000308975555971439
84.8351798,0.000308976624372972
85.1275356,0.000308977685443338
85.4198914,0.000308978739257736
85.7122472,0.00030897978589034
86.004603,0.000308980825414318
86.2969588,0.000308981857901846
86.5893146,0.000308982883424126
86.8816704,0.000308983902051405
87.1740262,0.000308984913852986
87.466382,0.000308985918897247
87.7587378,0.000308986917251655
88.0510936,0.000308987908982785
88.3434494,0.000308988894156328
88.6358052,0.00030898987283711
88.928161,0.000308990845089106
89.2205168,0.000308991810975453
89.5128726,0.000308992770558464
89.8052284,0.000308993723899642
90.0975842,0.000308994671059691
90.38994,0.000308995612098531
90.6822958,0.000308996547075311
90.9746516,0.000308997476048419
91.2670074,0.000308998399075496
91.5593632,0.000308999316213448
91.851719,0.000309000227518456
92.1440748,0.00030900113304599
92.4364306,0.000309002032850818
92.7287864,0.000309002926987018
93.0211422,0.00030900381550799
93.313498,0.000309004698466463
93.6058538,0.00030900557591451
93.8982096,0.000309006447903556
94.1905654,0.000309007314484385
94.4829212,0.000309008175707158
94.775277,0.000309009031621414
95.0676328,0.000309009882276084
95.3599886,0.0003090107277195
95.6523444,0.000309011567999403
95.9447002,0.000309012403162953
96.237056,0.000309013233256737
96.5294118,0.000309014058326779
96.8217676,0.000309014878418547
97.1141234,0.000309015693576963
97.4064792,0.000309016503846407
97.698835,0.000309017309270732
97.9911908,0.000309018109893266
98.2835466,0.000309018905756823
98.5759024,0.000309019696903708
98.8682582,0.000309020483375729
99.160614,0.000309021265214197
99.4529698,0.000309022042459941
99.7453256,0.000309022815153311
100.0376814,0.000309023583334186
100.3300372,0.000309024347041979
100.622393,0.000309025106315647
100.9147488,0.000309025861193695
101.2071046,0.000309026611714184
101.4994604,0.000309027357914737
101.7918162,0.000309028099832545
102.084172,0.000309028837504372
102.3765278,0.000309029570966563
102.6688836,0.000309030300255052
102.9612394,0.000309031025405362
103.2535952,0.000309031746452615
103.545951,0.000309032463431536
103.8383068,0.000309033176376461
104.1306626,0.00030903388532134
104.4230184,0.000309034590299742
104.7153742,0.000309035291344862
105.00773,0.000309035988489526
105.3000858,0.000309036681766196
105.5924416,0.000309037371206975
105.8847974,0.000309038056843609
106.1771532,0.000309038738707499
106.469509,0.000309039416829698
106.7618648,0.000309040091240919
107.0542206,0.000309040761971544
107.3465764,0.000309041429051618
107.6389322,0.000309042092510865
107.931288,0.000309042752378686
108.2236438,0.000309043408684162
108.5159996,0.000309044061456063
108.8083554,0.000309044710722851
109.1007112,0.00030904535651268
109.393067,0.000309045998853407
109.6854228,0.00030904663777259
109.9777786,0.000309047273297494
110.2701344,0.000309047905455096
110.5624902,0.000309048534272088
110.854846,0.000309049159774879
111.1472018,0.000309049781989603
111.4395576,0.000309050400942117
111.7319134,0.00030905101665801
112.0242692,0.000309051629162603
112.316625,0.000309052238480954
112.6089808,0.00030905284463786
112.9013366,0.000309053447657863
113.1936924,0.00030905404756525
113.4860482,0.000309054644384058
113.778404,0.000309055238138079
114.0707598,0.00030905582885086
114.3631156,0.000309056416545706
114.6554714,0.000309057001245687
114.9478272,0.000309057582973638
115.240183,0.00030905816175216
115.5325388,0.000309058737603628
115.8248946,0.000309059310550191
116.1172504,0.000309059880613775
116.4096062,0.000309060447816083
116.701962,0.000309061012178606
116.9943178,0.000309061573722616
117.2866736,0.000309062132469174
117.5790294,0.000309062688439134
117.8713852,0.000309063241653139
118.163741,0.000309063792131633
118.4560968,0.000309064339894854
118.7484526,0.000309064884962843
119.0408084,0.000309065427355444
119.3331642,0.000309065967092306
119.62552,0.000309066504192886
119.9178758,0.000309067038676452
120.2102316,0.000309067570562086
120.5025874,0.000309068099868682
120.7949432,0.000309068626614953
121.087299,0.000309069150819431
121.3796548,0.00030906967250047
121.6720106,0.000309070191676248
121.9643664,0.000309070708364767
122.2567222,0.000309071222583859
122.549078,0.000309071734351185
122.8414338,0.000309072243684238
123.1337896,0.000309072750600345
123.4261454,0.000309073255116669
123.7185012,0.000309073757250211
124.010857,0.000309074257017812
124.3032128,0.000309074754436154
124.5955686,0.000309075249521763
124.8879244,0.000309075742291011
125.1802802,0.000309076232760115
125.472636,0.000309076720945143
125.7649918,0.000309077206862014
126.0573476,0.000309077690526497
126.3497034,0.000309078171954217
126.6420592,0.000309078651160656
126.934415,0.00030907912816115
127.2267708,0.000309079602970896
127.5191266,0.000309080075604954
127.8114824,0.000309080546078242
128.1038382,0.000309081014405544
128.396194,0.000309081480601511
128.6885498,0.000309081944680658
128.9809056,0.000309082406657371
129.2732614,0.000309082866545903
129.5656172,0.000309083324360382
129.857973,0.000309083780114807
130.1503288,0.00030908423382305
130.4426846,0.000309084685498861
130.7350404,0.000309085135155866
131.0273962,0.000309085582807571
131.319752,0.000309086028467358
131.6121078,0.000309086472148495
131.9044636,0.000309086913864129
132.1968194,0.000309087353627291
132.4891752,0.0003090877914509
132.781531,0.000309088227347758
133.0738868,0.000309088661330555
133.3662426,0.000309089093411872
133.6585984,0.000309089523604179
133.9509542,0.000309089951919835
134.24331,0.000309090378371094
134.5356658,0.000309090802970103
134.8280216,0.000309091225728903
135.1203774,0.000309091646659432
135.4127332,0.000309092065773523
135.705089,0.00030909248308291
135.9974448,0.000309092898599223
136.2898006,0.000309093312333996
136.5821564,0.000309093724298659
136.8745122,0.00030909413450455
137.166868,0.000309094542962907
137.4592238,0.000309094949684874
137.7515796,0.000309095354681499
138.0439354,0.000309095757963737
138.3362912,0.000309096159542452
138.628647,0.000309096559428414
138.9210028,0.000309096957632304
139.2133586,0.000309097354164714
139.5057144,0.000309097749036144
139.7980702,0.000309098142257009
140.090426,0.000309098533837638
140.3827818,0.000309098923788271
140.6751376,0.000309099312119064
140.9674934,0.000309099698840091
141.2598492,0.000309100083961339
141.552205,0.000309100467492715
141.8445608,0.000309100849444045
142.1369166,0.000309101229825071
142.4292724,0.000309101608645459
142.7216282,0.000309101985914792
143.013984,0.000309102361642578
143.3063398,0.000309102735838245
143.5986956,0.000309103108511146
143.8910514,0.000309103479670558
144.1834072,0.00030910384932568
144.475763,0.000309104217485641
144.7681188,0.000309104584159492
145.0604746,0.000309104949356215
145.3528304,0.000309105313084716
145.6451862,0.000309105675353833
145.937542,0.000309106036172331
146.2298978,0.000309106395548905
146.5222536,0.000309106753492182
146.8146094,0.000309107110010719
147.1069652,0.000309107465113007
147.399321,0.000309107818807466
147.6916768,0.000309108171102453
147.9840326,0.000309108522006257
148.2763884,0.000309108871527103
148.5687442,0.00030910921967315
148.8611,0.000309109566452493
