"ResDensity","N_TraitValue"
5,1.04483295667477e-06
5.99,1.24598370914815e-06
6.98,1.44530244162701e-06
7.97,1.64281406887631e-06
8.96,1.83854305592482e-06
9.95,2.03251342816728e-06
10.94,2.22474878119546e-06
11.93,2.41527229036658e-06
12.92,2.60410672011723e-06
13.91,2.79127443303072e-06
14.9,2.97679739866529e-06
15.89,3.16069720215075e-06
16.88,3.3429950525603e-06
17.87,3.52371179106466e-06
18.86,3.70286789887483e-06
19.85,3.88048350498007e-06
20.84,4.05657839368702e-06
21.83,4.23117201196609e-06
22.82,4.40428347661069e-06
23.81,4.57593158121494e-06
24.8,4.74613480297514e-06
25.79,4.91491130932027e-06
26.78,5.08227896437632e-06
27.77,5.24825533526958e-06
28.76,5.41285769827321e-06
29.75,5.57610304480194e-06
30.74,5.73800808725902e-06
31.73,5.89858926473978e-06
32.72,6.05786274859583e-06
33.71,6.21584444786392e-06
34.7,6.37255001456315e-06
35.69,6.52799484886444e-06
36.68,6.68219410413565e-06
37.67,6.83516269186594e-06
38.66,6.98691528647267e-06
39.65,7.13746632999417e-06
40.64,7.2868300366714e-06
41.63,7.4350203974217e-06
42.62,7.58205118420753e-06
43.61,7.72793595430297e-06
44.6,7.87268805446092e-06
45.59,8.01632062498361e-06
46.58,8.15884660369897e-06
47.57,8.30027872984551e-06
48.56,8.44062954786806e-06
49.55,8.57991141112679e-06
50.54,8.71813648552183e-06
51.53,8.8553167530356e-06
52.52,8.99146401519527e-06
53.51,9.12658989645718e-06
54.5,9.2607058475154e-06
55.49,9.39382314853639e-06
56.48,9.52595291232168e-06
57.47,9.6571060874004e-06
58.46,9.78729346105349e-06
59.45,9.91652566227139e-06
60.44,1.00448131646468e-05
61.43,1.01721662892044e-05
62.42,1.02985952071684e-05
63.41,1.04241099426712e-05
64.4,1.0548720375402e-05
65.39,1.06724362432e-05
66.38,1.07952671445901e-05
67.37,1.09172225412664e-05
68.36,1.1038311760521e-05
69.35,1.11585439976225e-05
70.34,1.12779283181435e-05
71.33,1.1396473660239e-05
72.32,1.15141888368775e-05
73.31,1.16310825380249e-05
74.3,1.17471633327829e-05
75.29,1.1862439671483e-05
76.28,1.19769198877373e-05
77.27,1.20906122004466e-05
78.26,1.22035247157676e-05
79.25,1.23156654290391e-05
80.24,1.24270422266699e-05
81.23,1.25376628879869e-05
82.22,1.26475350870469e-05
83.21,1.27566663944112e-05
84.2,1.28650642788842e-05
85.19,1.29727361092175e-05
86.18,1.30796891557798e-05
87.17,1.31859305921932e-05
88.16,1.32914674969372e-05
89.15,1.33963068549208e-05
90.14,1.35004555590234e-05
91.13,1.3603920411606e-05
92.12,1.37067081259915e-05
93.11,1.38088253279173e-05
94.1,1.39102785569587e-05
95.09,1.40110742679252e-05
96.08,1.41112188322292e-05
97.07,1.42107185392287e-05
98.06,1.43095795975442e-05
99.05,1.44078081363497e-05
100.04,1.45054102066394e-05
101.03,1.46023917824708e-05
102.02,1.4698758762183e-05
103.01,1.47945169695929e-05
104,1.48896721551683e-05
104.99,1.4984229997179e-05
105.98,1.50781961028264e-05
106.97,1.51715760093518e-05
107.96,1.52643751851242e-05
108.95,1.53565990307078e-05
109.94,1.54482528799095e-05
110.93,1.55393420008074e-05
111.92,1.56298715967601e-05
112.91,1.57198468073975e-05
113.9,1.58092727095936e-05
114.89,1.58981543184211e-05
115.88,1.59864965880894e-05
116.87,1.60743044128647e-05
117.86,1.61615826279741e-05
118.85,1.6248336010493e-05
119.84,1.63345692802169e-05
120.83,1.64202871005171e-05
121.82,1.65054940791816e-05
122.81,1.65901947692406e-05
123.8,1.66743936697776e-05
124.79,1.6758095226726e-05
125.78,1.68413038336516e-05
126.77,1.69240238325214e-05
127.76,1.7006259514459e-05
128.75,1.70880151204864e-05
129.74,1.71692948422531e-05
130.73,1.72501028227528e-05
131.72,1.7330443157027e-05
132.71,1.74103198928569e-05
133.7,1.74897370314431e-05
134.69,1.7568698528074e-05
135.68,1.76472082927822e-05
136.67,1.77252701909899e-05
137.66,1.78028880441435e-05
138.65,1.7880065630337e-05
139.64,1.79568066849253e-05
140.63,1.80331149011263e-05
141.62,1.81089939306142e-05
142.61,1.81844473841013e-05
143.6,1.82594788319109e-05
144.59,1.83340918045408e-05
145.58,1.84082897932166e-05
146.57,1.84820762504366e-05
147.56,1.85554545905071e-05
148.55,1.86284281900692e-05
149.54,1.87010003886165e-05
150.53,1.87731744890049e-05
151.52,1.88449537579533e-05
152.51,1.89163414265368e-05
153.5,1.89873406906713e-05
154.49,1.90579547115905e-05
155.48,1.91281866163152e-05
156.47,1.91980394981146e-05
157.46,1.92675164169608e-05
158.45,1.93366203999756e-05
159.44,1.94053544418697e-05
160.43,1.94737215053759e-05
161.42,1.95417245216743e-05
162.41,1.96093663908118e-05
163.4,1.96766499821138e-05
164.39,1.974357813459e-05
165.38,1.98101536573342e-05
166.37,1.98763793299168e-05
167.36,1.99422579027717e-05
168.35,2.00077920975774e-05
169.34,2.00729846076316e-05
170.33,2.01378380982201e-05
171.32,2.02023552069801e-05
172.31,2.02665385442578e-05
173.3,2.03303906934606e-05
174.29,2.03939142114034e-05
175.28,2.04571116286502e-05
176.27,2.05199854498498e-05
177.26,2.05825381540673e-05
178.25,2.0644772195109e-05
179.24,2.07066900018443e-05
180.23,2.07682939785207e-05
181.22,2.08295865050758e-05
182.21,2.08905699374434e-05
183.2,2.09512466078553e-05
184.19,2.1011618825139e-05
185.18,2.10716888750101e-05
186.17,2.11314590203609e-05
187.16,2.11909315015447e-05
188.15,2.12501085366558e-05
189.14,2.1308992321805e-05
190.13,2.13675850313912e-05
191.12,2.14258888183694e-05
192.11,2.14839058145143e-05
193.1,2.154163813068e-05
194.09,2.1599087857056e-05
195.08,2.16562570634195e-05
196.07,2.17131477993841e-05
197.06,2.17697620946445e-05
198.05,2.18261019592183e-05
199.04,2.18821693836831e-05
200.03,2.1937966339412e-05
201.02,2.19934947788037e-05
202.01,2.20487566355108e-05
203,2.21037538246641e-05
203.99,2.21584882430936e-05
204.98,2.22129617695471e-05
205.97,2.22671762649047e-05
206.96,2.23211335723907e-05
207.95,2.2374835517783e-05
208.94,2.24282839096185e-05
209.93,2.24814805393963e-05
210.92,2.25344271817779e-05
211.91,2.25871255947846e-05
212.9,2.26395775199918e-05
213.89,2.26917846827215e-05
214.88,2.27437487922307e-05
215.87,2.27954715418982e-05
216.86,2.2846954609409e-05
217.85,2.28981996569351e-05
218.84,2.29492083313146e-05
219.83,2.29999822642282e-05
220.82,2.3050523072373e-05
221.81,2.31008323576345e-05
222.8,2.31509117072551e-05
223.79,2.3200762694002e-05
224.78,2.3250386876331e-05
225.77,2.32997857985492e-05
226.76,2.33489609909755e-05
227.75,2.3397913970098e-05
228.74,2.34466462387307e-05
229.73,2.34951592861664e-05
230.72,2.35434545883292e-05
231.71,2.35915336079237e-05
232.7,2.36393977945826e-05
233.69,2.36870485850131e-05
234.68,2.37344874031396e-05
235.67,2.37817156602464e-05
236.66,2.38287347551174e-05
237.65,2.3875546074174e-05
238.64,2.39221509916114e-05
239.63,2.39685508695335e-05
240.62,2.40147470580851e-05
241.61,2.4060740895583e-05
242.6,2.41065337086453e-05
243.59,2.41521268123191e-05
244.58,2.41975215102061e-05
245.57,2.42427190945869e-05
246.56,2.42877208465437e-05
247.55,2.43325280360816e-05
248.54,2.43771419222474e-05
249.53,2.44215637532482e-05
250.52,2.44657947665675e-05
251.51,2.45098361890801e-05
252.5,2.45536892371657e-05
253.49,2.45973551168207e-05
254.48,2.46408350237687e-05
255.47,2.46841301435702e-05
256.46,2.47272416517295e-05
257.45,2.47701707138017e-05
258.44,2.48129184854976e-05
259.43,2.48554861127875e-05
260.42,2.48978747320031e-05
261.41,2.49400854699395e-05
262.4,2.49821194439541e-05
263.39,2.50239777620659e-05
264.38,2.50656615230526e-05
265.37,2.51071718165467e-05
266.36,2.51485097231304e-05
267.35,2.51896763144295e-05
268.34,2.52306726532062e-05
269.33,2.52714997934499e-05
270.32,2.53121587804683e-05
271.31,2.53526506509761e-05
272.3,2.53929764331832e-05
273.29,2.54331371468821e-05
274.28,2.54731338035331e-05
275.27,2.55129674063502e-05
276.26,2.55526389503841e-05
277.25,2.55921494226055e-05
278.24,2.56314998019869e-05
279.23,2.56706910595835e-05
280.22,2.57097241586129e-05
281.21,2.57486000545342e-05
282.2,2.57873196951257e-05
283.19,2.58258840205623e-05
284.18,2.58642939634913e-05
285.17,2.59025504491077e-05
286.16,2.59406543952284e-05
287.15,2.59786067123659e-05
288.14,2.60164083038003e-05
289.13,2.60540600656514e-05
290.12,2.60915628869493e-05
291.11,2.61289176497046e-05
292.1,2.61661252289773e-05
293.09,2.6203186492945e-05
294.08,2.62401023029711e-05
295.07,2.62768735136706e-05
296.06,2.63135009729769e-05
297.05,2.63499855222063e-05
298.04,2.6386327996123e-05
299.03,2.64225292230023e-05
300.02,2.64585900246938e-05
301.01,2.64945112166834e-05
302,2.6530293608155e-05
302.99,2.65659380020511e-05
303.98,2.66014451951328e-05
304.97,2.66368159780395e-05
305.96,2.66720511353472e-05
306.95,2.67071514456265e-05
307.94,2.67421176815004e-05
308.93,2.67769506097005e-05
309.92,2.68116509911234e-05
310.91,2.68462195808858e-05
311.9,2.68806571283796e-05
312.89,2.69149643773257e-05
313.88,2.69491420658277e-05
314.87,2.6983190926425e-05
315.86,2.70171116861449e-05
316.85,2.70509050665544e-05
317.84,2.70845717838115e-05
318.83,2.71181125487156e-05
319.82,2.71515280667575e-05
320.81,2.71848190381693e-05
321.8,2.72179861579728e-05
322.79,2.72510301160279e-05
323.78,2.72839515970808e-05
324.77,2.7316751280811e-05
325.76,2.73494298418782e-05
326.75,2.73819879499686e-05
327.74,2.74144262698403e-05
328.73,2.7446745461369e-05
329.72,2.74789461795926e-05
330.71,2.75110290747552e-05
331.7,2.75429947923513e-05
332.69,2.75748439731688e-05
333.68,2.76065772533318e-05
334.67,2.76381952643431e-05
335.66,2.76696986331261e-05
336.65,2.7701087982066e-05
337.64,2.7732363929051e-05
338.63,2.7763527087513e-05
339.62,2.77945780664672e-05
340.61,2.78255174705523e-05
341.6,2.78563459000693e-05
342.59,2.78870639510208e-05
343.58,2.79176722151491e-05
344.57,2.7948171279974e-05
345.56,2.7978561728831e-05
346.55,2.80088441409078e-05
347.54,2.80390190912818e-05
348.53,2.80690871509557e-05
349.52,2.80990488868943e-05
350.51,2.81289048620597e-05
351.5,2.81586556354466e-05
352.49,2.81883017621171e-05
353.48,2.82178437932356e-05
354.47,2.82472822761027e-05
355.46,2.82766177541888e-05
356.45,2.83058507671678e-05
357.44,2.83349818509504e-05
358.43,2.83640115377162e-05
359.42,2.83929403559469e-05
360.41,2.84217688304578e-05
361.4,2.84504974824295e-05
362.39,2.84791268294398e-05
363.38,2.85076573854946e-05
364.37,2.85360896610581e-05
365.36,2.85644241630841e-05
366.35,2.85926613950457e-05
367.34,2.8620801856965e-05
368.33,2.86488460454429e-05
369.32,2.86767944536881e-05
370.31,2.87046475715462e-05
371.3,2.87324058855281e-05
372.29,2.87600698788386e-05
373.28,2.8787640031404e-05
374.27,2.88151168199005e-05
375.26,2.8842500717781e-05
376.25,2.88697921953029e-05
377.24,2.88969917195544e-05
378.23,2.89240997544817e-05
379.22,2.8951116760915e-05
380.21,2.89780431965949e-05
381.2,2.90048795161981e-05
382.19,2.90316261713629e-05
383.18,2.90582836107146e-05
384.17,2.90848522798908e-05
385.16,2.91113326215659e-05
386.15,2.91377250754761e-05
387.14,2.91640300784431e-05
388.13,2.91902480643989e-05
389.12,2.92163794644092e-05
390.11,2.92424247066972e-05
391.1,2.9268384216667e-05
392.09,2.92942584169266e-05
393.08,2.93200477273111e-05
394.07,2.93457525649052e-05
395.06,2.93713733440658e-05
396.05,2.93969104764441e-05
397.04,2.94223643710078e-05
398.03,2.94477354340631e-05
399.02,2.94730240692757e-05
400.01,2.9498230677693e-05
401,2.95233556577647e-05
401.99,2.95483994053641e-05
402.98,2.95733623138088e-05
403.97,2.95982447738814e-05
404.96,2.96230471738495e-05
405.95,2.96477698994865e-05
406.94,2.96724133340911e-05
407.93,2.96969778585074e-05
408.92,2.97214638511443e-05
409.91,2.97458716879951e-05
410.9,2.97702017426568e-05
411.89,2.97944543863488e-05
412.88,2.98186299879324e-05
413.87,2.98427289139287e-05
414.86,2.9866751528538e-05
415.85,2.98906981936572e-05
416.84,2.9914569268899e-05
417.83,2.9938365111609e-05
418.82,2.9962086076884e-05
419.81,2.99857325175898e-05
420.8,3.0009304784378e-05
421.79,3.00328032257044e-05
422.78,3.0056228187845e-05
423.77,3.00795800149139e-05
424.76,3.01028590488799e-05
425.75,3.01260656295828e-05
426.74,3.01492000947506e-05
427.73,3.01722627800153e-05
428.72,3.01952540189296e-05
429.71,3.02181741429825e-05
430.7,3.02410234816157e-05
431.69,3.02638023622391e-05
432.68,3.02865111102466e-05
433.67,3.03091500490312e-05
434.66,3.03317195000011e-05
435.65,3.03542197825941e-05
436.64,3.03766512142932e-05
437.63,3.03990141106414e-05
438.62,3.04213087852564e-05
439.61,3.04435355498454e-05
440.6,3.04656947142195e-05
441.59,3.04877865863081e-05
442.58,3.05098114721733e-05
443.57,3.05317696760239e-05
444.56,3.05536615002294e-05
445.55,3.05754872453342e-05
446.54,3.05972472100708e-05
447.53,3.06189416913737e-05
448.52,3.06405709843931e-05
449.51,3.06621353825081e-05
450.5,3.06836351773399e-05
451.49,3.07050706587649e-05
452.48,3.07264421149281e-05
453.47,3.07477498322556e-05
454.46,3.07689940954676e-05
455.45,3.07901751875909e-05
456.44,3.08112933899719e-05
457.43,3.08323489822885e-05
458.42,3.08533422425627e-05
459.41,3.0874273447173e-05
460.4,3.08951428708664e-05
461.39,3.09159507867702e-05
462.38,3.09366974664042e-05
463.37,3.09573831796925e-05
464.36,3.0978008194975e-05
465.35,3.09985727790192e-05
466.34,3.10190771970317e-05
467.33,3.10395217126693e-05
468.32,3.10599065880508e-05
469.31,3.10802320837677e-05
470.3,3.11004984588958e-05
471.29,3.11207059710057e-05
472.28,3.11408548761741e-05
473.27,3.11609454289943e-05
474.26,3.11809778825875e-05
475.25,3.12009524886126e-05
476.24,3.12208694972773e-05
477.23,3.12407291573485e-05
478.22,3.12605317161625e-05
479.21,3.12802774196354e-05
480.2,3.12999665122731e-05
481.19,3.13195992371816e-05
482.18,3.1339175836077e-05
483.17,3.13586965492952e-05
484.16,3.13781616158018e-05
485.15,3.13975712732022e-05
486.14,3.14169257577508e-05
487.13,3.14362253043608e-05
488.12,3.14554701466136e-05
489.11,3.14746605167685e-05
490.1,3.14937966457718e-05
491.09,3.15128787632659e-05
492.08,3.1531907097599e-05
493.07,3.15508818758337e-05
494.06,3.15698033237563e-05
495.05,3.15886716658858e-05
496.04,3.16074871254825e-05
497.03,3.1626249924557e-05
498.02,3.16449602838792e-05
499.01,3.16636184229862e-05
500,3.16822245601918e-05
