"ResDensity","N_TraitValue"
1,1.01705510453603e-05
1.014,1.0265446261414e-05
1.028,1.03594714729666e-05
1.042,1.04526385897964e-05
1.056,1.05449593052862e-05
1.07,1.06364451013167e-05
1.084,1.07271072530262e-05
1.098,1.08169568334432e-05
1.112,1.0906004717995e-05
1.126,1.09942615888954e-05
1.14,1.10817379394173e-05
1.154,1.1168444078051e-05
1.168,1.12543901325538e-05
1.182,1.13395860538944e-05
1.196,1.14240416200925e-05
1.21,1.15077664399607e-05
1.224,1.15907699567485e-05
1.238,1.16730614516932e-05
1.252,1.17546500474791e-05
1.266,1.18355447116089e-05
1.28,1.19157542596898e-05
1.294,1.19952873586356e-05
1.308,1.20741525297886e-05
1.322,1.21523581519633e-05
1.336,1.22299124644138e-05
1.35,1.23068235697277e-05
1.364,1.23830994366473e-05
1.378,1.24587479028231e-05
1.392,1.25337766774972e-05
1.406,1.26081933441235e-05
1.42,1.26820053629218e-05
1.434,1.27552200733715e-05
1.448,1.28278446966444e-05
1.462,1.28998863379787e-05
1.476,1.29713519889965e-05
1.49,1.30422485299654e-05
1.504,1.31125827320072e-05
1.518,1.31823612592531e-05
1.532,1.32515906709487e-05
1.546,1.33202774235098e-05
1.56,1.3388427872529e-05
1.574,1.34560482747365e-05
1.588,1.35231447899149e-05
1.602,1.35897234827696e-05
1.616,1.36557903247562e-05
1.63,1.37213511958658e-05
1.644,1.37864118863699e-05
1.658,1.38509780985245e-05
1.672,1.39150554482365e-05
1.686,1.39786494666921e-05
1.7,1.40417656019482e-05
1.714,1.41044092204883e-05
1.728,1.41665856087437e-05
1.742,1.42282999745802e-05
1.756,1.4289557448753e-05
1.77,1.43503630863277e-05
1.784,1.44107218680716e-05
1.798,1.44706387018134e-05
1.812,1.45301184237737e-05
1.826,1.45891657998658e-05
1.84,1.46477855269693e-05
1.854,1.47059822341751e-05
1.868,1.47637604840042e-05
1.882,1.48211247735998e-05
1.896,1.48780795358946e-05
1.91,1.49346291407521e-05
1.924,1.49907778960848e-05
1.938,1.50465300489482e-05
1.952,1.51018897866109e-05
1.966,1.51568612376041e-05
1.98,1.52114484727467e-05
1.994,1.52656555061515e-05
2.008,1.53194862962079e-05
2.022,1.53729447465466e-05
2.036,1.54260347069824e-05
2.05,1.54787599744388e-05
2.064,1.55311242938534e-05
2.078,1.55831313590639e-05
2.092,1.56347848136774e-05
2.106,1.5686088251921e-05
2.12,1.57370452194756e-05
2.134,1.57876592142927e-05
2.148,1.58379336873948e-05
2.162,1.58878720436598e-05
2.176,1.59374776425901e-05
2.19,1.59867537990652e-05
2.204,1.60357037840806e-05
2.218,1.60843308254718e-05
2.232,1.61326381086231e-05
2.246,1.61806287771642e-05
2.26,1.6228305933651e-05
2.274,1.62756726402353e-05
2.288,1.63227319193196e-05
2.302,1.63694867542003e-05
2.316,1.64159400896983e-05
2.33,1.64620948327768e-05
2.344,1.65079538531484e-05
2.358,1.65535199838691e-05
2.372,1.65987960219224e-05
2.386,1.66437847287911e-05
2.4,1.66884888310191e-05
2.414,1.67329110207621e-05
2.428,1.67770539563279e-05
2.442,1.68209202627071e-05
2.456,1.6864512532093e-05
2.47,1.69078333243922e-05
2.484,1.69508851677263e-05
2.498,1.69936705589231e-05
2.512,1.70361919639994e-05
2.526,1.70784518186352e-05
2.54,1.71204525286382e-05
2.554,1.71621964704008e-05
2.568,1.72036859913482e-05
2.582,1.72449234103783e-05
2.596,1.72859110182937e-05
2.61,1.73266510782263e-05
2.624,1.73671458260532e-05
2.638,1.74073974708065e-05
2.652,1.74474081950743e-05
2.666,1.74871801553957e-05
2.68,1.7526715482648e-05
2.694,1.75660162824274e-05
2.708,1.76050846354227e-05
2.722,1.76439225977826e-05
2.736,1.76825322014764e-05
2.75,1.77209154546484e-05
2.764,1.7759074341966e-05
2.778,1.77970108249619e-05
2.792,1.78347268423701e-05
2.806,1.78722243104561e-05
2.82,1.79095051233418e-05
2.834,1.79465711533241e-05
2.848,1.79834242511883e-05
2.862,1.80200662465164e-05
2.876,1.80564989479899e-05
2.89,1.80927241436872e-05
2.904,1.81287436013761e-05
2.918,1.81645590688015e-05
2.932,1.82001722739683e-05
2.946,1.82355849254188e-05
2.96,1.82707987125064e-05
2.974,1.83058153056639e-05
2.988,1.8340636356668e-05
3.002,1.83752634988986e-05
3.016,1.84096983475946e-05
3.03,1.84439425001047e-05
3.044,1.8477997536135e-05
3.058,1.8511865017991e-05
3.072,1.85455464908173e-05
3.086,1.85790434828322e-05
3.1,1.86123575055592e-05
3.114,1.86454900540537e-05
3.128,1.86784426071274e-05
3.142,1.87112166275679e-05
3.156,1.8743813562355e-05
3.17,1.87762348428742e-05
3.184,1.88084818851259e-05
3.198,1.88405560899313e-05
3.212,1.88724588431358e-05
3.226,1.89041915158082e-05
3.24,1.89357554644371e-05
3.254,1.89671520311245e-05
3.268,1.89983825437759e-05
3.282,1.90294483162872e-05
3.296,1.90603506487295e-05
3.31,1.90910908275301e-05
3.324,1.9121670125651e-05
3.338,1.91520898027649e-05
3.352,1.91823511054279e-05
3.366,1.92124552672497e-05
3.38,1.92424035090618e-05
3.394,1.92721970390817e-05
3.408,1.93018370530763e-05
3.422,1.93313247345209e-05
3.436,1.93606612547575e-05
3.45,1.93898477731496e-05
3.464,1.9418885437235e-05
3.478,1.9447775382876e-05
3.492,1.94765187344076e-05
3.506,1.95051166047838e-05
3.52,1.95335700957204e-05
3.534,1.95618802978373e-05
3.548,1.95900482907972e-05
3.562,1.96180751434434e-05
3.576,1.96459619139346e-05
3.59,1.96737096498783e-05
3.604,1.97013193884617e-05
3.618,1.97287921565815e-05
3.632,1.97561289709705e-05
3.646,1.97833308383235e-05
3.66,1.98103987554209e-05
3.674,1.98373337092501e-05
3.688,1.98641366771258e-05
3.702,1.98908086268081e-05
3.716,1.99173505166189e-05
3.73,1.99437632955567e-05
3.744,1.99700479034099e-05
3.758,1.99962052708679e-05
3.772,2.00222363196315e-05
3.786,2.00481419625204e-05
3.8,2.00739231035806e-05
3.814,2.00995806381893e-05
3.828,2.01251154531583e-05
3.842,2.01505284268368e-05
3.856,2.01758204292114e-05
3.87,2.02009923220058e-05
3.884,2.02260449587787e-05
3.898,2.025097918502e-05
3.912,2.02757958382463e-05
3.926,2.03004957480941e-05
3.94,2.0325079736413e-05
3.954,2.03495486173562e-05
3.968,2.03739031974707e-05
3.982,2.03981442757858e-05
3.996,2.04222726439007e-05
4.01,2.04462890860704e-05
4.024,2.04701943792907e-05
4.038,2.04939892933823e-05
4.052,2.05176745910729e-05
4.066,2.05412510280793e-05
4.08,2.05647193531874e-05
4.094,2.05880803083315e-05
4.108,2.06113346286725e-05
4.122,2.06344830426751e-05
4.136,2.06575262721841e-05
4.15,2.06804650324987e-05
4.164,2.07033000324472e-05
4.178,2.072603197446e-05
4.192,2.07486615546411e-05
4.206,2.07711894628396e-05
4.22,2.07936163827198e-05
4.234,2.08159429918299e-05
4.248,2.08381699616709e-05
4.262,2.08602979577635e-05
4.276,2.08823276397145e-05
4.29,2.09042596612827e-05
4.304,2.0926094670443e-05
4.318,2.09478333094508e-05
4.332,2.09694762149047e-05
4.346,2.09910240178085e-05
4.36,2.10124773436328e-05
4.374,2.10338368123754e-05
4.388,2.1055103038621e-05
4.402,2.10762766316002e-05
4.416,2.10973581952476e-05
4.43,2.11183483282595e-05
4.444,2.11392476241499e-05
4.458,2.11600566713074e-05
4.472,2.11807760530496e-05
4.486,2.1201406347678e-05
4.5,2.12219481285318e-05
4.514,2.12424019640407e-05
4.528,2.12627684177778e-05
4.542,2.12830480485112e-05
4.556,2.13032414102547e-05
4.57,2.13233490523189e-05
4.584,2.13433715193605e-05
4.598,2.13633093514318e-05
4.612,2.1383163084029e-05
4.626,2.14029332481404e-05
4.64,2.14226203702936e-05
4.654,2.14422249726021e-05
4.668,2.14617475728117e-05
4.682,2.14811886843461e-05
4.696,2.15005488163517e-05
4.71,2.1519828473742e-05
4.724,2.15390281572419e-05
4.738,2.15581483634305e-05
4.752,2.15771895847846e-05
4.766,2.15961523097201e-05
4.78,2.16150370226347e-05
4.794,2.16338442039484e-05
4.808,2.16525743301445e-05
4.822,2.16712278738102e-05
4.836,2.16898053036756e-05
4.85,2.17083070846538e-05
4.864,2.17267336778788e-05
4.878,2.17450855407446e-05
4.892,2.17633631269428e-05
4.906,2.17815668864995e-05
4.92,2.17996972658131e-05
4.934,2.181775470769e-05
4.948,2.18357396513811e-05
4.962,2.18536525326174e-05
4.976,2.18714937836449e-05
4.99,2.18892638332598e-05
5.004,2.19069631068423e-05
5.018,2.19245920263911e-05
5.032,2.19421510105567e-05
5.046,2.19596404746743e-05
5.06,2.1977060830797e-05
5.074,2.19944124877278e-05
5.088,2.20116958510519e-05
5.102,2.2028911323168e-05
5.116,2.20460593033196e-05
5.13,2.2063140187626e-05
5.144,2.20801543691127e-05
5.158,2.20971022377416e-05
5.172,2.21139841804408e-05
5.186,2.21308005811337e-05
5.2,2.21475518207688e-05
5.214,2.21642382773478e-05
5.228,2.21808603259545e-05
5.242,2.21974183387825e-05
5.256,2.22139126851634e-05
5.27,2.22303437315939e-05
5.284,2.22467118417631e-05
5.298,2.22630173765795e-05
5.312,2.22792606941972e-05
5.326,2.22954421500423e-05
5.34,2.23115620968388e-05
5.354,2.23276208846343e-05
5.368,2.23436188608252e-05
5.382,2.23595563701818e-05
5.396,2.23754337548733e-05
5.41,2.23912513544917e-05
5.424,2.24070095060767e-05
5.438,2.24227085441393e-05
5.452,2.24383488006853e-05
5.466,2.24539306052392e-05
5.48,2.24694542848667e-05
5.494,2.24849201641982e-05
5.508,2.25003285654511e-05
5.522,2.25156798084522e-05
5.536,2.25309742106598e-05
5.55,2.25462120871857e-05
5.564,2.25613937508169e-05
5.578,2.25765195120368e-05
5.592,2.25915896790464e-05
5.606,2.26066045577854e-05
5.62,2.26215644519527e-05
5.634,2.2636469663027e-05
5.648,2.26513204902871e-05
5.662,2.26661172308317e-05
5.676,2.26808601795996e-05
5.69,2.26955496293888e-05
5.704,2.27101858708762e-05
5.718,2.2724769192637e-05
5.732,2.27392998811631e-05
5.746,2.27537782208821e-05
5.76,2.27682044941761e-05
5.774,2.27825789813998e-05
5.788,2.27969019608987e-05
5.802,2.28111737090271e-05
5.816,2.28253945001659e-05
5.83,2.283956460674e-05
5.844,2.28536842992361e-05
5.858,2.28677538462195e-05
5.872,2.28817735143512e-05
5.886,2.2895743568405e-05
5.9,2.29096642712839e-05
5.914,2.29235358840368e-05
5.928,2.29373586658745e-05
5.942,2.29511328741863e-05
5.956,2.29648587645556e-05
5.97,2.29785365907758e-05
5.984,2.29921666048661e-05
5.998,2.30057490570868e-05
6.012,2.30192841959547e-05
6.026,2.30327722682581e-05
6.04,2.30462135190721e-05
6.054,2.30596081917733e-05
6.068,2.30729565280544e-05
6.082,2.30862587679386e-05
6.096,2.30995151497946e-05
6.11,2.31127259103502e-05
6.124,2.31258912847065e-05
6.138,2.31390115063522e-05
6.152,2.31520868071771e-05
6.166,2.31651174174857e-05
6.18,2.31781035660111e-05
6.194,2.31910454799279e-05
6.208,2.32039433848657e-05
6.222,2.32167975049225e-05
6.236,2.3229608062677e-05
6.25,2.3242375279202e-05
6.264,2.3255099374077e-05
6.278,2.32677805654006e-05
6.292,2.3280419069803e-05
6.306,2.32930151024588e-05
6.32,2.33055688770985e-05
6.334,2.3318080606021e-05
6.348,2.33305505001055e-05
6.362,2.33429787688234e-05
6.376,2.335536562025e-05
6.39,2.33677112610759e-05
6.404,2.33800158966189e-05
6.418,2.3392279730835e-05
6.432,2.34045029663298e-05
6.446,2.34166858043699e-05
6.46,2.34288284448936e-05
6.474,2.34409310865219e-05
6.488,2.34529939265696e-05
6.502,2.34650171610556e-05
6.516,2.34770009847139e-05
6.53,2.34889455910039e-05
6.544,2.35008511721209e-05
6.558,2.35127179190062e-05
6.572,2.35245460213579e-05
6.586,2.35363356676401e-05
6.6,2.35480870450937e-05
6.614,2.35598003397459e-05
6.628,2.35714757364203e-05
6.642,2.35831134187462e-05
6.656,2.35947135691686e-05
6.67,2.36062763689576e-05
6.684,2.3617801998218e-05
6.698,2.36292906358982e-05
6.712,2.36407424598e-05
6.726,2.36521576465876e-05
6.74,2.36635363717963e-05
6.754,2.36748788098421e-05
6.768,2.36861851340303e-05
6.782,2.36974555165643e-05
6.796,2.37086901285544e-05
6.81,2.37198891400265e-05
6.824,2.37310527199306e-05
6.838,2.37421810361494e-05
6.852,2.37532742555066e-05
6.866,2.37643325437753e-05
6.88,2.37753560656862e-05
6.894,2.37863449849359e-05
6.908,2.3797299464195e-05
6.922,2.38082196651158e-05
6.936,2.38191057483408e-05
6.95,2.382995787351e-05
6.964,2.38407761992693e-05
6.978,2.38515608832776e-05
6.992,2.3862312082215e-05
7.006,2.38730299517901e-05
7.02,2.38837146467476e-05
7.034,2.38943663208757e-05
7.048,2.39049851270134e-05
7.062,2.39155712170582e-05
7.076,2.39261247419728e-05
7.09,2.39366458517927e-05
7.104,2.3947134695633e-05
7.118,2.39575914216957e-05
7.132,2.39680161772765e-05
7.146,2.3978409108772e-05
7.16,2.39887703616859e-05
7.174,2.39991000806368e-05
7.188,2.40093984093639e-05
7.202,2.40196654907342e-05
7.216,2.40299014667494e-05
7.23,2.40401064785515e-05
7.244,2.40502806664304e-05
7.258,2.40604241698295e-05
7.272,2.40705371273524e-05
7.286,2.40806196767693e-05
7.3,2.4090671955023e-05
7.314,2.41006940982353e-05
7.328,2.4110686241713e-05
7.342,2.41206485199543e-05
7.356,2.41305810666544e-05
7.37,2.41404840147116e-05
7.384,2.41503574962336e-05
7.398,2.41602016425428e-05
7.412,2.41700165841827e-05
7.426,2.41798024509232e-05
7.44,2.41895593717664e-05
7.454,2.41992874749526e-05
7.468,2.42089868879655e-05
7.482,2.42186577375381e-05
7.496,2.4228300149658e-05
7.51,2.4237914249573e-05
7.524,2.42475001617963e-05
7.538,2.42570580101123e-05
7.552,2.42665879175815e-05
7.566,2.42760900065459e-05
7.58,2.42855643986345e-05
7.594,2.42950112147682e-05
7.608,2.43044305751649e-05
7.622,2.43138225993448e-05
7.636,2.43231874061355e-05
7.65,2.43325251136766e-05
7.664,2.43418358394254e-05
7.678,2.43511197001609e-05
7.692,2.43603768119895e-05
7.706,2.43696072903493e-05
7.72,2.43788112500153e-05
7.734,2.43879888051038e-05
7.748,2.43971400690774e-05
7.762,2.44062651547494e-05
7.776,2.44153641742887e-05
7.79,2.44244372392243e-05
7.804,2.44334844604498e-05
7.818,2.4442505948228e-05
7.832,2.44515018121952e-05
7.846,2.44604721613659e-05
7.86,2.44694171041372e-05
7.874,2.44783367482928e-05
7.888,2.44872312010077e-05
7.902,2.44961005688524e-05
7.916,2.45049449577972e-05
7.93,2.45137644732161e-05
7.944,2.45225592198914e-05
7.958,2.45313293020177e-05
7.972,2.45400748232061e-05
7.986,2.45487958864878e-05
8,2.45574925943189e-05
