"ResDensity","N_TraitValue"
0.2477,0.0982897578194274
0.2572112,0.101677619139216
0.2667224,0.105039933486348
0.2762336,0.108376988739932
0.2857448,0.111689068469929
0.295256,0.114976452017481
0.3047672,0.118239414573444
0.3142784,0.121478227255185
0.3237896,0.124693157181672
0.3333008,0.127884467546915
0.342812,0.131052417691793
0.3523232,0.134197263174307
0.3618344,0.137319255838304
0.3713456,0.140418643880706
0.3808568,0.143495671917287
0.390368,0.146550581047031
0.3998792,0.149583608915102
0.4093904,0.152594989774471
0.4189016,0.15558495454623
0.4284128,0.158553730878616
0.437924,0.161501543204792
0.4474352,0.164428612799404
0.4569464,0.167335157833951
0.4664576,0.170221393430991
0.4759688,0.17308753171722
0.48548,0.175933781875437
0.4949912,0.178760350195444
0.5045024,0.181567440123881
0.5140136,0.18435525231304
0.5235248,0.18712398466868
0.533036,0.189873832396856
0.5425472,0.1926049880498
0.5520584,0.195317641570863
0.5615696,0.198011980338557
0.5710808,0.200688189209692
0.580592,0.203346450561663
0.5901032,0.205986944333875
0.5996144,0.208609848068349
0.6091256,0.211215336949511
0.6186368,0.213803583843202
0.628148,0.216374759334907
0.6376592,0.218929031767229
0.6471704,0.22146656727664
0.6566816,0.223987529829492
0.6661928,0.226492081257341
0.675704,0.228980381291577
0.6852152,0.231452587597378
0.6947264,0.23390885580702
0.7042376,0.236349339552526
0.7137488,0.238774190497708
0.72326,0.24118355836958
0.7327712,0.243577590989175
0.7422824,0.245956434301784
0.7517936,0.248320232406606
0.7613048,0.250669127585851
0.770816,0.253003260333288
0.7803272,0.255322769382253
0.7898384,0.257627791733143
0.7993496,0.259918462680385
0.8088608,0.262194915838906
0.818372,0.264457283170122
0.8278832,0.266705695007426
0.8373944,0.268940280081226
0.8469056,0.271161165543509
0.8564168,0.27336847699196
0.865928,0.275562338493642
0.8754392,0.277742872608237
0.8849504,0.279910200410874
0.8944616,0.282064441514535
0.9039728,0.284205714092064
0.913484,0.286334134897773
0.9229952,0.288449819288666
0.9325064,0.290552881245278
0.9420176,0.292643433392144
0.9515288,0.294721587017907
0.96104,0.296787452095063
0.9705512,0.298841137299366
0.9800624,0.300882750028876
0.9895736,0.30291239642269
0.9990848,0.30493018137933
1.008596,0.306936208574819
1.0181072,0.308930580480435
1.0276184,0.310913398380163
1.0371296,0.312884762387837
1.0466408,0.314844771463993
1.056152,0.31679352343243
1.0656632,0.31873111499648
1.0751744,0.32065764175501
1.0846856,0.322573198218141
1.0941968,0.324477877822704
1.103708,0.326371772947436
1.1132192,0.328254974927909
1.1227304,0.33012757407122
1.1322416,0.331989659670421
1.1417528,0.333841320018715
1.151264,0.335682642423413
1.1607752,0.337513713219653
1.1702864,0.339334617783896
1.1797976,0.341145440547196
1.1893088,0.34294626500825
1.19882,0.344737173746229
1.2083312,0.346518248433407
1.2178424,0.348289569847571
1.2273536,0.350051217884238
1.2368648,0.351803271568662
1.246376,0.353545809067657
1.2558872,0.355278907701217
1.2653984,0.357002643953957
1.2749096,0.358717093486359
1.2844208,0.360422331145848
1.293932,0.362118430977681
1.3034432,0.363805466235665
1.3129544,0.365483509392704
1.3224656,0.367152632151178
1.3319768,0.368812905453153
1.341488,0.370464399490435
1.3509992,0.372107183714462
1.3605104,0.373741326846037
1.3700216,0.375366896884914
1.3795328,0.376983961119227
1.389044,0.378592586134778
1.3985552,0.380192837824175
1.4080664,0.381784781395829
1.4175776,0.38336848138281
1.4270888,0.384944001651571
1.4366,0.386511405410531
1.4461112,0.388070755218528
1.4556224,0.389622112993142
1.4651336,0.391165540018892
1.4746448,0.392701096955305
1.484156,0.394228843844863
1.4936672,0.395748840120829
1.5031784,0.397261144614954
1.5126896,0.398765815565069
1.5222008,0.40026291062256
1.531712,0.401752486859729
1.5412232,0.403234600777051
1.5507344,0.404709308310314
1.5602456,0.406176664837656
1.5697568,0.407636725186502
1.579268,0.409089543640386
1.5887792,0.410535173945684
1.5982904,0.411973669318238
1.6078016,0.413405082449889
1.6173128,0.414829465514909
1.626824,0.41624687017634
1.6363352,0.417657347592243
1.6458464,0.41906094842185
1.6553576,0.42045772283163
1.6648688,0.421847720501265
1.67438,0.423230990629542
1.6838912,0.424607581940158
1.6934024,0.425977542687439
1.7029136,0.427340920661977
1.7124248,0.428697763196192
1.721936,0.430048117169806
1.7314472,0.431392029015243
1.7409584,0.432729544722952
1.7504696,0.434060709846652
1.7599808,0.435385569508504
1.769492,0.436704168404211
1.7790032,0.438016550808042
1.7885144,0.43932276057779
1.7980256,0.440622841159654
1.8075368,0.44191683559306
1.817048,0.443204786515408
1.8265592,0.444486736166755
1.8360704,0.445762726394435
1.8455816,0.447032798657611
1.8550928,0.448296994031765
1.864604,0.449555353213128
1.8741152,0.450807916523045
1.8836264,0.452054723912282
1.8931376,0.453295814965275
1.9026488,0.454531228904318
1.91216,0.455761004593695
1.9216712,0.456985180543758
1.9311824,0.458203794914941
1.9406936,0.459416885521731
1.9502048,0.460624489836579
1.959716,0.461826644993753
1.9692272,0.463023387793151
1.9787384,0.464214754704053
1.9882496,0.465400781868826
1.9977608,0.466581505106577
2.007272,0.467756959916763
2.0167832,0.468927181482747
2.0262944,0.470092204675306
2.0358056,0.471252064056097
2.0453168,0.472406793881077
2.054828,0.473556428103869
2.0643392,0.474701000379098
2.0738504,0.475840544065669
2.0833616,0.47697509223001
2.0928728,0.478104677649271
2.102384,0.479229332814479
2.1118952,0.480349089933655
2.1214064,0.481463980934889
2.1309176,0.48257403746937
2.1404288,0.483679290914388
2.14994,0.484779772376285
2.1594512,0.485875512693378
2.1689624,0.486966542438834
2.1784736,0.48805289192352
2.1879848,0.489134591198803
2.197496,0.490211670059326
2.2070072,0.491284158045745
2.2165184,0.492352084447423
2.2260296,0.493415478305104
2.2355408,0.494474368413538
2.245052,0.495528783324086
2.2545632,0.496578751347286
2.2640744,0.497624300555381
2.2735856,0.498665458784827
2.2830968,0.499702253638761
2.292608,0.500734712489441
2.3021192,0.501762862480654
2.3116304,0.502786730530094
2.3211416,0.503806343331714
2.3306528,0.504821727358044
2.340164,0.505832908862482
2.3496752,0.506839913881557
2.3591864,0.507842768237163
2.3686976,0.508841497538771
2.3782088,0.509836127185599
2.38772,0.510826682368774
2.3972312,0.511813188073457
2.4067424,0.51279566908094
2.4162536,0.513774149970726
2.4257648,0.514748655122574
2.435276,0.515719208718528
2.4447872,0.516685834744915
2.4542984,0.517648556994323
2.4638096,0.518607399067548
2.4733208,0.519562384375531
2.482832,0.520513536141254
2.4923432,0.521460877401632
2.5018544,0.522404431009363
2.5113656,0.523344219634774
2.5208768,0.524280265767632
2.530388,0.525212591718941
2.5398992,0.526141219622709
2.5494104,0.527066171437707
2.5589216,0.527987468949196
2.5684328,0.528905133770637
2.577944,0.529819187345381
2.5874552,0.530729650948343
2.5969664,0.531636545687647
2.6064776,0.532539892506262
2.6159888,0.533439712183611
2.6255,0.534336025337167
2.6350112,0.535228852424024
2.6445224,0.536118213742459
2.6540336,0.537004129433464
2.6635448,0.537886619482271
2.673056,0.538765703719851
2.6825672,0.539641401824405
2.6920784,0.540513733322827
2.7015896,0.541382717592157
2.7111008,0.542248373861017
2.720612,0.543110721211029
2.7301232,0.543969778578216
2.7396344,0.544825564754389
2.7491456,0.545678098388515
2.7586568,0.546527397988077
2.768168,0.547373481920406
2.7776792,0.548216368414013
2.7871904,0.549056075559889
2.7967016,0.54989262131281
2.8062128,0.550726023492606
2.815724,0.551556299785435
2.8252352,0.552383467745027
2.8347464,0.553207544793929
2.8442576,0.55402854822472
2.8537688,0.554846495201226
2.86328,0.555661402759715
2.8727912,0.556473287810077
2.8823024,0.557282167136999
2.8918136,0.558088057401117
2.9013248,0.558890975140161
2.910836,0.559690936770088
2.9203472,0.5604879585862
2.9298584,0.561282056764247
2.9393696,0.562073247361529
2.9488808,0.562861546317969
2.958392,0.563646969457192
2.9679032,0.564429532487578
2.9774144,0.565209251003311
2.9869256,0.565986140485415
2.9964368,0.56676021630278
3.005948,0.567531493713172
3.0154592,0.56829998786424
3.0249704,0.569065713794503
3.0344816,0.569828686434334
3.0439928,0.570588920606931
3.053504,0.571346431029272
3.0630152,0.572101232313072
3.0725264,0.572853338965716
3.0820376,0.573602765391193
3.0915488,0.574349525891014
3.10106,0.575093634665118
3.1105712,0.57583510581278
3.1200824,0.576573953333495
3.1295936,0.577310191127861
3.1391048,0.578043832998451
3.148616,0.578774892650676
3.1581272,0.579503383693636
3.1676384,0.58022931964097
3.1771496,0.580952713911685
3.1866608,0.581673579830987
3.196172,0.582391930631097
3.2056832,0.583107779452064
3.2151944,0.583821139342561
3.2247056,0.584532023260682
3.2342168,0.585240444074727
3.243728,0.585946414563975
3.2532392,0.586649947419454
3.2627504,0.587351055244702
3.2722616,0.588049750556521
3.2817728,0.588746045785718
3.291284,0.589439953277846
3.3007952,0.590131485293933
3.3103064,0.5908206540112
3.3198176,0.591507471523782
3.3293288,0.592191949843432
3.33884,0.592874100900221
3.3483512,0.593553936543232
3.3578624,0.594231468541247
3.3673736,0.594906708583425
3.3768848,0.595579668279972
3.386396,0.596250359162812
3.3959072,0.596918792686241
3.4054184,0.597584980227581
3.4149296,0.598248933087823
3.4244408,0.598910662492272
3.433952,0.599570179591172
3.4434632,0.600227495460339
3.4529744,0.600882621101776
3.4624856,0.601535567444289
3.4719968,0.602186345344096
3.481508,0.602834965585426
3.4910192,0.603481438881116
3.5005304,0.604125775873202
3.5100416,0.604767987133501
3.5195528,0.60540808316419
3.529064,0.606046074398377
3.5385752,0.606681971200671
3.5480864,0.607315783867742
3.5575976,0.607947522628874
3.5671088,0.60857719764652
3.57662,0.609204819016843
3.5861312,0.609830396770258
3.5956424,0.610453940871964
3.6051536,0.611075461222478
3.6146648,0.611694967658152
3.624176,0.612312469951696
3.6336872,0.612927977812695
3.6431984,0.613541500888109
3.6527096,0.614153048762788
3.6622208,0.614762630959961
3.671732,0.615370256941736
3.6812432,0.61597593610959
3.6907544,0.616579677804852
3.7002656,0.617181491309181
3.7097768,0.617781385845047
3.719288,0.618379370576198
3.7287992,0.618975454608128
3.7383104,0.61956964698854
3.7478216,0.620161956707802
3.7573328,0.620752392699401
3.766844,0.621340963840393
3.7763552,0.621927678951846
3.7858664,0.622512546799285
3.7953776,0.623095576093123
3.8048888,0.623676775489096
3.8144,0.624256153588692
3.8239112,0.624833718939574
3.8334224,0.625409480036003
3.8429336,0.625983445319249
3.8524448,0.62655562317801
3.861956,0.627126021948816
3.8714672,0.627694649916435
3.8809784,0.628261515314276
3.8904896,0.628826626324784
3.9000008,0.629389991079835
3.909512,0.629951617661127
3.9190232,0.630511514100562
3.9285344,0.631069688380636
3.9380456,0.631626148434811
3.9475568,0.632180902147897
3.957068,0.632733957356419
3.9665792,0.633285321848992
3.9760904,0.63383500336668
3.9856016,0.634383009603364
3.9951128,0.634929348206098
4.004624,0.635474026775466
4.0141352,0.636017052865931
4.0236464,0.63655843398619
4.0331576,0.637098177599517
4.0426688,0.637636291124104
4.05218,0.638172781933405
4.0616912,0.638707657356469
4.0712024,0.639240924678277
4.0807136,0.639772591140071
4.0902248,0.64030266393968
4.099736,0.64083115023185
4.1092472,0.64135805712856
4.1187584,0.641883391699346
4.1282696,0.642407160971612
4.1377808,0.642929371930949
4.147292,0.643450031521442
4.1568032,0.643969146645979
4.1663144,0.644486724166553
4.1758256,0.645002770904571
4.1853368,0.645517293641147
4.194848,0.646030299117404
4.2043592,0.646541794034763
4.2138704,0.647051785055241
4.2233816,0.647560278801735
4.2328928,0.648067281858314
4.242404,0.648572800770496
4.2519152,0.649076842045536
4.2614264,0.649579412152703
4.2709376,0.650080517523556
4.2804488,0.650580164552221
4.28996,0.651078359595658
4.2994712,0.651575108973935
4.3089824,0.652070418970496
4.3184936,0.652564295832421
4.3280048,0.653056745770692
4.337516,0.653547774960454
4.3470272,0.654037389541272
4.3565384,0.654525595617385
4.3660496,0.655012399257963
4.3755608,0.655497806497358
4.385072,0.65598182333535
4.3945832,0.656464455737399
4.4040944,0.656945709634885
4.4136056,0.657425590925356
4.4231168,0.657904105472766
4.432628,0.658381259107714
4.4421392,0.65885705762768
4.4516504,0.659331506797264
4.4611616,0.659804612348414
4.4706728,0.660276379980658
4.480184,0.660746815361336
4.4896952,0.661215924125821
4.4992064,0.661683711877751
4.5087176,0.662150184189246
4.5182288,0.662615346601134
4.52774,0.663079204623166
4.5372512,0.663541763734238
4.5467624,0.664003029382604
4.5562736,0.664463006986088
4.5657848,0.664921701932303
4.575296,0.665379119578853
4.5848072,0.665835265253547
4.5943184,0.666290144254605
4.6038296,0.666743761850861
4.6133408,0.66719612328197
4.622852,0.667647233758604
4.6323632,0.668097098462661
4.6418744,0.668545722547453
4.6513856,0.668993111137912
4.6608968,0.669439269330778
4.670408,0.669884202194796
4.6799192,0.670327914770911
4.6894304,0.67077041207245
4.6989416,0.67121169908532
4.7084528,0.671651780768187
4.717964,0.67209066205267
4.7274752,0.672528347843518
4.7369864,0.672964843018797
4.7464976,0.67340015243007
4.7560088,0.673834280902574
4.76552,0.674267233235405
4.7750312,0.674699014201689
4.7845424,0.675129628548758
4.7940536,0.675559080998327
4.8035648,0.675987376246664
4.813076,0.676414518964763
4.8225872,0.67684051379851
4.8320984,0.677265365368857
4.8416096,0.677689078271984
4.8511208,0.678111657079471
4.860632,0.678533106338453
4.8701432,0.678953430571793
4.8796544,0.679372634278237
4.8891656,0.679790721932578
4.8986768,0.680207697985812
4.908188,0.680623566865302
4.9176992,0.681038332974927
4.9272104,0.681452000695242
4.9367216,0.681864574383632
4.9462328,0.682276058374465
4.955744,0.682686456979242
4.9652552,0.683095774486749
4.9747664,0.683504015163207
4.9842776,0.683911183252417
4.9937888,0.684317282975913
5.0033,0.684722318533102
