"ResDensity","N_TraitValue"
10,0.000400029550898684
10.1,0.000403218488842248
10.2,0.000406394644643575
10.3,0.000409558095000477
10.4,0.000412708915998366
10.5,0.00041584718311636
10.6,0.000418972971233304
10.7,0.00042208635463373
10.8,0.000425187407013739
10.9,0.000428276201486817
11,0.000431352810589582
11.1,0.000434417306287461
11.2,0.0004374697599803
11.3,0.000440510242507913
11.4,0.000443538824155557
11.5,0.000446555574659354
11.6,0.000449560563211637
11.7,0.000452553858466246
11.8,0.000455535528543753
11.9,0.00045850564103663
12,0.000461464263014357
12.1,0.000464411461028473
12.2,0.000467347301117559
12.3,0.000470271848812181
12.4,0.000473185169139756
12.5,0.000476087326629377
12.6,0.000478978385316577
12.7,0.000481858408748036
12.8,0.000484727459986241
12.9,0.000487585601614085
13,0.000490432895739422
13.1,0.000493269403999562
13.2,0.000496095187565717
13.3,0.000498910307147407
13.4,0.000501714822996796
13.5,0.000504508794913001
13.6,0.000507292282246337
13.7,0.000510065343902519
13.8,0.00051282803834682
13.9,0.000515580423608178
14,0.000518322557283261
14.1,0.000521054496540482
14.2,0.000523776298123973
14.3,0.000526488018357515
14.4,0.000529189713148421
14.5,0.000531881437991381
14.6,0.000534563247972258
14.7,0.000537235197771848
14.8,0.000539897341669599
14.9,0.00054254973354728
15,0.000545192426892622
15.1,0.000547825474802912
15.2,0.000550448929988549
15.3,0.000553062844776559
15.4,0.000555667271114078
15.5,0.000558262260571791
15.6,0.000560847864347337
15.7,0.000563424133268674
15.8,0.000565991117797412
15.9,0.000568548868032106
16,0.000571097433711517
16.1,0.000573636864217835
16.2,0.000576167208579868
16.3,0.000578688515476197
16.4,0.000581200833238301
16.5,0.000583704209853641
16.6,0.00058619869296872
16.7,0.000588684329892098
16.8,0.000591161167597395
16.9,0.000593629252726236
17,0.000596088631591191
17.1,0.000598539350178664
17.2,0.000600981454151762
17.3,0.000603414988853132
17.4,0.000605839999307766
17.5,0.000608256530225778
17.6,0.000610664626005151
17.7,0.000613064330734459
17.8,0.000615455688195553
17.9,0.000617838741866227
18,0.000620213534922856
18.1,0.000622580110242994
18.2,0.000624938510407964
18.3,0.000627288777705409
18.4,0.000629630954131816
18.5,0.000631965081395022
18.6,0.000634291200916688
18.7,0.000636609353834749
18.8,0.000638919581005839
18.9,0.000641221923007694
19,0.000643516420141522
19.1,0.000645803112434361
19.2,0.000648082039641402
19.3,0.000650353241248294
19.4,0.000652616756473428
19.5,0.000654872624270188
19.6,0.00065712088332919
19.7,0.000659361572080495
19.8,0.000661594728695794
19.9,0.000663820391090579
20,0.000666038596926288
20.1,0.000668249383612431
20.2,0.000670452788308689
20.3,0.000672648847927
20.4,0.000674837599133618
20.5,0.000677019078351155
20.6,0.000679193321760601
20.7,0.000681360365303321
20.8,0.000683520244683043
20.9,0.00068567299536781
21,0.00068781865259193
21.1,0.000689957251357889
21.2,0.000692088826438264
21.3,0.000694213412377601
21.4,0.000696331043494283
21.5,0.000698441753882378
21.6,0.000700545577413469
21.7,0.000702642547738466
21.8,0.0007047326982894
21.9,0.000706816062281198
22,0.000708892672713446
22.1,0.000710962562372127
22.2,0.00071302576383135
22.3,0.000715082309455058
22.4,0.000717132231398719
22.5,0.000719175561611002
22.6,0.00072121233183544
22.7,0.000723242573612069
22.8,0.000725266318279058
22.9,0.000727283596974324
23,0.000729294440637124
23.1,0.000731298880009643
23.2,0.000733296945638553
23.3,0.000735288667876571
23.4,0.000737274076883996
23.5,0.000739253202630227
23.6,0.000741226074895272
23.7,0.000743192723271245
23.8,0.000745153177163843
23.9,0.000747107465793812
24,0.000749055618198399
24.1,0.00075099766323279
24.2,0.000752933629571535
24.3,0.000754863545709958
24.4,0.000756787439965558
24.5,0.00075870534047939
24.6,0.00076061727521744
24.7,0.000762523271971984
24.8,0.000764423358362935
24.9,0.000766317561839173
25,0.000768205909679874
25.1,0.000770088428995813
25.2,0.000771965146730665
25.3,0.00077383608966229
25.4,0.000775701284404005
25.5,0.000777560757405847
25.6,0.000779414534955826
25.7,0.000781262643181158
25.8,0.000783105108049496
25.9,0.000784941955370147
26,0.000786773210795275
26.1,0.000788598899821098
26.2,0.000790419047789067
26.3,0.000792233679887042
26.4,0.000794042821150453
26.5,0.000795846496463451
26.6,0.000797644730560049
26.7,0.000799437548025252
26.8,0.00080122497329618
26.9,0.000803007030663173
27,0.000804783744270898
27.1,0.000806555138119436
27.2,0.00080832123606536
27.3,0.000810082061822812
27.4,0.000811837638964559
27.5,0.000813587990923048
27.6,0.000815333140991449
27.7,0.000817073112324684
27.8,0.000818807927940457
27.9,0.000820537610720264
28,0.000822262183410402
28.1,0.000823981668622966
28.2,0.000825696088836834
28.3,0.000827405466398652
28.4,0.0008291098235238
28.5,0.000830809182297356
28.6,0.000832503564675053
28.7,0.000834192992484217
28.8,0.000835877487424715
28.9,0.000837557071069874
29,0.000839231764867407
29.1,0.000840901590140326
29.2,0.000842566568087846
29.3,0.000844226719786282
29.4,0.000845882066189938
29.5,0.000847532628131991
29.6,0.00084917842632536
29.7,0.000850819481363579
29.8,0.000852455813721651
29.9,0.0008540874437569
30,0.000855714391709819
30.1,0.000857336677704903
30.2,0.000858954321751478
30.3,0.000860567343744529
30.4,0.00086217576346551
30.5,0.000863779600583157
30.6,0.000865378874654286
30.7,0.000866973605124589
30.8,0.000868563811329426
30.9,0.000870149512494599
31,0.000871730727737135
31.1,0.000873307476066048
31.2,0.000874879776383103
31.3,0.000876447647483572
31.4,0.000878011108056982
31.5,0.000879570176687859
31.6,0.000881124871856461
31.7,0.000882675211939512
31.8,0.000884221215210924
31.9,0.000885762899842516
32,0.000887300283904725
32.1,0.000888833385367314
32.2,0.000890362222100067
32.3,0.000891886811873491
32.4,0.000893407172359498
32.5,0.000894923321132091
32.6,0.000896435275668041
32.7,0.000897943053347558
32.8,0.000899446671454954
32.9,0.000900946147179311
33,0.000902441497615128
33.1,0.000903932739762976
33.2,0.000905419890530139
33.3,0.000906902966731253
33.4,0.000908381985088945
33.5,0.000909856962234454
33.6,0.000911327914708259
33.7,0.000912794858960697
33.8,0.000914257811352573
33.9,0.000915716788155773
34,0.000917171805553865
34.1,0.000918622879642695
34.2,0.000920070026430986
34.3,0.000921513261840921
34.4,0.000922952601708731
34.5,0.000924388061785273
34.6,0.000925819657736602
34.7,0.000927247405144547
34.8,0.000928671319507268
34.9,0.000930091416239826
35,0.000931507710674731
35.1,0.000932920218062499
35.2,0.000934328953572199
35.3,0.000935733932291991
35.4,0.000937135169229673
35.5,0.000938532679313208
35.6,0.000939926477391257
35.7,0.000941316578233707
35.8,0.000942702996532189
35.9,0.000944085746900596
36,0.000945464843875601
36.1,0.000946840301917161
36.2,0.000948212135409023
36.3,0.000949580358659229
36.4,0.000950944985900612
36.5,0.000952306031291287
36.6,0.000953663508915141
36.7,0.000955017432782325
36.8,0.000956367816829727
36.9,0.000957714674921457
37,0.000959058020849315
37.1,0.000960397868333272
37.2,0.000961734231021925
37.3,0.000963067122492969
37.4,0.000964396556253653
37.5,0.000965722545741239
37.6,0.000967045104323451
37.7,0.000968364245298928
37.8,0.000969679981897665
37.9,0.000970992327281463
38,0.000972301294544358
38.1,0.000973606896713067
38.2,0.00097490914674741
38.3,0.000976208057540747
38.4,0.000977503641920398
38.5,0.000978795912648068
38.6,0.000980084882420267
38.7,0.000981370563868722
38.8,0.000982652969560792
38.9,0.000983932111999879
39,0.000985208003625832
39.1,0.00098648065681535
39.2,0.000987750083882383
39.3,0.000989016297078533
39.4,0.000990279308593439
39.5,0.000991539130555178
39.6,0.000992795775030647
39.7,0.00099404925402595
39.8,0.00099529957948678
39.9,0.000996546763298801
40,0.000997790817288021
40.1,0.000999031753221167
40.2,0.00100026958280606
40.3,0.00100150431769197
40.4,0.00100273596947
40.5,0.00100396454967344
40.6,0.00100519006977813
40.7,0.00100641254120279
40.8,0.00100763197530944
40.9,0.00100884838340366
41,0.00101006177673504
41.1,0.00101127216649745
41.2,0.0010124795638294
41.3,0.00101368397981443
41.4,0.00101488542548137
41.5,0.00101608391180475
41.6,0.00101727944970509
41.7,0.00101847205004924
41.8,0.00101966172365073
41.9,0.00102084848127006
42,0.00102203233361505
42.1,0.00102321329134118
42.2,0.00102439136505185
42.3,0.00102556656529875
42.4,0.00102673890258218
42.5,0.0010279083873513
42.6,0.00102907503000453
42.7,0.00103023884088976
42.8,0.00103139983030475
42.9,0.00103255800849736
43,0.0010337133856659
43.1,0.0010348659719594
43.2,0.00103601577747793
43.3,0.00103716281227287
43.4,0.00103830708634721
43.5,0.00103944860965588
43.6,0.00104058739210596
43.7,0.00104172344355706
43.8,0.00104285677382151
43.9,0.00104398739266472
44,0.00104511530980543
44.1,0.00104624053491597
44.2,0.00104736307762256
44.3,0.00104848294750559
44.4,0.00104960015409987
44.5,0.00105071470689492
44.6,0.00105182661533523
44.7,0.00105293588882052
44.8,0.00105404253670601
44.9,0.00105514656830271
45,0.00105624799287763
45.1,0.00105734681965407
45.2,0.0010584430578119
45.3,0.00105953671648774
45.4,0.00106062780477532
45.5,0.00106171633172563
45.6,0.00106280230634723
45.7,0.00106388573760649
45.8,0.00106496663442783
45.9,0.00106604500569395
46,0.00106712086024611
46.1,0.00106819420688434
46.2,0.00106926505436769
46.3,0.00107033341141446
46.4,0.00107139928670247
46.5,0.00107246268886925
46.6,0.00107352362651229
46.7,0.0010745821081893
46.8,0.00107563814241838
46.9,0.00107669173767833
47,0.00107774290240878
47.1,0.00107879164501049
47.2,0.00107983797384557
47.3,0.00108088189723765
47.4,0.00108192342347215
47.5,0.00108296256079647
47.6,0.00108399931742024
47.7,0.00108503370151549
47.8,0.0010860657212169
47.9,0.00108709538462203
48,0.00108812269979146
48.1,0.00108914767474909
48.2,0.00109017031748227
48.3,0.00109119063594206
48.4,0.00109220863804342
48.5,0.00109322433166541
48.6,0.00109423772465139
48.7,0.00109524882480923
48.8,0.00109625763991152
48.9,0.00109726417769575
49,0.00109826844586452
49.1,0.00109927045208572
49.2,0.00110027020399275
49.3,0.0011012677091847
49.4,0.00110226297522654
49.5,0.00110325600964932
49.6,0.00110424681995034
49.7,0.00110523541359338
49.8,0.00110622179800884
49.9,0.00110720598059396
50,0.00110818796871298
50.1,0.00110916776969734
50.2,0.00111014539084587
50.3,0.00111112083942494
50.4,0.00111209412266867
50.5,0.00111306524777911
50.6,0.00111403422192639
50.7,0.00111500105224892
50.8,0.00111596574585354
50.9,0.00111692830981575
51,0.0011178887511798
51.1,0.00111884707695894
51.2,0.00111980329413555
51.3,0.00112075740966131
51.4,0.00112170943045738
51.5,0.00112265936341456
51.6,0.00112360721539346
51.7,0.00112455299322467
51.8,0.00112549670370892
51.9,0.00112643835361722
52,0.00112737794969108
52.1,0.00112831549864259
52.2,0.00112925100715467
52.3,0.00113018448188115
52.4,0.00113111592944696
52.5,0.00113204535644832
52.6,0.00113297276945284
52.7,0.00113389817499968
52.8,0.00113482157959976
52.9,0.00113574298973584
53,0.00113666241186274
53.1,0.00113757985240742
53.2,0.00113849531776919
53.3,0.00113940881431983
53.4,0.00114032034840374
53.5,0.0011412299263381
53.6,0.00114213755441299
53.7,0.00114304323889156
53.8,0.00114394698601017
53.9,0.00114484880197851
54,0.00114574869297978
54.1,0.0011466466651708
54.2,0.00114754272468216
54.3,0.00114843687761838
54.4,0.001149329130058
54.5,0.00115021948805378
54.6,0.00115110795763278
54.7,0.00115199454479654
54.8,0.00115287925552117
54.9,0.00115376209575754
55,0.00115464307143136
55.1,0.00115552218844336
55.2,0.00115639945266936
55.3,0.00115727486996048
55.4,0.00115814844614321
55.5,0.00115902018701955
55.6,0.00115989009836716
55.7,0.00116075818593948
55.8,0.00116162445546582
55.9,0.00116248891265156
56,0.00116335156317819
56.1,0.00116421241270351
56.2,0.00116507146686171
56.3,0.0011659287312635
56.4,0.00116678421149622
56.5,0.00116763791312402
56.6,0.00116848984168789
56.7,0.00116934000270586
56.8,0.00117018840167307
56.9,0.00117103504406192
57,0.00117187993532214
57.1,0.00117272308088099
57.2,0.00117356448614329
57.3,0.00117440415649157
57.4,0.0011752420972862
57.5,0.0011760783138655
57.6,0.00117691281154581
57.7,0.00117774559562166
57.8,0.00117857667136586
57.9,0.00117940604402961
58,0.00118023371884258
58.1,0.0011810597010131
58.2,0.00118188399572817
58.3,0.00118270660815366
58.4,0.00118352754343434
58.5,0.00118434680669405
58.6,0.00118516440303576
58.7,0.00118598033754171
58.8,0.00118679461527349
58.9,0.00118760724127217
59,0.00118841822055836
59.1,0.00118922755813238
59.2,0.00119003525897431
59.3,0.0011908413280441
59.4,0.00119164577028168
59.5,0.00119244859060707
59.6,0.00119324979392047
59.7,0.00119404938510235
59.8,0.00119484736901357
59.9,0.00119564375049547
60,0.00119643853436994
