"ResDensity","N_TraitValue"
4,0.000249495769279145
4.052,0.000252540798511692
4.104,0.000255581050425705
4.156,0.000258616536255008
4.208,0.000261647267198232
4.26,0.000264673254418952
4.312,0.000267694509045822
4.364,0.000270711042172716
4.416,0.000273722864858857
4.468,0.000276729988128959
4.52,0.000279732422973358
4.572,0.000282730180348146
4.624,0.000285723271175306
4.676,0.00028871170634284
4.728,0.000291695496704909
4.78,0.000294674653081957
4.832,0.000297649186260845
4.884,0.000300619106994982
4.936,0.000303584426004451
4.988,0.000306545153976143
5.04,0.000309501301563881
5.092,0.00031245287938855
5.144,0.000315399898038225
5.196,0.000318342368068295
5.248,0.00032128030000159
5.3,0.000324213704328508
5.352,0.000327142591507138
5.404,0.000330066971963385
5.456,0.000332986856091095
5.508,0.000335902254252174
5.56,0.000338813176776716
5.612,0.000341719633963121
5.664,0.000344621636078219
5.716,0.000347519193357388
5.768,0.000350412316004678
5.82,0.000353301014192927
5.872,0.000356185298063884
5.924,0.000359065177728324
5.976,0.000361940663266169
6.028,0.000364811764726604
6.08,0.000367678492128195
6.132,0.000370540855459004
6.184,0.000373398864676709
6.236,0.000376252529708713
6.288,0.000379101860452265
6.34,0.00038194686677457
6.392,0.000384787558512906
6.444,0.000387623945474738
6.496,0.000390456037437825
6.548,0.00039328384415034
6.6,0.000396107375330976
6.652,0.000398926640669062
6.704,0.000401741649824669
6.756,0.000404552412428725
6.808,0.00040735893808312
6.86,0.000410161236360821
6.912,0.000412959316805976
6.964,0.000415753188934024
7.016,0.000418542862231804
7.068,0.00042132834615766
7.12,0.000424109650141552
7.172,0.000426886783585157
7.224,0.000429659755861979
7.276,0.000432428576317453
7.328,0.000435193254269049
7.38,0.00043795379900638
7.432,0.0004407102197913
7.484,0.000443462525858016
7.536,0.000446210726413182
7.588,0.000448954830636008
7.64,0.000451694847678361
7.692,0.000454430786664865
7.744,0.000457162656693002
7.796,0.000459890466833217
7.848,0.000462614226129013
7.9,0.000465333943597054
7.952,0.000468049628227264
8.004,0.000470761288982928
8.056,0.000473468934800784
8.108,0.00047617257459113
8.16,0.000478872217237917
8.212,0.000481567871598843
8.264,0.000484259546505459
8.316,0.000486947250763256
8.368,0.000489630993151767
8.42,0.000492310782424661
8.472,0.000494986627309837
8.524,0.000497658536509519
8.576,0.000500326518700354
8.628,0.0005029905825335
8.68,0.000505650736634723
8.732,0.00050830698960449
8.784,0.000510959350018061
8.836,0.000513607826425583
8.888,0.000516252427352177
8.94,0.000518893161298036
8.992,0.000521530036738511
9.044,0.000524163062124205
9.096,0.000526792245881061
9.148,0.000529417596410452
9.2,0.000532039122089274
9.252,0.000534656831270028
9.304,0.000537270732280917
9.356,0.000539880833425929
9.408,0.000542487142984925
9.46,0.00054508966921373
9.512,0.000547688420344216
9.564,0.000550283404584393
9.616,0.00055287463011849
9.668,0.000555462105107047
9.72,0.000558045837686998
9.772,0.000560625835971754
9.824,0.000563202108051293
9.876,0.000565774661992238
9.928,0.000568343505837949
9.98,0.0005709086476086
10.032,0.000573470095301266
10.084,0.000576027856890004
10.136,0.000578581940325941
10.188,0.000581132353537347
10.24,0.000583679104429727
10.292,0.000586222200885895
10.344,0.00058876165076606
10.396,0.000591297461907906
10.448,0.000593829642126671
10.5,0.000596358199215229
10.552,0.000598883140944168
10.604,0.000601404475061873
10.656,0.000603922209294601
10.708,0.000606436351346565
10.76,0.000608946908900006
10.812,0.000611453889615278
10.864,0.000613957301130921
10.916,0.000616457151063742
10.968,0.000618953447008889
11.02,0.000621446196539931
11.072,0.000623935407208932
11.124,0.000626421086546529
11.176,0.000628903242062008
11.228,0.000631381881243378
11.28,0.000633857011557448
11.332,0.0006363286404499
11.384,0.000638796775345367
11.436,0.000641261423647504
11.488,0.000643722592739064
11.54,0.00064618028998197
11.592,0.00064863452271739
11.644,0.00065108529826581
11.696,0.000653532623927105
11.748,0.000655976506980615
11.8,0.000658416954685213
11.852,0.00066085397427938
11.904,0.000663287572981274
11.956,0.000665717757988804
12.008,0.0006681445364797
12.06,0.000670567915611581
12.112,0.000672987902522031
12.164,0.000675404504328662
12.216,0.000677817728129191
12.268,0.000680227581001504
12.32,0.000682634070003728
12.372,0.000685037202174298
12.424,0.000687436984532028
12.476,0.000689833424076178
12.528,0.000692226527786521
12.58,0.000694616302623413
12.632,0.00069700275552786
12.684,0.000699385893421582
12.736,0.000701765723207084
12.788,0.000704142251767723
12.84,0.000706515485967769
12.892,0.000708885432652477
12.944,0.000711252098648148
12.996,0.000713615490762202
13.048,0.000715975615783231
13.1,0.000718332480481078
13.152,0.00072068609160689
13.204,0.000723036455893189
13.256,0.000725383580053937
13.308,0.000727727470784593
13.36,0.000730068134762186
13.412,0.000732405578645369
13.464,0.000734739809074489
13.516,0.000737070832671649
13.568,0.000739398656040767
13.62,0.000741723285767641
13.672,0.000744044728420011
13.724,0.000746362990547621
13.776,0.00074867807868228
13.828,0.000750989999337922
13.88,0.00075329875901067
13.932,0.000755604364178897
13.984,0.000757906821303281
14.036,0.000760206136826873
14.088,0.000762502317175151
14.14,0.000764795368756085
14.192,0.000767085297960191
14.244,0.000769372111160596
14.296,0.000771655814713092
14.348,0.000773936414956198
14.4,0.00077621391821122
14.452,0.000778488330782305
14.504,0.000780759658956502
14.556,0.000783027909003819
14.608,0.000785293087177284
14.66,0.000787555199712995
14.712,0.000789814252830186
14.764,0.000792070252731278
14.816,0.000794323205601937
14.868,0.000796573117611133
14.92,0.000798819994911192
14.972,0.000801063843637856
15.024,0.000803304669910338
15.076,0.000805542479831376
15.128,0.000807777279487289
15.18,0.000810009074948034
15.232,0.000812237872267258
15.284,0.000814463677482355
15.336,0.00081668649661452
15.388,0.000818906335668802
15.44,0.000821123200634161
15.492,0.000823337097483519
15.544,0.000825548032173814
15.596,0.000827756010646054
15.648,0.000829961038825372
15.7,0.000832163122621076
15.752,0.000834362267926704
15.804,0.000836558480620073
15.856,0.000838751766563338
15.908,0.000840942131603038
15.96,0.000843129581570149
16.012,0.000845314122280139
16.064,0.000847495759533017
16.116,0.000849674499113384
16.168,0.000851850346790484
16.22,0.000854023308318259
16.272,0.000856193389435394
16.324,0.00085836059586537
16.376,0.000860524933316515
16.428,0.000862686407482054
16.48,0.000864845024040156
16.532,0.00086700078865399
16.584,0.000869153706971767
16.636,0.000871303784626796
16.688,0.000873451027237526
16.74,0.000875595440407604
16.792,0.000877737029725915
16.844,0.000879875800766636
16.896,0.000882011759089283
16.948,0.000884144910238757
17,0.000886275259745396
17.052,0.00088840281312502
17.104,0.000890527575878978
17.156,0.000892649553494198
17.208,0.000894768751443233
17.26,0.000896885175184307
17.312,0.000898998830161363
17.364,0.00090110972180411
17.416,0.000903217855528069
17.468,0.000905323236734619
17.52,0.000907425870811043
17.572,0.000909525763130575
17.624,0.000911622919052445
17.676,0.000913717343921924
17.728,0.000915809043070372
17.78,0.000917898021815279
17.832,0.000919984285460314
17.884,0.000922067839295368
17.936,0.000924148688596599
17.988,0.000926226838626477
18.04,0.000928302294633826
18.092,0.000930375061853873
18.144,0.000932445145508287
18.196,0.000934512550805225
18.248,0.000936577282939378
18.3,0.00093863934709201
18.352,0.000940698748431003
18.404,0.000942755492110903
18.456,0.000944809583272959
18.508,0.000946861027045167
18.56,0.000948909828542316
18.612,0.000950955992866024
18.664,0.000952999525104788
18.716,0.000955040430334018
18.768,0.000957078713616086
18.82,0.000959114380000366
18.872,0.000961147434523272
18.924,0.000963177882208303
18.976,0.000965205728066086
19.028,0.000967230977094412
19.08,0.000969253634278282
19.132,0.000971273704589946
19.184,0.000973291192988941
19.236,0.000975306104422137
19.288,0.000977318443823775
19.34,0.000979328216115503
19.392,0.000981335426206425
19.444,0.000983340078993133
19.496,0.00098534217935975
19.548,0.000987341732177971
19.6,0.000989338742307099
19.652,0.000991333214594089
19.704,0.000993325153873582
19.756,0.000995314564967948
19.808,0.000997301452687324
19.86,0.000999285821829651
19.912,0.00100126767718072
19.964,0.00100324702351418
20.016,0.00100522386559165
20.068,0.00100719820816265
20.12,0.00100917005596475
20.172,0.0010111394137235
20.224,0.00101310628615258
20.276,0.00101507067795374
20.328,0.00101703259381689
20.38,0.00101899203842013
20.432,0.00102094901642978
20.484,0.0010229035325004
20.536,0.00102485559127488
20.588,0.00102680519738442
20.64,0.0010287523554486
20.692,0.00103069707007539
20.744,0.00103263934586123
20.796,0.00103457918739101
20.848,0.00103651659923815
20.9,0.00103845158596462
20.952,0.00104038415212097
21.004,0.00104231430224638
21.056,0.00104424204086869
21.108,0.00104616737250441
21.16,0.00104809030165881
21.212,0.00105001083282591
21.264,0.00105192897048852
21.316,0.00105384471911828
21.368,0.00105575808317573
21.42,0.00105766906711028
21.472,0.00105957767536029
21.524,0.00106148391235309
21.576,0.00106338778250502
21.628,0.00106528929022145
21.68,0.00106718843989683
21.732,0.00106908523591472
21.784,0.00107097968264781
21.836,0.00107287178445799
21.888,0.00107476154569633
21.94,0.00107664897070316
21.992,0.00107853406380807
22.044,0.00108041682932999
22.096,0.00108229727157714
22.148,0.00108417539484716
22.2,0.00108605120342708
22.252,0.00108792470159336
22.304,0.00108979589361195
22.356,0.00109166478373829
22.408,0.00109353137621736
22.46,0.00109539567528371
22.512,0.00109725768516151
22.564,0.00109911741006452
22.616,0.00110097485419619
22.668,0.00110283002174968
22.72,0.00110468291690786
22.772,0.00110653354384334
22.824,0.00110838190671857
22.876,0.00111022800968577
22.928,0.00111207185688705
22.98,0.00111391345245438
23.032,0.00111575280050966
23.084,0.00111758990516473
23.136,0.0011194247705214
23.188,0.00112125740067149
23.24,0.00112308779969687
23.292,0.00112491597166946
23.344,0.00112674192065127
23.396,0.00112856565069447
23.448,0.00113038716584136
23.5,0.00113220647012444
23.552,0.00113402356756641
23.604,0.00113583846218024
23.656,0.00113765115796916
23.708,0.00113946165892672
23.76,0.00114126996903678
23.812,0.00114307609227359
23.864,0.00114488003260179
23.916,0.00114668179397642
23.968,0.001148481380343
24.02,0.00115027879563751
24.072,0.00115207404378645
24.124,0.00115386712870685
24.176,0.00115565805430631
24.228,0.00115744682448302
24.28,0.00115923344312581
24.332,0.00116101791411413
24.384,0.00116280024131813
24.436,0.00116458042859867
24.488,0.00116635847980733
24.54,0.00116813439878645
24.592,0.00116990818936919
24.644,0.00117167985537949
24.696,0.00117344940063215
24.748,0.00117521682893286
24.8,0.00117698214407819
24.852,0.00117874534985563
24.904,0.00118050645004364
24.956,0.00118226544841166
25.008,0.00118402234872014
25.06,0.00118577715472054
25.112,0.00118752987015542
25.164,0.00118928049875839
25.216,0.00119102904425421
25.268,0.00119277551035876
25.32,0.00119451990077909
25.372,0.00119626221921344
25.424,0.00119800246935128
25.476,0.00119974065487331
25.528,0.00120147677945153
25.58,0.0012032108467492
25.632,0.00120494286042094
25.684,0.0012066728241127
25.736,0.00120840074146179
25.788,0.00121012661609695
25.84,0.00121185045163832
25.892,0.00121357225169752
25.944,0.00121529201987762
25.996,0.00121700975977319
26.048,0.00121872547497035
26.1,0.00122043916904675
26.152,0.00122215084557162
26.204,0.0012238605081058
26.256,0.00122556816020174
26.308,0.00122727380540356
26.36,0.00122897744724704
26.412,0.00123067908925966
26.464,0.00123237873496062
26.516,0.00123407638786088
26.568,0.00123577205146317
26.62,0.00123746572926201
26.672,0.00123915742474373
26.724,0.00124084714138652
26.776,0.00124253488266044
26.828,0.00124422065202742
26.88,0.00124590445294133
26.932,0.00124758628884797
26.984,0.00124926616318509
27.036,0.00125094407938244
27.088,0.00125262004086177
27.14,0.00125429405103687
27.192,0.00125596611331358
27.244,0.00125763623108982
27.296,0.00125930440775562
27.348,0.00126097064669311
27.4,0.00126263495127659
27.452,0.00126429732487253
27.504,0.00126595777083959
27.556,0.00126761629252862
27.608,0.00126927289328274
27.66,0.00127092757643733
27.712,0.00127258034532003
27.764,0.0012742312032508
27.816,0.00127588015354193
27.868,0.00127752719949804
27.92,0.00127917234441616
27.972,0.00128081559158566
28.024,0.00128245694428838
28.076,0.00128409640579856
28.128,0.00128573397938291
28.18,0.00128736966830062
28.232,0.00128900347580339
28.284,0.00129063540513544
28.336,0.00129226545953353
28.388,0.00129389364222699
28.44,0.00129551995643773
28.492,0.00129714440538029
28.544,0.00129876699226182
28.596,0.00130038772028214
28.648,0.00130200659263373
28.7,0.00130362361250175
28.752,0.00130523878306411
28.804,0.00130685210749143
28.856,0.00130846358894709
28.908,0.00131007323058725
28.96,0.00131168103556087
29.012,0.00131328700700972
29.064,0.00131489114806841
29.116,0.00131649346186442
29.168,0.00131809395151809
29.22,0.00131969262014268
29.272,0.00132128947084436
29.324,0.00132288450672223
29.376,0.00132447773086837
29.428,0.00132606914636781
29.48,0.00132765875629862
29.532,0.00132924656373186
29.584,0.00133083257173163
29.636,0.0013324167833551
29.688,0.00133399920165252
29.74,0.00133557982966722
29.792,0.00133715867043567
29.844,0.00133873572698747
29.896,0.00134031100234537
29.948,0.00134188449952529
30,0.00134345622153637
