"ResDensity","N_TraitValue"
1,0.00146399318835139
1.068,0.00152497912388964
1.136,0.00158302898288656
1.204,0.00163834981090541
1.272,0.00169112963340662
1.34,0.00174153959080035
1.408,0.00178973579221621
1.476,0.00183586093029517
1.544,0.00188004569218989
1.612,0.00192240999616114
1.68,0.00196306407841215
1.748,0.00200210945090267
1.816,0.00203963974766496
1.884,0.00207574147447619
1.952,0.00211049467452205
2.02,0.00214397352083338
2.088,0.00217624684472462
2.156,0.00220737860815697
2.224,0.00223742832684792
2.292,0.00226645145001637
2.36,0.00229449970186151
2.428,0.00232162138919967
2.496,0.00234786167910864
2.564,0.00237326284993615
2.632,0.00239786451860697
2.7,0.00242170384679892
2.768,0.00244481572824493
2.836,0.00246723295914634
2.904,0.00248898639344793
2.972,0.00251010508452063
3.04,0.00253061641462009
3.108,0.00255054621333413
3.176,0.00256991886609648
3.244,0.00258875741372529
3.312,0.00260708364384077
3.38,0.00262491817492448
3.448,0.00264228053370223
3.516,0.00265918922646108
3.584,0.00267566180484801
3.652,0.00269171492664218
3.72,0.00270736441194297
3.788,0.00272262529517239
3.856,0.002737511873251
3.924,0.00275203775027202
3.992,0.00276621587896684
4.06,0.00278005859922785
4.128,0.00279357767392913
4.196,0.00280678432226377
4.264,0.00281968925079628
4.332,0.00283230268241075
4.4,0.0028446343833193
4.468,0.00285669368828075
4.536,0.00286848952416633
4.604,0.00288003043199759
4.672,0.00289132458757065
4.74,0.00290237982077166
4.808,0.00291320363367921
4.876,0.00292380321754168
4.944,0.00293418546871033
5.012,0.00294435700360226
5.08,0.00295432417276142
5.148,0.00296409307408057
5.216,0.00297366956524194
5.284,0.00298305927542994
5.352,0.0029922676163652
5.42,0.0030012997927053
5.488,0.00301016081185425
5.556,0.0030188554932195
5.624,0.00302738847695253
5.692,0.00303576423220628
5.76,0.00304398706494024
5.828,0.00305206112530195
5.896,0.00305999041461142
5.964,0.0030677787919732
6.032,0.00307542998053902
6.1,0.0030829475734424
6.168,0.00309033503942508
6.236,0.00309759572817376
6.304,0.00310473287538447
6.372,0.00311174960757055
6.44,0.00311864894662937
6.508,0.00312543381418167
6.576,0.00313210703569678
6.644,0.00313867134441578
6.712,0.00314512938508413
6.78,0.00315148371750456
6.848,0.00315773681992003
6.916,0.00316389109223641
6.984,0.00316994885909345
7.052,0.00317591237279252
7.12,0.00318178381608861
7.188,0.00318756530485413
7.256,0.0031932588906211
7.324,0.00319886656300839
7.392,0.00320439025203974
7.46,0.00320983183035855
7.528,0.00321519311534456
7.596,0.00322047587113751
7.664,0.00322568181057257
7.732,0.00323081259703191
7.8,0.00323586984621666
7.868,0.00324085512784326
7.936,0.00324576996726783
8.004,0.00325061584704226
8.072,0.00325539420840515
8.14,0.00326010645271097
8.208,0.00326475394280022
8.276,0.00326933800431349
8.344,0.00327385992695219
8.412,0.0032783209656882
8.48,0.00328272234192509
8.548,0.00328706524461306
8.616,0.00329135083131967
8.684,0.00329558022925849
8.752,0.00329975453627759
8.82,0.0033038748218096
8.888,0.00330794212778513
8.956,0.0033119574695112
9.024,0.00331592183651623
9.092,0.00331983619336297
9.16,0.00332370148043097
9.228,0.00332751861466972
9.296,0.00333128849032387
9.364,0.00333501197963161
9.432,0.00333868993349756
9.5,0.00334232318214096
9.568,0.00334591253572048
9.636,0.00334945878493649
9.704,0.00335296270161174
9.772,0.0033564250392514
9.84,0.00335984653358326
9.908,0.00336322790307894
9.976,0.00336656984945684
10.044,0.00336987305816764
10.112,0.00337313819886299
10.18,0.0033763659258481
10.248,0.00337955687851883
10.316,0.003382711681784
10.384,0.00338583094647332
10.452,0.00338891526973169
10.52,0.00339196523540034
10.588,0.0033949814143852
10.656,0.00339796436501321
10.724,0.00340091463337686
10.792,0.00340383275366745
10.86,0.0034067192484976
10.928,0.00340957462921319
10.996,0.00341239939619542
11.064,0.0034151940391531
11.132,0.00341795903740568
11.2,0.00342069486015733
11.268,0.00342340196676235
11.336,0.00342608080698228
11.404,0.00342873182123507
11.472,0.00343135544083639
11.54,0.0034339520882336
11.608,0.00343652217723253
11.676,0.00343906611321729
11.744,0.00344158429336345
11.812,0.00344407710684474
11.88,0.0034465449350336
11.948,0.00344898815169562
12.016,0.0034514071231783
12.084,0.00345380220859418
12.152,0.00345617375999852
12.22,0.00345852212256187
12.288,0.00346084763473751
12.356,0.00346315062842407
12.424,0.00346543142912343
12.492,0.00346769035609414
12.56,0.00346992772250033
12.628,0.00347214383555645
12.696,0.00347433899666796
12.764,0.0034765135015679
12.832,0.00347866764044977
12.9,0.00348080169809659
12.968,0.00348291595400644
13.036,0.00348501068251446
13.104,0.00348708615291155
13.172,0.00348914262955975
13.24,0.0034911803720045
13.308,0.00349319963508382
13.376,0.00349520066903461
13.444,0.00349718371959596
13.512,0.00349914902810979
13.58,0.00350109683161875
13.648,0.00350302736296153
13.716,0.00350494085086566
13.784,0.00350683752003784
13.852,0.00350871759125189
13.92,0.00351058128143444
13.988,0.00351242880374836
14.056,0.00351426036767404
14.124,0.00351607617908856
14.192,0.00351787644034284
14.26,0.0035196613503368
14.328,0.00352143110459265
14.396,0.00352318589532623
14.464,0.00352492591151668
14.532,0.00352665133897422
14.6,0.00352836236040631
14.668,0.00353005915548217
14.736,0.00353174190089565
14.804,0.00353341077042657
14.872,0.00353506593500055
14.94,0.00353670756274736
15.008,0.00353833581905788
15.076,0.0035399508666396
15.144,0.00354155286557085
15.212,0.0035431419733537
15.28,0.00354471834496556
15.348,0.00354628213290956
15.416,0.00354783348726376
15.484,0.00354937255572913
15.552,0.00355089948367646
15.62,0.00355241441419209
15.688,0.00355391748812265
15.756,0.0035554088441187
15.824,0.00355688861867735
15.892,0.00355835694618392
15.96,0.00355981395895261
16.028,0.00356125978726627
16.096,0.00356269455941521
16.164,0.00356411840173516
16.232,0.00356553143864435
16.3,0.00356693379267974
16.368,0.00356832558453247
16.436,0.00356970693308246
16.504,0.00357107795543227
16.572,0.00357243876694019
16.64,0.0035737894812526
16.708,0.00357513021033561
16.776,0.00357646106450598
16.844,0.00357778215246141
16.912,0.00357909358131011
16.98,0.00358039545659976
17.048,0.00358168788234582
17.116,0.00358297096105924
17.184,0.00358424479377355
17.252,0.00358550948007142
17.32,0.00358676511811054
17.388,0.00358801180464909
17.456,0.00358924963507056
17.524,0.00359047870340806
17.592,0.00359169910236819
17.66,0.00359291092335427
17.728,0.00359411425648923
17.796,0.00359530919063792
17.864,0.00359649581342899
17.932,0.00359767421127631
18,0.00359884446939997
18.068,0.00360000667184678
18.136,0.00360116090151043
18.204,0.00360230724015118
18.272,0.00360344576841518
18.34,0.00360457656585338
18.408,0.00360569971094002
18.476,0.00360681528109085
18.544,0.00360792335268089
18.612,0.00360902400106181
18.68,0.00361011730057911
18.748,0.00361120332458877
18.816,0.0036122821454737
18.884,0.00361335383465984
18.952,0.00361441846263185
19.02,0.00361547609894867
19.088,0.00361652681225856
19.156,0.00361757067031403
19.224,0.00361860773998639
19.292,0.00361963808727999
19.36,0.00362066177734626
19.428,0.00362167887449746
19.496,0.00362268944222008
19.564,0.00362369354318814
19.632,0.00362469123927606
19.7,0.00362568259157143
19.768,0.00362666766038747
19.836,0.00362764650527521
19.904,0.00362861918503557
19.972,0.00362958575773109
20.04,0.00363054628069746
20.108,0.00363150081055492
20.176,0.00363244940321933
20.244,0.00363339211391314
20.312,0.00363432899717603
20.38,0.00363526010687553
20.448,0.00363618549621725
20.516,0.00363710521775507
20.584,0.00363801932340108
20.652,0.00363892786443532
20.72,0.00363983089151542
20.788,0.00364072845468595
20.856,0.00364162060338774
20.924,0.00364250738646689
20.992,0.00364338885218373
21.06,0.00364426504822156
21.128,0.00364513602169522
21.196,0.00364600181915961
21.264,0.0036468624866179
21.332,0.00364771806952972
21.4,0.00364856861281919
21.468,0.00364941416088271
21.536,0.00365025475759677
21.604,0.00365109044632546
21.672,0.00365192126992799
21.74,0.00365274727076598
21.808,0.00365356849071068
21.876,0.00365438497115003
21.944,0.00365519675299562
22.012,0.00365600387668954
22.08,0.00365680638221105
22.148,0.00365760430908324
22.216,0.00365839769637946
22.284,0.00365918658272977
22.352,0.00365997100632712
22.42,0.00366075100493359
22.488,0.00366152661588642
22.556,0.00366229787610396
22.624,0.00366306482209155
22.692,0.00366382748994724
22.76,0.0036645859153675
22.828,0.00366534013365277
22.896,0.00366609017971293
22.964,0.0036668360880727
23.032,0.00366757789287691
23.1,0.00366831562789577
23.168,0.0036690493265299
23.236,0.00366977902181548
23.304,0.00367050474642912
23.372,0.00367122653269279
23.44,0.00367194441257858
23.508,0.00367265841771346
23.576,0.0036733685793839
23.644,0.00367407492854046
23.712,0.00367477749580224
23.78,0.00367547631146137
23.848,0.00367617140548732
23.916,0.00367686280753118
23.984,0.00367755054692991
24.052,0.00367823465271047
24.12,0.0036789151535939
24.188,0.00367959207799934
24.256,0.003680265454048
24.324,0.00368093530956703
24.392,0.00368160167209339
24.46,0.00368226456887758
24.528,0.00368292402688739
24.596,0.00368358007281153
24.664,0.00368423273306326
24.732,0.00368488203378392
24.8,0.00368552800084639
24.868,0.00368617065985858
24.936,0.0036868100361668
25.004,0.00368744615485904
25.072,0.00368807904076835
25.14,0.00368870871847596
25.208,0.00368933521231456
25.276,0.00368995854637136
25.344,0.00369057874449123
25.412,0.0036911958302797
25.48,0.003691809827106
25.548,0.00369242075810596
25.616,0.00369302864618496
25.684,0.00369363351402076
25.752,0.00369423538406633
25.82,0.00369483427855264
25.888,0.00369543021949139
25.956,0.0036960232286777
26.024,0.00369661332769278
26.092,0.00369720053790653
26.16,0.00369778488048013
26.228,0.00369836637636859
26.296,0.00369894504632326
26.364,0.00369952091089424
26.432,0.00370009399043292
26.5,0.00370066430509426
26.568,0.00370123187483924
26.636,0.00370179671943716
26.704,0.00370235885846792
26.772,0.00370291831132428
26.84,0.00370347509721415
26.908,0.00370402923516271
26.976,0.0037045807440146
27.044,0.00370512964243612
27.112,0.00370567594891722
27.18,0.00370621968177368
27.248,0.00370676085914909
27.316,0.00370729949901693
27.384,0.00370783561918249
27.452,0.00370836923728488
27.52,0.00370890037079894
27.588,0.00370942903703718
27.656,0.00370995525315161
27.724,0.00371047903613566
27.792,0.00371100040282593
27.86,0.00371151936990408
27.928,0.00371203595389854
27.996,0.0037125501711863
28.064,0.00371306203799462
28.132,0.00371357157040278
28.2,0.00371407878434369
28.268,0.00371458369560563
28.336,0.00371508631983384
28.404,0.00371558667253214
28.472,0.00371608476906453
28.54,0.00371658062465679
28.608,0.00371707425439797
28.676,0.00371756567324199
28.744,0.00371805489600908
28.812,0.00371854193738734
28.88,0.00371902681193417
28.948,0.0037195095340777
29.016,0.00371999011811829
29.084,0.00372046857822986
29.152,0.00372094492846135
29.22,0.00372141918273806
29.288,0.00372189135486301
29.356,0.0037223614585183
29.424,0.0037228295072664
29.492,0.00372329551455147
29.56,0.00372375949370067
29.628,0.00372422145792539
29.696,0.00372468142032251
29.764,0.00372513939387569
29.832,0.0037255953914565
29.9,0.00372604942582573
29.968,0.00372650150963448
30.036,0.00372695165542542
30.104,0.0037273998756339
30.172,0.00372784618258909
30.24,0.00372829058851516
30.308,0.00372873310553235
30.376,0.00372917374565808
30.444,0.00372961252080804
30.512,0.0037300494427973
30.58,0.0037304845233413
30.648,0.00373091777405696
30.716,0.00373134920646369
30.784,0.0037317788319844
30.852,0.00373220666194651
30.92,0.00373263270758299
30.988,0.00373305698003327
31.056,0.00373347949034428
31.124,0.00373390024947135
31.192,0.00373431926827919
31.26,0.00373473655754285
31.328,0.00373515212794856
31.396,0.00373556599009475
31.464,0.00373597815449285
31.532,0.00373638863156827
31.6,0.00373679743166119
31.668,0.0037372045650275
31.736,0.00373761004183963
31.804,0.0037380138721874
31.872,0.00373841606607885
31.94,0.00373881663344107
32.008,0.00373921558412101
32.076,0.00373961292788633
32.144,0.00374000867442612
32.212,0.00374040283335177
32.28,0.00374079541419767
32.348,0.00374118642642205
32.416,0.00374157587940769
32.484,0.00374196378246269
32.552,0.00374235014482122
32.62,0.00374273497564421
32.688,0.00374311828402015
32.756,0.00374350007896573
32.824,0.00374388036942659
32.892,0.003744259164278
32.96,0.00374463647232556
33.028,0.0037450123023059
33.096,0.0037453866628873
33.164,0.00374575956267041
33.232,0.00374613101018889
33.3,0.00374650101391005
33.368,0.00374686958223552
33.436,0.00374723672350185
33.504,0.00374760244598117
33.572,0.0037479667578818
33.64,0.00374832966734886
33.708,0.00374869118246487
33.776,0.00374905131125039
33.844,0.00374941006166456
33.912,0.00374976744160571
33.98,0.00375012345891195
34.048,0.00375047812136172
34.116,0.00375083143667439
34.184,0.00375118341251077
34.252,0.00375153405647373
34.32,0.00375188337610867
34.388,0.00375223137890413
34.456,0.00375257807229229
34.524,0.00375292346364951
34.592,0.00375326756029683
34.66,0.00375361036950053
34.728,0.0037539518984726
34.796,0.00375429215437127
34.864,0.00375463114430152
34.932,0.00375496887531552
35,0.00375530535441319
