"ResDensity","N_TraitValue"
4,0.000269709010697118
4.032,0.0002715401334631
4.064,0.00027336686264524
4.096,0.000275189214037493
4.128,0.000277007203358205
4.16,0.000278820846250563
4.192,0.000280630158283045
4.224,0.000282435154949863
4.256,0.000284235851671409
4.288,0.00028603226379469
4.32,0.000287824406593767
4.352,0.000289612295270188
4.384,0.000291395944953416
4.416,0.000293175370701256
4.448,0.000294950587500279
4.48,0.000296721610266246
4.512,0.000298488453844519
4.544,0.000300251133010482
4.576,0.00030200966246995
4.608,0.000303764056859577
4.64,0.000305514330747265
4.672,0.000307260498632566
4.704,0.000309002574947081
4.736,0.00031074057405486
4.768,0.000312474510252794
4.8,0.000314204397771009
4.832,0.000315930250773256
4.864,0.000317652083357294
4.896,0.00031936990955528
4.928,0.000321083743334142
4.96,0.000322793598595965
4.992,0.000324499489178362
5.024,0.000326201428854852
5.056,0.000327899431335224
5.088,0.000329593510265912
5.12,0.000331283679230355
5.152,0.000332969951749366
5.184,0.000334652341281486
5.216,0.000336330861223347
5.248,0.000338005524910024
5.28,0.000339676345615392
5.312,0.000341343336552474
5.344,0.000343006510873788
5.376,0.000344665881671699
5.408,0.000346321461978754
5.44,0.000347973264768029
5.472,0.000349621302953469
5.504,0.000351265589390218
5.536,0.00035290613687496
5.568,0.000354542958146248
5.6,0.000356176065884831
5.632,0.000357805472713988
5.664,0.000359431191199849
5.696,0.000361053233851716
5.728,0.000362671613122389
5.76,0.000364286341408483
5.792,0.00036589743105074
5.824,0.00036750489433435
5.856,0.000369108743489261
5.888,0.000370708990690486
5.92,0.000372305648058415
5.952,0.00037389872765912
5.984,0.000375488241504657
6.016,0.000377074201553371
6.048,0.000378656619710194
6.08,0.000380235507826943
6.112,0.000381810877702616
6.144,0.000383382741083685
6.176,0.000384951109664393
6.208,0.000386515995087035
6.24,0.000388077408942254
6.272,0.000389635362769323
6.304,0.000391189868056431
6.336,0.000392740936240966
6.368,0.000394288578709792
6.4,0.000395832806799532
6.432,0.000397373631796841
6.464,0.000398911064938686
6.496,0.000400445117412612
6.528,0.00040197580035702
6.56,0.000403503124861433
6.592,0.000405027101966766
6.624,0.000406547742665588
6.656,0.000408065057902393
6.688,0.000409579058573854
6.72,0.000411089755529093
6.752,0.000412597159569932
6.784,0.000414101281451157
6.816,0.000415602131880769
6.848,0.000417099721520241
6.88,0.000418594060984769
6.912,0.000420085160843524
6.944,0.000421573031619897
6.976,0.000423057683791756
7.008,0.000424539127791681
7.04,0.000426017374007215
7.072,0.000427492432781105
7.104,0.000428964314411544
7.136,0.000430433029152408
7.168,0.000431898587213499
7.2,0.000433360998760777
7.232,0.000434820273916596
7.264,0.000436276422759939
7.296,0.000437729455326651
7.328,0.000439179381609664
7.36,0.000440626211559234
7.392,0.000442069955083161
7.424,0.000443510622047023
7.456,0.000444948222274392
7.488,0.000446382765547065
7.52,0.00044781426160528
7.552,0.000449242720147942
7.584,0.000450668150832836
7.616,0.00045209056327685
7.648,0.000453509967056189
7.68,0.000454926371706588
7.712,0.000456339786723528
7.744,0.00045775022156245
7.776,0.000459157685638961
7.808,0.000460562188329046
7.84,0.000461963738969279
7.872,0.000463362346857023
7.904,0.000464758021250643
7.936,0.000466150771369706
7.968,0.000467540606395185
8,0.000468927535469659
8.032,0.000470311567697518
8.064,0.000471692712145158
8.096,0.000473070977841181
8.128,0.000474446373776591
8.16,0.000475818908904988
8.192,0.000477188592142766
8.224,0.000478555432369303
8.256,0.000479919438427155
8.288,0.000481280619122244
8.32,0.00048263898322405
8.352,0.000483994539465799
8.384,0.000485347296544648
8.416,0.000486697263121873
8.448,0.000488044447823055
8.48,0.00048938885923826
8.512,0.000490730505922225
8.544,0.000492069396394537
8.576,0.000493405539139817
8.608,0.000494738942607893
8.64,0.000496069615213986
8.672,0.000497397565338878
8.704,0.000498722801329098
8.736,0.000500045331497088
8.768,0.000501365164121381
8.8,0.000502682307446775
8.832,0.000503996769684502
8.864,0.000505308559012399
8.896,0.000506617683575078
8.928,0.000507924151484096
8.96,0.00050922797081812
8.992,0.000510529149623094
9.024,0.000511827695912409
9.056,0.000513123617667058
9.088,0.000514416922835811
9.12,0.000515707619335367
9.152,0.000516995715050525
9.184,0.000518281217834335
9.216,0.000519564135508266
9.248,0.00052084447586236
9.28,0.00052212224665539
9.312,0.000523397455615018
9.344,0.000524670110437952
9.376,0.000525940218790096
9.408,0.00052720778830671
9.44,0.000528472826592558
9.472,0.000529735341222062
9.504,0.000530995339739455
9.536,0.000532252829658929
9.568,0.000533507818464784
9.6,0.000534760313611579
9.632,0.000536010322524276
9.664,0.000537257852598391
9.696,0.000538502911200135
9.728,0.000539745505666564
9.76,0.00054098564330572
9.792,0.000542223331396775
9.824,0.000543458577190172
9.856,0.00054469138790777
9.888,0.000545921770742981
9.92,0.000547149732860914
9.952,0.000548375281398508
9.984,0.000549598423464679
10.016,0.000550819166140447
10.048,0.000552037516479082
10.08,0.000553253481506235
10.112,0.000554467068220073
10.144,0.000555678283591415
10.176,0.000556887134563865
10.208,0.000558093628053942
10.24,0.000559297770951219
10.272,0.000560499570118445
10.304,0.000561699032391682
10.336,0.000562896164580432
10.368,0.000564090973467765
10.4,0.000565283465810452
10.432,0.000566473648339084
10.464,0.000567661527758207
10.496,0.000568847110746443
10.528,0.000570030403956616
10.56,0.000571211414015879
10.592,0.000572390147525832
10.624,0.000573566611062651
10.656,0.000574740811177209
10.688,0.000575912754395195
10.72,0.000577082447217235
10.752,0.000578249896119016
10.784,0.000579415107551402
10.816,0.000580578087940555
10.848,0.00058173884368805
10.88,0.000582897381170997
10.912,0.000584053706742153
10.944,0.000585207826730041
10.976,0.000586359747439067
11.008,0.000587509475149629
11.04,0.000588657016118238
11.072,0.000589802376577627
11.104,0.000590945562736864
11.136,0.000592086580781468
11.168,0.000593225436873515
11.2,0.000594362137151754
11.232,0.000595496687731715
11.264,0.000596629094705816
11.296,0.000597759364143479
11.328,0.000598887502091231
11.36,0.000600013514572816
11.392,0.000601137407589303
11.424,0.000602259187119189
11.456,0.000603378859118507
11.488,0.000604496429520931
11.52,0.000605611904237884
11.552,0.000606725289158637
11.584,0.000607836590150414
11.616,0.000608945813058498
11.648,0.000610052963706332
11.68,0.000611158047895618
11.712,0.000612261071406424
11.744,0.000613362039997279
11.776,0.000614460959405278
11.808,0.000615557835346177
11.84,0.000616652673514496
11.872,0.000617745479583616
11.904,0.000618836259205878
11.936,0.000619925018012678
11.968,0.000621011761614566
12,0.000622096495601342
12.032,0.000623179225542151
12.064,0.000624259956985582
12.096,0.000625338695459755
12.128,0.000626415446472424
12.16,0.000627490215511064
12.192,0.00062856300804297
12.224,0.000629633829515343
12.256,0.000630702685355389
12.288,0.000631769580970406
12.32,0.000632834521747878
12.352,0.000633897513055563
12.384,0.000634958560241585
12.416,0.000636017668634524
12.448,0.000637074843543505
12.48,0.000638130090258285
12.512,0.000639183414049342
12.544,0.000640234820167965
12.576,0.000641284313846338
12.608,0.00064233190029763
12.64,0.000643377584716077
12.672,0.000644421372277073
12.704,0.000645463268137252
12.736,0.000646503277434572
12.768,0.000647541405288404
12.8,0.000648577656799613
12.832,0.000649612037050638
12.864,0.000650644551105583
12.896,0.000651675204010294
12.928,0.000652704000792443
12.96,0.000653730946461608
12.992,0.000654756046009358
13.024,0.000655779304409329
13.056,0.00065680072661731
13.088,0.000657820317571318
13.12,0.000658838082191681
13.152,0.000659854025381113
13.184,0.000660868152024799
13.216,0.000661880466990469
13.248,0.000662890975128474
13.28,0.00066389968127187
13.312,0.000664906590236488
13.344,0.000665911706821016
13.376,0.000666915035807072
13.408,0.000667916581959281
13.44,0.000668916350025352
13.472,0.000669914344736148
13.504,0.000670910570805767
13.536,0.000671905032931612
13.568,0.000672897735794465
13.6,0.000673888684058564
13.632,0.000674877882371671
13.664,0.000675865335365149
13.696,0.000676851047654032
13.728,0.000677835023837096
13.76,0.000678817268496933
13.792,0.000679797786200022
13.824,0.000680776581496796
13.856,0.000681753658921719
13.888,0.000682729022993349
13.92,0.000683702678214412
13.952,0.00068467462907187
13.984,0.00068564488003699
14.016,0.000686613435565414
14.048,0.000687580300097223
14.08,0.00068854547805701
14.112,0.000689508973853944
14.144,0.00069047079188184
14.176,0.000691430936519223
14.208,0.000692389412129393
14.24,0.000693346223060499
14.272,0.000694301373645595
14.304,0.000695254868202711
14.336,0.000696206711034918
14.368,0.000697156906430391
14.4,0.000698105458662473
14.432,0.000699052371989741
14.464,0.000699997650656069
14.496,0.000700941298890691
14.528,0.000701883320908264
14.56,0.00070282372090893
14.592,0.000703762503078382
14.624,0.000704699671587922
14.656,0.000705635230594524
14.688,0.000706569184240897
14.72,0.000707501536655542
14.752,0.000708432291952821
14.784,0.000709361454233007
14.816,0.000710289027582353
14.848,0.000711215016073146
14.88,0.000712139423763771
14.912,0.000713062254698767
14.944,0.000713983512908889
14.976,0.000714903202411161
15.008,0.000715821327208943
15.04,0.000716737891291982
15.072,0.000717652898636473
15.104,0.000718566353205115
15.136,0.000719478258947169
15.168,0.000720388619798515
15.2,0.00072129743968171
15.232,0.00072220472250604
15.264,0.00072311047216758
15.296,0.000724014692549251
15.328,0.000724917387520869
15.36,0.000725818560939207
15.392,0.000726718216648046
15.424,0.000727616358478233
15.456,0.00072851299024773
15.488,0.000729408115761675
15.52,0.000730301738812429
15.552,0.000731193863179634
15.584,0.000732084492630266
15.616,0.000732973630918686
15.648,0.000733861281786693
15.68,0.00073474744896358
15.712,0.00073563213616618
15.744,0.000736515347098926
15.776,0.000737397085453892
15.808,0.000738277354910858
15.84,0.000739156159137347
15.872,0.000740033501788687
15.904,0.000740909386508057
15.936,0.000741783816926536
15.968,0.000742656796663157
16,0.000743528329324954
16.032,0.000744398418507014
16.064,0.000745267067792521
16.096,0.000746134280752815
16.128,0.000747000060947432
16.16,0.000747864411924156
16.192,0.000748727337219068
16.224,0.000749588840356594
16.256,0.000750448924849551
16.288,0.000751307594199198
16.32,0.000752164851895281
16.352,0.000753020701416082
16.384,0.000753875146228463
16.416,0.000754728189787919
16.448,0.000755579835538616
16.48,0.000756430086913445
16.512,0.000757278947334064
16.544,0.000758126420210945
16.576,0.000758972508943419
16.608,0.000759817216919724
16.64,0.000760660547517045
16.672,0.000761502504101566
16.704,0.000762343090028509
16.736,0.000763182308642181
16.768,0.000764020163276018
16.8,0.000764856657252629
16.832,0.000765691793883841
16.864,0.00076652557647074
16.896,0.000767358008303719
16.928,0.000768189092662515
16.96,0.000769018832816258
16.992,0.000769847232023511
17.024,0.000770674293532314
17.056,0.000771500020580225
17.088,0.000772324416394361
17.12,0.000773147484191444
17.152,0.000773969227177841
17.184,0.000774789648549604
17.216,0.000775608751492513
17.248,0.000776426539182119
17.28,0.000777243014783779
17.312,0.000778058181452705
17.344,0.000778872042333999
17.376,0.000779684600562695
17.408,0.000780495859263798
17.44,0.000781305821552328
17.472,0.000782114490533354
17.504,0.00078292186930204
17.536,0.00078372796094368
17.568,0.000784532768533737
17.6,0.000785336295137887
17.632,0.000786138543812052
17.664,0.000786939517602443
17.696,0.000787739219545596
17.728,0.000788537652668412
17.76,0.000789334819988195
17.792,0.000790130724512688
17.824,0.000790925369240114
17.856,0.000791718757159211
17.888,0.00079251089124927
17.92,0.000793301774480175
17.952,0.000794091409812436
17.984,0.000794879800197229
18.016,0.00079566694857643
18.048,0.000796452857882656
18.08,0.000797237531039294
18.112,0.000798020970960548
18.144,0.000798803180551463
18.176,0.000799584162707971
18.208,0.000800363920316922
18.24,0.000801142456256117
18.272,0.000801919773394351
18.304,0.000802695874591441
18.336,0.000803470762698265
18.368,0.000804244440556795
18.4,0.000805016911000133
18.432,0.000805788176852545
18.464,0.000806558240929496
18.496,0.000807327106037683
18.528,0.000808094774975071
18.56,0.000808861250530924
18.592,0.000809626535485843
18.624,0.000810390632611796
18.656,0.000811153544672151
18.688,0.000811915274421715
18.72,0.000812675824606759
18.752,0.000813435197965059
18.784,0.000814193397225921
18.816,0.000814950425110222
18.848,0.000815706284330435
18.88,0.000816460977590666
18.912,0.000817214507586684
18.944,0.000817966877005957
18.976,0.000818718088527676
19.008,0.000819468144822797
19.04,0.000820217048554064
19.072,0.000820964802376044
19.104,0.000821711408935161
19.136,0.000822456870869721
19.168,0.00082320119080995
19.2,0.000823944371378019
19.232,0.000824686415188077
19.264,0.000825427324846286
19.296,0.000826167102950842
19.328,0.000826905752092015
19.36,0.000827643274852174
19.392,0.000828379673805817
19.424,0.000829114951519603
19.456,0.000829849110552381
19.488,0.000830582153455219
19.52,0.000831314082771436
19.552,0.000832044901036628
19.584,0.0008327746107787
19.616,0.000833503214517891
19.648,0.000834230714766811
19.68,0.000834957114030461
19.712,0.000835682414806266
19.744,0.000836406619584107
19.776,0.000837129730846341
19.808,0.000837851751067836
19.84,0.000838572682716
19.872,0.000839292528250801
19.904,0.000840011290124806
19.936,0.000840728970783201
19.968,0.000841445572663819
20,0.000842161098197174
