"ResDensity","N_TraitValue"
1,4.4903577860799e-05
1.046,4.69691424423957e-05
1.092,4.90347070239925e-05
1.138,5.11002716055892e-05
1.184,5.3165836187186e-05
1.23,5.52314007687827e-05
1.276,5.72969653503795e-05
1.322,5.93625299319762e-05
1.368,6.1428094513573e-05
1.414,6.34936590951697e-05
1.46,6.55592236767665e-05
1.506,6.76247882583632e-05
1.552,6.969035283996e-05
1.598,7.17559174215567e-05
1.644,7.38214820031535e-05
1.69,7.58870465847502e-05
1.736,7.7952611166347e-05
1.782,8.00181757479438e-05
1.828,8.20837403295405e-05
1.874,8.41493049111373e-05
1.92,8.6214869492734e-05
1.966,8.82804340743308e-05
2.012,9.03459986559275e-05
2.058,9.24115632375243e-05
2.104,9.4477127819121e-05
2.15,9.65426924007178e-05
2.196,9.86082569823145e-05
2.242,0.000100673821563911
2.288,0.000102739386145508
2.334,0.000104804950727105
2.38,0.000106870515308702
2.426,0.000108936079890298
2.472,0.000111001644471895
2.518,0.000113067209053492
2.564,0.000115132773635089
2.61,0.000117198338216685
2.656,0.000119263902798282
2.702,0.000121329467379879
2.748,0.000123395031961476
2.794,0.000125460596543072
2.84,0.000127526161124669
2.886,0.000129591725706266
2.932,0.000131657290287863
2.978,0.000133722854869459
3.024,0.000135788419451056
3.07,0.000137853984032653
3.116,0.00013991954861425
3.162,0.000141985113195846
3.208,0.000144050677777443
3.254,0.00014611624235904
3.3,0.000148181806940637
3.346,0.000150247371522233
3.392,0.00015231293610383
3.438,0.000154378500685427
3.484,0.000156444065267024
3.53,0.00015850962984862
3.576,0.000160575194430217
3.622,0.000162640759011814
3.668,0.000164706323593411
3.714,0.000166771888175007
3.76,0.000168837452756604
3.806,0.000170903017338201
3.852,0.000172968581919798
3.898,0.000175034146501394
3.944,0.000177099711082991
3.99,0.000179165275664588
4.036,0.000181230840246185
4.082,0.000183296404827781
4.128,0.000185361969409378
4.174,0.000187427533990975
4.22,0.000189493098572572
4.266,0.000191558663154168
4.312,0.000193624227735765
4.358,0.000195689792317362
4.404,0.000197755356898959
4.45,0.000199820921480555
4.496,0.000201886486062152
4.542,0.000203952050643749
4.588,0.000206017615225346
4.634,0.000208083179806942
4.68,0.000210148744388539
4.726,0.000212214308970136
4.772,0.000214279873551733
4.818,0.000216345438133329
4.864,0.000218411002714926
4.91,0.000220476567296523
4.956,0.00022254213187812
5.002,0.000224607696459716
5.048,0.000226673261041313
5.094,0.00022873882562291
5.14,0.000230804390204507
5.186,0.000232869954786103
5.232,0.0002349355193677
5.278,0.000237001083949297
5.324,0.000239066648530894
5.37,0.00024113221311249
5.416,0.000243197777694087
5.462,0.000245263342275684
5.508,0.000247328906857281
5.554,0.000249394471438877
5.6,0.000251460036020474
5.646,0.000253525600602071
5.692,0.000255591165183668
5.738,0.000257656729765264
5.784,0.000259722294346861
5.83,0.000261787858928458
5.876,0.000263853423510055
5.922,0.000265918988091651
5.968,0.000267984552673248
6.014,0.000270050117254845
6.06,0.000272115681836442
6.106,0.000274181246418039
6.152,0.000276246810999635
6.198,0.000278312375581232
6.244,0.000280377940162829
6.29,0.000282443504744426
6.336,0.000284509069326022
6.382,0.000286574633907619
6.428,0.000288640198489216
6.474,0.000290705763070813
6.52,0.000292771327652409
6.566,0.000294836892234006
6.612,0.000296902456815603
6.658,0.000298968021397199
6.704,0.000301033585978796
6.75,0.000303099150560393
6.796,0.00030516471514199
6.842,0.000307230279723586
6.888,0.000309295844305183
6.934,0.00031136140888678
6.98,0.000313426973468377
7.026,0.000315492538049974
7.072,0.00031755810263157
7.118,0.000319623667213167
7.164,0.000321689231794764
7.21,0.000323754796376361
7.256,0.000325820360957957
7.302,0.000327885925539554
7.348,0.000329951490121151
7.394,0.000332017054702748
7.44,0.000334082619284344
7.486,0.000336148183865941
7.532,0.000338213748447538
7.578,0.000340279313029135
7.624,0.000342344877610731
7.67,0.000344410442192328
7.716,0.000346476006773925
7.762,0.000348541571355522
7.808,0.000350607135937118
7.854,0.000352672700518715
7.9,0.000354738265100312
7.946,0.000356803829681909
7.992,0.000358869394263505
8.038,0.000360934958845102
8.084,0.000363000523426699
8.13,0.000365066088008296
8.176,0.000367131652589892
8.222,0.000369197217171489
8.268,0.000371262781753086
8.314,0.000373328346334683
8.36,0.000375393910916279
8.406,0.000377459475497876
8.452,0.000379525040079473
8.498,0.00038159060466107
8.544,0.000383656169242666
8.59,0.000385721733824263
8.636,0.00038778729840586
8.682,0.000389852862987457
8.728,0.000391918427569053
8.774,0.00039398399215065
8.82,0.000396049556732247
8.866,0.000398115121313844
8.912,0.00040018068589544
8.958,0.000402246250477037
9.004,0.000404311815058634
9.05,0.000406377379640231
9.096,0.000408442944221827
9.142,0.000410508508803424
9.188,0.000412574073385021
9.234,0.000414639637966618
9.28,0.000416705202548214
9.326,0.000418770767129811
9.372,0.000420836331711408
9.418,0.000422901896293005
9.464,0.000424967460874601
9.51,0.000427033025456198
9.556,0.000429098590037795
9.602,0.000431164154619392
9.648,0.000433229719200988
9.694,0.000435295283782585
9.74,0.000437360848364182
9.786,0.000439426412945779
9.832,0.000441491977527375
9.878,0.000443557542108972
9.924,0.000445623106690569
9.97,0.000447688671272166
10.016,0.000449754235853762
10.062,0.000451819800435359
10.108,0.000453885365016956
10.154,0.000455950929598553
10.2,0.000458016494180149
10.246,0.000460082058761746
10.292,0.000462147623343343
10.338,0.00046421318792494
10.384,0.000466278752506537
10.43,0.000468344317088133
10.476,0.00047040988166973
10.522,0.000472475446251327
10.568,0.000474541010832923
10.614,0.00047660657541452
10.66,0.000478672139996117
10.706,0.000480737704577714
10.752,0.000482803269159311
10.798,0.000484868833740907
10.844,0.000486934398322504
10.89,0.000488999962904101
10.936,0.000491065527485698
10.982,0.000493131092067294
11.028,0.000495196656648891
11.074,0.000497262221230488
11.12,0.000499327785812084
11.166,0.000501393350393681
11.212,0.000503458914975278
11.258,0.000505524479556875
11.304,0.000507590044138472
11.35,0.000509655608720068
11.396,0.000511721173301665
11.442,0.000513786737883262
11.488,0.000515852302464859
11.534,0.000517917867046455
11.58,0.000519983431628052
11.626,0.000522048996209649
11.672,0.000524114560791246
11.718,0.000526180125372842
11.764,0.000528245689954439
11.81,0.000530311254536036
11.856,0.000532376819117633
11.902,0.000534442383699229
11.948,0.000536507948280826
11.994,0.000538573512862423
12.04,0.000540639077444019
12.086,0.000542704642025616
12.132,0.000544770206607213
12.178,0.00054683577118881
12.224,0.000548901335770407
12.27,0.000550966900352003
12.316,0.0005530324649336
12.362,0.000555098029515197
12.408,0.000557163594096794
12.454,0.00055922915867839
12.5,0.000561294723259987
12.546,0.000563360287841584
12.592,0.000565425852423181
12.638,0.000567491417004777
12.684,0.000569556981586374
12.73,0.000571622546167971
12.776,0.000573688110749568
12.822,0.000575753675331164
12.868,0.000577819239912761
12.914,0.000579884804494358
12.96,0.000581950369075955
13.006,0.000584015933657551
13.052,0.000586081498239148
13.098,0.000588147062820745
13.144,0.000590212627402342
13.19,0.000592278191983938
13.236,0.000594343756565535
13.282,0.000596409321147132
13.328,0.000598474885728729
13.374,0.000600540450310325
13.42,0.000602606014891922
13.466,0.000604671579473519
13.512,0.000606737144055116
13.558,0.000608802708636712
13.604,0.000610868273218309
13.65,0.000612933837799906
13.696,0.000614999402381503
13.742,0.000617064966963099
13.788,0.000619130531544696
13.834,0.000621196096126293
13.88,0.00062326166070789
13.926,0.000625327225289486
13.972,0.000627392789871083
14.018,0.00062945835445268
14.064,0.000631523919034277
14.11,0.000633589483615873
14.156,0.00063565504819747
14.202,0.000637720612779067
14.248,0.000639786177360664
14.294,0.00064185174194226
14.34,0.000643917306523857
14.386,0.000645982871105454
14.432,0.000648048435687051
14.478,0.000650114000268647
14.524,0.000652179564850244
14.57,0.000654245129431841
14.616,0.000656310694013438
14.662,0.000658376258595034
14.708,0.000660441823176631
14.754,0.000662507387758228
14.8,0.000664572952339825
14.846,0.000666638516921421
14.892,0.000668704081503018
14.938,0.000670769646084615
14.984,0.000672835210666212
15.03,0.000674900775247808
15.076,0.000676966339829405
15.122,0.000679031904411002
15.168,0.000681097468992599
15.214,0.000683163033574195
15.26,0.000685228598155792
15.306,0.000687294162737389
15.352,0.000689359727318986
15.398,0.000691425291900582
15.444,0.000693490856482179
15.49,0.000695556421063776
15.536,0.000697621985645373
15.582,0.000699687550226969
15.628,0.000701753114808566
15.674,0.000703818679390163
15.72,0.00070588424397176
15.766,0.000707949808553356
15.812,0.000710015373134953
15.858,0.00071208093771655
15.904,0.000714146502298147
15.95,0.000716212066879743
15.996,0.00071827763146134
16.042,0.000720343196042937
16.088,0.000722408760624534
16.134,0.00072447432520613
16.18,0.000726539889787727
16.226,0.000728605454369324
16.272,0.000730671018950921
16.318,0.000732736583532517
16.364,0.000734802148114114
16.41,0.000736867712695711
16.456,0.000738933277277308
16.502,0.000740998841858905
16.548,0.000743064406440501
16.594,0.000745129971022098
16.64,0.000747195535603695
16.686,0.000749261100185292
16.732,0.000751326664766888
16.778,0.000753392229348485
16.824,0.000755457793930082
16.87,0.000757523358511678
16.916,0.000759588923093275
16.962,0.000761654487674872
17.008,0.000763720052256469
17.054,0.000765785616838065
17.1,0.000767851181419662
17.146,0.000769916746001259
17.192,0.000771982310582856
17.238,0.000774047875164453
17.284,0.000776113439746049
17.33,0.000778179004327646
17.376,0.000780244568909243
17.422,0.00078231013349084
17.468,0.000784375698072436
17.514,0.000786441262654033
17.56,0.00078850682723563
17.606,0.000790572391817226
17.652,0.000792637956398823
17.698,0.00079470352098042
17.744,0.000796769085562017
17.79,0.000798834650143614
17.836,0.00080090021472521
17.882,0.000802965779306807
17.928,0.000805031343888404
17.974,0.000807096908470001
18.02,0.000809162473051597
18.066,0.000811228037633194
18.112,0.000813293602214791
18.158,0.000815359166796388
18.204,0.000817424731377984
18.25,0.000819490295959581
18.296,0.000821555860541178
18.342,0.000823621425122775
18.388,0.000825686989704371
18.434,0.000827752554285968
18.48,0.000829818118867565
18.526,0.000831883683449162
18.572,0.000833949248030758
18.618,0.000836014812612355
18.664,0.000838080377193952
18.71,0.000840145941775549
18.756,0.000842211506357145
18.802,0.000844277070938742
18.848,0.000846342635520339
18.894,0.000848408200101936
18.94,0.000850473764683532
18.986,0.000852539329265129
19.032,0.000854604893846726
19.078,0.000856670458428323
19.124,0.000858736023009919
19.17,0.000860801587591516
19.216,0.000862867152173113
19.262,0.00086493271675471
19.308,0.000866998281336306
19.354,0.000869063845917903
19.4,0.0008711294104995
19.446,0.000873194975081097
19.492,0.000875260539662693
19.538,0.00087732610424429
19.584,0.000879391668825887
19.63,0.000881457233407484
19.676,0.00088352279798908
19.722,0.000885588362570677
19.768,0.000887653927152274
19.814,0.000889719491733871
19.86,0.000891785056315467
19.906,0.000893850620897064
19.952,0.000895916185478661
19.998,0.000897981750060258
20.044,0.000900047314641855
20.09,0.000902112879223451
20.136,0.000904178443805048
20.182,0.000906244008386645
20.228,0.000908309572968241
20.274,0.000910375137549838
20.32,0.000912440702131435
20.366,0.000914506266713032
20.412,0.000916571831294628
20.458,0.000918637395876225
20.504,0.000920702960457822
20.55,0.000922768525039419
20.596,0.000924834089621015
20.642,0.000926899654202612
20.688,0.000928965218784209
20.734,0.000931030783365806
20.78,0.000933096347947403
20.826,0.000935161912528999
20.872,0.000937227477110596
20.918,0.000939293041692193
20.964,0.000941358606273789
21.01,0.000943424170855386
21.056,0.000945489735436983
21.102,0.00094755530001858
21.148,0.000949620864600176
21.194,0.000951686429181773
21.24,0.00095375199376337
21.286,0.000955817558344967
21.332,0.000957883122926564
21.378,0.00095994868750816
21.424,0.000962014252089757
21.47,0.000964079816671354
21.516,0.000966145381252951
21.562,0.000968210945834547
21.608,0.000970276510416144
21.654,0.000972342074997741
21.7,0.000974407639579338
21.746,0.000976473204160934
21.792,0.000978538768742531
21.838,0.000980604333324128
21.884,0.000982669897905725
21.93,0.000984735462487321
21.976,0.000986801027068918
22.022,0.000988866591650515
22.068,0.000990932156232112
22.114,0.000992997720813708
22.16,0.000995063285395305
22.206,0.000997128849976902
22.252,0.000999194414558499
22.298,0.0010012599791401
22.344,0.00100332554372169
22.39,0.00100539110830329
22.436,0.00100745667288489
22.482,0.00100952223746648
22.528,0.00101158780204808
22.574,0.00101365336662968
22.62,0.00101571893121127
22.666,0.00101778449579287
22.712,0.00101985006037447
22.758,0.00102191562495606
22.804,0.00102398118953766
22.85,0.00102604675411926
22.896,0.00102811231870085
22.942,0.00103017788328245
22.988,0.00103224344786405
23.034,0.00103430901244564
23.08,0.00103637457702724
23.126,0.00103844014160884
23.172,0.00104050570619043
23.218,0.00104257127077203
23.264,0.00104463683535363
23.31,0.00104670239993522
23.356,0.00104876796451682
23.402,0.00105083352909842
23.448,0.00105289909368001
23.494,0.00105496465826161
23.54,0.00105703022284321
23.586,0.0010590957874248
23.632,0.0010611613520064
23.678,0.001063226916588
23.724,0.00106529248116959
23.77,0.00106735804575119
23.816,0.00106942361033279
23.862,0.00107148917491438
23.908,0.00107355473949598
23.954,0.00107562030407758
24,0.00107768586865918
