"ResDensity","N_TraitValue"
0.5,0.029444706186849
0.699,0.034168054492215
0.898,0.0375191720295018
1.097,0.040020204076591
1.296,0.0419582062481563
1.495,0.0435040665700559
1.694,0.044765870770833
1.893,0.0458153249071075
2.092,0.0467018733148812
2.291,0.0474607155415521
2.49,0.0481175915539456
2.689,0.0486917594101021
2.888,0.049197914779546
3.087,0.0496474664801288
3.286,0.0500494067435163
3.485,0.0504109188804374
3.684,0.0507378103645095
3.883,0.0510348271772398
4.082,0.0513058857349874
4.281,0.0515542465530414
4.48,0.0517826460363447
4.679,0.0519933977209
4.878,0.0521884709201692
5.077,0.0523695524486786
5.276,0.0525380955240202
5.475,0.0526953588505513
5.674,0.0528424381101404
5.873,0.0529802915269522
6.072,0.0531097607677199
6.271,0.0532315881411285
6.47,0.0533464308389439
6.669,0.0534548727959597
6.868,0.0535574346206717
7.067,0.0536545819531571
7.266,0.0537467325332967
7.465,0.0538342622056855
7.664,0.0539175100432862
7.863,0.0539967827371086
8.062,0.0540723583717213
8.261,0.0541444896845628
8.46,0.0542134068895553
8.659,0.0542793201314929
8.858,0.0543424216263288
9.057,0.0544028875332795
9.256,0.0544608795971493
9.455,0.0545165465931175
9.654,0.0545700256011648
9.853,0.0546214431331214
10.052,0.0546709161318452
10.251,0.0547185528591431
10.45,0.0547644536866216
10.649,0.0548087118016296
10.848,0.054851413838739
11.047,0.05489264044577
11.246,0.0549324667921402
11.445,0.0549709630262815
11.644,0.0550081946879789
11.843,0.055044223080731
12.042,0.0550791056085828
12.241,0.0551128960813224
12.44,0.055145644991456
12.639,0.0551773997659588
12.838,0.0552082049954419
13.037,0.0552381026430648
13.236,0.05526713223525
13.435,0.0552953310360243
13.634,0.0553227342066029
13.833,0.0553493749516528
14.032,0.0553752846535166
14.231,0.0554004929955346
14.43,0.0554250280754878
14.629,0.0554489165100693
14.828,0.0554721835312042
15.027,0.055494853074949
15.226,0.0555169478636282
15.425,0.0555384894818033
15.624,0.0555594984466054
15.823,0.0555799942729143
16.022,0.0555999955338196
16.221,0.0556195199167571
16.42,0.055638584275677
16.619,0.0556572046795677
16.818,0.0556753964576289
17.017,0.0556931742413604
17.216,0.0557105520038094
17.415,0.0557275430961988
17.614,0.0557441602821368
17.813,0.0557604157695926
18.012,0.0557763212408066
18.211,0.0557918878802898
18.41,0.0558071264010511
18.609,0.0558220470691854
18.808,0.055836659726937
19.007,0.055850973814351
19.206,0.0558649983896096
19.405,0.0558787421481477
19.604,0.0558922134406312
19.803,0.0559054202898768
20.002,0.0559183704067844
20.201,0.0559310712053507
20.4,0.0559435298168223
20.599,0.0559557531030477
20.798,0.0559677476690802
20.997,0.0559795198750784
21.196,0.0559910758475526
21.395,0.0560024214899961
21.594,0.0560135624929414
21.793,0.0560245043434775
21.992,0.0560352523342607
22.191,0.0560458115720514
22.39,0.0560561869858044
22.589,0.0560663833343406
22.788,0.0560764052136252
22.987,0.0560862570636746
23.186,0.0560959431751158
23.385,0.0561054676954167
23.584,0.0561148346348074
23.783,0.0561240478719103
23.982,0.0561331111590945
24.181,0.0561420281275722
24.38,0.0561508022922488
24.579,0.0561594370563428
24.778,0.0561679357157869
24.977,0.0561763014634226
25.176,0.0561845373929996
25.375,0.0561926465029904
25.574,0.0562006317002303
25.773,0.056208495803391
25.972,0.0562162415462985
26.171,0.0562238715811012
26.37,0.0562313884812981
26.569,0.0562387947446325
26.768,0.0562460927958591
26.967,0.0562532849893908
27.166,0.0562603736118312
27.365,0.0562673608843984
27.564,0.0562742489652451
27.763,0.0562810399516817
27.962,0.0562877358823046
28.161,0.0562943387390375
28.36,0.0563008504490861
28.559,0.0563072728868144
28.758,0.0563136078755428
28.957,0.0563198571892745
29.156,0.0563260225543512
29.355,0.0563321056510432
29.554,0.0563381081150762
29.753,0.0563440315390979
29.952,0.0563498774740864
30.151,0.0563556474307042
30.35,0.0563613428806001
30.549,0.0563669652576601
30.748,0.0563725159592113
30.947,0.0563779963471792
31.146,0.0563834077492022
31.345,0.0563887514597037
31.544,0.0563940287409244
31.743,0.0563992408239162
31.942,0.0564043889094997
32.141,0.0564094741691864
32.34,0.0564144977460677
32.539,0.0564194607556714
32.738,0.0564243642867874
32.937,0.0564292094022642
33.136,0.056433997139777
33.335,0.0564387285125682
33.534,0.056443404510163
33.733,0.0564480260990583
33.932,0.0564525942233898
34.131,0.0564571098055742
34.33,0.0564615737469304
34.529,0.0564659869282796
34.728,0.0564703502105239
34.927,0.0564746644352073
35.126,0.0564789304250555
35.325,0.0564831489845003
35.524,0.0564873209001841
35.723,0.0564914469414498
35.922,0.0564955278608131
36.121,0.0564995643944207
36.32,0.0565035572624923
36.519,0.0565075071697497
36.718,0.0565114148058308
36.917,0.0565152808456914
37.116,0.0565191059499939
37.315,0.0565228907654834
37.514,0.0565266359253524
37.713,0.0565303420495939
37.912,0.0565340097453437
38.111,0.0565376396072117
38.31,0.0565412322176035
38.509,0.056544788147032
38.708,0.056548307954419
38.907,0.0565517921873885
39.106,0.0565552413825505
39.305,0.0565586560657767
39.504,0.0565620367524675
39.703,0.0565653839478116
39.902,0.0565686981470375
40.101,0.056571979835658
40.3,0.0565752294897068
40.499,0.0565784475759693
40.698,0.0565816345522058
40.897,0.0565847908673685
41.096,0.0565879169618125
41.295,0.0565910132675006
41.494,0.0565940802082022
41.693,0.0565971181996867
41.892,0.0566001276499114
42.091,0.056603108959204
42.29,0.0566060625204402
42.489,0.0566089887192166
42.688,0.056611887934018
42.887,0.0566147605363809
43.086,0.056617606891052
43.285,0.056620427356143
43.484,0.0566232222832804
43.683,0.0566259920177518
43.882,0.0566287368986481
44.081,0.0566314572590018
44.28,0.056634153425922
44.479,0.0566368257207249
44.678,0.0566394744590623
44.877,0.056642099951045
45.076,0.0566447025013647
45.275,0.0566472824094111
45.474,0.0566498399693872
45.673,0.056652375470421
45.872,0.0566548891966745
46.071,0.0566573814274497
46.27,0.0566598524372924
46.469,0.0566623024960925
46.668,0.0566647318691829
46.867,0.0566671408174346
47.066,0.0566695295973507
47.265,0.0566718984611571
47.464,0.0566742476568914
47.663,0.0566765774284893
47.862,0.0566788880158695
48.061,0.0566811796550153
48.26,0.0566834525780558
48.459,0.0566857070133437
48.658,0.0566879431855318
48.857,0.0566901613156479
49.056,0.0566923616211677
49.255,0.0566945443160853
49.454,0.0566967096109832
49.653,0.0566988577130998
49.852,0.0567009888263954
50.051,0.0567031031516168
50.25,0.0567052008863606
50.449,0.0567072822251345
50.648,0.0567093473594173
50.847,0.0567113964777179
51.046,0.0567134297656328
51.245,0.0567154474059016
51.444,0.056717449578462
51.643,0.0567194364605037
51.842,0.05672140822652
52.041,0.0567233650483593
52.24,0.0567253070952749
52.439,0.0567272345339739
52.638,0.0567291475286648
52.837,0.0567310462411042
53.036,0.0567329308306422
53.235,0.0567348014542673
53.434,0.0567366582666499
53.633,0.0567385014201847
53.832,0.0567403310650326
54.031,0.0567421473491614
54.23,0.056743950418386
54.429,0.0567457404164069
54.628,0.0567475174848486
54.827,0.0567492817632971
55.026,0.0567510333893364
55.225,0.056752772498584
55.424,0.0567544992247264
55.623,0.0567562136995528
55.822,0.0567579160529889
56.021,0.0567596064131298
56.22,0.0567612849062722
56.419,0.0567629516569454
56.618,0.0567646067879425
56.817,0.0567662504203505
57.016,0.0567678826735799
57.215,0.0567695036653932
57.414,0.0567711135119338
57.613,0.0567727123277533
57.812,0.0567743002258389
58.011,0.0567758773176399
58.21,0.0567774437130941
58.409,0.0567789995206526
58.608,0.0567805448473057
58.807,0.0567820797986068
59.006,0.0567836044786969
59.205,0.0567851189903276
59.404,0.0567866234348848
59.603,0.0567881179124108
59.802,0.056789602521627
60.001,0.0567910773599549
60.2,0.0567925425235383
60.399,0.0567939981072635
60.598,0.05679544420478
60.797,0.0567968809085208
60.996,0.0567983083097218
61.195,0.0567997264984411
61.394,0.0568011355635782
61.593,0.0568025355928926
61.792,0.0568039266730215
61.991,0.0568053088894984
62.19,0.0568066823267698
62.389,0.0568080470682135
62.588,0.0568094031961542
62.787,0.056810750791881
62.986,0.0568120899356634
63.185,0.0568134207067671
63.384,0.0568147431834695
63.583,0.0568160574430756
63.782,0.0568173635619324
63.981,0.0568186616154443
64.18,0.0568199516780871
64.379,0.0568212338234226
64.578,0.0568225081241123
64.777,0.0568237746519314
64.976,0.0568250334777821
65.175,0.0568262846717069
65.374,0.0568275283029015
65.573,0.0568287644397276
65.772,0.0568299931497256
65.971,0.0568312144996268
66.17,0.0568324285553651
66.369,0.0568336353820895
66.568,0.0568348350441753
66.767,0.0568360276052359
66.966,0.0568372131281336
67.165,0.056838391674991
67.364,0.0568395633072018
67.563,0.0568407280854413
67.762,0.056841886069677
67.961,0.0568430373191789
68.16,0.0568441818925296
68.359,0.0568453198476342
68.558,0.05684645124173
68.757,0.0568475761313962
68.956,0.0568486945725635
69.155,0.056849806620523
69.354,0.0568509123299356
69.553,0.0568520117548406
69.752,0.056853104948665
69.951,0.056854191964232
70.15,0.0568552728537691
70.349,0.0568563476689171
70.548,0.0568574164607377
70.747,0.0568584792797221
70.946,0.0568595361757986
71.145,0.0568605871983409
71.344,0.0568616323961749
71.543,0.0568626718175873
71.742,0.0568637055103324
71.941,0.0568647335216393
72.14,0.0568657558982197
72.339,0.0568667726862745
72.538,0.056867783931501
72.737,0.0568687896790993
72.936,0.0568697899737797
73.135,0.056870784859769
73.334,0.0568717743808167
73.533,0.0568727585802021
73.732,0.0568737375007399
73.931,0.0568747111847871
74.13,0.0568756796742485
74.329,0.056876643010583
74.528,0.0568776012348095
74.727,0.0568785543875127
74.926,0.056879502508849
75.125,0.0568804456385517
75.324,0.056881383815937
75.523,0.0568823170799092
75.722,0.0568832454689662
75.921,0.0568841690212048
76.12,0.0568850877743259
76.319,0.0568860017656394
76.518,0.0568869110320697
76.717,0.0568878156101602
76.916,0.0568887155360786
77.115,0.0568896108456215
77.314,0.056890501574219
77.513,0.0568913877569399
77.712,0.0568922694284957
77.911,0.0568931466232455
78.11,0.0568940193752003
78.309,0.0568948877180275
78.508,0.0568957516850552
78.707,0.0568966113092763
78.906,0.056897466623353
79.105,0.0568983176596209
79.304,0.0568991644500926
79.503,0.0569000070264623
79.702,0.0569008454201097
79.901,0.0569016796621033
80.1,0.056902509783205
80.299,0.0569033358138734
80.498,0.0569041577842676
80.697,0.0569049757242513
80.896,0.0569057896633955
81.095,0.0569065996309831
81.294,0.0569074056560116
81.493,0.0569082077671971
81.692,0.0569090059929775
81.891,0.0569098003615156
82.09,0.056910590900703
82.289,0.0569113776381629
82.488,0.0569121606012533
82.687,0.0569129398170707
82.886,0.0569137153124526
83.085,0.0569144871139807
83.284,0.0569152552479844
83.483,0.0569160197405432
83.682,0.0569167806174901
83.881,0.0569175379044142
84.08,0.0569182916266638
84.279,0.0569190418093491
84.478,0.0569197884773449
84.677,0.0569205316552935
84.876,0.0569212713676075
85.075,0.0569220076384722
85.274,0.0569227404918485
85.473,0.0569234699514753
85.672,0.0569241960408722
85.871,0.0569249187833419
86.07,0.0569256382019728
86.269,0.0569263543196414
86.468,0.0569270671590148
86.667,0.0569277767425531
86.866,0.0569284830925115
87.065,0.0569291862309429
87.264,0.0569298861797003
87.463,0.0569305829604387
87.662,0.0569312765946176
87.861,0.0569319671035029
88.06,0.0569326545081697
88.259,0.0569333388295038
88.458,0.0569340200882039
88.657,0.0569346983047841
88.856,0.0569353734995756
89.055,0.056936045692729
89.254,0.0569367149042157
89.453,0.0569373811538308
89.652,0.0569380444611944
89.851,0.0569387048457534
90.05,0.0569393623267842
90.249,0.0569400169233936
90.448,0.0569406686545216
90.647,0.0569413175389422
90.846,0.0569419635952662
91.045,0.0569426068419423
91.244,0.0569432472972591
91.443,0.0569438849793469
91.642,0.0569445199061793
91.841,0.0569451520955748
92.04,0.0569457815651988
92.239,0.0569464083325649
92.438,0.0569470324150366
92.637,0.056947653829829
92.836,0.0569482725940105
93.035,0.0569488887245039
93.234,0.0569495022380885
93.433,0.0569501131514013
93.632,0.0569507214809385
93.831,0.0569513272430571
94.03,0.0569519304539763
94.229,0.0569525311297791
94.428,0.0569531292864135
94.627,0.0569537249396939
94.826,0.0569543181053028
95.025,0.0569549087987918
95.224,0.0569554970355834
95.423,0.0569560828309718
95.622,0.0569566662001247
95.821,0.0569572471580843
96.02,0.0569578257197688
96.219,0.0569584018999735
96.418,0.0569589757133722
96.617,0.0569595471745185
96.816,0.0569601162978467
97.015,0.0569606830976733
97.214,0.0569612475881984
97.413,0.0569618097835062
97.612,0.056962369697567
97.811,0.0569629273442377
98.01,0.0569634827372632
98.209,0.0569640358902777
98.408,0.0569645868168056
98.607,0.0569651355302625
98.806,0.0569656820439565
99.005,0.0569662263710892
99.204,0.056966768524757
99.403,0.0569673085179515
99.602,0.0569678463635614
99.801,0.0569683820743727
100,0.0569689156630704
