"ResDensity","N_TraitValue"
25,0.00434939963668246
26.95,0.00436225039598822
28.9,0.00437342838454535
30.85,0.00438324025820239
32.8,0.00439192203365456
34.75,0.00439965832082654
36.7,0.00440659559623394
38.65,0.00441285156563616
40.6,0.00441852189730169
42.55,0.00442368514886847
44.5,0.00442840642899489
46.45,0.00443274015729798
48.4,0.0044367321714288
50.35,0.0044404213546248
52.3,0.00444384090640329
54.25,0.00444701934446383
56.2,0.00444998130187463
58.15,0.00445274816673617
60.1,0.00445533859947839
62.05,0.00445776895425739
64,0.00446005362457195
65.95,0.00446220532853599
67.9,0.00446423534575148
69.85,0.0044661537150984
71.8,0.00446796940076362
73.75,0.00446969043230386
75.7,0.00447132402336017
77.65,0.004472876672726
79.6,0.0044743542507553
81.55,0.00447576207353278
83.5,0.0044771049667819
85.45,0.00447838732112974
87.4,0.00447961314006246
89.35,0.00448078608167485
91.3,0.0044819094951313
93.25,0.00448298645260335
95.2,0.00448401977732553
97.15,0.00448501206830881
99.1,0.00448596572216728
101.05,0.00448688295244383
103,0.00448776580676302
104.95,0.00448861618209086
106.9,0.00448943583834082
108.85,0.00449022641053152
110.8,0.00449098941967275
112.75,0.00449172628253244
114.7,0.00449243832041643
116.65,0.00449312676707561
118.6,0.00449379277583991
120.55,0.00449443742606593
122.5,0.00449506172897406
124.45,0.00449566663294145
126.4,0.00449625302830918
128.35,0.00449682175175473
130.3,0.00449737359027506
132.25,0.00449790928482012
134.2,0.00449842953361203
136.15,0.00449893499518129
138.1,0.00449942629114761
140.05,0.00449990400877034
142,0.00450036870329011
143.95,0.00450082090008177
145.9,0.00450126109663571
147.85,0.00450168976438364
149.8,0.00450210735038277
151.75,0.00450251427887093
153.7,0.00450291095270429
155.65,0.00450329775468758
157.6,0.00450367504880632
159.55,0.00450404318136924
161.5,0.00450440248206849
163.45,0.00450475326496446
165.4,0.00450509582940135
167.35,0.00450543046085917
169.3,0.00450575743174718
171.25,0.0045060770021435
173.2,0.00450638942048504
175.15,0.00450669492421164
177.1,0.00450699374036787
179.05,0.00450728608616574
181,0.00450757216951134
182.95,0.00450785218949785
184.9,0.00450812633686765
186.85,0.00450839479444557
188.8,0.00450865773754553
190.75,0.00450891533435229
192.7,0.00450916774628022
194.65,0.00450941512831056
196.6,0.00450965762930876
198.55,0.0045098953923232
200.5,0.00451012855486659
202.45,0.00451035724918117
204.4,0.00451058160248881
206.35,0.00451080173722701
208.3,0.00451101777127172
210.25,0.00451122981814779
212.2,0.00451143798722793
214.15,0.00451164238392079
216.1,0.00451184310984895
218.05,0.00451204026301738
220,0.00451223393797303
221.95,0.00451242422595597
223.9,0.00451261121504273
225.85,0.00451279499028226
227.8,0.00451297563382486
229.75,0.00451315322504467
231.7,0.00451332784065593
233.65,0.0045134995548235
235.6,0.00451366843926787
237.55,0.00451383456336503
239.5,0.00451399799424153
241.45,0.0045141587968649
243.4,0.00451431703412972
245.35,0.00451447276693973
247.3,0.00451462605428588
249.25,0.00451477695332093
251.2,0.00451492551943045
253.15,0.00451507180630058
255.1,0.00451521586598277
257.05,0.00451535774895548
259,0.00451549750418317
260.95,0.00451563517917266
262.9,0.00451577082002693
264.85,0.00451590447149664
266.8,0.0045160361770293
268.75,0.00451616597881642
270.7,0.00451629391783851
272.65,0.00451642003390829
274.6,0.00451654436571192
276.55,0.00451666695084862
278.5,0.00451678782586855
280.45,0.00451690702630915
282.4,0.00451702458672998
284.35,0.00451714054074613
286.3,0.00451725492106025
288.25,0.00451736775949329
290.2,0.00451747908701406
292.15,0.00451758893376753
294.1,0.00451769732910203
296.05,0.00451780430159545
298,0.00451790987908029
299.95,0.00451801408866784
301.9,0.00451811695677141
303.85,0.00451821850912861
305.8,0.00451831877082282
307.75,0.00451841776630388
309.7,0.00451851551940794
311.65,0.0045186120533766
313.6,0.00451870739087534
315.55,0.00451880155401125
317.5,0.00451889456435011
319.45,0.00451898644293291
321.4,0.00451907721029165
323.35,0.00451916688646467
325.3,0.00451925549101141
327.25,0.0045193430430266
329.2,0.00451942956115401
331.15,0.00451951506359968
333.1,0.00451959956814465
335.05,0.00451968309215736
337,0.00451976565260549
338.95,0.00451984726606748
340.9,0.00451992794874362
342.85,0.00452000771646679
344.8,0.00452008658471276
346.75,0.00452016456861029
348.7,0.00452024168295071
350.65,0.00452031794219736
352.6,0.00452039336049456
354.55,0.0045204679516764
356.5,0.00452054172927517
358.45,0.0045206147065296
360.4,0.0045206868963927
362.35,0.00452075831153949
364.3,0.00452082896437437
366.25,0.00452089886703837
368.2,0.00452096803141601
370.15,0.00452103646914213
372.1,0.00452110419160835
374.05,0.00452117120996942
376,0.00452123753514934
377.95,0.00452130317784731
379.9,0.00452136814854344
381.85,0.00452143245750437
383.8,0.00452149611478869
385.75,0.00452155913025211
387.7,0.00452162151355264
389.65,0.00452168327415547
391.6,0.00452174442133775
393.55,0.00452180496419329
395.5,0.00452186491163699
397.45,0.00452192427240931
399.4,0.00452198305508042
401.35,0.00452204126805441
403.3,0.00452209891957323
405.25,0.00452215601772062
407.2,0.00452221257042588
409.15,0.00452226858546753
411.1,0.00452232407047689
413.05,0.00452237903294155
415,0.0045224334802087
416.95,0.00452248741948846
418.9,0.00452254085785702
420.85,0.00452259380225975
422.8,0.00452264625951423
424.75,0.00452269823631312
426.7,0.00452274973922708
428.65,0.00452280077470748
430.6,0.00452285134908912
432.55,0.00452290146859285
434.5,0.0045229511393281
436.45,0.00452300036729541
438.4,0.00452304915838879
440.35,0.00452309751839811
442.3,0.00452314545301139
444.25,0.004523192967817
446.2,0.00452324006830586
448.15,0.00452328675987355
450.1,0.00452333304782237
452.05,0.00452337893736333
454,0.00452342443361813
455.95,0.00452346954162106
457.9,0.00452351426632085
459.85,0.00452355861258248
461.8,0.00452360258518894
463.75,0.00452364618884298
465.7,0.00452368942816872
467.65,0.00452373230771338
469.6,0.00452377483194879
471.55,0.00452381700527298
473.5,0.0045238588320117
475.45,0.00452390031641988
477.4,0.0045239414626831
479.35,0.00452398227491897
481.3,0.00452402275717854
483.25,0.00452406291344757
485.2,0.00452410274764794
487.15,0.00452414226363882
489.1,0.00452418146521802
491.05,0.00452422035612311
493,0.00452425894003267
494.95,0.00452429722056744
496.9,0.00452433520129145
498.85,0.00452437288571309
500.8,0.00452441027728625
502.75,0.00452444737941133
504.7,0.00452448419543632
506.65,0.00452452072865773
508.6,0.00452455698232165
510.55,0.00452459295962468
512.5,0.00452462866371484
514.45,0.00452466409769255
516.4,0.00452469926461149
518.35,0.00452473416747947
520.3,0.00452476880925931
522.25,0.00452480319286967
524.2,0.00452483732118586
526.15,0.00452487119704066
528.1,0.0045249048232251
530.05,0.0045249382024892
532,0.00452497133754275
533.95,0.00452500423105603
535.9,0.00452503688566055
537.85,0.00452506930394971
539.8,0.00452510148847952
541.75,0.00452513344176925
543.7,0.00452516516630211
545.65,0.00452519666452589
547.6,0.00452522793885356
549.55,0.00452525899166392
551.5,0.00452528982530219
553.45,0.0045253204420806
555.4,0.00452535084427896
557.35,0.00452538103414525
559.3,0.00452541101389615
561.25,0.0045254407857176
563.2,0.00452547035176531
565.15,0.00452549971416531
567.1,0.00452552887501443
569.05,0.00452555783638081
571,0.00452558660030439
572.95,0.00452561516879742
574.9,0.00452564354384486
576.85,0.00452567172740489
578.8,0.00452569972140937
580.75,0.00452572752776424
582.7,0.00452575514834997
584.65,0.004525782585022
586.6,0.00452580983961115
588.55,0.00452583691392399
590.5,0.00452586380974331
592.45,0.00452589052882843
594.4,0.00452591707291565
596.35,0.0045259434437186
598.3,0.00452596964292859
600.25,0.00452599567221502
602.2,0.00452602153322567
604.15,0.00452604722758712
606.1,0.00452607275690502
608.05,0.00452609812276449
610,0.00452612332673039
611.95,0.00452614837034769
613.9,0.00452617325514174
615.85,0.00452619798261863
617.8,0.00452622255426545
619.75,0.0045262469715506
621.7,0.00452627123592412
623.65,0.00452629534881792
625.6,0.00452631931164609
627.55,0.00452634312580516
629.5,0.00452636679267443
631.45,0.00452639031361613
633.4,0.0045264136899758
635.35,0.00452643692308245
637.3,0.00452646001424887
639.25,0.00452648296477184
641.2,0.00452650577593242
643.15,0.00452652844899613
645.1,0.00452655098521323
647.05,0.00452657338581893
649,0.00452659565203362
650.95,0.00452661778506309
652.9,0.00452663978609873
654.85,0.0045266616563178
656.8,0.00452668339688357
658.75,0.00452670500894557
660.7,0.00452672649363978
662.65,0.00452674785208883
664.6,0.0045267690854022
666.55,0.00452679019467639
668.5,0.00452681118099515
670.45,0.00452683204542962
672.4,0.00452685278903855
674.35,0.00452687341286846
676.3,0.00452689391795382
678.25,0.00452691430531721
680.2,0.00452693457596951
682.15,0.00452695473091006
684.1,0.00452697477112683
686.05,0.00452699469759656
688,0.00452701451128494
689.95,0.00452703421314678
691.9,0.0045270538041261
693.85,0.00452707328515635
695.8,0.00452709265716054
697.75,0.00452711192105136
699.7,0.00452713107773135
701.65,0.00452715012809303
703.6,0.00452716907301903
705.55,0.00452718791338227
707.5,0.00452720665004601
709.45,0.00452722528386408
711.4,0.00452724381568094
713.35,0.00452726224633183
715.3,0.0045272805766429
717.25,0.00452729880743132
719.2,0.00452731693950544
721.15,0.00452733497366483
723.1,0.0045273529107005
725.05,0.00452737075139493
727,0.00452738849652222
728.95,0.00452740614684821
730.9,0.00452742370313058
732.85,0.00452744116611894
734.8,0.00452745853655496
736.75,0.0045274758151725
738.7,0.00452749300269763
740.65,0.00452751009984883
742.6,0.00452752710733701
744.55,0.00452754402586567
746.5,0.00452756085613095
748.45,0.00452757759882176
750.4,0.00452759425461985
752.35,0.00452761082419992
754.3,0.00452762730822969
756.25,0.00452764370737001
758.2,0.00452766002227494
760.15,0.00452767625359185
762.1,0.00452769240196147
764.05,0.00452770846801802
766,0.00452772445238926
767.95,0.00452774035569659
769.9,0.0045277561785551
771.85,0.0045277719215737
773.8,0.00452778758535516
775.75,0.00452780317049621
777.7,0.00452781867758757
779.65,0.00452783410721409
781.6,0.00452784945995478
783.55,0.0045278647363829
785.5,0.00452787993706602
787.45,0.00452789506256608
789.4,0.00452791011343951
791.35,0.00452792509023724
793.3,0.00452793999350478
795.25,0.00452795482378232
797.2,0.00452796958160477
799.15,0.00452798426750181
801.1,0.00452799888199797
803.05,0.00452801342561271
805,0.00452802789886045
806.95,0.00452804230225065
808.9,0.00452805663628785
810.85,0.00452807090147177
812.8,0.00452808509829732
814.75,0.00452809922725467
816.7,0.00452811328882934
818.65,0.00452812728350221
820.6,0.00452814121174961
822.55,0.00452815507404335
824.5,0.00452816887085078
826.45,0.00452818260263485
828.4,0.00452819626985415
830.35,0.00452820987296298
832.3,0.00452822341241138
834.25,0.00452823688864519
836.2,0.00452825030210608
838.15,0.00452826365323165
840.1,0.0045282769424554
842.05,0.00452829017020686
844,0.00452830333691157
845.95,0.00452831644299116
847.9,0.00452832948886338
849.85,0.00452834247494215
851.8,0.00452835540163762
853.75,0.00452836826935619
855.7,0.00452838107850054
857.65,0.00452839382946972
859.6,0.00452840652265915
861.55,0.00452841915846067
863.5,0.00452843173726261
865.45,0.00452844425944977
867.4,0.00452845672540352
869.35,0.00452846913550179
871.3,0.00452848149011916
873.25,0.00452849378962684
875.2,0.00452850603439275
877.15,0.00452851822478154
879.1,0.00452853036115463
881.05,0.00452854244387024
883,0.00452855447328344
884.95,0.00452856644974615
886.9,0.00452857837360722
888.85,0.00452859024521245
890.8,0.00452860206490458
892.75,0.00452861383302341
894.7,0.00452862554990572
896.65,0.00452863721588543
898.6,0.0045286488312935
900.55,0.00452866039645809
902.5,0.00452867191170447
904.45,0.00452868337735514
906.4,0.00452869479372982
908.35,0.00452870616114551
910.3,0.00452871747991645
912.25,0.00452872875035423
914.2,0.00452873997276778
916.15,0.0045287511474634
918.1,0.0045287622747448
920.05,0.00452877335491309
922,0.00452878438826686
923.95,0.00452879537510219
925.9,0.00452880631571264
927.85,0.00452881721038933
929.8,0.00452882805942092
931.75,0.00452883886309368
933.7,0.00452884962169147
935.65,0.0045288603354958
937.6,0.00452887100478583
939.55,0.00452888162983842
941.5,0.00452889221092811
943.45,0.00452890274832721
945.4,0.00452891324230577
947.35,0.0045289236931316
949.3,0.00452893410107035
951.25,0.00452894446638545
953.2,0.00452895478933822
955.15,0.00452896507018782
957.1,0.0045289753091913
959.05,0.00452898550660365
961,0.00452899566267776
962.95,0.00452900577766449
964.9,0.00452901585181266
966.85,0.00452902588536912
968.8,0.00452903587857869
970.75,0.00452904583168425
972.7,0.00452905574492674
974.65,0.00452906561854515
976.6,0.00452907545277659
978.55,0.00452908524785626
980.5,0.00452909500401751
982.45,0.00452910472149182
984.4,0.00452911440050885
986.35,0.00452912404129645
988.3,0.00452913364408066
990.25,0.00452914320908575
992.2,0.00452915273653422
994.15,0.00452916222664685
996.1,0.00452917167964267
998.05,0.004529181095739
1000,0.00452919047515148
