"ResDensity","N_TraitValue"
0.7812,7.44871533016711e-05
1.1305026,0.000107787032810353
1.4798052,0.00014108320287042
1.8291078,0.000174375664101661
2.1784104,0.000207664417123726
2.527713,0.000240949462556127
2.8770156,0.000274230801018236
3.2263182,0.000307508433129292
3.5756208,0.00034078235950839
3.9249234,0.000374052580774492
4.274226,0.00040731909754642
4.6235286,0.000440581910442857
4.9728312,0.000473841020082352
5.3221338,0.000507096427083313
5.6714364,0.000540348132064011
6.020739,0.00057359613564258
6.3700416,0.000606840438437016
6.7193442,0.000640081041065177
7.0686468,0.000673317944144785
7.4179494,0.000706551148293422
7.767252,0.000739780654128536
8.1165546,0.000773006462267434
8.4658572,0.000806228573327288
8.8151598,0.000839446987925132
9.1644624,0.000872661706677861
9.513765,0.000905872730202237
9.8630676,0.00093908005911488
10.2123702,0.000972283694032275
10.5616728,0.00100548363557077
10.9109754,0.00103867988434658
11.260278,0.00107187244097577
11.6095806,0.00110506130607428
11.9588832,0.00113824648025792
12.3081858,0.00117142796414233
12.6574884,0.00120460575834306
13.006791,0.00123777986347548
13.3560936,0.00127095028015486
13.7053962,0.00130411700899629
14.0546988,0.00133728005061477
14.4040014,0.00137043940562514
14.753304,0.0014035950746421
15.1026066,0.00143674705828021
15.4519092,0.00146989535715391
15.8012118,0.0015030399718775
16.1505144,0.00153618090306513
16.499817,0.00156931815133083
16.8491196,0.00160245171728848
17.1984222,0.00163558160155183
17.5477248,0.00166870780473449
17.8970274,0.00170183032744994
18.24633,0.00173494917031153
18.5956326,0.00176806433393244
18.9449352,0.00180117581892576
19.2942378,0.00183428362590441
19.6435404,0.00186738775548118
19.992843,0.00190048820826875
20.3421456,0.00193358498487962
20.6914482,0.00196667808592619
21.0407508,0.00199976751202071
21.3900534,0.00203285326377529
21.739356,0.00206593534180191
22.0886586,0.00209901374671242
22.4379612,0.00213208847911852
22.7872638,0.00216515953963179
23.1365664,0.00219822692886365
23.485869,0.00223129064742542
23.8351716,0.00226435069592825
24.1844742,0.00229740707498317
24.5337768,0.00233045978520108
24.8830794,0.00236350882719273
25.232382,0.00239655420156874
25.5816846,0.00242959590893961
25.9309872,0.00246263394991568
26.2802898,0.00249566832510716
26.6295924,0.00252869903512415
26.978895,0.00256172608057657
27.3281976,0.00259474946207425
27.6775002,0.00262776918022685
28.0268028,0.00266078523564391
28.3761054,0.00269379762893485
28.725408,0.00272680636070891
29.0747106,0.00275981143157525
29.4240132,0.00279281284214285
29.7733158,0.00282581059302059
30.1226184,0.00285880468481718
30.471921,0.00289179511814122
30.8212236,0.00292478189360117
31.1705262,0.00295776501180535
31.5198288,0.00299074447336195
31.8691314,0.00302372027887903
32.218434,0.0030566924289645
32.5677366,0.00308966092422614
32.9170392,0.0031226257652716
33.2663418,0.00315558695270841
33.6156444,0.00318854448714394
33.964947,0.00322149836918542
34.3142496,0.00325444859943999
34.6635522,0.0032873951785146
35.0128548,0.0033203381070161
35.3621574,0.00335327738555121
35.71146,0.00338621301472648
36.0607626,0.00341914499514837
36.4100652,0.00345207332742316
36.7593678,0.00348499801215704
37.1086704,0.00351791904995604
37.457973,0.00355083644142605
37.8072756,0.00358375018717285
38.1565782,0.00361666028780207
38.5058808,0.0036495667439192
38.8551834,0.00368246955612962
39.204486,0.00371536872503854
39.5537886,0.00374826425125107
39.9030912,0.00378115613537217
40.2523938,0.00381404437800667
40.6016964,0.00384692897975926
40.950999,0.0038798099412345
41.3003016,0.00391268726303682
41.6496042,0.00394556094577051
41.9989068,0.00397843099003973
42.3482094,0.00401129739644851
42.697512,0.00404416016560073
43.0468146,0.00407701929810016
43.3961172,0.00410987479455042
43.7454198,0.004142726655555
44.0947224,0.00417557488171726
44.444025,0.00420841947364042
44.7933276,0.00424126043192757
45.1426302,0.00427409775718166
45.4919328,0.00430693145000554
45.8412354,0.00433976151100187
46.190538,0.00437258794077322
46.5398406,0.00440541073992201
46.8891432,0.00443822990905054
47.2384458,0.00447104544876096
47.5877484,0.00450385735965529
47.937051,0.00453666564233542
48.2863536,0.00456947029740311
48.6356562,0.00460227132545999
48.9849588,0.00463506872710755
49.3342614,0.00466786250294714
49.683564,0.00470065265357999
50.0328666,0.0047334391796072
50.3821692,0.00476622208162972
50.7314718,0.00479900136024839
51.0807744,0.00483177701606388
51.430077,0.00486454904967678
51.7793796,0.00489731746168749
52.1286822,0.00493008225269633
52.4779848,0.00496284342330345
52.8272874,0.00499560097410889
53.17659,0.00502835490571254
53.5258926,0.00506110521871416
53.8751952,0.0050938519137134
54.2244978,0.00512659499130975
54.5738004,0.00515933445210257
54.923103,0.00519207029669112
55.2724056,0.00522480252567447
55.6217082,0.00525753113965162
55.9710108,0.0052902561392214
56.3203134,0.0053229775249825
56.669616,0.00535569529753352
57.0189186,0.00538840945747289
57.3682212,0.00542112000539891
57.7175238,0.00545382694190978
58.0668264,0.00548653026760352
58.416129,0.00551922998307807
58.7654316,0.00555192608893119
59.1147342,0.00558461858576054
59.4640368,0.00561730747416363
59.8133394,0.00564999275473785
60.162642,0.00568267442808046
60.5119446,0.00571535249478858
60.8612472,0.00574802695545919
61.2105498,0.00578069781068916
61.5598524,0.00581336506107521
61.909155,0.00584602870721395
62.2584576,0.00587868874970182
62.6077602,0.00591134518913516
62.9570628,0.00594399802611018
63.3063654,0.00597664726122294
63.655668,0.00600929289506938
64.0049706,0.00604193492824531
64.3542732,0.00607457336134639
64.7035758,0.00610720819496818
65.0528784,0.00613983942970609
65.402181,0.00617246706615539
65.7514836,0.00620509110491123
66.1007862,0.00623771154656864
66.4500888,0.00627032839172249
66.7993914,0.00630294164096755
67.148694,0.00633555129489844
67.4979966,0.00636815735410965
67.8472992,0.00640075981919555
68.1966018,0.00643335869075036
68.5459044,0.00646595396936819
68.895207,0.006498545655643
69.2445096,0.00653113375016863
69.5938122,0.00656371825353879
69.9431148,0.00659629916634707
70.2924174,0.00662887648918689
70.64172,0.00666145022265159
70.9910226,0.00669402036733433
71.3403252,0.00672658692382819
71.6896278,0.00675914989272607
72.0389304,0.00679170927462077
72.388233,0.00682426507010495
72.7375356,0.00685681727977115
73.0868382,0.00688936590421177
73.4361408,0.00692191094401907
73.7854434,0.00695445239978519
74.134746,0.00698699027210215
74.4840486,0.00701952456156182
74.8333512,0.00705205526875595
75.1826538,0.00708458239427616
75.5319564,0.00711710593871394
75.881259,0.00714962590266064
76.2305616,0.0071821422867075
76.5798642,0.00721465509144561
76.9291668,0.00724716431746594
77.2784694,0.00727966996535932
77.627772,0.00731217203571646
77.9770746,0.00734467052912794
78.3263772,0.00737716544618421
78.6756798,0.00740965678747558
79.0249824,0.00744214455359224
79.374285,0.00747462874512425
79.7235876,0.00750710936266154
80.0728902,0.0075395864067939
80.4221928,0.007572059878111
80.7714954,0.00760452977720238
81.120798,0.00763699610465744
81.4701006,0.00766945886106548
81.8194032,0.00770191804701563
82.1687058,0.00773437366309692
82.5180084,0.00776682570989823
82.867311,0.00779927418800834
83.2166136,0.00783171909801585
83.5659162,0.00786416044050929
83.9152188,0.00789659821607702
84.2645214,0.00792903242530729
84.613824,0.00796146306878821
84.9631266,0.00799389014710775
85.3124292,0.00802631366085379
85.6617318,0.00805873361061404
86.0110344,0.00809114999697609
86.360337,0.00812356282052743
86.7096396,0.00815597208185538
87.0589422,0.00818837778154716
87.4082448,0.00822077992018984
87.7575474,0.00825317849837037
88.10685,0.00828557351667559
88.4561526,0.00831796497569218
88.8054552,0.0083503528760067
89.1547578,0.00838273721820559
89.5040604,0.00841511800287516
89.853363,0.00844749523060159
90.2026656,0.00847986890197091
90.5519682,0.00851223901756907
90.9012708,0.00854460557798184
91.2505734,0.00857696858379489
91.599876,0.00860932803559375
91.9491786,0.00864168393396383
92.2984812,0.0086740362794904
92.6477838,0.00870638507275862
92.9970864,0.00873873031435351
93.346389,0.00877107200485994
93.6956916,0.0088034101448627
94.0449942,0.00883574473494641
94.3942968,0.00886807577569558
94.7435994,0.00890040326769459
95.092902,0.00893272721152769
95.4422046,0.00896504760777899
95.7915072,0.0089973644570325
96.1408098,0.00902967775987208
96.4901124,0.00906198751688146
96.839415,0.00909429372864426
97.1887176,0.00912659639574395
97.5380202,0.00915889551876389
97.8873228,0.0091911910982873
98.2366254,0.00922348313489728
98.585928,0.0092557716291768
98.9352306,0.0092880565817087
99.2845332,0.00932033799307569
99.6338358,0.00935261586386036
99.9831384,0.00938489019464516
100.332441,0.00941716098601243
100.6817436,0.00944942823854437
101.0310462,0.00948169195282306
101.3803488,0.00951395212943043
101.7296514,0.0095462087689483
102.078954,0.00957846187195838
102.4282566,0.00961071143904222
102.7775592,0.00964295747078127
103.1268618,0.00967519996775682
103.4761644,0.00970743893055006
103.825467,0.00973967435974205
104.1747696,0.00977190625591371
104.5240722,0.00980413461964585
104.8733748,0.00983635945151913
105.2226774,0.00986858075211409
105.57198,0.00990079852201117
105.9212826,0.00993301276179064
106.2705852,0.00996522347203267
106.6198878,0.0099974306533173
106.9691904,0.0100296343062244
107.318493,0.0100618344313339
107.6677956,0.0100940310292252
108.0170982,0.0101262241004781
108.3664008,0.0101584136456718
108.7157034,0.0101905996653856
109.065006,0.0102227821601988
109.4143086,0.0102549611306903
109.7636112,0.010287136577439
110.1129138,0.0103193085010236
110.4622164,0.0103514769020229
110.811519,0.0103836417810153
111.1608216,0.0104158031385792
111.5101242,0.0104479609752929
111.8594268,0.0104801152917345
112.2087294,0.010512266088482
112.558032,0.0105444133661133
112.9073346,0.0105765571252062
113.2566372,0.0106086973663383
113.6059398,0.010640834090087
113.9552424,0.0106729672970298
114.304545,0.0107050969877439
114.6538476,0.0107372231628064
115.0031502,0.0107693458227943
115.3524528,0.0108014649682846
115.7017554,0.0108335805998538
116.051058,0.0108656927180788
116.4003606,0.0108978013235358
116.7496632,0.0109299064168014
117.0989658,0.0109620079984517
117.4482684,0.0109941060690629
117.797571,0.0110262006292109
118.1468736,0.0110582916794716
118.4961762,0.0110903792204208
118.8454788,0.011122463252634
119.1947814,0.0111545437766867
119.544084,0.0111866207931544
119.8933866,0.0112186943026121
120.2426892,0.0112507643056351
120.5919918,0.0112828308027983
120.9412944,0.0113148937946765
121.290597,0.0113469532818446
121.6398996,0.011379009264877
121.9892022,0.0114110617443483
122.3385048,0.0114431107208328
122.6878074,0.0114751561949047
123.03711,0.0115071981671382
123.3864126,0.0115392366381073
123.7357152,0.0115712716083857
124.0850178,0.0116033030785472
124.4343204,0.0116353310491654
124.783623,0.0116673555208137
125.1329256,0.0116993764940656
125.4822282,0.0117313939694942
125.8315308,0.0117634079476726
126.1808334,0.0117954184291739
126.530136,0.0118274254145708
126.8794386,0.0118594289044361
127.2287412,0.0118914288993424
127.5780438,0.0119234253998621
127.9273464,0.0119554184065676
128.276649,0.0119874079200312
128.6259516,0.0120193939408248
128.9752542,0.0120513764695205
129.3245568,0.0120833555066902
129.6738594,0.0121153310529055
130.023162,0.0121473031087381
130.3724646,0.0121792716747594
130.7217672,0.0122112367515408
131.0710698,0.0122431983396535
131.4203724,0.0122751564396686
131.769675,0.0123071110521571
132.1189776,0.0123390621776898
132.4682802,0.0123710098168374
132.8175828,0.0124029539701706
133.1668854,0.0124348946382598
133.516188,0.0124668318216754
133.8654906,0.0124987655209875
134.2147932,0.0125306957367664
134.5640958,0.012562622469582
134.9133984,0.0125945457200041
135.262701,0.0126264654886025
135.6120036,0.0126583817759467
135.9613062,0.0126902945826063
136.3106088,0.0127222039091506
136.6599114,0.0127541097561489
137.009214,0.0127860121241702
137.3585166,0.0128179110137835
137.7078192,0.0128498064255578
138.0571218,0.0128816983600617
138.4064244,0.0129135868178638
138.755727,0.0129454717995326
139.1050296,0.0129773533056366
139.4543322,0.0130092313367438
139.8036348,0.0130411058934226
140.1529374,0.0130729769762408
140.50224,0.0131048445857663
140.8515426,0.0131367087225668
141.2008452,0.0131685693872101
141.5501478,0.0132004265802635
141.8994504,0.0132322803022945
142.248753,0.0132641305538703
142.5980556,0.013295977335558
142.9473582,0.0133278206479247
143.2966608,0.0133596604915372
143.6459634,0.0133914968669622
143.995266,0.0134233297747665
144.3445686,0.0134551592155165
144.6938712,0.0134869851897785
145.0431738,0.013518807698119
145.3924764,0.0135506267411039
145.741779,0.0135824423192994
146.0910816,0.0136142544332713
146.4403842,0.0136460630835853
146.7896868,0.0136778682708072
147.1389894,0.0137096699955024
147.488292,0.0137414682582364
147.8375946,0.0137732630595744
148.1868972,0.0138050544000817
148.5361998,0.0138368422803231
148.8855024,0.0138686267008636
149.234805,0.0139004076622681
149.5841076,0.0139321851651011
149.9334102,0.0139639592099272
150.2827128,0.0139957297973108
150.6320154,0.0140274969278163
150.981318,0.0140592606020078
151.3306206,0.0140910208204493
151.6799232,0.0141227775837047
152.0292258,0.0141545308923379
152.3785284,0.0141862807469126
152.727831,0.0142180271479923
153.0771336,0.0142497700961404
153.4264362,0.0142815095919202
153.7757388,0.014313245635895
154.1250414,0.0143449782286278
154.474344,0.0143767073706815
154.8236466,0.014408433062619
155.1729492,0.014440155305003
155.5222518,0.0144718740983961
155.8715544,0.0145035894433606
156.220857,0.014535301340459
156.5701596,0.0145670097902534
156.9194622,0.014598714793306
157.2687648,0.0146304163501786
157.6180674,0.0146621144614332
157.96737,0.0146938091276315
158.3166726,0.0147255003493351
158.6659752,0.0147571881271053
159.0152778,0.0147888724615037
159.3645804,0.0148205533530915
159.713883,0.0148522308024296
160.0631856,0.0148839048100793
160.4124882,0.0149155753766012
160.7617908,0.0149472425025561
161.1110934,0.0149789061885048
161.460396,0.0150105664350076
161.8096986,0.015042223242625
162.1590012,0.0150738766119172
162.5083038,0.0151055265434443
162.8576064,0.0151371730377664
163.206909,0.0151688160954434
163.5562116,0.015200455717035
163.9055142,0.0152320919031009
164.2548168,0.0152637246542006
164.6041194,0.0152953539708936
164.953422,0.015326979853739
165.3027246,0.0153586023032962
165.6520272,0.015390221320124
166.0013298,0.0154218369047815
166.3506324,0.0154534490578274
166.699935,0.0154850577798205
167.0492376,0.0155166630713192
167.3985402,0.0155482649328821
167.7478428,0.0155798633650673
168.0971454,0.0156114583684332
168.446448,0.0156430499435379
168.7957506,0.0156746380909391
169.1450532,0.0157062228111948
169.4943558,0.0157378041048628
169.8436584,0.0157693819725005
170.192961,0.0158009564146655
170.5422636,0.015832527431915
170.8915662,0.0158640950248064
171.2408688,0.0158956591938967
171.5901714,0.015927219939743
171.939474,0.015958777262902
172.2887766,0.0159903311639305
172.6380792,0.0160218816433852
172.9873818,0.0160534287018226
173.3366844,0.0160849723397989
173.685987,0.0161165125578706
174.0352896,0.0161480493565936
174.3845922,0.0161795827365242
174.7338948,0.016211112698218
175.0831974,0.016242639242231
175.4325,0.0162741623691188
