"ResDensity","N_TraitValue"
5,0.0778492593445379
5.23,0.0799673567050211
5.46,0.0820106902403126
5.69,0.0839831497787402
5.92,0.0858883599075418
6.15,0.0877297022018758
6.38,0.0895103352551528
6.61,0.0912332127602923
6.84,0.0929010998596383
7.07,0.0945165879539099
7.3,0.0960821081370043
7.53,0.0975999434031494
7.76,0.0990722397553201
7.99,0.100501016328589
8.22,0.101888174628838
8.45,0.103235506975734
8.68,0.104544704228779
8.91,0.10581736286649
9.14,0.107054991481003
9.37,0.108259016743674
9.6,0.109430788891255
9.83,0.11057158677702
10.06,0.111682622526549
10.29,0.112765045833818
10.52,0.113819947929591
10.75,0.114848365250919
10.98,0.115851282837684
11.21,0.116829637479584
11.44,0.117784320634685
11.67,0.118716181138668
11.9,0.119626027722068
12.13,0.120514631351195
12.36,0.121382727406981
12.59,0.122231017714692
12.82,0.12306017243629
13.05,0.123870831836154
13.28,0.124663607929946
13.51,0.125439086025546
13.74,0.126197826164204
13.97,0.126940364469379
14.2,0.127667214410075
14.43,0.128378867984939
14.66,0.129075796832868
14.89,0.129758453275371
15.12,0.130427271295551
15.35,0.131082667458142
15.58,0.131725041774708
15.81,0.13235477851778
16.04,0.132972246987408
16.27,0.133577802233346
16.5,0.134171785735839
16.73,0.134754526047739
16.96,0.135326339400519
17.19,0.135887530276496
17.42,0.136438391949466
17.65,0.136979206995759
17.88,0.137510247777582
18.11,0.138031776900389
18.34,0.138544047645899
18.57,0.139047304382245
18.8,0.139541782952674
19.03,0.14002771104407
19.26,0.140505308536533
19.49,0.140974787835128
19.72,0.141436354184855
19.95,0.141890205969836
20.18,0.142336534997614
20.41,0.142775526769441
20.64,0.143207360737333
20.87,0.143632210548666
21.1,0.144050244278988
21.33,0.144461624653725
21.56,0.144866509259372
21.79,0.145265050744774
22.02,0.145657397013005
22.25,0.146043691404379
22.48,0.14642407287105
22.71,0.146798676143663
22.94,0.147167631890457
23.17,0.147531066869234
23.4,0.147889104072556
23.63,0.148241862866519
23.86,0.148589459123431
24.09,0.148932005348713
24.32,0.149269610802304
24.55,0.149602381614854
24.78,0.149930420898961
25.01,0.150253828855689
25.24,0.150572702876618
25.47,0.150887137641621
25.7,0.151197225212593
25.93,0.151503055123316
26.16,0.151804714465646
26.39,0.152102287972204
26.62,0.15239585809572
26.85,0.152685505085208
27.08,0.152971307059093
27.31,0.153253340075462
27.54,0.153531678199536
27.77,0.153806393568522
28,0.154077556453941
28.23,0.154345235321557
28.46,0.154609496889009
28.69,0.154870406181248
28.92,0.155128026583886
29.15,0.155382419894527
29.38,0.155633646372193
29.61,0.155881764784909
29.84,0.156126832455533
30.07,0.156368905305912
30.3,0.156608037899418
30.53,0.156844283481953
30.76,0.157077694021476
30.99,0.157308320246109
31.22,0.157536211680898
31.45,0.157761416683263
31.68,0.157983982477213
31.91,0.158203955186353
32.14,0.158421379865752
32.37,0.15863630053271
32.6,0.158848760196464
32.83,0.159058800886884
33.06,0.159266463682186
33.29,0.159471788735723
33.52,0.15967481530186
33.75,0.159875581761
33.98,0.160074125643767
34.21,0.160270483654399
34.44,0.160464691693363
34.67,0.160656784879244
34.9,0.160846797569912
35.13,0.161034763383008
35.36,0.161220715215773
35.59,0.161404685264244
35.82,0.161586705041833
36.05,0.16176680539733
36.28,0.161945016532325
36.51,0.162121368018098
36.74,0.162295888811972
36.97,0.162468607273169
37.2,0.162639551178169
37.43,0.162808747735603
37.66,0.16297622360069
37.89,0.163142004889238
38.12,0.163306117191216
38.35,0.163468585583927
38.58,0.163629434644777
38.81,0.163788688463677
39.04,0.163946370655062
39.27,0.164102504369571
39.5,0.164257112305373
39.73,0.16441021671917
39.96,0.164561839436878
40.19,0.164712001863998
40.42,0.164860724995692
40.65,0.165008029426566
40.88,0.165153935360179
41.11,0.165298462618281
41.34,0.165441630649789
41.57,0.165583458539512
41.8,0.165723965016632
42.03,0.16586316846295
42.26,0.166001086920899
42.49,0.166137738101346
42.72,0.166273139391169
42.95,0.166407307860633
43.18,0.166540260270564
43.41,0.16667201307933
43.64,0.166802582449632
43.87,0.166931984255114
44.1,0.167060234086795
44.33,0.167187347259334
44.56,0.167313338817123
44.79,0.167438223540226
45.02,0.167562015950156
45.25,0.167684730315505
45.48,0.167806380657427
45.71,0.167926980754979
45.94,0.168046544150322
46.17,0.168165084153791
46.4,0.168282613848837
46.63,0.168399146096837
46.86,0.168514693541786
47.09,0.168629268614875
47.32,0.168742883538943
47.55,0.168855550332829
47.78,0.168967280815608
48.01,0.169078086610722
48.24,0.169187979150018
48.47,0.16929696967767
48.7,0.169405069254022
48.93,0.169512288759326
49.16,0.169618638897395
49.39,0.169724130199161
49.62,0.169828773026156
49.85,0.169932577573901
50.08,0.17003555387522
50.31,0.170137711803469
50.54,0.170239061075698
50.77,0.170339611255724
51,0.170439371757146
51.23,0.170538351846281
51.46,0.17063656064503
51.69,0.170734007133686
51.92,0.170830700153667
52.15,0.170926648410192
52.38,0.171021860474893
52.61,0.171116344788367
52.84,0.171210109662673
53.07,0.171303163283767
53.3,0.171395513713885
53.53,0.171487168893871
53.76,0.171578136645456
53.99,0.171668424673478
54.22,0.171758040568063
54.45,0.171846991806747
54.68,0.171935285756561
54.91,0.172022929676059
55.14,0.172109930717312
55.37,0.172196295927852
55.6,0.172282032252576
55.83,0.172367146535603
56.06,0.172451645522102
56.29,0.172535535860071
56.52,0.172618824102077
56.75,0.172701516706968
56.98,0.172783620041541
57.21,0.172865140382172
57.44,0.172946083916422
57.67,0.173026456744596
57.9,0.17310626488128
58.13,0.173185514256841
58.36,0.173264210718894
58.59,0.173342360033741
58.82,0.173419967887782
59.05,0.173497039888889
59.28,0.173573581567763
59.51,0.173649598379253
59.74,0.17372509570365
59.97,0.173800078847964
60.2,0.173874553047159
60.43,0.173948523465377
60.66,0.174021995197129
60.89,0.174094973268466
61.12,0.174167462638124
61.35,0.174239468198649
61.58,0.174310994777494
61.81,0.174382047138103
62.04,0.174452629980965
62.27,0.17452274794465
62.5,0.174592405606828
62.73,0.174661607485263
62.96,0.174730358038792
63.19,0.174798661668281
63.42,0.174866522717562
63.65,0.174933945474358
63.88,0.175000934171185
64.11,0.175067492986236
64.34,0.17513362604425
64.57,0.175199337417365
64.8,0.175264631125956
65.03,0.175329511139448
65.26,0.17539398137713
65.49,0.175458045708936
65.72,0.175521707956222
65.95,0.175584971892529
66.18,0.175647841244325
66.41,0.175710319691737
66.64,0.175772410869269
66.87,0.17583411836651
67.1,0.175895445728823
67.33,0.175956396458021
67.56,0.176016974013041
67.79,0.176077181810592
68.02,0.1761370232258
68.25,0.176196501592839
68.48,0.176255620205549
68.71,0.176314382318044
68.94,0.176372791145311
69.17,0.176430849863794
69.4,0.176488561611971
69.63,0.176545929490921
69.86,0.176602956564875
70.09,0.176659645861767
70.32,0.176716000373767
70.55,0.176772023057806
70.78,0.176827716836097
71.01,0.176883084596642
71.24,0.176938129193727
71.47,0.176992853448419
71.7,0.177047260149043
71.93,0.177101352051659
72.16,0.177155131880524
72.39,0.177208602328552
72.62,0.177261766057764
72.85,0.177314625699726
73.08,0.177367183855987
73.31,0.177419443098504
73.54,0.177471405970063
73.77,0.177523074984689
74,0.177574452628053
74.23,0.177625541357872
74.46,0.177676343604298
74.69,0.177726861770306
74.92,0.177777098232069
75.15,0.177827055339336
75.38,0.177876735415794
75.61,0.17792614075943
75.84,0.177975273642887
76.07,0.178024136313808
76.3,0.178072730995182
76.53,0.178121059885681
76.76,0.178169125159992
76.99,0.178216928969141
77.22,0.178264473440815
77.45,0.17831176067968
77.68,0.178358792767686
77.91,0.17840557176438
78.14,0.178452099707198
78.37,0.178498378611771
78.6,0.178544410472205
78.83,0.178590197261377
79.06,0.17863574093121
79.29,0.178681043412956
79.52,0.178726106617463
79.75,0.17877093243545
79.98,0.178815522737766
80.21,0.178859879375652
80.44,0.178904004181001
80.67,0.178947898966605
80.9,0.178991565526403
81.13,0.179035005635732
81.36,0.179078221051559
81.59,0.179121213512726
81.82,0.179163984740176
82.05,0.179206536437187
82.28,0.179248870289599
82.51,0.179290987966031
82.74,0.179332891118108
82.97,0.179374581380669
83.2,0.179416060371985
83.43,0.179457329693969
83.66,0.179498390932376
83.89,0.179539245657013
84.12,0.179579895421935
84.35,0.179620341765644
84.58,0.179660586211282
84.81,0.179700630266823
85.04,0.17974047542526
85.27,0.179780123164792
85.5,0.179819574949006
85.73,0.179858832227058
85.96,0.17989789643385
86.19,0.179936768990202
86.42,0.179975451303032
86.65,0.180013944765515
86.88,0.18005225075726
87.11,0.180090370644469
87.34,0.180128305780101
87.57,0.180166057504033
87.8,0.180203627143217
88.03,0.180241016011834
88.26,0.18027822541145
88.49,0.180315256631166
88.72,0.180352110947765
88.95,0.180388789625863
89.18,0.180425293918048
89.41,0.180461625065027
89.64,0.180497784295765
89.87,0.180533772827624
90.1,0.180569591866499
90.33,0.180605242606954
90.56,0.180640726232352
90.79,0.180676043914988
91.02,0.18071119681622
91.25,0.180746186086592
91.48,0.180781012865962
91.71,0.180815678283627
91.94,0.180850183458441
92.17,0.180884529498941
92.4,0.180918717503459
92.63,0.180952748560246
92.86,0.180986623747582
93.09,0.181020344133893
93.32,0.181053910777863
93.55,0.181087324728543
93.78,0.181120587025461
94.01,0.181153698698733
94.24,0.181186660769163
94.47,0.181219474248354
94.7,0.181252140138809
94.93,0.181284659434032
95.16,0.181317033118629
95.39,0.181349262168412
95.62,0.181381347550489
95.85,0.181413290223367
96.08,0.181445091137046
96.31,0.18147675123311
96.54,0.181508271444826
96.77,0.181539652697231
97,0.181570895907221
97.23,0.181602001983647
97.46,0.181632971827398
97.69,0.181663806331488
97.92,0.181694506381143
98.15,0.181725072853888
98.38,0.181755506619625
98.61,0.181785808540722
98.84,0.181815979472089
99.07,0.181846020261262
99.3,0.181875931748481
99.53,0.181905714766766
99.76,0.181935370142001
99.99,0.181964898693003
100.22,0.1819943012316
100.45,0.182023578562709
100.68,0.182052731484403
100.91,0.182081760787988
101.14,0.182110667258074
101.37,0.182139451672645
101.6,0.182168114803128
101.83,0.182196657414463
102.06,0.182225080265171
102.29,0.182253384107422
102.52,0.182281569687098
102.75,0.182309637743864
102.98,0.182337589011228
103.21,0.182365424216606
103.44,0.182393144081386
103.67,0.18242074932099
103.9,0.182448240644936
104.13,0.182475618756899
104.36,0.182502884354767
104.59,0.182530038130707
104.82,0.182557080771219
105.05,0.182584012957194
105.28,0.182610835363975
105.51,0.182637548661408
105.74,0.1826641535139
105.97,0.182690650580478
106.2,0.182717040514836
106.43,0.182743323965395
106.66,0.182769501575353
106.89,0.182795573982738
107.12,0.18282154182046
107.35,0.182847405716363
107.58,0.182873166293275
107.81,0.182898824169057
108.04,0.182924379956654
108.27,0.182949834264141
108.5,0.182975187694778
108.73,0.183000440847048
108.96,0.183025594314711
109.19,0.183050648686849
109.42,0.183075604547913
109.65,0.183100462477763
109.88,0.18312522305172
110.11,0.183149886840607
110.34,0.183174454410793
110.57,0.183198926324235
110.8,0.183223303138526
111.03,0.183247585406929
111.26,0.183271773678428
111.49,0.183295868497762
111.72,0.183319870405471
111.95,0.183343779937932
112.18,0.183367597627403
112.41,0.183391324002061
112.64,0.18341495958604
112.87,0.183438504899469
113.1,0.183461960458514
113.33,0.183485326775412
113.56,0.183508604358511
113.79,0.183531793712302
114.02,0.183554895337463
114.25,0.183577909730887
114.48,0.183600837385726
114.71,0.183623678791417
114.94,0.183646434433725
115.17,0.183669104794773
115.4,0.183691690353076
115.63,0.183714191583576
115.86,0.183736608957678
116.09,0.183758942943275
116.32,0.18378119400479
116.55,0.1838033626032
116.78,0.183825449196075
117.01,0.183847454237603
117.24,0.183869378178625
117.47,0.183891221466667
117.7,0.183912984545965
117.93,0.183934667857501
118.16,0.18395627183903
118.39,0.183977796925108
118.62,0.183999243547124
118.85,0.184020612133329
119.08,0.184041903108861
119.31,0.184063116895776
119.54,0.184084253913076
119.77,0.184105314576736
120,0.18412629929973
