"ResDensity","N_TraitValue"
25,0.00337496185238976
26.95,0.00361896709194205
28.9,0.0038604049167695
30.85,0.00409931563617947
32.8,0.00433573872004553
34.75,0.0045697128205456
36.7,0.00480127579322803
38.65,0.00503046471742983
40.6,0.00525731591606999
42.55,0.00548186497484025
44.5,0.00570414676081462
46.45,0.00592419544049795
48.4,0.00614204449733326
50.35,0.00635772674868671
52.3,0.00657127436232826
54.25,0.00678271887242536
56.2,0.00699209119506645
58.15,0.0071994216433303
60.1,0.00740473994191657
62.05,0.00760807524135246
64,0.00780945613178978
65.95,0.00800891065640596
67.9,0.00820646632442242
69.85,0.00840215012375282
71.8,0.00859598853329352
73.75,0.00878800753486792
75.7,0.00897823262483608
77.65,0.00916668882538042
79.6,0.00935340069547805
81.55,0.00953839234156989
83.5,0.00972168742793615
85.45,0.00990330918678773
87.4,0.0100832804280825
89.35,0.010261623549075
91.3,0.0104383605436085
93.25,0.0106135130111568
95.2,0.0107871021656239
97.15,0.0109591488439095
99.1,0.0111296735142466
101.05,0.0112986962843194
103,0.0114662369091671
104.95,0.0116323147988812
106.9,0.0117969490261015
108.85,0.0119601583333179
110.8,0.0121219611399834
112.75,0.0122823755494437
114.7,0.0124414193556896
116.65,0.0125991100499364
118.6,0.012755464827037
120.55,0.012910500591732
122.5,0.0130642339647422
124.45,0.013216681288709
126.4,0.0133678586339855
128.35,0.0135177818042837
130.3,0.0136664663421821
132.25,0.0138139275344971
134.2,0.0139601804175221
136.15,0.0141052397821385
138.1,0.0142491201788026
140.05,0.0143918359224106
142,0.0145334010970464
143.95,0.0146738295606148
145.9,0.014813134949364
147.85,0.0149513306822992
149.8,0.0150884299654922
151.75,0.0152244457962875
153.7,0.0153593909674109
155.65,0.0154932780709792
157.6,0.0156261195024181
159.55,0.0157579274642873
161.5,0.0158887139700169
163.45,0.0160184908475579
165.4,0.0161472697429476
167.35,0.0162750621237938
169.3,0.0164018792826788
171.25,0.0165277323404858
173.2,0.0166526322496499
175.15,0.0167765897973355
177.1,0.0168996156085418
179.05,0.0170217201491388
181,0.0171429137288353
182.95,0.0172632065040807
184.9,0.0173826084809021
186.85,0.0175011295176791
188.8,0.0176187793278569
190.75,0.0177355674826
192.7,0.0178515034133882
194.65,0.0179665964145552
196.6,0.0180808556457723
198.55,0.018194290134479
200.5,0.0183069087782601
202.45,0.0184187203471724
204.4,0.0185297334860214
206.35,0.0186399567165891
208.3,0.018749398439815
210.25,0.0188580669379302
212.2,0.0189659703765471
214.15,0.0190731168067043
216.1,0.0191795141668697
218.05,0.0192851702849006
220,0.0193900928799638
221.95,0.0194942895644153
223.9,0.0195977678456419
225.85,0.0197005351278635
227.8,0.0198025987138997
229.75,0.0199039658068999
231.7,0.0200046435120374
233.65,0.0201046388381698
235.6,0.0202039586994657
237.55,0.020302609916998
239.5,0.0204005992203059
241.45,0.0204979332489249
243.4,0.0205946185538865
245.35,0.0206906615991879
247.3,0.0207860687632331
249.25,0.020880846340244
251.2,0.0209750005416458
253.15,0.0210685374974229
255.1,0.0211614632574499
257.05,0.0212537837927959
259,0.0213455049970034
260.95,0.0214366326873423
262.9,0.0215271726060403
264.85,0.0216171304214884
266.8,0.0217065117294244
268.75,0.021795322054093
270.7,0.021883566849384
272.65,0.0219712514999485
274.6,0.0220583813222947
276.55,0.0221449615658618
278.5,0.0222309974140751
280.45,0.0223164939853794
282.4,0.0224014563342552
284.35,0.0224858894522138
286.3,0.0225697982687755
288.25,0.0226531876524287
290.2,0.0227360624115716
292.15,0.0228184272954362
294.1,0.0229002869949961
296.05,0.0229816461438566
298,0.023062509319129
299.95,0.0231428810422893
301.9,0.0232227657800207
303.85,0.0233021679450412
305.8,0.023381091896916
307.75,0.0234595419428556
309.7,0.0235375223384993
311.65,0.0236150372886846
313.6,0.0236920909482032
315.55,0.0237686874225432
317.5,0.0238448307686183
319.45,0.0239205249954842
321.4,0.0239957740650421
323.35,0.02407058189273
325.3,0.0241449523482017
327.25,0.0242188892559943
329.2,0.0242923963961837
331.15,0.0243654775050288
333.1,0.0244381362756045
335.05,0.0245103763584239
337,0.0245822013620495
338.95,0.0246536148536946
340.9,0.0247246203598132
342.85,0.0247952213666808
344.8,0.024865421320965
346.75,0.0249352236302864
348.7,0.02500463166377
350.65,0.0250736487525872
352.6,0.0251422781904886
354.55,0.0252105232343283
356.5,0.0252783871045791
358.45,0.0253458729858386
360.4,0.025412984027328
362.35,0.0254797233433814
364.3,0.0255460940139282
366.25,0.0256120990849661
368.2,0.0256777415690279
370.15,0.0257430244456393
372.1,0.0258079506617697
374.05,0.025872523132276
376,0.0259367447403387
377.95,0.0260006183378907
379.9,0.02606414674604
381.85,0.0261273327554848
383.8,0.0261901791269217
385.75,0.0262526885914488
387.7,0.0263148638509603
389.65,0.0263767075785364
391.6,0.0264382224188262
393.55,0.0264994109884247
395.5,0.0265602758762437
397.45,0.0266208196438774
399.4,0.026681044825961
401.35,0.0267409539305251
403.3,0.0268005494393436
405.25,0.0268598338082762
407.2,0.0269188094676062
409.15,0.0269774788223723
411.1,0.0270358442526954
413.05,0.0270939081141008
415,0.0271516727378352
416.95,0.0272091404311779
418.9,0.027266313477749
420.85,0.0273231941378114
422.8,0.0273797846485685
424.75,0.0274360872244579
426.7,0.0274921040574401
428.65,0.0275478373172828
430.6,0.0276032891518414
432.55,0.0276584616873345
434.5,0.0277133570286161
436.45,0.0277679772594428
438.4,0.0278223244427381
440.35,0.0278764006208514
442.3,0.0279302078158142
444.25,0.0279837480295925
446.2,0.0280370232443342
448.15,0.0280900354226146
450.1,0.0281427865076768
452.05,0.0281952784236695
454,0.0282475130758808
455.95,0.0282994923509687
457.9,0.0283512181171884
459.85,0.028402692224616
461.8,0.028453916505369
463.75,0.028504892773824
465.7,0.0285556228268307
467.65,0.0286061084439228
469.6,0.0286563513875265
471.55,0.0287063534031656
473.5,0.0287561162196631
475.45,0.028805641549341
477.4,0.0288549310882167
479.35,0.028903986516196
481.3,0.0289528094972647
483.25,0.0290014016796765
485.2,0.029049764696138
487.15,0.0290979001639925
489.1,0.0291458096853995
491.05,0.0291934948475127
493,0.0292409572226555
494.95,0.0292881983684934
496.9,0.0293352198282048
498.85,0.0293820231306488
500.8,0.0294286097905311
502.75,0.029474981308567
504.7,0.0295211391716431
506.65,0.0295670848529758
508.6,0.0296128198122683
510.55,0.029658345495865
512.5,0.0297036633369039
514.45,0.0297487747554674
516.4,0.0297936811587302
518.35,0.0298383839411059
520.3,0.029882884484391
522.25,0.0299271841579078
524.2,0.0299712843186443
526.15,0.030015186311393
528.1,0.0300588914688879
530.05,0.0301024011119386
532,0.0301457165495643
533.95,0.0301888390791243
535.9,0.0302317699864479
537.85,0.0302745105459622
539.8,0.030317062020818
541.75,0.0303594256630145
543.7,0.030401602713522
545.65,0.030443594402403
547.6,0.0304854019489318
549.55,0.0305270265617126
551.5,0.0305684694387959
553.45,0.0306097317677935
555.4,0.0306508147259919
557.35,0.0306917194804641
559.3,0.0307324471881806
561.25,0.0307729989961179
563.2,0.0308133760413666
565.15,0.0308535794512375
567.1,0.0308936103433664
569.05,0.030933469825818
571,0.0309731589971879
572.95,0.0310126789467036
574.9,0.031052030754324
576.85,0.0310912154908381
578.8,0.0311302342179618
580.75,0.0311690879884338
582.7,0.0312077778461107
584.65,0.0312463048260601
586.6,0.0312846699546527
588.55,0.0313228742496541
590.5,0.0313609187203142
592.45,0.0313988043674565
594.4,0.0314365321835655
596.35,0.0314741031528736
598.3,0.0315115182514466
600.25,0.0315487784472683
602.2,0.031585884700324
604.15,0.0316228379626826
606.1,0.0316596391785787
608.05,0.0316962892844923
610,0.0317327892092287
611.95,0.0317691398739969
613.9,0.031805342192487
615.85,0.0318413970709466
617.8,0.0318773054082568
619.75,0.0319130680960068
621.7,0.0319486860185673
623.65,0.031984160053164
625.6,0.0320194910699491
627.55,0.0320546799320729
629.5,0.0320897274957535
631.45,0.032124634610347
633.4,0.0321594021184155
635.35,0.0321940308557952
637.3,0.0322285216516632
639.25,0.0322628753286038
641.2,0.032297092702674
643.15,0.0323311745834678
645.1,0.0323651217741804
647.05,0.032398935071671
649,0.0324326152665253
650.95,0.0324661631431173
652.9,0.0324995794796698
654.85,0.0325328650483148
656.8,0.032566020615153
658.75,0.0325990469403124
660.7,0.0326319447780068
662.65,0.0326647148765924
664.6,0.0326973579786257
666.55,0.0327298748209185
668.5,0.032762266134594
670.45,0.0327945326451413
672.4,0.0328266750724696
674.35,0.0328586941309621
676.3,0.0328905905295283
678.25,0.0329223649716567
680.2,0.0329540181554666
682.15,0.0329855507737591
684.1,0.0330169635140674
686.05,0.0330482570587072
688,0.0330794320848259
689.95,0.0331104892644514
691.9,0.0331414292645406
693.85,0.0331722527470266
695.8,0.0332029603688668
697.75,0.0332335527820887
699.7,0.0332640306338364
701.65,0.0332943945664167
703.6,0.0333246452173431
705.55,0.0333547832193817
707.5,0.0333848092005943
709.45,0.0334147237843827
711.4,0.0334445275895313
713.35,0.0334742212302504
715.3,0.0335038053162177
717.25,0.0335332804526205
719.2,0.033562647240197
721.15,0.0335919062752768
723.1,0.0336210581498213
725.05,0.0336501034514639
727,0.0336790427635493
728.95,0.0337078766651726
730.9,0.0337366057312177
732.85,0.033765230532396
734.8,0.0337937516352836
736.75,0.0338221696023593
738.7,0.0338504849920411
740.65,0.0338786983587227
742.6,0.0339068102528104
744.55,0.0339348212207581
746.5,0.033962731805103
748.45,0.0339905425445008
750.4,0.0340182539737601
752.35,0.0340458666238768
754.3,0.034073381022068
756.25,0.0341007976918056
758.2,0.0341281171528494
760.15,0.0341553399212799
762.1,0.0341824665095311
764.05,0.0342094974264223
766,0.0342364331771902
767.95,0.03426327426352
769.9,0.034290021183577
771.85,0.0343166744320371
773.8,0.0343432345001176
775.75,0.0343697018756068
777.7,0.0343960770428945
779.65,0.0344223604830014
781.6,0.034448552673608
783.55,0.0344746540890838
785.5,0.0345006652005161
787.45,0.0345265864757379
789.4,0.0345524183793564
791.35,0.0345781613727804
793.3,0.0346038159142482
795.25,0.0346293824588542
797.2,0.0346548614585763
799.15,0.0346802533623024
801.1,0.0347055586158566
803.05,0.0347307776620256
805,0.0347559109405841
806.95,0.0347809588883209
808.9,0.0348059219390637
810.85,0.0348308005237044
812.8,0.034855595070224
814.75,0.0348803060037168
816.7,0.034904933746415
818.65,0.0349294787177126
820.6,0.0349539413341893
822.55,0.0349783220096339
824.5,0.0350026211550679
826.45,0.0350268391787683
828.4,0.0350509764862908
830.35,0.0350750334804919
832.3,0.035099010561552
834.25,0.0351229081269972
836.2,0.0351467265717211
838.15,0.0351704662880071
840.1,0.0351941276655492
842.05,0.0352177110914742
844,0.0352412169503619
845.95,0.0352646456242667
847.9,0.0352879974927381
849.85,0.035311272932841
851.8,0.0353344723191761
853.75,0.0353575960239002
855.7,0.0353806444167458
857.65,0.0354036178650411
859.6,0.0354265167337291
861.55,0.0354493413853875
863.5,0.0354720921802472
865.45,0.0354947694762119
867.4,0.0355173736288762
869.35,0.0355399049915447
871.3,0.0355623639152503
873.25,0.0355847507487723
875.2,0.0356070658386544
877.15,0.0356293095292228
879.1,0.0356514821626038
881.05,0.0356735840787415
883,0.0356956156154147
884.95,0.0357175771082546
886.9,0.0357394688907618
888.85,0.0357612912943229
890.8,0.0357830446482274
892.75,0.0358047292796842
894.7,0.0358263455138382
896.65,0.0358478936737862
898.6,0.0358693740805933
900.55,0.0358907870533088
902.5,0.0359121329089817
904.45,0.035933411962677
906.4,0.0359546245274904
908.35,0.0359757709145642
910.3,0.0359968514331023
912.25,0.0360178663903854
914.2,0.0360388160917859
916.15,0.0360597008407825
918.1,0.036080520938975
920.05,0.0361012766860991
922,0.0361219683800401
923.95,0.0361425963168478
925.9,0.0361631607907504
927.85,0.0361836620941684
929.8,0.0362041005177285
931.75,0.0362244763502774
933.7,0.0362447898788953
935.65,0.0362650413889095
937.6,0.0362852311639077
939.55,0.0363053594857513
941.5,0.0363254266345884
943.45,0.0363454328888668
945.4,0.0363653785253472
947.35,0.0363852638191152
949.3,0.036405089043595
951.25,0.0364248544705611
953.2,0.036444560370151
955.15,0.0364642070108775
957.1,0.0364837946596409
959.05,0.0365033235817412
961,0.0365227940408899
962.95,0.036542206299222
964.9,0.0365615606173074
966.85,0.0365808572541632
968.8,0.0366000964672648
970.75,0.0366192785125575
972.7,0.0366384036444676
974.65,0.0366574721159142
976.6,0.0366764841783198
978.55,0.0366954400816216
980.5,0.0367143400742824
982.45,0.0367331844033016
984.4,0.0367519733142255
986.35,0.0367707070511588
988.3,0.0367893858567741
990.25,0.0368080099723235
992.2,0.036826579637648
994.15,0.0368450950911884
996.1,0.0368635565699954
998.05,0.0368819643097396
1000,0.0369003185447214
