"ResDensity","N_TraitValue"
10,0.000112758388848691
10.12,0.000113956104717488
10.24,0.000115150563179644
10.36,0.00011634177750578
10.48,0.000117529760894529
10.6,0.000118714526473024
10.72,0.000119896087297379
10.84,0.000121074456353172
10.96,0.000122249646555921
11.08,0.000123421670751551
11.2,0.000124590541716868
11.32,0.000125756272160019
11.44,0.000126918874720954
11.56,0.000128078361971884
11.68,0.000129234746417732
11.8,0.000130388040496586
11.92,0.000131538256580139
12.04,0.000132685406974139
12.16,0.000133829503918821
12.28,0.000134970559589346
12.4,0.000136108586096232
12.52,0.000137243595485785
12.64,0.000138375599740517
12.76,0.000139504610779576
12.88,0.00014063064045916
13,0.000141753700572931
13.12,0.000142873802852431
13.24,0.000143990958967485
13.36,0.000145105180526612
13.48,0.000146216479077422
13.6,0.000147324866107019
13.72,0.000148430353042393
13.84,0.000149532951250817
13.96,0.000150632672040232
14.08,0.000151729526659638
14.2,0.000152823526299475
14.32,0.000153914682092001
14.44,0.000155003005111678
14.56,0.000156088506375536
14.68,0.000157171196843554
14.8,0.000158251087419023
14.92,0.000159328188948913
15.04,0.00016040251222424
15.16,0.000161474067980419
15.28,0.000162542866897632
15.4,0.000163608919601171
15.52,0.000164672236661799
15.64,0.000165732828596097
15.76,0.000166790705866808
15.88,0.000167845878883184
16,0.000168898358001327
16.12,0.000169948153524526
16.24,0.000170995275703597
16.36,0.000172039734737212
16.48,0.000173081540772233
16.6,0.000174120703904039
16.72,0.000175157234176856
16.84,0.000176191141584075
16.96,0.000177222436068575
17.08,0.000178251127523045
17.2,0.000179277225790296
17.32,0.000180300740663579
17.44,0.000181321681886891
17.56,0.000182340059155291
17.68,0.0001833558821152
17.8,0.000184369160364713
17.92,0.000185379903453893
18.04,0.000186388120885079
18.16,0.000187393822113177
18.28,0.000188397016545963
18.4,0.000189397713544366
18.52,0.000190395922422771
18.64,0.000191391652449299
18.76,0.000192384912846098
18.88,0.000193375712789625
19,0.000194364061410934
19.12,0.00019534996779595
19.24,0.00019633344098575
19.36,0.000197314489976842
19.48,0.000198293123721434
19.6,0.000199269351127712
19.72,0.000200243181060107
19.84,0.000201214622339561
19.96,0.000202183683743801
20.08,0.000203150374007595
20.2,0.000204114701823018
20.32,0.000205076675839715
20.44,0.000206036304665156
20.56,0.000206993596864893
20.68,0.000207948560962816
20.8,0.000208901205441407
20.92,0.000209851538741988
21.04,0.000210799569264975
21.16,0.000211745305370119
21.28,0.000212688755376759
21.4,0.000213629927564061
21.52,0.00021456883017126
21.64,0.000215505471397904
21.76,0.00021643985940409
21.88,0.000217372002310702
22,0.000218301908199646
22.12,0.000219229585114084
22.24,0.000220155041058663
22.36,0.00022107828399975
22.48,0.000221999321865658
22.6,0.000222918162546872
22.72,0.000223834813896277
22.84,0.00022474928372938
22.96,0.00022566157982453
23.08,0.000226571709923143
23.2,0.00022747968172992
23.32,0.000228385502913061
23.44,0.000229289181104484
23.56,0.000230190723900039
23.68,0.000231090138859718
23.8,0.000231987433507873
23.92,0.000232882615333416
24.04,0.000233775691790038
24.16,0.000234666670296407
24.28,0.000235555558236379
24.4,0.000236442362959198
24.52,0.000237327091779705
24.64,0.000238209751978529
24.76,0.000239090350802297
24.88,0.000239968895463825
25,0.000240845393142319
25.12,0.000241719850983569
25.24,0.000242592276100144
25.36,0.000243462675571584
25.48,0.00024433105644459
25.6,0.000245197425733219
25.72,0.000246061790419067
25.84,0.000246924157451461
25.96,0.000247784533747644
26.08,0.000248642926192957
26.2,0.000249499341641029
26.32,0.000250353786913952
26.44,0.000251206268802468
26.56,0.000252056794066145
26.68,0.000252905369433559
26.8,0.000253752001602469
26.92,0.000254596697239993
27.04,0.000255439462982786
27.16,0.00025628030543721
27.28,0.000257119231179509
27.4,0.00025795624675598
27.52,0.000258791358683144
27.64,0.000259624573447912
27.76,0.000260455897507756
27.88,0.000261285337290878
28,0.000262112899196368
28.12,0.000262938589594376
28.24,0.000263762414826272
28.36,0.00026458438120481
28.48,0.000265404495014288
28.6,0.000266222762510706
28.72,0.000267039189921932
28.84,0.000267853783447852
28.96,0.000268666549260531
29.08,0.00026947749350437
29.2,0.000270286622296258
29.32,0.000271093941725726
29.44,0.000271899457855104
29.56,0.000272703176719665
29.68,0.000273505104327785
29.8,0.000274305246661084
29.92,0.000275103609674581
30.04,0.000275900199296839
30.16,0.000276695021430112
30.28,0.00027748808195049
30.4,0.000278279386708046
30.52,0.000279068941526978
30.64,0.000279856752205753
30.76,0.000280642824517249
30.88,0.000281427164208893
31,0.000282209777002807
31.12,0.00028299066859594
31.24,0.000283769844660212
31.36,0.00028454731084265
31.48,0.000285323072765522
31.6,0.000286097136026474
31.72,0.000286869506198667
31.84,0.000287640188830907
31.96,0.000288409189447779
32.08,0.00028917651354978
32.2,0.00028994216661345
32.32,0.000290706154091502
32.44,0.00029146848141295
32.56,0.000292229153983241
32.68,0.000292988177184379
32.8,0.000293745556375054
32.92,0.000294501296890769
33.04,0.000295255404043962
33.16,0.000296007883124134
33.28,0.00029675873939797
33.4,0.000297507978109465
33.52,0.000298255604480042
33.64,0.000299001623708677
33.76,0.000299746040972016
33.88,0.0003004888614245
34,0.000301230090198476
34.12,0.000301969732404325
34.24,0.000302707793130571
34.36,0.000303444277444001
34.48,0.000304179190389783
34.6,0.000304912536991576
34.72,0.000305644322251652
34.84,0.000306374551151001
34.96,0.00030710322864945
35.08,0.000307830359685775
35.2,0.00030855594917781
35.32,0.000309280002022558
35.44,0.000310002523096304
35.56,0.000310723517254723
35.68,0.000311442989332987
35.8,0.000312160944145875
35.92,0.000312877386487881
36.04,0.000313592321133319
36.16,0.00031430575283643
36.28,0.000315017686331486
36.4,0.000315728126332897
36.52,0.000316437077535315
36.64,0.000317144544613734
36.76,0.000317850532223598
36.88,0.000318555045000896
37,0.000319258087562273
37.12,0.000319959664505121
37.24,0.000320659780407686
37.36,0.000321358439829165
37.48,0.000322055647309806
37.6,0.000322751407371005
37.72,0.000323445724515403
37.84,0.000324138603226987
37.96,0.000324830047971182
38.08,0.000325520063194952
38.2,0.000326208653326889
38.32,0.000326895822777312
38.44,0.000327581575938361
38.56,0.00032826591718409
38.68,0.00032894885087056
38.8,0.000329630381335928
38.92,0.000330310512900547
39.04,0.000330989249867049
39.16,0.00033166659652044
39.28,0.00033234255712819
39.4,0.000333017135940321
39.52,0.000333690337189497
39.64,0.000334362165091114
39.76,0.000335032623843385
39.88,0.000335701717627428
40,0.000336369450607357
40.12,0.000337035826930362
40.24,0.0003377008507268
40.36,0.000338364526110278
40.48,0.000339026857177738
40.6,0.000339687848009543
40.72,0.000340347502669556
40.84,0.000341005825205231
40.96,0.000341662819647688
41.08,0.000342318490011801
41.2,0.000342972840296275
41.32,0.000343625874483732
41.44,0.000344277596540788
41.56,0.000344928010418137
41.68,0.000345577120050626
41.8,0.000346224929357339
41.92,0.000346871442241674
42.04,0.00034751666259142
42.16,0.000348160594278838
42.28,0.000348803241160734
42.4,0.000349444607078541
42.52,0.000350084695858394
42.64,0.000350723511311203
42.76,0.000351361057232732
42.88,0.000351997337403674
43,0.000352632355589724
43.12,0.000353266115541654
43.24,0.000353898620995388
43.36,0.000354529875672073
43.48,0.000355159883278155
43.6,0.000355788647505449
43.72,0.000356416172031212
43.84,0.000357042460518217
43.96,0.000357667516614817
44.08,0.000358291343955027
44.2,0.000358913946158584
44.32,0.000359535326831022
44.44,0.000360155489563743
44.56,0.000360774437934082
44.68,0.000361392175505378
44.8,0.000362008705827044
44.92,0.000362624032434631
45.04,0.0003632381588499
45.16,0.000363851088580885
45.28,0.000364462825121963
45.4,0.000365073371953919
45.52,0.000365682732544012
45.64,0.000366290910346042
45.76,0.000366897908800413
45.88,0.000367503731334199
46,0.000368108381361208
46.12,0.000368711862282049
46.24,0.000369314177484191
46.36,0.000369915330342029
46.48,0.000370515324216948
46.6,0.000371114162457383
46.72,0.000371711848398885
46.84,0.000372308385364178
46.96,0.000372903776663224
47.08,0.000373498025593285
47.2,0.00037409113543898
47.32,0.000374683109472349
47.44,0.000375273950952913
47.56,0.00037586366312773
47.68,0.000376452249231461
47.8,0.000377039712486422
47.92,0.000377626056102648
48.04,0.00037821128327795
48.16,0.000378795397197972
48.28,0.000379378401036251
48.4,0.00037996029795427
48.52,0.000380541091101522
48.64,0.000381120783615561
48.76,0.000381699378622061
48.88,0.000382276879234872
49,0.000382853288556076
49.12,0.000383428609676041
49.24,0.000384002845673479
49.36,0.000384575999615497
49.48,0.000385148074557656
49.6,0.000385719073544023
49.72,0.000386288999607224
49.84,0.000386857855768501
49.96,0.000387425645037761
50.08,0.000387992370413632
50.2,0.000388558034883518
50.32,0.000389122641423643
50.44,0.000389686192999115
50.56,0.000390248692563967
50.68,0.000390810143061216
50.8,0.000391370547422911
50.92,0.000391929908570185
51.04,0.000392488229413305
51.16,0.000393045512851723
51.28,0.000393601761774127
51.4,0.000394156979058489
51.52,0.000394711167572116
51.64,0.000395264330171701
51.76,0.000395816469703367
51.88,0.00039636758900272
52,0.000396917690894898
52.12,0.000397466778194617
52.24,0.000398014853706219
52.36,0.000398561920223721
52.48,0.000399107980530862
52.6,0.000399653037401151
52.72,0.000400197093597912
52.84,0.000400740151874333
52.96,0.00040128221497351
53.08,0.000401823285628497
53.2,0.000402363366562346
53.32,0.000402902460488158
53.44,0.000403440570109128
53.56,0.000403977698118586
53.68,0.000404513847200046
53.8,0.000405049020027249
53.92,0.000405583219264209
54.04,0.000406116447565255
54.16,0.000406648707575076
54.28,0.000407180001928764
54.4,0.00040771033325186
54.52,0.000408239704160394
54.64,0.00040876811726093
54.76,0.000409295575150609
54.88,0.000409822080417189
55,0.00041034763563909
55.12,0.000410872243385436
55.24,0.000411395906216095
55.36,0.000411918626681722
55.48,0.000412440407323801
55.6,0.000412961250674683
55.72,0.000413481159257632
55.84,0.000414000135586861
55.96,0.000414518182167576
56.08,0.000415035301496013
56.2,0.000415551496059483
56.32,0.000416066768336406
56.44,0.000416581120796354
56.56,0.000417094555900091
56.68,0.00041760707609961
56.8,0.000418118683838175
56.92,0.000418629381550356
57.04,0.000419139171662071
57.16,0.000419648056590622
57.28,0.000420156038744736
57.4,0.000420663120524599
57.52,0.000421169304321899
57.64,0.000421674592519857
57.76,0.000422178987493272
57.88,0.000422682491608551
58,0.000423185107223752
58.12,0.000423686836688616
58.24,0.000424187682344607
58.36,0.000424687646524947
58.48,0.000425186731554652
58.6,0.000425684939750568
58.72,0.000426182273421409
58.84,0.000426678734867789
58.96,0.000427174326382261
59.08,0.000427669050249349
59.2,0.000428162908745587
59.32,0.000428655904139551
59.44,0.000429148038691892
59.56,0.000429639314655377
59.68,0.000430129734274916
59.8,0.000430619299787602
59.92,0.000431108013422742
60.04,0.000431595877401891
60.16,0.000432082893938885
60.28,0.000432569065239878
60.4,0.000433054393503372
60.52,0.00043353888092025
60.64,0.000434022529673812
60.76,0.000434505341939803
60.88,0.000434987319886452
61,0.000435468465674497
61.12,0.000435948781457225
61.24,0.000436428269380497
61.36,0.000436906931582786
61.48,0.000437384770195204
61.6,0.000437861787341536
61.72,0.000438337985138274
61.84,0.00043881336569464
61.96,0.000439287931112629
62.08,0.000439761683487027
62.2,0.000440234624905454
62.32,0.000440706757448386
62.44,0.000441178083189189
62.56,0.000441648604194149
62.68,0.000442118322522504
62.8,0.000442587240226468
62.92,0.00044305535935127
63.04,0.000443522681935175
63.16,0.000443989210009518
63.28,0.000444454945598735
63.4,0.000444919890720388
63.52,0.000445384047385196
63.64,0.000445847417597066
63.76,0.000446310003353119
63.88,0.000446771806643719
64,0.000447232829452503
64.12,0.000447693073756409
64.24,0.000448152541525704
64.36,0.00044861123472401
64.48,0.000449069155308338
64.6,0.000449526305229108
64.72,0.000449982686430182
64.84,0.000450438300848891
64.96,0.00045089315041606
65.08,0.000451347237056037
65.2,0.000451800562686721
65.32,0.000452253129219588
65.44,0.000452704938559716
65.56,0.000453155992605815
65.68,0.000453606293250252
65.8,0.000454055842379076
65.92,0.000454504641872049
66.04,0.000454952693602666
66.16,0.000455399999438187
66.28,0.000455846561239657
66.4,0.000456292380861937
66.52,0.000456737460153728
66.64,0.000457181800957594
66.76,0.000457625405109993
66.88,0.000458068274441295
67,0.000458510410775813
67.12,0.000458951815931828
67.24,0.000459392491721608
67.36,0.00045983243995144
67.48,0.00046027166242165
67.6,0.000460710160926629
67.72,0.00046114793725486
67.84,0.000461584993188936
67.96,0.000462021330505592
68.08,0.00046245695097572
68.2,0.000462891856364404
68.32,0.000463326048430934
68.44,0.000463759528928835
68.56,0.000464192299605888
68.68,0.000464624362204157
68.8,0.000465055718460007
68.92,0.000465486370104133
69.04,0.00046591631886158
69.16,0.000466345566451766
69.28,0.000466774114588505
69.4,0.000467201964980032
69.52,0.000467629119329021
69.64,0.000468055579332614
69.76,0.000468481346682438
69.88,0.000468906423064629
70,0.000469330810159857
