"ResDensity","N_TraitValue"
0.2405,0.1275667381664
0.2480236,0.13109027672076
0.2555472,0.134588880091794
0.2630708,0.138062812036126
0.2705944,0.141512332603538
0.278118,0.144937698201861
0.2856416,0.148339161660506
0.2931652,0.151716972292674
0.3006888,0.15507137595627
0.3082124,0.158402615113559
0.315736,0.161710928889585
0.3232596,0.164996553129389
0.3307832,0.168259720454059
0.3383068,0.17150066031563
0.3458304,0.174719599050863
0.353354,0.17791675993394
0.3608776,0.181092363228091
0.3684012,0.184246626236174
0.3759248,0.187379763350243
0.3834484,0.19049198610013
0.390972,0.193583503201045
0.3984956,0.196654520600237
0.4060192,0.199705241522726
0.4135428,0.202735866516139
0.4210664,0.20574659349465
0.42859,0.208737617782067
0.4361136,0.211709132154075
0.4436372,0.214661326879652
0.4511608,0.217594389761681
0.4586844,0.220508506176774
0.466208,0.22340385911433
0.4737316,0.226280629214836
0.4812552,0.229138994807441
0.4887788,0.231979131946797
0.4963024,0.234801214449216
0.503826,0.237605413928124
0.5113496,0.240391899828848
0.5188732,0.243160839462752
0.5263968,0.245912398040721
0.5339204,0.248646738706021
0.541444,0.251364022566545
0.5489676,0.254064408726456
0.5564912,0.256748054317237
0.5640148,0.259415114528177
0.5715384,0.26206574263628
0.579062,0.264700090035633
0.5865856,0.267318306266227
0.5941092,0.26992053904226
0.6016328,0.272506934279908
0.6091564,0.27507763612461
0.61668,0.277632786977837
0.6242036,0.280172527523394
0.6317272,0.282696996753241
0.6392508,0.285206331992843
0.6467744,0.287700668926076
0.654298,0.290180141619685
0.6618216,0.292644882547299
0.6693452,0.295095022613031
0.6768688,0.297530691174648
0.6843924,0.29995201606634
0.691916,0.302359123621083
0.6994396,0.304752138692616
0.7069632,0.307131184677022
0.7144868,0.309496383533942
0.7220104,0.311847855807417
0.729534,0.314185720646365
0.7370576,0.316510095824709
0.7445812,0.318821097761149
0.7521048,0.321118841538607
0.7596284,0.323403440923322
0.767152,0.325675008383636
0.7746756,0.327933655108441
0.7821992,0.330179491025327
0.7897228,0.332412624818415
0.7972464,0.33463316394589
0.80477,0.336841214657236
0.8122936,0.339036882010184
0.8198172,0.341220269887376
0.8273408,0.343391481012747
0.8348644,0.345550616967634
0.842388,0.347697778206621
0.8499116,0.349833064073118
0.8574352,0.351956572814681
0.8649588,0.354068401598081
0.8724824,0.356168646524128
0.880006,0.358257402642244
0.8875296,0.360334763964805
0.8950532,0.362400823481248
0.9025768,0.364455673171939
0.9101004,0.366499404021832
0.917624,0.368532106033894
0.9251476,0.370553868242314
0.9326712,0.372564778725511
0.9401948,0.374564924618916
0.9477184,0.376554392127567
0.955242,0.378533266538484
0.9627656,0.380501632232866
0.9702892,0.382459572698078
0.9778128,0.384407170539459
0.9853364,0.386344507491939
0.99286,0.388271664431469
1.0003836,0.390188721386283
1.0079072,0.392095757547969
1.0154308,0.393992851282378
1.0229544,0.395880080140355
1.030478,0.397757520868311
1.0380016,0.399625249418624
1.0455252,0.401483340959879
1.0530488,0.403331869886959
1.0605724,0.405170909830967
1.068096,0.407000533669007
1.0756196,0.408820813533809
1.0831432,0.410631820823212
1.0906668,0.412433626209491
1.0981904,0.414226299648561
1.105714,0.416009910389023
1.1132376,0.417784526981082
1.1207612,0.419550217285333
1.1282848,0.421307048481407
1.1358084,0.423055087076493
1.143332,0.424794398913731
1.1508556,0.42652504918048
1.1583792,0.428247102416456
1.1659028,0.429960622521765
1.1734264,0.431665672764799
1.18095,0.433362315790026
1.1884736,0.435050613625661
1.1959972,0.436730627691228
1.2035208,0.438402418805004
1.2110444,0.440066047191363
1.218568,0.441721572488003
1.2260916,0.443369053753077
1.2336152,0.445008549472211
1.2411388,0.446640117565429
1.2486624,0.448263815393974
1.256186,0.449879699767026
1.2637096,0.451487826948331
1.2712332,0.453088252662732
1.2787568,0.454681032102604
1.2862804,0.456266219934197
1.293804,0.457843870303895
1.3013276,0.459414036844376
1.3088512,0.460976772680695
1.3163748,0.462532130436271
1.3238984,0.464080162238794
1.331422,0.465620919726055
1.3389456,0.467154454051677
1.3464692,0.468680815890787
1.3539928,0.470200055445592
1.3615164,0.471712222450882
1.36904,0.473217366179463
1.3765636,0.474715535447501
1.3840872,0.476206778619807
1.3916108,0.477691143615038
1.3991344,0.479168677910829
1.406658,0.480639428548857
1.4141816,0.482103442139833
1.4217052,0.483560764868425
1.4292288,0.485011442498115
1.4367524,0.486455520375992
1.444276,0.487893043437471
1.4517996,0.489324056210963
1.4593232,0.490748602822462
1.4668468,0.492166727000092
1.4743704,0.49357847207857
1.481894,0.49498388100363
1.4894176,0.496382996336371
1.4969412,0.497775860257558
1.5044648,0.499162514571857
1.5119884,0.500543000712021
1.519512,0.501917359743014
1.5270356,0.503285632366085
1.5345592,0.504647858922786
1.5420828,0.506004079398932
1.5496064,0.507354333428522
1.55713,0.508698660297591
1.5646536,0.510037098948028
1.5721772,0.51136968798133
1.5797008,0.512696465662317
1.5872244,0.514017469922794
1.594748,0.515332738365162
1.6022716,0.516642308265994
1.6097952,0.517946216579547
1.6173188,0.519244499941246
1.6248424,0.52053719467111
1.632366,0.521824336777143
1.6398896,0.523105961958673
1.6474132,0.524382105609657
1.6549368,0.525652802821935
1.6624604,0.526918088388451
1.669984,0.528177996806424
1.6775076,0.529432562280487
1.6850312,0.530681818725781
1.6925548,0.53192579977101
1.7000784,0.533164538761461
1.707602,0.534398068761982
1.7151256,0.535626422559922
1.7226492,0.53684963266804
1.7301728,0.538067731327374
1.7376964,0.539280750510066
1.74522,0.54048872192217
1.7527436,0.541691677006406
1.7602672,0.542889646944894
1.7677908,0.544082662661843
1.7753144,0.545270754826218
1.782838,0.546453953854363
1.7903616,0.547632289912598
1.7978852,0.548805792919784
1.8054088,0.549974492549854
1.8129324,0.551138418234317
1.820456,0.552297599164723
1.8279796,0.55345206429511
1.8355032,0.554601842344408
1.8430268,0.555746961798828
1.8505504,0.556887450914207
1.858074,0.558023337718339
1.8655976,0.559154650013265
1.8731212,0.560281415377546
1.8806448,0.561403661168501
1.8881684,0.562521414524422
1.895692,0.563634702366761
1.9032156,0.564743551402295
1.9107392,0.565847988125256
1.9182628,0.566948038819445
1.9257864,0.568043729560316
1.93331,0.569135086217035
1.9408336,0.57022213445452
1.9483572,0.571304899735448
1.9558808,0.572383407322244
1.9634044,0.573457682279051
1.970928,0.574527749473664
1.9784516,0.575593633579453
1.9859752,0.576655359077261
1.9934988,0.577712950257273
2.0010224,0.578766431220875
2.008546,0.579815825882478
2.0160696,0.580861157971332
2.0235932,0.581902451033316
2.0311168,0.5829397284327
2.0386404,0.583973013353897
2.046164,0.585002328803191
2.0536876,0.58602769761044
2.0612112,0.587049142430769
2.0687348,0.588066685746236
2.0762584,0.58908034986748
2.083782,0.590090156935355
2.0913056,0.591096128922539
2.0988292,0.592098287635131
2.1063528,0.593096654714223
2.1138764,0.59409125163746
2.1214,0.59508209972058
2.1289236,0.596069220118937
2.1364472,0.597052633829005
2.1439708,0.598032361689867
2.1514944,0.599008424384691
2.159018,0.599980842442179
2.1665416,0.600949636238012
2.1740652,0.601914825996268
2.1815888,0.602876431790834
2.1891124,0.603834473546796
2.196636,0.604788971041814
2.2041596,0.605739943907484
2.2116832,0.606687411630683
2.2192068,0.607631393554902
2.2267304,0.608571908881562
2.234254,0.609508976671312
2.2417776,0.610442615845324
2.2493012,0.61137284518656
2.2568248,0.612299683341034
2.2643484,0.613223148819058
2.271872,0.614143259996475
2.2793956,0.615060035115876
2.2869192,0.615973492287806
2.2944428,0.616883649491959
2.3019664,0.617790524578355
2.30949,0.618694135268508
2.3170136,0.619594499156579
2.3245372,0.62049163371052
2.3320608,0.621385556273204
2.3395844,0.622276284063539
2.347108,0.623163834177576
2.3546316,0.624048223589606
2.3621552,0.624929469153235
2.3696788,0.62580758760246
2.3772024,0.626682595552726
2.384726,0.627554509501975
2.3922496,0.628423345831683
2.3997732,0.629289120807884
2.4072968,0.630151850582189
2.4148204,0.631011551192785
2.422344,0.631868238565434
2.4298676,0.632721928514453
2.4373912,0.633572636743688
2.4449148,0.634420378847478
2.4524384,0.635265170311607
2.459962,0.636107026514248
2.4674856,0.636945962726893
2.4750092,0.637781994115281
2.4825328,0.638615135740307
2.4900564,0.639445402558931
2.49758,0.64027280942507
2.5051036,0.641097371090484
2.5126272,0.641919102205657
2.5201508,0.642738017320656
2.5276744,0.643554130885999
2.535198,0.6443674572535
2.5427216,0.645178010677109
2.5502452,0.645985805313751
2.5577688,0.646790855224142
2.5652924,0.647593174373612
2.572816,0.648392776632908
2.5803396,0.649189675778995
2.5878632,0.649983885495848
2.5953868,0.650775419375234
2.6029104,0.651564290917486
2.610434,0.652350513532276
2.6179576,0.653134100539368
2.6254812,0.653915065169373
2.6330048,0.654693420564498
2.6405284,0.655469179779274
2.648052,0.656242355781294
2.6555756,0.657012961451932
2.6630992,0.657781009587059
2.6706228,0.658546512897751
2.6781464,0.659309484010991
2.68567,0.660069935470362
2.6931936,0.660827879736734
2.7007172,0.661583329188949
2.7082408,0.66233629612449
2.7157644,0.663086792760148
2.723288,0.663834831232687
2.7308116,0.664580423599496
2.7383352,0.665323581839235
2.7458588,0.66606431785248
2.7533824,0.666802643462356
2.760906,0.667538570415166
2.7684296,0.668272110381015
2.7759532,0.669003274954426
2.7834768,0.669732075654952
2.7910004,0.670458523927779
2.798524,0.671182631144328
2.8060476,0.671904408602845
2.8135712,0.672623867528991
2.8210948,0.673341019076423
2.8286184,0.674055874327372
2.836142,0.674768444293212
2.8436656,0.675478739915024
2.8511892,0.67618677206416
2.8587128,0.676892551542796
2.8662364,0.677596089084479
2.87376,0.678297395354674
2.8812836,0.678996480951302
2.8888072,0.679693356405274
2.8963308,0.68038803218102
2.9038544,0.681080518677011
2.911378,0.68177082622628
2.9189016,0.682458965096935
2.9264252,0.683144945492671
2.9339488,0.683828777553267
2.9414724,0.684510471355094
2.948996,0.685190036911604
2.9565196,0.685867484173825
2.9640432,0.686542823030841
2.9715668,0.687216063310279
2.9790904,0.687887214778783
2.986614,0.688556287142485
2.9941376,0.689223290047475
3.0016612,0.689888233080264
3.0091848,0.690551125768244
3.0167084,0.691211977580141
3.024232,0.691870797926467
3.0317556,0.692527596159968
3.0392792,0.693182381576064
3.0468028,0.69383516341329
3.0543264,0.694485950853729
3.06185,0.695134753023441
3.0693736,0.695781578992896
3.0768972,0.696426437777387
3.0844208,0.697069338337457
3.0919444,0.697710289579311
3.099468,0.698349300355227
3.1069916,0.698986379463962
3.1145152,0.69962153565116
3.1220388,0.70025477760975
3.1295624,0.700886113980341
3.137086,0.701515553351617
3.1446096,0.702143104260726
3.1521332,0.702768775193667
3.1596568,0.70339257458567
3.1671804,0.704014510821577
3.174704,0.704634592236217
3.1822276,0.705252827114779
3.1897512,0.70586922369318
3.1972748,0.706483790158432
3.2047984,0.707096534649004
3.212322,0.707707465255179
3.2198456,0.708316590019414
3.2273692,0.708923916936691
3.2348928,0.709529453954866
3.2424164,0.710133208975016
3.24994,0.710735189851784
3.2574636,0.711335404393718
3.2649872,0.711933860363611
3.2725108,0.712530565478832
3.2800344,0.713125527411662
3.287558,0.713718753789617
3.2950816,0.714310252195783
3.3026052,0.714900030169128
3.3101288,0.715488095204831
3.3176524,0.716074454754597
3.325176,0.71665911622697
3.3326996,0.717242086987646
3.3402232,0.717823374359783
3.3477468,0.718402985624308
3.3552704,0.718980928020219
3.362794,0.719557208744888
3.3703176,0.72013183495436
3.3778412,0.720704813763647
3.3853648,0.721276152247025
3.3928884,0.721845857438323
3.400412,0.722413936331211
3.4079356,0.722980395879488
3.4154592,0.723545242997365
3.4229828,0.724108484559746
3.4305064,0.724670127402507
3.43803,0.725230178322773
3.4455536,0.725788644079192
3.4530772,0.726345531392206
3.4606008,0.726900846944324
3.4681244,0.727454597380383
3.475648,0.728006789307819
3.4831716,0.728557429296927
3.4906952,0.729106523881123
3.4982188,0.7296540795572
3.5057424,0.730200102785586
3.513266,0.7307445999906
3.5207896,0.731287577560698
3.5283132,0.731829041848731
3.5358368,0.732368999172184
3.5433604,0.73290745581343
3.550884,0.733444418019968
3.5584076,0.733979892004665
3.5659312,0.734513883946
3.5734548,0.735046399988296
3.5809784,0.73557744624196
3.588502,0.736107028783714
3.5960256,0.73663515365683
3.6035492,0.737161826871353
3.6110728,0.737687054404339
3.6185964,0.738210842200072
3.62612,0.738733196170295
3.6336436,0.739254122194426
3.6411672,0.739773626119784
3.6486908,0.740291713761808
3.6562144,0.740808390904267
3.663738,0.741323663299483
3.6712616,0.741837536668542
3.6787852,0.742350016701504
3.6863088,0.742861109057614
3.6938324,0.743370819365512
3.701356,0.743879153223437
3.7088796,0.744386116199434
3.7164032,0.744891713831555
3.7239268,0.745395951628064
3.7314504,0.745898835067635
3.738974,0.746400369599548
3.7464976,0.746900560643893
3.7540212,0.747399413591756
3.7615448,0.747896933805421
3.7690684,0.748393126618555
3.776592,0.748887997336406
3.7841156,0.749381551235986
3.7916392,0.74987379356626
3.7991628,0.750364729548334
3.8066864,0.750854364375639
3.81421,0.751342703214113
3.8217336,0.751829751202382
3.8292572,0.752315513451943
3.8367808,0.752799995047341
3.8443044,0.753283201046346
3.851828,0.753765136480131
3.8593516,0.754245806353445
3.8668752,0.754725215644785
3.8743988,0.755203369306571
3.8819224,0.755680272265314
3.889446,0.756155929421788
3.8969696,0.756630345651194
3.9044932,0.757103525803331
3.9120168,0.757575474702754
3.9195404,0.758046197148949
3.927064,0.758515697916486
3.9345876,0.758983981755185
3.9421112,0.759451053390273
3.9496348,0.759916917522549
3.9571584,0.760381578828536
3.964682,0.760845041960636
3.9722056,0.761307311547295
3.9797292,0.761768392193145
3.9872528,0.762228288479166
3.9947764,0.762687004962831
4.0023,0.763144546178264
