"ResDensity","N_TraitValue"
10,0.000170663517248206
10.22,0.00017386809623237
10.44,0.000177052527806145
10.66,0.000180217001376375
10.88,0.000183361703983155
11.1,0.000186486820336684
11.32,0.000189592532853432
11.54,0.000192679021691632
11.76,0.00019574646478612
11.98,0.000198795037882526
12.2,0.000201824914570842
12.42,0.000204836266318368
12.64,0.000207829262502063
12.86,0.0002108040704403
13.08,0.000213760855424046
13.3,0.000216699780747476
13.52,0.000219621007738038
13.74,0.000222524695785971
13.96,0.000225411002373295
14.18,0.000228280083102283
14.4,0.000231132091723425
14.62,0.000233967180162892
14.84,0.000236785498549515
15.06,0.000239587195241283
15.28,0.000242372416851381
15.5,0.000245141308273758
15.72,0.000247894012708262
15.94,0.000250630671685321
16.16,0.000253351425090202
16.38,0.000256056411186846
16.6,0.00025874576664129
16.82,0.000261419626544685
17.04,0.000264078124435914
17.26,0.000266721392323824
17.48,0.000269349560709079
17.7,0.000271962758605636
17.92,0.000274561113561855
18.14,0.000277144751681251
18.36,0.000279713797642898
18.58,0.000282268374721483
18.8,0.000284808604807024
19.02,0.000287334608424258
19.24,0.000289846504751703
19.46,0.0002923444116404
19.68,0.000294828445632348
19.9,0.000297298721978625
20.12,0.000299755354657216
20.34,0.000302198456390539
20.56,0.000304628138662694
20.78,0.000307044511736413
21,0.000309447684669744
21.22,0.000311837765332458
21.44,0.000314214860422192
21.66,0.000316579075480319
21.88,0.000318930514907577
22.1,0.000321269281979432
22.32,0.000323595478861199
22.54,0.000325909206622918
22.76,0.000328210565253995
22.98,0.000330499653677602
23.2,0.000332776569764857
23.42,0.000335041410348766
23.64,0.000337294271237956
23.86,0.000339535247230182
24.08,0.000341764432125627
24.3,0.000343981918739985
24.52,0.000346187798917349
24.74,0.000348382163542886
24.96,0.000350565102555323
25.18,0.000352736704959232
25.4,0.00035489705883713
25.62,0.000357046251361386
25.84,0.000359184368805946
26.06,0.00036131149655788
26.28,0.000363427719128747
26.5,0.000365533120165786
26.72,0.000367627782462943
26.94,0.000369711787971717
27.16,0.000371785217811852
27.38,0.000373848152281863
27.6,0.0003759006708694
27.82,0.000377942852261457
28.04,0.00037997477435443
28.26,0.00038199651426402
28.48,0.00038400814833499
28.7,0.000386009752150774
28.92,0.000388001400542943
29.14,0.000389983167600532
29.36,0.000391955126679226
29.58,0.000393917350410414
29.8,0.000395869910710103
30.02,0.000397812878787704
30.24,0.000399746325154692
30.46,0.000401670319633135
30.68,0.000403584931364096
30.9,0.000405490228815918
31.12,0.000407386279792387
31.34,0.000409273151440772
31.56,0.000411150910259755
31.78,0.00041301962210724
32,0.000414879352208056
32.22,0.000416730165161543
32.44,0.000418572124949032
32.66,0.000420405294941221
32.88,0.00042222973790544
33.1,0.000424045516012812
33.32,0.000425852690845322
33.54,0.000427651323402774
33.76,0.000429441474109656
33.98,0.000431223202821904
34.2,0.000432996568833581
34.42,0.000434761630883444
34.64,0.000436518447161438
34.86,0.000438267075315086
35.08,0.000440007572455798
35.3,0.000441739995165086
35.52,0.000443464399500695
35.74,0.000445180841002652
35.96,0.00044688937469923
36.18,0.000448590055112823
36.4,0.000450282936265751
36.62,0.000451968071685979
36.84,0.000453645514412759
37.06,0.000455315317002192
37.28,0.000456977531532722
37.5,0.000458632209610545
37.72,0.000460279402374954
37.94,0.000461919160503604
38.16,0.000463551534217713
38.38,0.000465176573287185
38.6,0.000466794327035672
38.82,0.000468404844345562
39.04,0.000470008173662905
39.26,0.000471604363002266
39.48,0.000473193459951524
39.7,0.000474775511676598
39.92,0.000476350564926114
40.14,0.000477918666036008
40.36,0.000479479860934074
40.58,0.000481034195144445
40.8,0.000482581713792018
41.02,0.000484122461606821
41.24,0.000485656482928326
41.46,0.000487183821709697
41.68,0.000488704521521992
41.9,0.000490218625558304
42.12,0.000491726176637852
42.34,0.000493227217210017
42.56,0.000494721789358327
42.78,0.000496209934804387
43,0.000497691694911767
43.22,0.000499167110689828
43.44,0.000500636222797511
43.66,0.000502099071547066
43.88,0.000503555696907747
44.1,0.000505006138509445
44.32,0.000506450435646285
44.54,0.000507888627280176
44.76,0.000509320752044312
44.98,0.000510746848246633
45.2,0.000512166953873239
45.42,0.000513581106591765
45.64,0.000514989343754709
45.86,0.000516391702402725
46.08,0.000517788219267864
46.3,0.000519178930776788
46.52,0.000520563873053931
46.74,0.000521943081924633
46.96,0.000523316592918224
47.18,0.000524684441271077
47.4,0.000526046661929623
47.62,0.000527403289553323
47.84,0.000528754358517613
48.06,0.000530099902916802
48.28,0.000531439956566942
48.5,0.000532774553008664
48.72,0.000534103725509971
48.94,0.000535427507069007
49.16,0.000536745930416784
49.38,0.000538059028019883
49.6,0.000539366832083117
49.82,0.000540669374552164
50.04,0.00054196668711617
50.26,0.000543258801210314
50.48,0.000544545748018355
50.7,0.000545827558475132
50.92,0.00054710426326905
51.14,0.000548375892844525
51.36,0.000549642477404403
51.58,0.000550904046912357
51.8,0.000552160631095241
52.02,0.000553412259445435
52.24,0.000554658961223145
52.46,0.000555900765458685
52.68,0.00055713770095473
52.9,0.000558369796288547
53.12,0.000559597079814191
53.34,0.000560819579664678
53.56,0.000562037323754145
53.78,0.000563250339779961
54,0.000564458655224839
54.22,0.000565662297358903
54.44,0.000566861293241745
54.66,0.00056805566972445
54.88,0.000569245453451601
55.1,0.00057043067086326
55.32,0.000571611348196928
55.54,0.000572787511489481
55.76,0.00057395918657908
55.98,0.000575126399107071
56.2,0.000576289174519846
56.42,0.0005774475380707
56.64,0.000578601514821655
56.86,0.00057975112964527
57.08,0.000580896407226424
57.3,0.000582037372064088
57.52,0.000583174048473068
57.74,0.000584306460585736
57.96,0.000585434632353731
58.18,0.000586558587549657
58.4,0.000587678349768746
58.62,0.00058879394243051
58.84,0.000589905388780376
59.06,0.0005910127118913
59.28,0.000592115934665362
59.5,0.000593215079835347
59.72,0.000594310169966304
59.94,0.000595401227457093
60.16,0.000596488274541909
60.38,0.000597571333291798
60.6,0.000598650425616141
60.82,0.000599725573264143
61.04,0.000600796797826285
61.26,0.000601864120735773
61.48,0.00060292756326997
61.7,0.000603987146551804
61.92,0.00060504289155117
62.14,0.000606094819086315
62.36,0.000607142949825203
62.58,0.000608187304286871
62.8,0.000609227902842766
63.02,0.00061026476571807
63.24,0.000611297912993015
63.46,0.00061232736460417
63.68,0.000613353140345732
63.9,0.000614375259870792
64.12,0.000615393742692586
64.34,0.000616408608185744
64.56,0.000617419875587513
64.78,0.000618427563998975
65,0.000619431692386248
65.22,0.000620432279581678
65.44,0.000621429344285015
65.66,0.000622422905064579
65.88,0.00062341298035841
66.1,0.000624399588475411
66.32,0.000625382747596479
66.54,0.000626362475775615
66.76,0.000627338790941033
66.98,0.000628311710896258
67.2,0.000629281253321198
67.42,0.000630247435773224
67.64,0.000631210275688227
67.86,0.000632169790381664
68.08,0.000633125997049599
68.3,0.000634078912769732
68.52,0.000635028554502411
68.74,0.000635974939091639
68.96,0.000636918083266077
69.18,0.000637858003640018
69.4,0.000638794716714372
69.62,0.000639728238877629
69.84,0.000640658586406812
70.06,0.000641585775468427
70.28,0.000642509822119396
70.5,0.000643430742307986
70.72,0.000644348551874727
70.94,0.000645263266553319
71.16,0.00064617490197153
71.38,0.000647083473652089
71.6,0.000647988997013565
71.82,0.000648891487371238
72.04,0.000649790959937967
72.26,0.00065068742982504
72.48,0.000651580912043021
72.7,0.000652471421502592
72.92,0.000653358973015376
73.14,0.000654243581294764
73.36,0.000655125260956725
73.58,0.00065600402652061
73.8,0.000656879892409953
74.02,0.000657752872953256
74.24,0.000658622982384774
74.46,0.000659490234845283
74.68,0.000660354644382855
74.9,0.000661216224953606
75.12,0.000662074990422457
75.34,0.00066293095456387
75.56,0.00066378413106259
75.78,0.000664634533514369
76,0.000665482175426694
76.22,0.000666327070219497
76.44,0.000667169231225868
76.66,0.000668008671692751
76.88,0.000668845404781644
77.1,0.000669679443569283
77.32,0.000670510801048324
77.54,0.00067133949012802
77.76,0.000672165523634886
77.98,0.000672988914313362
78.2,0.000673809674826469
78.42,0.000674627817756459
78.64,0.000675443355605455
78.86,0.00067625630079609
79.08,0.000677066665672138
79.3,0.000677874462499137
79.52,0.00067867970346501
79.74,0.000679482400680676
79.96,0.000680282566180658
80.18,0.000681080211923685
80.4,0.000681875349793288
80.62,0.000682667991598389
80.84,0.000683458149073883
81.06,0.000684245833881226
81.28,0.000685031057608997
81.5,0.000685813831773476
81.72,0.000686594167819201
81.94,0.00068737207711953
82.16,0.000688147570977189
82.38,0.000688920660624823
82.6,0.000689691357225538
82.82,0.000690459671873436
83.04,0.00069122561559415
83.26,0.00069198919934537
83.48,0.000692750434017365
83.7,0.000693509330433503
83.92,0.000694265899350761
84.14,0.000695020151460236
84.36,0.000695772097387646
84.58,0.000696521747693833
84.8,0.000697269112875251
85.02,0.000698014203364462
85.24,0.000698757029530619
85.46,0.000699497601679946
85.68,0.000700235930056218
85.9,0.000700972024841229
86.12,0.000701705896155261
86.34,0.000702437554057553
86.56,0.000703167008546752
86.78,0.000703894269561376
87,0.000704619346980262
87.22,0.000705342250623013
87.44,0.00070606299025044
87.66,0.000706781575565008
87.88,0.000707498016211262
88.1,0.000708212321776266
88.32,0.000708924501790027
88.54,0.000709634565725919
88.76,0.000710342523001104
88.98,0.000711048382976948
89.2,0.000711752154959434
89.42,0.000712453848199569
89.64,0.000713153471893794
89.86,0.000713851035184379
90.08,0.000714546547159827
90.3,0.000715240016855266
90.52,0.000715931453252842
90.74,0.000716620865282103
90.96,0.000717308261820389
91.18,0.000717993651693209
91.4,0.000718677043674619
91.62,0.000719358446487597
91.84,0.000720037868804417
92.06,0.000720715319247012
92.28,0.00072139080638734
92.5,0.000722064338747749
92.72,0.000722735924801332
92.94,0.000723405572972283
93.16,0.000724073291636249
93.38,0.000724739089120682
93.6,0.000725402973705179
93.82,0.000726064953621833
94.04,0.000726725037055566
94.26,0.000727383232144473
94.48,0.00072803954698015
94.7,0.000728693989608031
94.92,0.000729346568027714
95.14,0.000729997290193286
95.36,0.000730646164013649
95.58,0.000731293197352839
95.8,0.000731938398030343
96.02,0.000732581773821414
96.24,0.000733223332457387
96.46,0.000733863081625983
96.68,0.000734501028971619
96.9,0.000735137182095714
97.12,0.000735771548556987
97.34,0.00073640413587176
97.56,0.000737034951514253
97.78,0.000737664002916879
98,0.000738291297470536
98.22,0.000738916842524895
98.44,0.000739540645388689
98.66,0.000740162713329997
98.88,0.000740783053576526
99.1,0.000741401673315892
99.32,0.000742018579695894
99.54,0.000742633779824795
99.76,0.000743247280771589
99.98,0.000743859089566278
100.2,0.000744469213200134
100.42,0.000745077658625972
100.64,0.000745684432758407
100.86,0.000746289542474123
101.08,0.000746892994612127
101.3,0.00074749479597401
101.52,0.000748094953324202
101.74,0.000748693473390223
101.96,0.00074929036286294
102.18,0.000749885628396809
102.4,0.000750479276610129
102.62,0.000751071314085281
102.84,0.000751661747368979
103.06,0.000752250582972503
103.28,0.000752837827371944
103.5,0.000753423487008439
103.72,0.000754007568288409
103.94,0.000754590077583789
104.16,0.000755171021232261
104.38,0.000755750405537486
104.6,0.00075632823676933
104.82,0.000756904521164089
105.04,0.000757479264924717
105.26,0.000758052474221045
105.48,0.000758624155190004
105.7,0.000759194313935842
105.92,0.000759762956530344
106.14,0.000760330089013045
106.36,0.000760895717391446
106.58,0.000761459847641223
106.8,0.000762022485706441
107.02,0.00076258363749976
107.24,0.000763143308902645
107.46,0.000763701505765569
107.68,0.000764258233908216
107.9,0.000764813499119687
108.12,0.000765367307158698
108.34,0.000765919663753778
108.56,0.000766470574603472
108.78,0.000767020045376528
109,0.000767568081712102
109.22,0.00076811468921994
109.44,0.000768659873480579
109.66,0.00076920364004553
109.88,0.000769745994437472
110.1,0.000770286942150435
110.32,0.000770826488649984
110.54,0.00077136463937341
110.76,0.000771901399729907
110.98,0.000772436775100753
111.2,0.000772970770839493
111.42,0.000773503392272116
111.64,0.000774034644697232
111.86,0.000774564533386247
112.08,0.000775093063583538
112.3,0.000775620240506628
112.52,0.000776146069346353
112.74,0.000776670555267036
112.96,0.000777193703406658
113.18,0.000777715518877019
113.4,0.00077823600676391
113.62,0.000778755172127278
113.84,0.000779273020001386
114.06,0.000779789555394982
114.28,0.000780304783291454
114.5,0.000780818708648993
114.72,0.000781331336400755
114.94,0.000781842671455013
115.16,0.000782352718695319
115.38,0.000782861482980656
115.6,0.000783368969145593
115.82,0.000783875182000439
116.04,0.000784380126331396
116.26,0.000784883806900707
116.48,0.000785386228446807
116.7,0.000785887395684473
116.92,0.000786387313304969
117.14,0.000786885985976193
117.36,0.000787383418342826
117.58,0.000787879615026469
117.8,0.000788374580625793
118.02,0.000788868319716679
118.24,0.000789360836852354
118.46,0.00078985213656354
118.68,0.000790342223358586
118.9,0.000790831101723609
119.12,0.000791318776122628
119.34,0.000791805250997705
119.56,0.000792290530769073
119.78,0.000792774619835277
120,0.000793257522573302
