"ResDensity","N_TraitValue"
5,5.59290176292027e-05
5.07,5.66772670259862e-05
5.14,5.74245998318465e-05
5.21,5.81710177299618e-05
5.28,5.89165223993914e-05
5.35,5.96611155150887e-05
5.42,6.04047987479135e-05
5.49,6.11475737646445e-05
5.56,6.18894422279918e-05
5.63,6.26304057966094e-05
5.7,6.33704661251076e-05
5.77,6.41096248640648e-05
5.84,6.48478836600405e-05
5.91,6.55852441555871e-05
5.98,6.63217079892621e-05
6.05,6.70572767956404e-05
6.12,6.77919522053264e-05
6.19,6.85257358449657e-05
6.26,6.92586293372574e-05
6.33,6.99906343009663e-05
6.4,7.07217523509342e-05
6.47,7.14519850980923e-05
6.54,7.21813341494728e-05
6.61,7.29098011082208e-05
6.68,7.36373875736056e-05
6.75,7.43640951410334e-05
6.82,7.5089925402058e-05
6.89,7.58148799443926e-05
6.96,7.65389603519218e-05
7.03,7.72621682047129e-05
7.1,7.79845050790271e-05
7.17,7.87059725473316e-05
7.24,7.94265721783101e-05
7.31,8.01463055368753e-05
7.38,8.08651741841792e-05
7.45,8.15831796776249e-05
7.52,8.23003235708779e-05
7.59,8.3016607413877e-05
7.66,8.37320327528457e-05
7.73,8.44466011303034e-05
7.8,8.5160314085076e-05
7.87,8.58731731523077e-05
7.94,8.65851798634712e-05
8.01,8.72963357463795e-05
8.08,8.80066423251959e-05
8.15,8.87161011204458e-05
8.22,8.94247136490269e-05
8.29,9.01324814242203e-05
8.36,9.08394059557013e-05
8.43,9.15454887495499e-05
8.5,9.22507313082618e-05
8.57,9.29551351307587e-05
8.64,9.36587017123993e-05
8.71,9.43614325449896e-05
8.78,9.50633291167937e-05
8.85,9.57643929125439e-05
8.92,9.64646254134516e-05
8.99,9.71640280972175e-05
9.06,9.78626024380422e-05
9.13,9.85603499066361e-05
9.2,9.92572719702302e-05
9.27,9.99533700925863e-05
9.34,0.000100648645734007
9.41,0.000101343100351346
9.48,0.000102036735398019
9.55,0.000102729552324012
9.62,0.000103421552575893
9.69,0.000104112737596823
9.76,0.000104803108826563
9.83,0.000105492667701487
9.9,0.000106181415654588
9.97,0.000106869354115495
10.04,0.000107556484510474
10.11,0.000108242808262445
10.18,0.000108928326790988
10.25,0.000109613041512355
10.32,0.000110296953839479
10.39,0.00011098006518198
10.46,0.000111662376946182
10.53,0.000112343890535118
10.6,0.000113024607348538
10.67,0.000113704528782924
10.74,0.000114383656231494
10.81,0.000115061991084216
10.88,0.000115739534727814
10.95,0.000116416288545779
11.02,0.00011709225391838
11.09,0.000117767432222669
11.16,0.000118441824832497
11.23,0.000119115433118515
11.3,0.000119788258448191
11.37,0.000120460302185814
11.44,0.000121131565692506
11.51,0.000121802050326231
11.58,0.000122471757441802
11.65,0.000123140688390892
11.72,0.000123808844522044
11.79,0.000124476227180678
11.86,0.0001251428377091
11.93,0.000125808677446513
12,0.000126473747729024
12.07,0.000127138049889655
12.14,0.000127801585258349
12.21,0.000128464355161982
12.28,0.000129126360924368
12.35,0.000129787603866273
12.42,0.00013044808530542
12.49,0.000131107806556497
12.56,0.000131766768931171
12.63,0.000132424973738089
12.7,0.000133082422282894
12.77,0.000133739115868228
12.84,0.000134395055793746
12.91,0.000135050243356118
12.98,0.000135704679849044
13.05,0.000136358366563258
13.12,0.000137011304786539
13.19,0.000137663495803718
13.26,0.000138314940896689
13.33,0.000138965641344411
13.4,0.000139615598422926
13.47,0.000140264813405359
13.54,0.000140913287561929
13.61,0.00014156102215996
13.68,0.000142208018463886
13.75,0.00014285427773526
13.82,0.000143499801232762
13.89,0.000144144590212208
13.96,0.000144788645926559
14.03,0.000145431969625925
14.1,0.000146074562557579
14.17,0.00014671642596596
14.24,0.000147357561092683
14.31,0.000147997969176549
14.38,0.000148637651453548
14.45,0.000149276609156873
14.52,0.000149914843516923
14.59,0.000150552355761313
14.66,0.000151189147114883
14.73,0.000151825218799702
14.8,0.000152460572035081
14.87,0.000153095208037576
14.94,0.000153729128020999
15.01,0.000154362333196425
15.08,0.000154994824772198
15.15,0.00015562660395394
15.22,0.000156257671944561
15.29,0.000156888029944262
15.36,0.000157517679150545
15.43,0.000158146620758222
15.5,0.000158774855959419
15.57,0.000159402385943588
15.64,0.00016002921189751
15.71,0.000160655335005306
15.78,0.000161280756448441
15.85,0.000161905477405737
15.92,0.000162529499053374
15.99,0.0001631528225649
16.06,0.00016377544911124
16.13,0.000164397379860703
16.2,0.000165018615978985
16.27,0.000165639158629182
16.34,0.000166259008971794
16.41,0.000166878168164734
16.48,0.000167496637363333
16.55,0.000168114417720347
16.62,0.00016873151038597
16.69,0.000169347916507833
16.76,0.000169963637231016
16.83,0.000170578673698053
16.9,0.000171193027048942
16.97,0.000171806698421149
17.04,0.000172419688949615
17.11,0.000173031999766765
17.18,0.000173643632002515
17.25,0.000174254586784276
17.32,0.000174864865236965
17.39,0.000175474468483008
17.46,0.000176083397642349
17.53,0.000176691653832457
17.6,0.000177299238168333
17.67,0.000177906151762515
17.74,0.000178512395725087
17.81,0.000179117971163684
17.88,0.000179722879183499
17.95,0.000180327120887292
18.02,0.000180930697375393
18.09,0.000181533609745712
18.16,0.000182135859093744
18.23,0.000182737446512575
18.3,0.000183338373092891
18.37,0.000183938639922982
18.44,0.000184538248088749
18.51,0.000185137198673713
18.58,0.000185735492759019
18.65,0.000186333131423442
18.72,0.000186930115743397
18.79,0.000187526446792942
18.86,0.000188122125643786
18.93,0.000188717153365293
19,0.000189311531024494
19.07,0.000189905259686088
19.14,0.000190498340412449
19.21,0.000191090774263635
19.28,0.000191682562297394
19.35,0.000192273705569166
19.42,0.000192864205132095
19.49,0.000193454062037032
19.56,0.000194043277332542
19.63,0.000194631852064908
19.7,0.000195219787278143
19.77,0.000195807084013991
19.84,0.000196393743311932
19.91,0.000196979766209195
19.98,0.000197565153740757
20.05,0.000198149906939353
20.12,0.000198734026835481
20.19,0.000199317514457407
20.26,0.000199900370831176
20.33,0.000200482596980608
20.4,0.000201064193927315
20.47,0.000201645162690701
20.54,0.000202225504287968
20.61,0.000202805219734123
20.68,0.000203384310041986
20.75,0.000203962776222191
20.82,0.000204540619283196
20.89,0.000205117840231289
20.96,0.00020569444007059
21.03,0.000206270419803061
21.1,0.000206845780428508
21.17,0.000207420522944592
21.24,0.000207994648346828
21.31,0.000208568157628597
21.38,0.000209141051781147
21.45,0.000209713331793604
21.52,0.00021028499865297
21.59,0.000210856053344136
21.66,0.000211426496849886
21.73,0.000211996330150897
21.8,0.000212565554225754
21.87,0.000213134170050947
21.94,0.000213702178600882
22.01,0.000214269580847885
22.08,0.000214836377762206
22.15,0.000215402570312027
22.22,0.000215968159463466
22.29,0.000216533146180583
22.36,0.000217097531425385
22.43,0.000217661316157832
22.5,0.000218224501335843
22.57,0.000218787087915301
22.64,0.000219349076850055
22.71,0.000219910469091932
22.78,0.000220471265590737
22.85,0.000221031467294261
22.92,0.000221591075148286
22.99,0.000222150090096588
23.06,0.000222708513080947
23.13,0.000223266345041146
23.2,0.000223823586914983
23.27,0.000224380239638272
23.34,0.000224936304144847
23.41,0.000225491781366573
23.48,0.000226046672233346
23.55,0.000226600977673099
23.62,0.00022715469861181
23.69,0.000227707835973503
23.76,0.000228260390680258
23.83,0.00022881236365221
23.9,0.000229363755807561
23.97,0.000229914568062579
24.04,0.000230464801331608
24.11,0.000231014456527069
24.18,0.000231563534559467
24.25,0.000232112036337397
24.32,0.000232659962767547
24.39,0.000233207314754705
24.46,0.000233754093201761
24.53,0.000234300299009714
24.6,0.000234845933077679
24.67,0.000235390996302887
24.74,0.000235935489580694
24.81,0.000236479413804585
24.88,0.000237022769866178
24.95,0.000237565558655227
25.02,0.000238107781059633
25.09,0.000238649437965443
25.16,0.000239190530256856
25.23,0.00023973105881623
25.3,0.000240271024524084
25.37,0.000240810428259107
25.44,0.000241349270898156
25.51,0.000241887553316268
25.58,0.00024242527638666
25.65,0.000242962440980735
25.72,0.000243499047968087
25.79,0.000244035098216507
25.86,0.000244570592591983
25.93,0.000245105531958712
26,0.000245639917179097
26.07,0.000246173749113758
26.14,0.000246707028621531
26.21,0.000247239756559478
26.28,0.000247771933782887
26.35,0.00024830356114528
26.42,0.000248834639498415
26.49,0.000249365169692294
26.56,0.000249895152575162
26.63,0.000250424588993516
26.7,0.000250953479792109
26.77,0.000251481825813954
26.84,0.000252009627900327
26.91,0.000252536886890773
26.98,0.000253063603623111
27.05,0.000253589778933436
27.12,0.000254115413656126
27.19,0.000254640508623846
27.26,0.000255165064667551
27.33,0.000255689082616491
27.4,0.000256212563298217
27.47,0.000256735507538581
27.54,0.000257257916161746
27.61,0.000257779789990188
27.68,0.000258301129844696
27.75,0.000258821936544385
27.82,0.000259342210906693
27.89,0.000259861953747387
27.96,0.00026038116588057
28.03,0.000260899848118682
28.1,0.000261418001272507
28.17,0.000261935626151173
28.24,0.000262452723562163
28.31,0.000262969294311311
28.38,0.000263485339202813
28.45,0.000264000859039228
28.52,0.000264515854621481
28.59,0.000265030326748872
28.66,0.000265544276219075
28.73,0.000266057703828144
28.8,0.000266570610370517
28.87,0.000267082996639021
28.94,0.000267594863424876
29.01,0.000268106211517698
29.08,0.000268617041705501
29.15,0.000269127354774709
29.22,0.000269637151510148
29.29,0.000270146432695063
29.36,0.000270655199111111
29.43,0.000271163451538371
29.5,0.000271671190755348
29.57,0.000272178417538974
29.64,0.000272685132664614
29.71,0.000273191336906069
29.78,0.000273697031035582
29.85,0.000274202215823839
29.92,0.000274706892039975
29.99,0.000275211060451577
30.06,0.000275714721824687
30.13,0.000276217876923808
30.2,0.000276720526511908
30.27,0.000277222671350421
30.34,0.000277724312199252
30.41,0.000278225449816783
30.48,0.000278726084959875
30.55,0.000279226218383872
30.62,0.000279725850842603
30.69,0.000280224983088389
30.76,0.000280723615872046
30.83,0.000281221749942888
30.9,0.000281719386048729
30.97,0.000282216524935891
31.04,0.000282713167349203
31.11,0.00028320931403201
31.18,0.000283704965726172
31.25,0.000284200123172068
31.32,0.000284694787108604
31.39,0.000285188958273213
31.46,0.000285682637401858
31.53,0.00028617582522904
31.6,0.000286668522487795
31.67,0.000287160729909705
31.74,0.000287652448224896
31.81,0.000288143678162045
31.88,0.000288634420448381
31.95,0.000289124675809691
32.02,0.000289614444970321
32.09,0.000290103728653182
32.16,0.000290592527579752
32.23,0.000291080842470082
32.3,0.000291568674042795
32.37,0.000292056023015093
32.44,0.000292542890102761
32.51,0.000293029276020167
32.58,0.00029351518148027
32.65,0.000294000607194619
32.72,0.000294485553873361
32.79,0.000294970022225239
32.86,0.000295454012957601
32.93,0.0002959375267764
33,0.000296420564386199
33.07,0.000296903126490175
33.14,0.000297385213790117
33.21,0.000297866826986438
33.28,0.000298347966778172
33.35,0.000298828633862981
33.42,0.000299308828937154
33.49,0.000299788552695617
33.56,0.000300267805831929
33.63,0.00030074658903829
33.7,0.000301224903005545
33.77,0.000301702748423182
33.84,0.000302180125979343
33.91,0.00030265703636082
33.98,0.000303133480253062
34.05,0.000303609458340179
34.12,0.000304084971304942
34.19,0.000304560019828791
34.26,0.000305034604591832
34.33,0.000305508726272847
34.4,0.000305982385549291
34.47,0.000306455583097302
34.54,0.000306928319591697
34.61,0.00030740059570598
34.68,0.000307872412112344
34.75,0.000308343769481674
34.82,0.000308814668483549
34.89,0.000309285109786248
34.96,0.000309755094056751
35.03,0.000310224621960742
35.1,0.000310693694162615
35.17,0.000311162311325471
35.24,0.000311630474111129
35.31,0.000312098183180124
35.38,0.00031256543919171
35.45,0.000313032242803865
35.52,0.000313498594673296
35.59,0.000313964495455435
35.66,0.000314429945804451
35.73,0.000314894946373247
35.8,0.000315359497813463
35.87,0.000315823600775483
35.94,0.000316287255908436
36.01,0.000316750463860198
36.08,0.000317213225277395
36.15,0.000317675540805409
36.22,0.000318137411088378
36.29,0.000318598836769199
36.36,0.000319059818489533
36.43,0.000319520356889806
36.5,0.000319980452609214
36.57,0.000320440106285723
36.64,0.000320899318556076
36.71,0.000321358090055792
36.78,0.00032181642141917
36.85,0.000322274313279294
36.92,0.000322731766268035
36.99,0.000323188781016051
37.06,0.000323645358152795
37.13,0.000324101498306511
37.2,0.000324557202104247
37.27,0.000325012470171845
37.34,0.000325467303133957
37.41,0.000325921701614038
37.48,0.000326375666234353
37.55,0.00032682919761598
37.62,0.000327282296378811
37.69,0.000327734963141557
37.76,0.00032818719852175
37.83,0.000328639003135745
37.9,0.000329090377598723
37.97,0.000329541322524693
38.04,0.0003299918385265
38.11,0.00033044192621582
38.18,0.000330891586203168
38.25,0.000331340819097898
38.32,0.00033178962550821
38.39,0.000332238006041145
38.46,0.000332685961302597
38.53,0.000333133491897309
38.6,0.000333580598428878
38.67,0.000334027281499759
38.74,0.000334473541711264
38.81,0.000334919379663568
38.88,0.000335364795955713
38.95,0.000335809791185606
39.02,0.000336254365950024
39.09,0.000336698520844617
39.16,0.000337142256463912
39.23,0.000337585573401312
39.3,0.000338028472249103
39.37,0.000338470953598452
39.44,0.000338913018039413
39.51,0.000339354666160928
39.58,0.000339795898550833
39.65,0.000340236715795854
39.72,0.000340677118481615
39.79,0.000341117107192641
39.86,0.000341556682512355
39.93,0.000341995845023087
40,0.000342434595306072
