"ResDensity","N_TraitValue"
2,7.66842593144803e-06
2.076,7.92594592155639e-06
2.152,8.18128298744552e-06
2.228,8.43446476801987e-06
2.304,8.68551843754812e-06
2.38,8.93447071538601e-06
2.456,9.18134787545601e-06
2.532,9.42617575549101e-06
2.608,9.66897976604871e-06
2.684,9.90978489930337e-06
2.76,1.01486157376213e-05
2.836,1.03854964619266e-05
2.912,1.06204508598619e-05
2.988,1.08535023337522e-05
3.064,1.10846739083748e-05
3.14,1.13139882385423e-05
3.216,1.15414676165042e-05
3.292,1.17671339791703e-05
3.368,1.19910089151632e-05
3.444,1.2213113671703e-05
3.52,1.24334691613293e-05
3.596,1.26520959684652e-05
3.672,1.28690143558273e-05
3.748,1.30842442706859e-05
3.824,1.32978053509799e-05
3.9,1.35097169312897e-05
3.976,1.37199980486725e-05
4.052,1.39286674483629e-05
4.128,1.4135743589344e-05
4.204,1.434124464979e-05
4.28,1.45451885323859e-05
4.356,1.4747592869527e-05
4.432,1.49484750284e-05
4.508,1.51478521159513e-05
4.584,1.53457409837426e-05
4.66,1.55421582326995e-05
4.736,1.57371202177534e-05
4.812,1.59306430523816e-05
4.888,1.61227426130463e-05
4.964,1.63134345435369e-05
5.04,1.65027342592166e-05
5.116,1.66906569511766e-05
5.192,1.68772175902995e-05
5.268,1.70624309312357e-05
5.344,1.72463115162927e-05
5.42,1.74288736792417e-05
5.496,1.7610131549042e-05
5.572,1.77900990534863e-05
5.648,1.79687899227682e-05
5.724,1.81462176929742e-05
5.8,1.83223957095015e-05
5.876,1.84973371304042e-05
5.952,1.86710549296696e-05
6.028,1.88435619004251e-05
6.104,1.90148706580789e-05
6.18,1.91849936433958e-05
6.256,1.93539431255082e-05
6.332,1.95217312048663e-05
6.408,1.96883698161267e-05
6.484,1.98538707309825e-05
6.56,2.00182455609352e-05
6.636,2.01815057600103e-05
6.712,2.03436626274181e-05
6.788,2.05047273101605e-05
6.864,2.0664710805585e-05
6.94,2.08236239638883e-05
7.016,2.0981477490569e-05
7.092,2.11382819488317e-05
7.168,2.12940477619435e-05
7.244,2.14487852155433e-05
7.32,2.16025044599064e-05
7.396,2.17552155121635e-05
7.472,2.19069282584769e-05
7.548,2.20576524561742e-05
7.624,2.22073977358395e-05
7.7,2.23561736033656e-05
7.776,2.25039894419646e-05
7.852,2.26508545141412e-05
7.928,2.27967779636274e-05
8.004,2.29417688172801e-05
8.08,2.30858359869426e-05
8.156,2.32289882712704e-05
8.232,2.33712343575227e-05
8.308,2.35125828233196e-05
8.384,2.36530421383665e-05
8.46,2.37926206661456e-05
8.536,2.39313266655761e-05
8.612,2.40691682926433e-05
8.688,2.42061536019972e-05
8.764,2.43422905485212e-05
8.84,2.44775869888723e-05
8.916,2.46120506829925e-05
8.992,2.47456892955922e-05
9.068,2.4878510397607e-05
9.144,2.5010521467627e-05
9.22,2.5141729893301e-05
9.296,2.5272142972714e-05
9.372,2.54017679157411e-05
9.448,2.55306118453756e-05
9.524,2.56586817990341e-05
9.6,2.57859847298375e-05
9.676,2.591252750787e-05
9.752,2.60383169214142e-05
9.828,2.61633596781655e-05
9.904,2.62876624064243e-05
9.98,2.64112316562672e-05
10.056,2.65340739006975e-05
10.132,2.66561955367756e-05
10.208,2.67776028867295e-05
10.284,2.68983021990457e-05
10.36,2.70182996495413e-05
10.436,2.71376013424174e-05
10.512,2.7256213311294e-05
10.588,2.73741415202275e-05
10.664,2.74913918647101e-05
10.74,2.76079701726525e-05
10.816,2.77238822053489e-05
10.892,2.78391336584272e-05
10.968,2.79537301627808e-05
11.044,2.80676772854865e-05
11.12,2.81809805307053e-05
11.196,2.82936453405695e-05
11.272,2.84056770960534e-05
11.348,2.851708111783e-05
11.424,2.8627862667114e-05
11.5,2.87380269464892e-05
11.576,2.88475791007235e-05
11.652,2.89565242175695e-05
11.728,2.90648673285526e-05
11.804,2.91726134097449e-05
11.88,2.92797673825278e-05
11.956,2.93863341143406e-05
12.032,2.9492318419418e-05
12.108,2.95977250595151e-05
12.184,2.97025587446203e-05
12.26,2.98068241336569e-05
12.336,2.99105258351734e-05
12.412,3.00136684080225e-05
12.488,3.0116256362029e-05
12.564,3.02182941586474e-05
12.64,3.03197862116084e-05
12.716,3.04207368875554e-05
12.792,3.05211505066709e-05
12.868,3.06210313432926e-05
12.944,3.07203836265199e-05
13.02,3.08192115408109e-05
13.096,3.09175192265701e-05
13.172,3.1015310780726e-05
13.248,3.1112590257301e-05
13.324,3.12093616679709e-05
13.4,3.13056289826171e-05
13.476,3.14013961298688e-05
13.552,3.14966669976378e-05
13.628,3.15914454336446e-05
13.704,3.16857352459363e-05
13.78,3.17795402033969e-05
13.856,3.18728640362492e-05
13.932,3.19657104365491e-05
14.008,3.2058083058673e-05
14.084,3.21499855197969e-05
14.16,3.22414214003687e-05
14.236,3.23323942445729e-05
14.312,3.24229075607891e-05
14.388,3.25129648220424e-05
14.464,3.26025694664481e-05
14.54,3.26917248976489e-05
14.616,3.2780434485246e-05
14.692,3.28687015652237e-05
14.768,3.29565294403674e-05
14.844,3.30439213806758e-05
14.92,3.31308806237665e-05
14.996,3.32174103752759e-05
15.072,3.33035138092531e-05
15.148,3.33891940685483e-05
15.224,3.34744542651947e-05
15.3,3.35592974807855e-05
15.376,3.36437267668454e-05
15.452,3.37277451451961e-05
15.528,3.38113556083171e-05
15.604,3.38945611197007e-05
15.68,3.39773646142024e-05
15.756,3.40597689983859e-05
15.832,3.41417771508631e-05
15.908,3.42233919226295e-05
15.984,3.43046161373942e-05
16.06,3.43854525919061e-05
16.136,3.44659040562745e-05
16.212,3.45459732742854e-05
16.288,3.46256629637142e-05
16.364,3.47049758166322e-05
16.44,3.47839144997104e-05
16.516,3.48624816545183e-05
16.592,3.49406798978183e-05
16.668,3.50185118218564e-05
16.744,3.50959799946488e-05
16.82,3.5173086960264e-05
16.896,3.52498352391014e-05
16.972,3.53262273281662e-05
17.048,3.54022657013398e-05
17.124,3.54779528096472e-05
17.2,3.555329108152e-05
17.276,3.56282829230567e-05
17.352,3.5702930718278e-05
17.428,3.57772368293802e-05
17.504,3.58512035969842e-05
17.58,3.5924833340381e-05
17.656,3.59981283577742e-05
17.732,3.60710909265194e-05
17.808,3.61437233033597e-05
17.884,3.62160277246586e-05
17.96,3.62880064066295e-05
18.036,3.63596615455622e-05
18.112,3.6430995318046e-05
18.188,3.65020098811904e-05
18.264,3.65727073728424e-05
18.34,3.66430899118012e-05
18.416,3.67131595980295e-05
18.492,3.67829185128628e-05
18.568,3.68523687192151e-05
18.644,3.69215122617826e-05
18.72,3.6990351167244e-05
18.796,3.70588874444589e-05
18.872,3.71271230846629e-05
18.948,3.71950600616606e-05
19.024,3.72627003320158e-05
19.1,3.73300458352396e-05
19.176,3.73970984939756e-05
19.252,3.74638602141826e-05
19.328,3.75303328853157e-05
19.404,3.75965183805042e-05
19.48,3.76624185567278e-05
19.556,3.772803525499e-05
19.632,3.77933703004898e-05
19.708,3.78584255027905e-05
19.784,3.79232026559875e-05
19.86,3.79877035388726e-05
19.936,3.80519299150969e-05
20.012,3.81158835333318e-05
20.088,3.81795661274277e-05
20.164,3.82429794165704e-05
20.24,3.8306125105436e-05
20.316,3.83690048843437e-05
20.392,3.84316204294065e-05
20.468,3.84939734026802e-05
20.544,3.85560654523104e-05
20.62,3.86178982126779e-05
20.696,3.86794733045419e-05
20.772,3.87407923351815e-05
20.848,3.88018568985361e-05
20.924,3.88626685753429e-05
21,3.89232289332736e-05
21.076,3.8983539527069e-05
21.152,3.90436018986721e-05
21.228,3.91034175773598e-05
21.304,3.9162988079872e-05
21.38,3.92223149105405e-05
21.456,3.92813995614153e-05
21.532,3.93402435123896e-05
21.608,3.93988482313236e-05
21.684,3.94572151741664e-05
21.76,3.95153457850767e-05
21.836,3.95732414965418e-05
21.912,3.96309037294951e-05
21.988,3.96883338934329e-05
22.064,3.97455333865285e-05
22.14,3.98025035957464e-05
22.216,3.98592458969538e-05
22.292,3.99157616550319e-05
22.368,3.99720522239847e-05
22.444,4.00281189470478e-05
22.52,4.00839631567948e-05
22.596,4.0139586175243e-05
22.672,4.0194989313958e-05
22.748,4.0250173874156e-05
22.824,4.03051411468068e-05
22.9,4.03598924127334e-05
22.976,4.04144289427121e-05
23.052,4.04687519975709e-05
23.128,4.05228628282861e-05
23.204,4.05767626760789e-05
23.28,4.06304527725098e-05
23.356,4.0683934339573e-05
23.432,4.07372085897886e-05
23.508,4.07902767262944e-05
23.584,4.08431399429366e-05
23.66,4.08957994243592e-05
23.736,4.09482563460923e-05
23.812,4.10005118746401e-05
23.888,4.10525671675669e-05
23.964,4.11044233735826e-05
24.04,4.11560816326275e-05
24.116,4.12075430759557e-05
24.192,4.12588088262175e-05
24.268,4.13098799975411e-05
24.344,4.13607576956136e-05
24.42,4.14114430177604e-05
24.496,4.14619370530244e-05
24.572,4.15122408822437e-05
24.648,4.15623555781291e-05
24.724,4.161228220534e-05
24.8,4.16620218205599e-05
24.876,4.1711575472571e-05
24.952,4.1760944202328e-05
25.028,4.18101290430308e-05
25.104,4.18591310201967e-05
25.18,4.19079511517317e-05
25.256,4.19565904480006e-05
25.332,4.20050499118976e-05
25.408,4.20533305389141e-05
25.484,4.21014333172077e-05
25.56,4.21493592276693e-05
25.636,4.21971092439898e-05
25.712,4.22446843327262e-05
25.788,4.22920854533663e-05
25.864,4.23393135583939e-05
25.94,4.23863695933522e-05
26.016,4.2433254496907e-05
26.092,4.24799692009089e-05
26.168,4.25265146304555e-05
26.244,4.25728917039521e-05
26.32,4.26191013331721e-05
26.396,4.2665144423317e-05
26.472,4.27110218730752e-05
26.548,4.27567345746808e-05
26.624,4.28022834139711e-05
26.7,4.28476692704442e-05
26.776,4.28928930173153e-05
26.852,4.29379555215727e-05
26.928,4.29828576440334e-05
27.004,4.3027600239398e-05
27.08,4.30721841563044e-05
27.156,4.31166102373821e-05
27.232,4.31608793193049e-05
27.308,4.32049922328434e-05
27.384,4.32489498029173e-05
27.46,4.32927528486465e-05
27.536,4.3336402183402e-05
27.612,4.33798986148566e-05
27.688,4.34232429450341e-05
27.764,4.34664359703592e-05
27.84,4.35094784817059e-05
27.916,4.3552371264446e-05
27.992,4.35951150984968e-05
28.068,4.3637710758368e-05
28.144,4.36801590132094e-05
28.22,4.3722460626856e-05
28.296,4.37646163578748e-05
28.372,4.38066269596097e-05
28.448,4.38484931802265e-05
28.524,4.3890215762757e-05
28.6,4.39317954451435e-05
28.676,4.3973232960282e-05
28.752,4.40145290360652e-05
28.828,4.40556843954253e-05
28.904,4.40966997563758e-05
28.98,4.4137575832054e-05
29.056,4.41783133307616e-05
29.132,4.4218912956006e-05
29.208,4.42593754065405e-05
29.284,4.4299701376405e-05
29.36,4.43398915549648e-05
29.436,4.43799466269505e-05
29.512,4.4419867272497e-05
29.588,4.44596541671814e-05
29.664,4.44993079820615e-05
29.74,4.45388293837135e-05
29.816,4.45782190342694e-05
29.892,4.46174775914538e-05
29.968,4.46566057086207e-05
30.044,4.46956040347894e-05
30.12,4.4734473214681e-05
30.196,4.47732138887532e-05
30.272,4.48118266932361e-05
30.348,4.48503122601667e-05
30.424,4.48886712174234e-05
30.5,4.49269041887603e-05
30.576,4.49650117938407e-05
30.652,4.50029946482711e-05
30.728,4.50408533636337e-05
30.804,4.50785885475199e-05
30.88,4.51162008035622e-05
30.956,4.51536907314667e-05
31.032,4.51910589270451e-05
31.108,4.5228305982246e-05
31.184,4.5265432485186e-05
31.26,4.53024390201813e-05
31.336,4.53393261677778e-05
31.412,4.53760945047815e-05
31.488,4.54127446042887e-05
31.564,4.5449277035716e-05
31.64,4.54856923648293e-05
31.716,4.55219911537733e-05
31.792,4.55581739611005e-05
31.868,4.55942413417995e-05
31.944,4.56301938473239e-05
32.02,4.56660320256197e-05
32.096,4.57017564211541e-05
32.172,4.5737367574942e-05
32.248,4.57728660245741e-05
32.324,4.58082523042436e-05
32.4,4.58435269447732e-05
32.476,4.58786904736414e-05
32.552,4.59137434150089e-05
32.628,4.59486862897447e-05
32.704,4.59835196154518e-05
32.78,4.60182439064931e-05
32.856,4.6052859674016e-05
32.932,4.60873674259781e-05
33.008,4.61217676671721e-05
33.084,4.61560608992498e-05
33.16,4.6190247620747e-05
33.236,4.62243283271076e-05
33.312,4.62583035107074e-05
33.388,4.62921736608779e-05
33.464,4.63259392639296e-05
33.54,4.63596008031756e-05
33.616,4.63931587589545e-05
33.692,4.64266136086532e-05
33.768,4.64599658267294e-05
33.844,4.64932158847345e-05
33.92,4.65263642513353e-05
33.996,4.65594113923365e-05
34.072,4.65923577707021e-05
34.148,4.66252038465771e-05
34.224,4.66579500773091e-05
34.3,4.66905969174697e-05
34.376,4.67231448188748e-05
34.452,4.67555942306062e-05
34.528,4.6787945599032e-05
34.604,4.68201993678269e-05
34.68,4.68523559779927e-05
34.756,4.68844158678783e-05
34.832,4.69163794731996e-05
34.908,4.69482472270594e-05
34.984,4.69800195599667e-05
35.06,4.70116968998563e-05
35.136,4.70432796721079e-05
35.212,4.70747682995653e-05
35.288,4.71061632025549e-05
35.364,4.71374647989048e-05
35.44,4.71686735039633e-05
35.516,4.7199789730617e-05
35.592,4.72308138893093e-05
35.668,4.72617463880581e-05
35.744,4.7292587632474e-05
35.82,4.73233380257782e-05
35.896,4.73539979688193e-05
35.972,4.73845678600917e-05
36.048,4.74150480957521e-05
36.124,4.7445439069637e-05
36.2,4.74757411732794e-05
36.276,4.75059547959261e-05
36.352,4.75360803245538e-05
36.428,4.7566118143886e-05
36.504,4.7596068636409e-05
36.58,4.76259321823886e-05
36.656,4.7655709159886e-05
36.732,4.76853999447735e-05
36.808,4.77150049107508e-05
36.884,4.77445244293603e-05
36.96,4.77739588700027e-05
37.036,4.78033085999525e-05
37.112,4.78325739843733e-05
37.188,4.78617553863329e-05
37.264,4.78908531668182e-05
37.34,4.79198676847503e-05
37.416,4.79487992969992e-05
37.492,4.79776483583981e-05
37.568,4.80064152217585e-05
37.644,4.80351002378841e-05
37.72,4.80637037555853e-05
37.796,4.80922261216931e-05
37.872,4.81206676810736e-05
37.948,4.81490287766414e-05
38.024,4.81773097493734e-05
38.1,4.82055109383229e-05
38.176,4.82336326806328e-05
38.252,4.82616753115491e-05
38.328,4.82896391644342e-05
38.404,4.83175245707802e-05
38.48,4.83453318602219e-05
38.556,4.837306136055e-05
38.632,4.84007133977235e-05
38.708,4.8428288295883e-05
38.784,4.84557863773632e-05
38.86,4.84832079627053e-05
38.936,4.85105533706696e-05
39.012,4.85378229182479e-05
39.088,4.85650169206754e-05
39.164,4.85921356914435e-05
39.24,4.86191795423111e-05
39.316,4.86461487833172e-05
39.392,4.86730437227923e-05
39.468,4.86998646673703e-05
39.544,4.87266119220002e-05
39.62,4.87532857899577e-05
39.696,4.87798865728564e-05
39.772,4.88064145706595e-05
39.848,4.88328700816908e-05
39.924,4.88592534026462e-05
40,4.88855648286043e-05
