"ResDensity","N_TraitValue"
19.9323,9.66473298688666e-05
20.2931054,9.82977197194641e-05
20.6539108,9.99447893486159e-05
21.0147162,0.000101588548765587
21.3755216,0.00010322900793945
21.736327,0.000104866176799287
22.0971324,0.000106500065234391
22.4579378,0.000108130683094463
22.8187432,0.00010975804018981
23.1795486,0.000111382146291545
23.540354,0.000113003011131779
23.9011594,0.000114620644403815
24.2619648,0.000116235055762345
24.6227702,0.00011784625482364
24.9835756,0.000119454251165739
25.344381,0.000121059054328642
25.7051864,0.000122660673814496
26.0659918,0.000124259119087786
26.4267972,0.000125854399575517
26.7876026,0.000127446524667404
27.148408,0.000129035503716051
27.5092134,0.000130621346037138
27.8700188,0.000132204060909603
28.2308242,0.000133783657575821
28.5916296,0.000135360145241786
28.952435,0.000136933533077286
29.3132404,0.000138503830216087
29.6740458,0.000140071045756104
30.0348512,0.000141635188759579
30.3956566,0.000143196268253257
30.756462,0.000144754293228557
31.1172674,0.000146309272641746
31.4780728,0.000147861215414112
31.8388782,0.00014941013043213
32.1996836,0.000150956026547639
32.560489,0.000152498912578002
32.9212944,0.000154038797306281
33.2820998,0.000155575689481399
33.6429052,0.00015710959781831
34.0037106,0.000158640530998157
34.364516,0.000160168497668444
34.7253214,0.000161693506443191
35.0861268,0.000163215565903102
35.4469322,0.000164734684595723
35.8077376,0.000166250871035603
36.168543,0.00016776413370445
36.5293484,0.000169274481051294
36.8901538,0.000170781921492642
37.2509592,0.000172286463412635
37.6117646,0.000173788115163199
37.97257,0.000175286885064209
38.3333754,0.000176782781403631
38.6941808,0.000178275812437685
39.0549862,0.000179765986390991
39.4157916,0.000181253311456723
39.776597,0.000182737795796754
40.1374024,0.000184219447541814
40.4982078,0.00018569827479163
40.8590132,0.00018717428561508
41.2198186,0.000188647488050333
41.580624,0.000190117890105003
41.9414294,0.000191585499756288
42.3022348,0.000193050324951115
42.6630402,0.000194512373606286
43.0238456,0.000195971653608619
43.384651,0.000197428172815091
43.7454564,0.000198881939052976
44.1062618,0.000200332960119988
44.4670672,0.000201781243784421
44.8278726,0.000203226797785285
45.188678,0.000204669629832444
45.5494834,0.000206109747606758
45.9102888,0.000207547158760212
46.2710942,0.000208981870916056
46.6318996,0.000210413891668938
46.992705,0.000211843228585042
47.3535104,0.000213269889202215
47.7143158,0.000214693881030103
48.0751212,0.000216115211550283
48.4359266,0.000217533888216394
48.796732,0.000218949918454265
49.1575374,0.000220363309662046
49.5183428,0.000221774069210341
49.8791482,0.000223182204442327
50.2399536,0.000224587722673889
50.600759,0.000225990631193746
50.9615644,0.000227390937263572
51.3223698,0.000228788648118127
51.6831752,0.000230183770965377
52.0439806,0.000231576312986623
52.404786,0.000232966281336618
52.7655914,0.000234353683143696
53.1263968,0.000235738525509888
53.4872022,0.000237120815511048
53.8480076,0.000238500560196971
54.208813,0.000239877766591511
54.5696184,0.000241252441692705
54.9304238,0.000242624592472888
55.2912292,0.000243994225878812
55.6520346,0.000245361348831764
56.01284,0.000246725968227679
56.3736454,0.000248088090937261
56.7344508,0.000249447723806095
57.0952562,0.000250804873654764
57.4560616,0.000252159547278958
57.816867,0.000253511751449596
58.1776724,0.00025486149291293
58.5384778,0.000256208778390663
58.8992832,0.000257553614580058
59.2600886,0.000258896008154049
59.620894,0.000260235965761354
59.9816994,0.00026157349402658
60.3425048,0.000262908599550338
60.7033102,0.000264241288909347
61.0641156,0.000265571568656542
61.424921,0.000266899445321185
61.7857264,0.000268224925408969
62.1465318,0.000269548015402126
62.5073372,0.000270868721759529
62.8681426,0.000272187050916803
63.228948,0.000273503009286424
63.5897534,0.000274816603257827
63.9505588,0.000276127839197505
64.3113642,0.000277436723449118
64.6721696,0.000278743262333588
65.032975,0.000280047462149208
65.3937804,0.000281349329171738
65.7545858,0.000282648869654508
66.1153912,0.000283946089828517
66.4761966,0.000285240995902533
66.837002,0.000286533594063194
67.1978074,0.000287823890475102
67.5586128,0.000289111891280926
67.9194182,0.000290397602601497
68.2802236,0.000291681030535903
68.641029,0.000292962181161589
69.0018344,0.000294241060534454
69.3626398,0.000295517674688939
69.7234452,0.00029679202963813
70.0842506,0.00029806413137385
70.445056,0.00029933398586675
70.8058614,0.000300601599066406
71.1666668,0.00030186697690141
71.5274722,0.000303130125279462
71.8882776,0.000304391050087465
72.249083,0.000305649757191613
72.6098884,0.000306906252437483
72.9706938,0.000308160541650127
73.3314992,0.00030941263063416
73.6923046,0.00031066252517385
74.05311,0.000311910231033208
74.4139154,0.000313155753956076
74.7747208,0.000314399099666216
75.1355262,0.000315640273867395
75.4963316,0.000316879282243475
75.857137,0.000318116130458499
76.2179424,0.000319350824156777
76.5787478,0.000320583368962972
76.9395532,0.000321813770482186
77.3003586,0.000323042034300043
77.661164,0.000324268165982776
78.0219694,0.00032549217107731
78.3827748,0.000326714055111344
78.7435802,0.000327933823593439
79.1043856,0.000329151482013095
79.465191,0.000330367035840836
79.8259964,0.000331580490528294
80.1868018,0.000332791851508286
80.5476072,0.000334001124194899
80.9084126,0.000335208313983569
81.269218,0.00033641342625116
81.6300234,0.000337616466356047
81.9908288,0.000338817439638193
82.3516342,0.000340016351419228
82.7124396,0.000341213207002529
83.073245,0.000342408011673297
83.4340504,0.000343600770698636
83.7948558,0.000344791489327628
84.1556612,0.000345980172791414
84.5164666,0.000347166826303266
84.877272,0.000348351455058666
85.2380774,0.000349534064235383
85.5988828,0.000350714658993545
85.9596882,0.000351893244475716
86.3204936,0.000353069825806969
86.681299,0.000354244408094966
87.0421044,0.000355416996430023
87.4029098,0.000356587595885191
87.7637152,0.000357756211516325
88.1245206,0.000358922848362158
88.485326,0.000360087511444375
88.8461314,0.000361250205767682
89.2069368,0.000362410936319881
89.5677422,0.000363569708071937
89.9285476,0.000364726525978054
90.289353,0.000365881394975742
90.6501584,0.000367034319985889
91.0109638,0.000368185305912829
91.3717692,0.000369334357644414
91.7325746,0.000370481480052083
92.09338,0.000371626677990927
92.4541854,0.000372769956299763
92.8149908,0.000373911319801199
93.1757962,0.0003750507733017
93.5366016,0.000376188321591662
93.897407,0.000377323969445471
94.2582124,0.000378457721621576
94.6190178,0.000379589582862553
94.9798232,0.00038071955789517
95.3406286,0.000381847651430455
95.701434,0.000382973868163761
96.0622394,0.000384098212774831
96.4230448,0.00038522068992786
96.7838502,0.000386341304271565
97.1446556,0.000387460060439246
97.505461,0.000388576963048847
97.8662664,0.000389692016703027
98.2270718,0.000390805225989215
98.5878772,0.000391916595479679
98.9486826,0.000393026129731586
99.309488,0.000394133833287064
99.6702934,0.000395239710673265
100.0310988,0.000396343766402427
100.3919042,0.000397446004971933
100.7527096,0.000398546430864375
101.113515,0.000399645048547613
101.4743204,0.000400741862474837
101.8351258,0.000401836877084624
102.1959312,0.000402930096801002
102.5567366,0.000404021526033507
102.917542,0.000405111169177243
103.2783474,0.00040619903061294
103.6391528,0.000407285114707014
103.9999582,0.000408369425811626
104.3607636,0.000409451968264737
104.721569,0.000410532746390171
105.0823744,0.000411611764497667
105.4431798,0.000412689026882939
105.8039852,0.000413764537827735
106.1647906,0.000414838301599889
106.525596,0.000415910322453381
106.8864014,0.000416980604628392
107.2472068,0.000418049152351362
107.6080122,0.000419115969835041
107.9688176,0.000420181061278548
108.329623,0.000421244430867425
108.6904284,0.000422306082773694
109.0512338,0.000423366021155907
109.4120392,0.000424424250159204
109.7728446,0.000425480773915365
110.13365,0.000426535596542867
110.4944554,0.000427588722146933
110.8552608,0.000428640154819587
111.2160662,0.00042968989863971
111.5768716,0.000430737957673089
111.937677,0.000431784335972469
112.2984824,0.000432829037577609
112.6592878,0.000433872066515332
113.0200932,0.000434913426799575
113.3808986,0.000435953122431444
113.741704,0.000436991157399262
114.1025094,0.000438027535678621
114.4633148,0.000439062261232436
114.8241202,0.00044009533801099
115.1849256,0.000441126769951987
115.545731,0.000442156560980602
115.9065364,0.000443184715009533
116.2673418,0.000444211235939046
116.6281472,0.000445236127657027
116.9889526,0.000446259394039032
117.349758,0.000447281038948331
117.7105634,0.000448301066235965
118.0713688,0.000449319479740787
118.4321742,0.000450336283289512
118.7929796,0.000451351480696767
119.153785,0.000452365075765137
119.5145904,0.000453377072285213
119.8753958,0.000454387474035639
120.2362012,0.000455396284783158
120.5970066,0.000456403508282662
120.957812,0.000457409148277235
121.3186174,0.000458413208498202
121.6794228,0.000459415692665172
122.0402282,0.000460416604486088
122.4010336,0.00046141594765727
122.761839,0.000462413725863461
123.1226444,0.000463409942777873
123.4834498,0.00046440460206223
123.8442552,0.000465397707366817
124.2050606,0.000466389262330519
124.565866,0.000467379270580872
124.9266714,0.0004683677357341
125.2874768,0.000469354661395165
125.6482822,0.000470340051157809
126.0090876,0.000471323908604595
126.369893,0.000472306237306955
126.7306984,0.00047328704082523
127.0915038,0.000474266322708713
127.4523092,0.000475244086495694
127.8131146,0.000476220335713501
128.17392,0.000477195073878541
128.5347254,0.000478168304496346
128.8955308,0.000479140031061613
129.2563362,0.000480110257058243
129.6171416,0.000481078985959389
129.977947,0.000482046221227493
130.3387524,0.000483011966314325
130.6995578,0.000483976224661032
131.0603632,0.00048493899969817
131.4211686,0.000485900294845751
131.781974,0.000486860113513279
132.1427794,0.000487818459099797
132.5035848,0.000488775334993917
132.8643902,0.00048973074457387
133.2251956,0.000490684691207538
133.586001,0.0004916371782525
133.9468064,0.000492588209056067
134.3076118,0.000493537786955321
134.6684172,0.000494485915277158
135.0292226,0.000495432597338323
135.390028,0.000496377836445451
135.7508334,0.000497321635895103
136.1116388,0.000498263998973808
136.4724442,0.000499204928958097
136.8332496,0.000500144429114545
137.194055,0.000501082502699805
137.5548604,0.000502019152960649
137.9156658,0.000502954383134003
138.2764712,0.000503888196446985
138.6372766,0.000504820596116943
138.998082,0.000505751585351492
139.3588874,0.000506681167348548
139.7196928,0.000507609345296367
140.0804982,0.000508536122373584
140.4413036,0.000509461501749243
140.802109,0.000510385486582838
141.1629144,0.000511308080024347
141.5237198,0.000512229285214269
141.8845252,0.000513149105283658
142.2453306,0.000514067543354161
142.606136,0.00051498460253805
142.9669414,0.000515900285938259
143.3277468,0.00051681459664842
143.6885522,0.000517727537752896
144.0493576,0.000518639112326816
144.410163,0.00051954932343611
144.7709684,0.000520458174137544
145.1317738,0.000521365667478754
145.4925792,0.000522271806498277
145.8533846,0.00052317659422559
146.21419,0.00052408003368114
146.5749954,0.00052498212787638
146.9358008,0.000525882879813799
147.2966062,0.000526782292486961
147.6574116,0.000527680368880532
148.018217,0.000528577111970316
148.3790224,0.000529472524723289
148.7398278,0.00053036661009763
149.1006332,0.000531259371042754
149.4614386,0.000532150810499343
149.822244,0.000533040931399382
150.1830494,0.000533929736666187
150.5438548,0.000534817229214439
150.9046602,0.000535703411950217
151.2654656,0.000536588287771027
151.626271,0.000537471859565836
151.9870764,0.000538354130215101
152.3478818,0.000539235102590805
152.7086872,0.00054011477955648
153.0694926,0.000540993163967246
153.430298,0.00054187025866984
153.7911034,0.000542746066502643
154.1519088,0.000543620590295714
154.5127142,0.000544493832870819
154.8735196,0.000545365797041464
155.234325,0.000546236485612921
155.5951304,0.000547105901382261
155.9559358,0.000547974047138386
156.3167412,0.000548840925662051
156.6775466,0.000549706539725902
157.038352,0.000550570892094503
157.3991574,0.000551433985524363
157.7599628,0.000552295822763967
158.1207682,0.000553156406553805
158.4815736,0.000554015739626405
158.842379,0.000554873824706353
159.2031844,0.00055573066451033
159.5639898,0.000556586261747137
159.9247952,0.000557440619117724
160.2856006,0.00055829373931522
160.646406,0.000559145625024957
161.0072114,0.000559996278924505
161.3680168,0.000560845703683693
161.7288222,0.000561693901964642
162.0896276,0.00056254087642179
162.450433,0.000563386629701919
162.8112384,0.000564231164444189
163.1720438,0.000565074483280155
163.5328492,0.000565916588833804
163.8936546,0.000566757483721576
164.25446,0.000567597170552394
164.6152654,0.00056843565192769
164.9760708,0.000569272930441434
165.3368762,0.000570109008680155
165.6976816,0.000570943889222976
166.058487,0.000571777574641631
166.4192924,0.000572610067500502
166.7800978,0.000573441370356635
167.1409032,0.000574271485759773
167.5017086,0.00057510041625238
167.862514,0.000575928164369667
168.2233194,0.000576754732639618
168.5841248,0.000577580123583013
168.9449302,0.000578404339713461
169.3057356,0.000579227383537415
169.666541,0.000580049257554207
170.0273464,0.000580869964256068
170.3881518,0.000581689506128156
170.7489572,0.000582507885648576
171.1097626,0.000583325105288413
171.470568,0.000584141167511749
171.8313734,0.000584956074775694
172.1921788,0.000585769829530406
172.5529842,0.000586582434219117
172.9137896,0.000587393891278161
173.274595,0.000588204203136992
173.6354004,0.000589013372218213
173.9962058,0.000589821400937598
174.3570112,0.000590628291704118
174.7178166,0.000591434046919962
175.078622,0.000592238668980564
175.4394274,0.000593042160274624
175.8002328,0.000593844523184132
176.1610382,0.000594645760084396
176.5218436,0.000595445873344058
176.882649,0.000596244865325122
177.2434544,0.000597042738382979
177.6042598,0.000597839494866424
177.9650652,0.000598635137117685
178.3258706,0.000599429667472443
178.686676,0.000600223088259854
179.0474814,0.000601015401802576
179.4082868,0.000601806610416786
179.7690922,0.000602596716412206
180.1298976,0.000603385722092127
180.490703,0.000604173629753427
180.8515084,0.000604960441686597
181.2123138,0.000605746160175759
181.5731192,0.000606530787498695
181.9339246,0.000607314325926862
182.29473,0.000608096777725418
182.6555354,0.000608878145153241
183.0163408,0.000609658430462954
183.3771462,0.000610437635900944
183.7379516,0.000611215763707386
184.098757,0.000611992816116261
184.4595624,0.000612768795355381
184.8203678,0.000613543703646408
185.1811732,0.000614317543204876
185.5419786,0.000615090316240212
185.902784,0.000615862024955757
186.2635894,0.000616632671548787
186.6243948,0.000617402258210533
186.9852002,0.000618170787126205
187.3460056,0.000618938260475007
187.706811,0.000619704680430163
188.0676164,0.000620470049158936
188.4284218,0.000621234368822645
188.7892272,0.000621997641576691
189.1500326,0.000622759869570574
189.510838,0.000623521054947911
189.8716434,0.000624281199846463
190.2324488,0.000625040306398146
190.5932542,0.000625798376729059
190.9540596,0.0006265554129595
191.314865,0.000627311417203985
191.6756704,0.000628066391571269
192.0364758,0.000628820338164367
192.3972812,0.000629573259080572
192.7580866,0.000630325156411472
193.118892,0.000631076032242975
193.4796974,0.000631825888655324
193.8405028,0.000632574727723116
194.2013082,0.000633322551515325
194.5621136,0.000634069362095317
194.922919,0.00063481516152087
195.2837244,0.000635559951844195
195.6445298,0.000636303735111953
196.0053352,0.000637046513365273
196.3661406,0.000637788288639773
196.726946,0.000638529062965576
197.0877514,0.000639268838367331
197.4485568,0.000640007616864229
197.8093622,0.000640745400470024
198.1701676,0.000641482191193049
198.530973,0.000642217991036236
198.8917784,0.000642952801997131
199.2525838,0.000643686626067918
199.6133892,0.00064441946523543
199.9741946,0.000645151321481173
200.335,0.000645882196781339
