"ResDensity","N_TraitValue"
1,0.000138266305201037
1.038,0.000142868615167241
1.076,0.000147429310602398
1.114,0.000151948953390118
1.152,0.000156428095343852
1.19,0.000160867278431488
1.228,0.000165267034993957
1.266,0.000169627887958044
1.304,0.000173950351043574
1.342,0.000178234928965157
1.38,0.000182482117628642
1.418,0.000186692404322462
1.456,0.000190866267904002
1.494,0.000195004178981156
1.532,0.000199106600089217
1.57,0.000203173985863223
1.608,0.000207206783205921
1.646,0.00021120543145145
1.684,0.000215170362524894
1.722,0.00021910200109781
1.76,0.000223000764739858
1.798,0.00022686706406664
1.836,0.000230701302883863
1.874,0.000234503878327932
1.912,0.00023827518100307
1.95,0.000242015595115072
1.988,0.000245725498601789
2.026,0.000249405263260421
2.064,0.000253055254871733
2.102,0.000256675833321262
2.14,0.000260267352717603
2.178,0.000263830161507862
2.216,0.000267364602590354
2.254,0.00027087101342461
2.292,0.000274349726138789
2.33,0.000277801067634545
2.368,0.000281225359689435
2.406,0.000284622919056922
2.444,0.000287994057564053
2.482,0.000291339082206859
2.52,0.000294658295243552
2.558,0.000297951994285574
2.596,0.000301220472386545
2.634,0.000304464018129189
2.672,0.000307682915710266
2.71,0.000310877445023584
2.748,0.000314047881741129
2.786,0.000317194497392364
2.824,0.000320317559441753
2.862,0.000323417331364545
2.9,0.000326494072720874
2.938,0.000329548039228208
2.976,0.000332579482832199
3.014,0.00033558865177597
3.052,0.000338575790667882
3.09,0.000341541140547813
3.128,0.000344484938951998
3.166,0.000347407419976455
3.204,0.000350308814339045
3.242,0.000353189349440186
3.28,0.000356049249422265
3.318,0.000358888735227779
3.356,0.000361708024656237
3.394,0.000364507332419847
3.432,0.000367286870198024
3.47,0.000370046846690753
3.508,0.000372787467670825
3.546,0.000375508936034975
3.584,0.000378211451853956
3.622,0.000380895212421572
3.66,0.000383560412302687
3.698,0.000386207243380247
3.736,0.000388835894901332
3.774,0.000391446553522262
3.812,0.000394039403352777
3.85,0.000396614625999321
3.888,0.000399172400607442
3.926,0.000401712903903339
3.964,0.000404236310234559
4.002,0.000406742791609889
4.04,0.000409232517738437
4.078,0.000411705656067938
4.116,0.000414162371822293
4.154,0.000416602828038366
4.192,0.000419027185602054
4.23,0.000421435603283636
4.268,0.000423828237772442
4.306,0.000426205243710826
4.344,0.000428566773727494
4.382,0.000430912978470164
4.42,0.000433244006637606
4.458,0.000435560005011059
4.496,0.000437861118485036
4.534,0.000440147490097546
4.572,0.00044241926105973
4.61,0.000444676570784938
4.648,0.000446919556917243
4.686,0.000449148355359424
4.724,0.000451363100300411
4.762,0.000453563924242219
4.8,0.000455750958026374
4.838,0.000457924330859838
4.876,0.000460084170340462
4.914,0.000462230602481951
4.952,0.000464363751738375
4.99,0.000466483741028225
5.028,0.00046859069175802
5.066,0.000470684723845486
5.104,0.000472765955742308
5.142,0.000474834504456462
5.18,0.000476890485574147
5.218,0.000478934013281313
5.256,0.000480965200384802
5.294,0.000482984158333103
5.332,0.00048499099723674
5.37,0.000486985825888289
5.408,0.000488968751782035
5.446,0.000490939881133286
5.484,0.000492899318897335
5.522,0.000494847168788088
5.56,0.000496783533296368
5.598,0.000498708513707885
5.636,0.000500622210120905
5.674,0.000502524721463591
5.712,0.000504416145511059
5.75,0.000506296578902124
5.788,0.00050816611715576
5.826,0.000510024854687273
5.864,0.000511872884824198
5.902,0.000513710299821916
5.94,0.000515537190879009
5.978,0.000517353648152349
6.016,0.000519159760771926
6.054,0.00052095561685543
6.092,0.000522741303522581
6.13,0.000524516906909217
6.168,0.000526282512181142
6.206,0.000528038203547748
6.244,0.000529784064275398
6.282,0.000531520176700593
6.32,0.000533246622242913
6.358,0.000534963481417751
6.396,0.000536670833848823
6.434,0.000538368758280482
6.472,0.000540057332589821
6.51,0.000541736633798585
6.548,0.000543406738084877
6.586,0.000545067720794678
6.624,0.000546719656453182
6.662,0.000548362618775936
6.7,0.00054999668067981
6.738,0.000551621914293784
6.776,0.00055323839096956
6.814,0.000554846181292002
6.852,0.000556445355089416
6.89,0.000558035981443651
6.928,0.000559618128700057
6.966,0.000561191864477264
7.004,0.000562757255676822
7.042,0.000564314368492679
7.08,0.000565863268420511
7.118,0.000567404020266907
7.156,0.000568936688158407
7.194,0.000570461335550398
7.232,0.000571978025235872
7.27,0.000573486819354047
7.308,0.000574987779398853
7.346,0.000576480966227288
7.384,0.00057796644006764
7.422,0.000579444260527589
7.46,0.000580914486602176
7.498,0.000582377176681657
7.536,0.000583832388559231
7.574,0.000585280179438654
7.612,0.000586720605941732
7.65,0.000588153724115704
7.688,0.000589579589440513
7.726,0.000590998256835961
7.764,0.000592409780668767
7.802,0.000593814214759504
7.84,0.000595211612389449
7.878,0.000596602026307312
7.916,0.000597985508735879
7.954,0.000599362111378549
7.992,0.000600731885425774
8.03,0.000602094881561405
8.068,0.000603451149968945
8.106,0.000604800740337706
8.144,0.000606143701868876
8.182,0.000607480083281503
8.22,0.000608809932818382
8.258,0.000610133298251863
8.296,0.000611450226889569
8.334,0.000612760765580036
8.372,0.000614064960718266
8.41,0.000615362858251205
8.448,0.000616654503683136
8.486,0.000617939942080997
8.524,0.000619219218079625
8.562,0.000620492375886921
8.6,0.000621759459288942
8.638,0.000623020511654922
8.676,0.000624275575942218
8.714,0.00062552469470119
8.752,0.000626767910080009
8.79,0.000628005263829397
8.828,0.000629236797307302
8.866,0.000630462551483506
8.904,0.000631682566944167
8.942,0.000632896883896299
8.98,0.00063410554217219
9.018,0.000635308581233756
9.056,0.000636506040176838
9.094,0.000637697957735433
9.132,0.000638884372285876
9.17,0.000640065321850954
9.208,0.000641240844103971
9.246,0.000642410976372752
9.284,0.000643575755643596
9.322,0.000644735218565173
9.36,0.000645889401452365
9.398,0.000647038340290061
9.436,0.000648182070736894
9.474,0.000649320628128933
9.512,0.00065045404748332
9.55,0.000651582363501859
9.588,0.00065270561057456
9.626,0.000653823822783134
9.664,0.000654937033904435
9.702,0.000656045277413868
9.74,0.000657148586488736
9.778,0.00065824699401156
9.816,0.000659340532573339
9.854,0.000660429234476776
9.892,0.000661513131739458
9.93,0.000662592256096997
9.968,0.000663666639006125
10.006,0.000664736311647749
10.044,0.000665801304929974
10.082,0.000666861649491071
10.12,0.000667917375702424
10.158,0.000668968513671423
10.196,0.00067001509324433
10.234,0.000671057144009104
10.272,0.000672094695298184
10.31,0.00067312777619125
10.348,0.000674156415517932
10.386,0.000675180641860497
10.424,0.000676200483556492
10.462,0.000677215968701362
10.5,0.000678227125151027
10.538,0.00067923398052443
10.576,0.000680236562206051
10.614,0.000681234897348391
10.652,0.000682229012874423
10.69,0.000683218935480011
10.728,0.000684204691636302
10.766,0.000685186307592081
10.804,0.000686163809376106
10.842,0.000687137222799408
10.88,0.000688106573457559
10.918,0.000689071886732919
10.956,0.000690033187796849
10.994,0.000690990501611903
11.032,0.000691943852933984
11.07,0.000692893266314481
11.108,0.000693838766102374
11.146,0.00069478037644632
11.184,0.000695718121296704
11.222,0.000696652024407672
11.26,0.000697582109339137
11.298,0.00069850839945876
11.336,0.000699430917943907
11.374,0.000700349687783581
11.412,0.000701264731780333
11.45,0.00070217607255215
11.488,0.000703083732534312
11.526,0.000703987733981243
11.564,0.000704888098968322
11.602,0.000705784849393681
11.64,0.000706678006979986
11.678,0.000707567593276182
11.716,0.000708453629659235
11.754,0.000709336137335837
11.792,0.000710215137344105
11.83,0.000711090650555245
11.868,0.000711962697675211
11.906,0.000712831299246332
11.944,0.000713696475648928
11.982,0.000714558247102905
12.02,0.000715416633669325
12.058,0.00071627165525197
12.096,0.000717123331598874
12.134,0.000717971682303846
12.172,0.000718816726807976
12.21,0.000719658484401111
12.248,0.000720496974223334
12.286,0.000721332215266406
12.324,0.000722164226375204
12.362,0.000722993026249137
12.4,0.000723818633443548
12.438,0.000724641066371098
12.476,0.000725460343303135
12.514,0.000726276482371045
12.552,0.000727089501567595
12.59,0.00072789941874825
12.628,0.000728706251632481
12.666,0.000729510017805059
12.704,0.000730310734717333
12.742,0.000731108419688491
12.78,0.000731903089906807
12.818,0.000732694762430883
12.856,0.000733483454190861
12.894,0.000734269181989634
12.932,0.00073505196250404
12.97,0.00073583181228604
13.008,0.000736608747763886
13.046,0.000737382785243273
13.084,0.000738153940908482
13.122,0.000738922230823506
13.16,0.000739687670933166
13.198,0.000740450277064215
13.236,0.000741210064926426
13.274,0.000741967050113677
13.312,0.000742721248105008
13.35,0.000743472674265687
13.388,0.000744221343848246
13.426,0.000744967271993515
13.464,0.000745710473731642
13.502,0.000746450963983107
13.54,0.000747188757559712
13.578,0.000747923869165577
13.616,0.000748656313398113
13.654,0.000749386104748988
13.692,0.000750113257605083
13.73,0.000750837786249438
13.768,0.000751559704862188
13.806,0.000752279027521485
13.844,0.000752995768204418
13.882,0.000753709940787912
13.92,0.00075442155904963
13.958,0.000755130636668856
13.996,0.000755837187227369
14.034,0.000756541224210316
14.072,0.000757242761007064
14.11,0.000757941810912053
14.148,0.000758638387125635
14.186,0.000759332502754903
14.224,0.000760024170814514
14.262,0.000760713404227503
14.3,0.000761400215826089
14.338,0.000762084618352469
14.376,0.000762766624459607
14.414,0.000763446246712012
14.452,0.000764123497586515
14.49,0.000764798389473026
14.528,0.000765470934675293
14.566,0.00076614114541165
14.604,0.000766809033815756
14.642,0.000767474611937326
14.68,0.000768137891742858
14.718,0.000768798885116349
14.756,0.000769457603860005
14.794,0.000770114059694942
14.832,0.000770768264261885
14.87,0.000771420229121852
14.908,0.000772069965756836
14.946,0.000772717485570481
14.984,0.000773362799888749
15.022,0.000774005919960575
15.06,0.00077464685695853
15.098,0.000775285621979459
15.136,0.000775922226045127
15.174,0.000776556680102852
15.212,0.000777188995026129
15.25,0.000777819181615257
15.288,0.000778447250597948
15.326,0.000779073212629941
15.364,0.000779697078295602
15.402,0.000780318858108518
15.44,0.000780938562512094
15.478,0.000781556201880132
15.516,0.000782171786517412
15.554,0.000782785326660265
15.592,0.000783396832477143
15.63,0.000784006314069174
15.668,0.000784613781470725
15.706,0.000785219244649949
15.744,0.000785822713509333
15.782,0.000786424197886235
15.82,0.000787023707553418
15.858,0.000787621252219584
15.896,0.000788216841529893
15.934,0.000788810485066485
15.972,0.000789402192348994
16.01,0.000789991972835052
16.048,0.000790579835920802
16.086,0.000791165790941388
16.124,0.000791749847171452
16.162,0.000792332013825629
16.2,0.000792912300059021
16.238,0.000793490714967687
16.276,0.000794067267589111
16.314,0.000794641966902678
16.352,0.000795214821830137
16.39,0.000795785841236062
16.428,0.000796355033928313
16.466,0.000796922408658486
16.504,0.000797487974122361
16.542,0.000798051738960348
16.58,0.000798613711757927
16.618,0.000799173901046083
16.656,0.000799732315301738
16.694,0.000800288962948177
16.732,0.000800843852355476
16.77,0.000801396991840917
16.808,0.000801948389669404
16.846,0.000802498054053877
16.884,0.000803045993155719
16.922,0.000803592215085159
16.96,0.000804136727901672
16.998,0.000804679539614377
17.036,0.000805220658182429
17.074,0.000805760091515407
17.112,0.000806297847473699
17.15,0.000806833933868888
17.188,0.000807368358464123
17.226,0.000807901128974503
17.264,0.000808432253067439
17.302,0.000808961738363027
17.34,0.000809489592434413
17.378,0.00081001582280815
17.416,0.000810540436964561
17.454,0.000811063442338088
17.492,0.000811584846317649
17.53,0.000812104656246978
17.568,0.000812622879424979
17.606,0.000813139523106063
17.644,0.000813654594500483
17.682,0.000814168100774677
17.72,0.000814680049051595
17.758,0.00081519044641103
17.796,0.000815699299889943
17.834,0.000816206616482791
17.872,0.00081671240314184
17.91,0.00081721666677749
17.948,0.000817719414258585
17.986,0.000818220652412725
18.024,0.00081872038802658
18.062,0.000819218627846189
18.1,0.000819715378577269
18.138,0.000820210646885513
18.176,0.000820704439396891
18.214,0.000821196762697943
18.252,0.000821687623336072
18.29,0.000822177027819835
18.328,0.00082266498261923
18.366,0.000823151494165982
18.404,0.000823636568853828
18.442,0.000824120213038789
18.48,0.000824602433039456
18.518,0.000825083235137263
18.556,0.000825562625576756
18.594,0.000826040610565869
18.632,0.000826517196276187
18.67,0.000826992388843215
18.708,0.000827466194366639
18.746,0.000827938618910589
18.784,0.000828409668503897
18.822,0.000828879349140351
18.86,0.000829347666778955
18.898,0.000829814627344174
18.936,0.000830280236726189
18.974,0.000830744500781143
19.012,0.000831207425331387
19.05,0.000831669016165721
19.088,0.000832129279039638
19.126,0.000832588219675563
19.164,0.000833045843763089
19.202,0.000833502156959213
19.24,0.000833957164888569
19.278,0.000834410873143657
19.316,0.000834863287285076
19.354,0.000835314412841748
19.392,0.000835764255311145
19.43,0.000836212820159512
19.468,0.000836660112822088
19.506,0.000837106138703323
19.544,0.000837550903177103
19.582,0.000837994411586958
19.62,0.000838436669246279
19.658,0.000838877681438532
19.696,0.000839317453417465
19.734,0.000839755990407319
19.772,0.000840193297603035
19.81,0.000840629380170458
19.848,0.00084106424324654
19.886,0.000841497891939542
19.924,0.000841930331329237
19.962,0.000842361566467103
20,0.000842791602376524
