"ResDensity","N_TraitValue"
10,0.000275501123819115
10.06,0.000276882783392549
10.12,0.000278261740190322
10.18,0.000279638002135361
10.24,0.000281011577119657
10.3,0.000282382473004411
10.36,0.000283750697620193
10.42,0.000285116258767084
10.48,0.000286479164214825
10.54,0.000287839421702968
10.6,0.000289197038941018
10.66,0.000290552023608582
10.72,0.000291904383355514
10.78,0.000293254125802054
10.84,0.000294601258538979
10.9,0.000295945789127737
10.96,0.000297287725100596
11.02,0.000298627073960778
11.08,0.000299963843182604
11.14,0.000301298040211631
11.2,0.000302629672464789
11.26,0.000303958747330521
11.32,0.000305285272168918
11.38,0.000306609254311855
11.44,0.000307930701063126
11.5,0.000309249619698579
11.56,0.000310566017466249
11.62,0.000311879901586492
11.68,0.000313191279252114
11.74,0.000314500157628506
11.8,0.000315806543853771
11.86,0.000317110445038856
11.92,0.000318411868267681
11.98,0.000319710820597267
12.04,0.000321007309057862
12.1,0.00032230134065307
12.16,0.000323592922359977
12.22,0.000324882061129274
12.28,0.000326168763885385
12.34,0.000327453037526587
12.4,0.000328734888925139
12.46,0.000330014324927397
12.52,0.000331291352353944
12.58,0.000332565977999706
12.64,0.000333838208634071
12.7,0.000335108051001016
12.76,0.000336375511819219
12.82,0.000337640597782181
12.88,0.000338903315558343
12.94,0.000340163671791204
13,0.000341421673099436
13.06,0.000342677326077
13.12,0.000343930637293264
13.18,0.000345181613293112
13.24,0.000346430260597066
13.3,0.00034767658570139
13.36,0.000348920595078211
13.42,0.000350162295175624
13.48,0.00035140169241781
13.54,0.000352638793205141
13.6,0.000353873603914294
13.66,0.000355106130898359
13.72,0.000356336380486948
13.78,0.000357564358986304
13.84,0.000358790072679408
13.9,0.000360013527826086
13.96,0.000361234730663117
14.02,0.000362453687404337
14.08,0.000363670404240748
14.14,0.000364884887340615
14.2,0.000366097142849582
14.26,0.000367307176890764
14.32,0.000368514995564857
14.38,0.00036972060495024
14.44,0.000370924011103073
14.5,0.000372125220057405
14.56,0.000373324237825266
14.62,0.000374521070396776
14.68,0.000375715723740241
14.74,0.000376908203802249
14.8,0.000378098516507776
14.86,0.000379286667760277
14.92,0.000380472663441789
14.98,0.000381656509413023
15.04,0.000382838211513466
15.1,0.000384017775561472
15.16,0.000385195207354361
15.22,0.000386370512668512
15.28,0.000387543697259459
15.34,0.000388714766861984
15.4,0.00038988372719021
15.46,0.000391050583937695
15.52,0.000392215342777523
15.58,0.000393378009362398
15.64,0.000394538589324735
15.7,0.000395697088276747
15.76,0.000396853511810543
15.82,0.000398007865498212
15.88,0.000399160154891912
15.94,0.000400310385523964
16,0.000401458562906938
16.06,0.000402604692533739
16.12,0.000403748779877697
16.18,0.000404890830392653
16.24,0.00040603084951305
16.3,0.000407168842654009
16.36,0.000408304815211427
16.42,0.000409438772562053
16.48,0.000410570720063577
16.54,0.000411700663054715
16.6,0.00041282860685529
16.66,0.000413954556766318
16.72,0.000415078518070089
16.78,0.000416200496030253
16.84,0.000417320495891897
16.9,0.000418438522881631
16.96,0.000419554582207669
17.02,0.000420668679059907
17.08,0.000421780818610006
17.14,0.000422891006011472
17.2,0.000423999246399733
17.26,0.000425105544892222
17.32,0.000426209906588453
17.38,0.0004273123365701
17.44,0.000428412839901076
17.5,0.000429511421627608
17.56,0.000430608086778317
17.62,0.000431702840364294
17.68,0.000432795687379175
17.74,0.000433886632799217
17.8,0.000434975681583377
17.86,0.000436062838673381
17.92,0.000437148108993804
17.98,0.000438231497452144
18.04,0.000439313008938891
18.1,0.000440392648327607
18.16,0.000441470420474995
18.22,0.000442546330220974
18.28,0.00044362038238875
18.34,0.000444692581784888
18.4,0.000445762933199386
18.46,0.000446831441405743
18.52,0.000447898111161032
18.58,0.000448962947205972
18.64,0.000450025954264994
18.7,0.000451087137046315
18.76,0.000452146500242005
18.82,0.000453204048528058
18.88,0.000454259786564458
18.94,0.000455313718995252
19,0.000456365850448612
19.06,0.000457416185536909
19.12,0.000458464728856776
19.18,0.000459511484989177
19.24,0.000460556458499473
19.3,0.000461599653937489
19.36,0.00046264107583758
19.42,0.000463680728718695
19.48,0.000464718617084445
19.54,0.000465754745423167
19.6,0.000466789118207986
19.66,0.000467821739896886
19.72,0.000468852614932766
19.78,0.00046988174774351
19.84,0.000470909142742046
19.9,0.000471934804326413
19.96,0.000472958736879821
20.02,0.000473980944770715
20.08,0.000475001432352834
20.14,0.000476020203965278
20.2,0.000477037263932566
20.26,0.000478052616564696
20.32,0.000479066266157211
20.38,0.000480078216991253
20.44,0.000481088473333629
20.5,0.000482097039436868
20.56,0.000483103919539281
20.62,0.00048410911786502
20.68,0.000485112638624139
20.74,0.000486114486012651
20.8,0.000487114664212587
20.86,0.000488113177392053
20.92,0.00048911002970529
20.98,0.000490105225292732
21.04,0.00049109876828106
21.1,0.000492090662783261
21.16,0.000493080912898686
21.22,0.000494069522713105
21.28,0.000495056496298763
21.34,0.000496041837714436
21.4,0.000497025551005488
21.46,0.000498007640203924
21.52,0.000498988109328449
21.58,0.000499966962384518
21.64,0.000500944203364392
21.7,0.000501919836247196
21.76,0.000502893864998968
21.82,0.000503866293572715
21.88,0.000504837125908468
21.94,0.00050580636593333
22,0.000506774017561537
22.06,0.000507740084694503
22.12,0.000508704571220875
22.18,0.000509667481016589
22.24,0.000510628817944917
22.3,0.000511588585856518
22.36,0.000512546788589497
22.42,0.000513503429969446
22.48,0.000514458513809502
22.54,0.000515412043910396
22.6,0.000516364024060501
22.66,0.000517314458035887
22.72,0.000518263349600365
22.78,0.000519210702505542
22.84,0.000520156520490867
22.9,0.00052110080728368
22.96,0.000522043566599266
23.02,0.000522984802140898
23.08,0.000523924517599885
23.14,0.000524862716655627
23.2,0.000525799402975657
23.26,0.00052673458021569
23.32,0.000527668252019673
23.38,0.000528600422019827
23.44,0.000529531093836702
23.5,0.000530460271079217
23.56,0.000531387957344708
23.62,0.000532314156218978
23.68,0.000533238871276339
23.74,0.000534162106079662
23.8,0.000535083864180417
23.86,0.000536004149118724
23.92,0.000536922964423398
23.98,0.000537840313611988
24.04,0.000538756200190831
24.1,0.000539670627655089
24.16,0.000540583599488798
24.22,0.000541495119164909
24.28,0.000542405190145336
24.34,0.000543313815880996
24.4,0.000544220999811855
24.46,0.000545126745366969
24.52,0.000546031055964531
24.58,0.00054693393501191
24.64,0.000547835385905697
24.7,0.000548735412031746
24.76,0.000549634016765216
24.82,0.000550531203470613
24.88,0.000551426975501834
24.94,0.000552321336202208
25,0.000553214288904536
25.06,0.000554105836931134
25.12,0.000554995983593874
25.18,0.000555884732194224
25.24,0.000556772086023291
25.3,0.000557658048361857
25.36,0.000558542622480428
25.42,0.000559425811639263
25.48,0.000560307619088425
25.54,0.000561188048067812
25.6,0.000562067101807202
25.66,0.000562944783526292
25.72,0.000563821096434735
25.78,0.00056469604373218
25.84,0.000565569628608313
25.9,0.000566441854242892
25.96,0.000567312723805789
26.02,0.000568182240457028
26.08,0.000569050407346821
26.14,0.000569917227615606
26.2,0.00057078270439409
26.26,0.000571646840803279
26.32,0.000572509639954522
26.38,0.000573371104949545
26.44,0.000574231238880489
26.5,0.000575090044829946
26.56,0.000575947525870999
26.62,0.000576803685067253
26.68,0.000577658525472879
26.74,0.000578512050132642
26.8,0.000579364262081946
26.86,0.000580215164346861
26.92,0.000581064759944165
26.98,0.000581913051881379
27.04,0.000582760043156799
27.1,0.000583605736759536
27.16,0.000584450135669547
27.22,0.000585293242857672
27.28,0.000586135061285669
27.34,0.00058697559390625
27.4,0.00058781484366311
27.46,0.000588652813490968
27.52,0.000589489506315599
27.58,0.000590324925053865
27.64,0.000591159072613754
27.7,0.000591991951894409
27.76,0.000592823565786164
27.82,0.000593653917170578
27.88,0.000594483008920467
27.94,0.000595310843899937
28,0.00059613742496442
28.06,0.000596962754960701
28.12,0.000597786836726955
28.18,0.00059860967309278
28.24,0.000599431266879226
28.3,0.000600251620898831
28.36,0.00060107073795565
28.42,0.00060188862084529
28.48,0.000602705272354937
28.54,0.000603520695263393
28.6,0.000604334892341104
28.66,0.000605147866350195
28.72,0.000605959620044496
28.78,0.000606770156169577
28.84,0.000607579477462778
28.9,0.000608387586653239
28.96,0.000609194486461933
29.02,0.000610000179601693
29.08,0.000610804668777246
29.14,0.00061160795668524
29.2,0.000612410046014276
29.26,0.000613210939444939
29.32,0.000614010639649826
29.38,0.000614809149293575
29.44,0.000615606471032898
29.5,0.000616402607516606
29.56,0.000617197561385643
29.62,0.000617991335273111
29.68,0.000618783931804302
29.74,0.000619575353596726
29.8,0.00062036560326014
29.86,0.000621154683396574
29.92,0.000621942596600365
29.98,0.000622729345458181
30.04,0.000623514932549051
30.1,0.000624299360444393
30.16,0.00062508263170804
30.22,0.000625864748896274
30.28,0.000626645714557845
30.34,0.000627425531234007
30.4,0.000628204201458539
30.46,0.000628981727757779
30.52,0.000629758112650644
30.58,0.000630533358648663
30.64,0.000631307468256002
30.7,0.000632080443969489
30.76,0.000632852288278644
30.82,0.000633623003665707
30.88,0.000634392592605658
30.94,0.00063516105756625
31,0.000635928401008031
31.06,0.000636694625384376
31.12,0.000637459733141505
31.18,0.000638223726718517
31.24,0.00063898660854741
31.3,0.00063974838105311
31.36,0.000640509046653495
31.42,0.000641268607759424
31.48,0.000642027066774757
31.54,0.000642784426096385
31.6,0.000643540688114252
31.66,0.000644295855211384
31.72,0.000645049929763909
31.78,0.000645802914141086
31.84,0.000646554810705329
31.9,0.000647305621812229
31.96,0.000648055349810584
32.02,0.000648803997042416
32.08,0.000649551565843004
32.14,0.000650298058540901
32.2,0.000651043477457961
32.26,0.000651787824909365
32.32,0.000652531103203642
32.38,0.000653273314642693
32.44,0.000654014461521818
32.5,0.000654754546129735
32.56,0.000655493570748608
32.62,0.000656231537654067
32.68,0.000656968449115234
32.74,0.000657704307394743
32.8,0.000658439114748767
32.86,0.000659172873427039
32.92,0.000659905585672874
32.98,0.000660637253723195
33.04,0.000661367879808552
33.1,0.000662097466153148
33.16,0.000662826014974858
33.22,0.000663553528485256
33.28,0.000664280008889634
33.34,0.000665005458387023
33.4,0.000665729879170221
33.46,0.00066645327342581
33.52,0.000667175643334178
33.58,0.000667896991069544
33.64,0.000668617318799978
33.7,0.000669336628687423
33.76,0.000670054922887715
33.82,0.00067077220355061
33.88,0.000671488472819796
33.94,0.000672203732832924
34,0.000672917985721625
34.06,0.000673631233611528
34.12,0.000674343478622288
34.18,0.000675054722867603
34.24,0.000675764968455232
34.3,0.000676474217487024
34.36,0.00067718247205893
34.42,0.000677889734261028
34.48,0.000678596006177546
34.54,0.000679301289886877
34.6,0.000680005587461602
34.66,0.00068070890096851
34.72,0.000681411232468621
34.78,0.000682112584017201
34.84,0.000682812957663784
34.9,0.000683512355452196
34.96,0.000684210779420569
35.02,0.000684908231601364
35.08,0.000685604714021388
35.14,0.00068630022870182
35.2,0.000686994777658222
35.26,0.000687688362900564
35.32,0.000688380986433244
35.38,0.000689072650255101
35.44,0.000689763356359444
35.5,0.000690453106734061
35.56,0.000691141903361246
35.62,0.000691829748217813
35.68,0.000692516643275116
35.74,0.000693202590499072
35.8,0.000693887591850173
35.86,0.000694571649283508
35.92,0.000695254764748784
35.98,0.000695936940190341
36.04,0.000696618177547169
36.1,0.000697298478752933
36.16,0.000697977845735985
36.22,0.000698656280419383
36.28,0.000699333784720915
36.34,0.000700010360553108
36.4,0.000700686009823253
36.46,0.00070136073443342
36.52,0.000702034536280477
36.58,0.000702707417256106
36.64,0.000703379379246823
36.7,0.000704050424133994
36.76,0.000704720553793853
36.82,0.000705389770097519
36.88,0.000706058074911016
36.94,0.000706725470095287
37,0.000707391957506211
37.06,0.000708057538994624
37.12,0.000708722216406334
37.18,0.000709385991582137
37.24,0.000710048866357835
37.3,0.000710710842564253
37.36,0.000711371922027256
37.42,0.000712032106567766
37.48,0.000712691398001777
37.54,0.000713349798140373
37.6,0.000714007308789747
37.66,0.000714663931751213
37.72,0.000715319668821223
37.78,0.000715974521791387
37.84,0.000716628492448488
37.9,0.000717281582574494
37.96,0.000717933793946581
38.02,0.000718585128337144
38.08,0.000719235587513816
38.14,0.00071988517323948
38.2,0.000720533887272292
38.26,0.000721181731365688
38.32,0.000721828707268408
38.38,0.000722474816724506
38.44,0.000723120061473369
38.5,0.00072376444324973
38.56,0.000724407963783686
38.62,0.000725050624800712
38.68,0.000725692428021677
38.74,0.000726333375162859
38.8,0.000726973467935961
38.86,0.000727612708048124
38.92,0.000728251097201947
38.98,0.000728888637095496
39.04,0.000729525329422323
39.1,0.000730161175871481
39.16,0.000730796178127537
39.22,0.000731430337870588
39.28,0.000732063656776277
39.34,0.000732696136515804
39.4,0.000733327778755945
39.46,0.000733958585159064
39.52,0.000734588557383129
39.58,0.000735217697081725
39.64,0.000735846005904071
39.7,0.000736473485495031
39.76,0.00073710013749513
39.82,0.000737725963540571
39.88,0.000738350965263243
39.94,0.000738975144290743
40,0.000739598502246382
