"ResDensity","N_TraitValue"
2214.0853,0.00693040799731482
2272.5877572,0.00703814433476879
2331.0902144,0.0071436211693065
2389.5926716,0.00724690884450526
2448.0951288,0.00734807481398733
2506.597586,0.00744718378832265
2565.1000432,0.00754429787306088
2623.6025004,0.00763947669851155
2682.1049576,0.00773277754184197
2740.6074148,0.00782425544201845
2799.109872,0.00791396330807544
2857.6123292,0.00800195202116001
2916.1147864,0.00808827053076537
2974.6172436,0.00817296594553577
3033.1197008,0.00825608361899672
3091.622158,0.00833766723053844
3150.1246152,0.00841775886195619
3208.6270724,0.0084963990698295
3267.1295296,0.00857362695400173
3325.6319868,0.00864948022240287
3384.134444,0.0087239952524415
3442.6369012,0.00879720714917588
3501.1393584,0.00886914980045943
3559.6418156,0.00893985592924296
3618.1442728,0.00900935714320281
3676.64673,0.00907768398185343
3735.1491872,0.00914486596129168
3793.6516444,0.00921093161671066
3852.1541016,0.00927590854281174
3910.6565588,0.009339823432235
3969.159016,0.00940270211212051
4027.6614732,0.00946456957890573
4086.1639304,0.00952545003145742
4144.6663876,0.00958536690263034
4203.1688448,0.00964434288933937
4261.671302,0.00970239998122581
4320.1737592,0.00975955948799424
4378.6762164,0.00981584206549111
4437.1786736,0.00987126774059226
4495.6811308,0.0099258559349622
4554.183588,0.00997962548774454
4612.6860452,0.0100325946772391
4671.1885024,0.0100847812416184
4729.6909596,0.010136202398732
4788.1934168,0.0101868748650469
4846.695874,0.0102368148737652
4905.1983312,0.0102860381921631
4963.7007884,0.0103345601381876
5022.2032456,0.0103823955963495
5080.7057028,0.0104295590329465
5139.20816,0.0104760645106486
5197.7106172,0.010521925702478
5256.2130744,0.0105671559052118
5314.7155316,0.0106117680522349
5373.2179888,0.0106557747258698
5431.720446,0.0106991881692083
5490.2229032,0.0107420202974668
5548.7253604,0.0107842827088894
5607.2278176,0.0108259866952186
5665.7302748,0.0108671432517535
5724.232732,0.0109077630870145
5782.7351892,0.0109478566320324
5841.2376464,0.0109874340492788
5899.7401036,0.0110265052412541
5958.2425608,0.011065079858747
6016.745018,0.0111031673087827
6075.2474752,0.0111407767622703
6133.7499324,0.011177917161365
6192.2523896,0.0112145972265564
6250.7548468,0.0112508254634943
6309.257304,0.0112866101695647
6367.7597612,0.0113219594402252
6426.2622184,0.0113568811751105
6484.7646756,0.0113913830839176
6543.2671328,0.0114254726920809
6601.76959,0.0114591573462436
6660.2720472,0.0114924442195366
6718.7745044,0.0115253403166706
6777.2769616,0.0115578524788506
6835.7794188,0.0115899873885186
6894.281876,0.0116217515739326
6952.7843332,0.0116531514135882
7011.2867904,0.0116841931404884
7069.7892476,0.0117148828462685
7128.2917048,0.0117452264851813
7186.794162,0.0117752298779487
7245.2966192,0.0118048987154833
7303.7990764,0.0118342385624877
7362.3015336,0.0118632548609337
7420.8039908,0.0118919529334271
7479.306448,0.0119203379864631
7537.8089052,0.0119484151135747
7596.3113624,0.0119761892983803
7654.8138196,0.0120036654175322
7713.3162768,0.0120308482435715
7771.818734,0.0120577424476913
7830.3211912,0.0120843526024131
7888.8236484,0.012110683184178
7947.3261056,0.0121367385758578
8005.8285628,0.0121625230691864
8064.33102,0.0121880408671168
8122.8334772,0.0122132960861052
8181.3359344,0.0122382927583242
8239.8383916,0.0122630348338094
8298.3408488,0.0122875261825402
8356.843306,0.0123117705964573
8415.3457632,0.0123357717914206
8473.8482204,0.012359533409107
8532.3506776,0.0123830590188531
8590.8531348,0.0124063521194422
8649.355592,0.012429416140839
8707.8580492,0.0124522544458737
8766.3605064,0.0124748703318759
8824.8629636,0.0124972670322621
8883.3654208,0.0125194477180767
8941.867878,0.0125414154994885
9000.3703352,0.0125631734272451
9058.8727924,0.0125847244940844
9117.3752496,0.0126060716361076
9175.8777068,0.0126272177341123
9234.380164,0.0126481656148888
9292.8826212,0.0126689180524794
9351.3850784,0.0126894777694035
9409.8875356,0.0127098474378478
9468.3899928,0.0127300296808245
9526.89245,0.012750027073297
9585.3949072,0.0127698421432754
9643.8973644,0.0127894773728815
9702.3998216,0.0128089351993854
9760.9022788,0.0128282180162142
9819.404736,0.0128473281739334
9877.9071932,0.0128662679812018
9936.4096504,0.0128850397057017
9994.9121076,0.0129036455750434
10053.4145648,0.0129220877776472
10111.917022,0.0129403684636009
10170.4194792,0.0129584897454956
10228.9219364,0.0129764536992395
10287.4243936,0.0129942623648508
10345.9268508,0.0130119177472298
10404.429308,0.0130294218169117
10462.9317652,0.0130467765107991
10521.4342224,0.0130639837328772
10579.9366796,0.0130810453549096
10638.4391368,0.0130979632171173
10696.941594,0.0131147391288404
10755.4440512,0.0131313748691829
10813.9465084,0.013147872187642
10872.4489656,0.0131642328047212
10930.9514228,0.0131804584125283
10989.45388,0.0131965506753594
11047.9563372,0.0132125112302672
11106.4587944,0.0132283416876168
11164.9612516,0.0132440436316269
11223.4637088,0.0132596186208985
11281.966166,0.0132750681889306
11340.4686232,0.0132903938446237
11398.9710804,0.0133055970727707
11457.4735376,0.0133206793345365
11515.9759948,0.0133356420679267
11574.478452,0.0133504866882436
11632.9809092,0.0133652145885337
11691.4833664,0.0133798271400222
11749.9858236,0.0133943256925398
11808.4882808,0.0134087115749375
11866.990738,0.0134229860954928
11925.4931952,0.0134371505423067
11983.9956524,0.0134512061836906
12042.4981096,0.0134651542685454
12101.0005668,0.0134789960267309
12159.503024,0.013492732669428
12218.0054812,0.0135063653894911
12276.5079384,0.0135198953617942
12335.0103956,0.013533323743568
12393.5128528,0.0135466516747298
12452.01531,0.0135598802782064
12510.5177672,0.0135730106602492
12569.0202244,0.0135860439107428
12627.5226816,0.0135989811035062
12686.0251388,0.0136118232965883
12744.527596,0.0136245715325559
12803.0300532,0.0136372268387758
12861.5325104,0.0136497902276912
12920.0349676,0.0136622626970915
12978.5374248,0.0136746452303763
13037.039882,0.013686938796814
13095.5423392,0.0136991443517948
13154.0447964,0.0137112628370781
13212.5472536,0.0137232951810349
13271.0497108,0.0137352422988846
13329.552168,0.0137471050929271
13388.0546252,0.0137588844527703
13446.5570824,0.0137705812555521
13505.0595396,0.0137821963661583
13563.5619968,0.0137937306374358
13622.064454,0.0138051849104014
13680.5669112,0.0138165600144459
13739.0693684,0.0138278567675347
13797.5718256,0.0138390759764037
13856.0742828,0.0138502184367512
13914.57674,0.0138612849334262
13973.0791972,0.0138722762406128
14031.5816544,0.0138831931220104
14090.0841116,0.0138940363310109
14148.5865688,0.0139048066108717
14207.089026,0.013915504694886
14265.5914832,0.0139261313065488
14324.0939404,0.0139366871597202
14382.5963976,0.013947172958785
14441.0988548,0.0139575893988099
14499.601312,0.0139679371656966
14558.1037692,0.0139782169363326
14616.6062264,0.0139884293787387
14675.1086836,0.0139985751522138
14733.6111408,0.0140086549074767
14792.113598,0.0140186692868052
14850.6160552,0.0140286189241726
14909.1185124,0.0140385044453816
14967.6209696,0.0140483264681951
15026.1234268,0.0140580856024654
15084.625884,0.01406778245026
15143.1283412,0.0140774176059859
15201.6307984,0.0140869916565104
15260.1332556,0.0140965051812809
15318.6357128,0.0141059587524413
15377.13817,0.0141153529349472
15435.6406272,0.0141246882866777
15494.1430844,0.0141339653585469
15552.6455416,0.0141431846946112
15611.1479988,0.0141523468321765
15669.650456,0.0141614523019019
15728.1529132,0.0141705016279026
15786.6553704,0.0141794953278506
15845.1578276,0.0141884339130727
15903.6602848,0.0141973178886483
15962.162742,0.0142061477535038
16020.6651992,0.0142149240005064
16079.1676564,0.0142236471165558
16137.6701136,0.014232317582674
16196.1725708,0.0142409358740942
16254.675028,0.0142495024603468
16313.1774852,0.0142580178053456
16371.6799424,0.0142664823674711
16430.1823996,0.0142748965996524
16488.6848568,0.0142832609494489
16547.187314,0.0142915758591287
16605.6897712,0.0142998417657471
16664.1922284,0.0143080591012232
16722.6946856,0.0143162282924148
16781.1971428,0.0143243497611927
16839.6996,0.0143324239245128
16898.2020572,0.0143404511944881
16956.7045144,0.0143484319784584
17015.2069716,0.0143563666790592
17073.7094288,0.0143642556942897
17132.211886,0.014372099417579
17190.7143432,0.0143798982378517
17249.2168004,0.0143876525395923
17307.7192576,0.014395362702908
17366.2217148,0.0144030291035911
17424.724172,0.0144106521131803
17483.2266292,0.01441823209902
17541.7290864,0.01442576942432
17600.2315436,0.0144332644482132
17658.7340008,0.0144407175258125
17717.236458,0.0144481290082675
17775.7389152,0.0144554992428187
17834.2413724,0.0144628285728526
17892.7438296,0.0144701173379546
17951.2462868,0.0144773658739616
18009.748744,0.0144845745130133
18068.2512012,0.0144917435836034
18126.7536584,0.0144988734106291
18185.2561156,0.0145059643154404
18243.7585728,0.0145130166158881
18302.26103,0.0145200306263719
18360.7634872,0.0145270066578864
18419.2659444,0.0145339450180675
18477.7684016,0.0145408460112374
18536.2708588,0.0145477099384495
18594.773316,0.0145545370975315
18653.2757732,0.0145613277831291
18711.7782304,0.0145680822867481
18770.2806876,0.0145748008967962
18828.7831448,0.014581483898624
18887.285602,0.0145881315745653
18945.7880592,0.0145947442039772
19004.2905164,0.0146013220632787
19062.7929736,0.0146078654259899
19121.2954308,0.0146143745627691
19179.797888,0.014620849741451
19238.3003452,0.0146272912270826
19296.8028024,0.0146336992819601
19355.3052596,0.0146400741656638
19413.8077168,0.0146464161350939
19472.310174,0.0146527254445043
19530.8126312,0.014659002345537
19589.3150884,0.0146652470872555
19647.8175456,0.0146714599161778
19706.3200028,0.0146776410763084
19764.82246,0.014683790809171
19823.3249172,0.0146899093538392
19881.8273744,0.0146959969469681
19940.3298316,0.0147020538228242
19998.8322888,0.0147080802133161
20057.334746,0.0147140763480236
20115.8372032,0.0147200424542272
20174.3396604,0.0147259787569365
20232.8421176,0.0147318854789187
20291.3445748,0.0147377628407265
20349.847032,0.0147436110607252
20408.3494892,0.0147494303551203
20466.8519464,0.0147552209379837
20525.3544036,0.0147609830212801
20583.8568608,0.0147667168148929
20642.359318,0.0147724225266498
20700.8617752,0.0147781003623473
20759.3642324,0.0147837505257765
20817.8666896,0.0147893732187464
20876.3691468,0.0147949686411087
20934.871604,0.014800536990781
20993.3740612,0.0148060784637704
21051.8765184,0.0148115932541966
21110.3789756,0.014817081554314
21168.8814328,0.0148225435545349
21227.38389,0.0148279794434507
21285.8863472,0.0148333894078541
21344.3888044,0.0148387736327604
21402.8912616,0.0148441323014283
21461.3937188,0.0148494655953814
21519.896176,0.0148547736944277
21578.3986332,0.0148600567766809
21636.9010904,0.0148653150185792
21695.4035476,0.014870548594906
21753.9060048,0.0148757576788085
21812.408462,0.0148809424418172
21870.9109192,0.0148861030538644
21929.4133764,0.0148912396833033
21987.9158336,0.0148963524969256
22046.4182908,0.0149014416599802
22104.920748,0.0149065073361907
22163.4232052,0.0149115496877729
22221.9256624,0.0149165688754521
22280.4281196,0.0149215650584806
22338.9305768,0.0149265383946539
22397.433034,0.0149314890403278
22455.9354912,0.0149364171504347
22514.4379484,0.0149413228784995
22572.9404056,0.0149462063766558
22631.4428628,0.0149510677956616
22689.94532,0.0149559072849147
22748.4477772,0.0149607249924681
22806.9502344,0.0149655210650451
22865.4526916,0.0149702956480541
22923.9551488,0.0149750488856035
22982.457606,0.0149797809205159
23040.9600632,0.0149844918943427
23099.4625204,0.0149891819473779
23157.9649776,0.0149938512186723
23216.4674348,0.0149984998460473
23274.969892,0.015003127966108
23333.4723492,0.0150077357142573
23391.9748064,0.0150123232247082
23450.4772636,0.0150168906304978
23508.9797208,0.0150214380634993
23567.482178,0.0150259656544354
23625.9846352,0.0150304735328903
23684.4870924,0.0150349618273223
23742.9895496,0.015039430665076
23801.4920068,0.0150438801723944
23859.994464,0.0150483104744305
23918.4969212,0.0150527216952594
23976.9993784,0.0150571139578896
24035.5018356,0.0150614873842748
24094.0042928,0.0150658420953246
24152.50675,0.0150701782109162
24211.0092072,0.0150744958499052
24269.5116644,0.0150787951301363
24328.0141216,0.0150830761684543
24386.5165788,0.0150873390807144
24445.019036,0.0150915839817931
24503.5214932,0.0150958109855977
24562.0239504,0.0151000202050777
24620.5264076,0.0151042117522335
24679.0288648,0.0151083857381274
24737.531322,0.015112542272893
24796.0337792,0.0151166814657447
24854.5362364,0.0151208034249877
24913.0386936,0.015124908258027
24971.5411508,0.0151289960713771
25030.043608,0.0151330669706709
25088.5460652,0.0151371210606692
25147.0485224,0.0151411584452692
25205.5509796,0.0151451792275137
25264.0534368,0.0151491835095999
25322.555894,0.0151531713928877
25381.0583512,0.0151571429779086
25439.5608084,0.0151610983643742
25498.0632656,0.0151650376511842
25556.5657228,0.0151689609364348
25615.06818,0.0151728683174271
25673.5706372,0.0151767598906747
25732.0730944,0.0151806357519118
25790.5755516,0.0151844959961015
25849.0780088,0.0151883407174428
25907.580466,0.0151921700093787
25966.0829232,0.0151959839646038
26024.5853804,0.0151997826750716
26083.0878376,0.015203566232002
26141.5902948,0.0152073347258887
26200.092752,0.015211088246506
26258.5952092,0.0152148268829164
26317.0976664,0.0152185507234776
26375.6001236,0.015222259855849
26434.1025808,0.0152259543669991
26492.605038,0.0152296343432121
26551.1074952,0.0152332998700945
26609.6099524,0.015236951032582
26668.1124096,0.0152405879149459
26726.6148668,0.0152442106007994
26785.117324,0.0152478191731044
26843.6197812,0.0152514137141776
26902.1222384,0.0152549943056968
26960.6246956,0.0152585610287071
27019.1271528,0.0152621139636268
27077.62961,0.015265653190254
27136.1320672,0.0152691787877719
27194.6345244,0.0152726908347552
27253.1369816,0.0152761894091757
27311.6394388,0.0152796745884081
27370.141896,0.0152831464492358
27428.6443532,0.0152866050678564
27487.1468104,0.0152900505198874
27545.6492676,0.0152934828803718
27604.1517248,0.015296902223783
27662.654182,0.015300308624031
27721.1566392,0.0153037021544672
27779.6590964,0.0153070828878897
27838.1615536,0.0153104508965485
27896.6640108,0.0153138062521511
27955.166468,0.0153171490258669
28013.6689252,0.0153204792883327
28072.1713824,0.0153237971096574
28130.6738396,0.0153271025594273
28189.1762968,0.0153303957067104
28247.678754,0.0153336766200617
28306.1812112,0.0153369453675278
28364.6836684,0.0153402020166517
28423.1861256,0.015343446634477
28481.6885828,0.0153466792875532
28540.19104,0.0153499000419397
28598.6934972,0.0153531089632104
28657.1959544,0.0153563061164586
28715.6984116,0.0153594915663007
28774.2008688,0.015362665376881
28832.703326,0.015365827611876
28891.2057832,0.0153689783344984
28949.7082404,0.0153721176075016
29008.2106976,0.0153752454931837
29066.7131548,0.0153783620533916
29125.215612,0.0153814673495253
29183.7180692,0.0153845614425417
29242.2205264,0.0153876443929584
29300.7229836,0.0153907162608583
29359.2254408,0.015393777105893
29417.727898,0.0153968269872865
29476.2303552,0.0153998659638396
29534.7328124,0.0154028940939333
29593.2352696,0.0154059114355325
29651.7377268,0.0154089180461899
29710.240184,0.0154119139830495
29768.7426412,0.0154148993028503
29827.2450984,0.0154178740619299
29885.7475556,0.0154208383162281
29944.2500128,0.0154237921212901
30002.75247,0.0154267355322702
30061.2549272,0.0154296686039355
30119.7573844,0.0154325913906687
30178.2598416,0.015435503946472
30236.7622988,0.01543840632497
30295.264756,0.0154412985794134
30353.7672132,0.0154441807626818
30412.2696704,0.0154470529272875
30470.7721276,0.0154499151253781
30529.2745848,0.01545276740874
30587.777042,0.0154556098288014
30646.2794992,0.0154584424366355
30704.7819564,0.0154612652829636
30763.2844136,0.0154640784181577
30821.7868708,0.0154668818922441
30880.289328,0.0154696757549059
30938.7917852,0.0154724600554863
30997.2942424,0.0154752348429911
31055.7966996,0.0154780001660921
31114.2991568,0.0154807560731293
31172.801614,0.0154835026121142
31231.3040712,0.0154862398307326
31289.8065284,0.0154889677763469
31348.3089856,0.0154916864959994
31406.8114428,0.0154943960364146
31465.3139,0.0154970964440021
