"ResDensity","N_TraitValue"
1226900,138.88347411677
1300784.2,146.173344055654
1374668.4,153.357668252644
1448552.6,160.438722435415
1522436.8,167.418717374274
1596321,174.299801183384
1670205.2,181.084061524841
1744089.4,187.773527720369
1817973.6,194.370172775103
1891857.8,200.875915317709
1965742,207.292621460855
2039626.2,213.622106585809
2113510.4,219.866137054753
2187394.6,226.026431854214
2261278.8,232.104664172812
2335163,238.102462916379
2409047.2,244.021414163318
2482931.4,249.863062562944
2556815.6,255.628912679391
2630699.8,261.320430283544
2704584,266.939043595322
2778468.2,272.486144478531
2852352.4,277.963089590374
2926236.6,283.371201487634
3000120.8,288.711769691395
3074005,293.98605171213
3147889.2,299.195274036847
3221773.4,304.340633079934
3295657.6,309.42329609924
3369541.8,314.444402078879
3443426,319.405062580146
3517310.2,324.306362561888
3591194.4,329.149361171601
3665078.6,333.93509250846
3738962.8,338.664566359445
3812847,343.338768909653
3886731.2,347.958663427858
3960615.4,352.525190928307
4034499.6,357.039270809717
4108383.8,361.50180147238
4182268,365.913660914244
4256152.2,370.275707306807
4330036.4,374.588779551614
4403920.6,378.853697818112
4477804.8,383.071264063588
4551689,387.242262535893
4625573.2,391.367460259597
4699457.4,395.447607506218
4773341.6,399.483438249133
4847225.8,403.475670603743
4921110,407.425007253444
4994994.2,411.332135861954
5068878.4,415.197729472478
5142762.6,419.022446894213
5216646.8,422.806933076664
5290531,426.551819472195
5364415.2,430.257724387274
5438299.4,433.925253322797
5512183.6,437.554999303897
5586067.8,441.147543199607
5659952,444.703454032754
5733836.2,448.223289280414
5807720.4,451.707595165267
5881604.6,455.156906938183
5955488.8,458.571749152322
6029373,461.952635929073
6103257.2,465.300071216086
6177141.4,468.61454903769
6251025.6,471.896553737951
6324909.8,475.146560216614
6398794,478.365034158186
6472678.2,481.552432254378
6546562.4,484.709202420137
6620446.6,487.835784003475
6694330.8,490.932607989317
6768215,494.000097197547
6842099.2,497.038666475456
6915983.4,500.048722884771
6989867.6,503.030665883446
7063751.8,505.984887502381
7137636,508.911772517236
7211520.2,511.811698615498
7285404.4,514.685036558951
7359288.6,517.532150341696
7433172.8,520.353397343872
7507057,523.149128481196
7580941.2,525.919688350471
7654825.4,528.665415371178
7728709.6,531.386641923276
7802593.8,534.083694481338
7876478,536.756893745118
7950362.2,539.406554766672
8024246.4,542.032987074142
8098130.6,544.636494792287
8172014.8,547.217376759883
8245899,549.775926644069
8319783.2,552.312433051739
8393667.4,554.827179638066
8467551.6,557.32044521225
8541435.8,559.792503840557
8615320,562.243624946756
8689204.2,564.674073409998
8763088.4,567.084109660238
8836972.6,569.473989771265
8910856.8,571.843965551398
8984741,574.194284631937
9058625.2,576.52519055341
9132509.4,578.836922849704
9206393.6,581.129717130118
9280277.8,583.403805159415
9354162,585.659414935916
9428046.2,587.896770767706
9501930.4,590.11609334699
9575814.6,592.317599822661
9649698.8,594.501503871129
9723583,596.668015765457
9797467.2,598.817342442847
9871351.4,600.949687570535
9945235.6,603.065251610124
10019119.8,605.164231880407
10093004,607.246822618714
10166888.2,609.313215040835
10240772.4,611.363597399543
10314656.6,613.398155041765
10388540.8,615.417070464439
10462425,617.420523369074
10536309.2,619.408690715078
10610193.4,621.381746771859
10684077.6,623.339863169746
10757961.8,625.283208949757
10831846,627.211950612245
10905730.2,629.126252164453
10979614.4,631.026275167001
11053498.6,632.912178779343
11127382.8,634.784119804206
11201267,636.642252731054
11275151.2,638.486729778588
11349035.4,640.317700936314
11422919.6,642.135314005203
11496803.8,643.93971463746
11570688,645.731046375435
11644572.2,647.509450689687
11718456.4,649.275067016227
11792340.6,651.028032792961
11866224.8,652.768483495357
11940109,654.496552671343
12013993.2,656.212371975467
12087877.4,657.916071202336
12161761.6,659.607778319341
12235645.8,661.287619498703
12309530,662.955719148836
12383414.2,664.612199945069
12457298.4,666.25718285971
12531182.6,667.890787191506
12605066.8,669.513130594477
12678951,671.124329106164
12752835.2,672.7244971753
12826719.4,674.313747688902
12900603.6,675.892191998827
12974487.8,677.459939947772
13048372,679.017099894763
13122256.2,680.563778740111
13196140.4,682.100081949885
13270024.6,683.626113579882
13343908.8,685.141976299118
13417793,686.647771412856
13491677.2,688.143598885177
13565561.4,689.629557361096
13639445.6,691.105744188254
13713329.8,692.57225543817
13787214,694.029185927091
13861098.2,695.476629236418
13934982.4,696.914677732754
14008866.6,698.343422587541
14082750.8,699.762953796337
14156635,701.17336019771
14230519.2,702.574729491768
14304403.4,703.967148258342
14378287.6,705.350701974815
14452171.8,706.725475033614
14526056,708.091550759368
14599940.2,709.449011425745
14673824.4,710.79793827197
14747708.6,712.138411519028
14821592.8,713.470510385572
14895477,714.794313103527
14969361.2,716.109896933404
15043245.4,717.417338179332
15117129.6,718.716712203813
15191013.8,720.008093442198
15264898,721.291555416905
15338782.2,722.567170751372
15412666.4,723.835011183752
15486550.6,725.095147580364
15560434.8,726.3476499489
15634319,727.592587451383
15708203.2,728.830028416904
15782087.4,730.06004035412
15855971.6,731.282689963532
15929855.8,732.498043149542
16003740,733.706165032295
16077624.2,734.907119959309
16151508.4,736.100971516903
16225392.6,737.287782541414
16299276.8,738.467615130229
16373161,739.640530652608
16447045.2,740.806589760332
16520929.4,741.965852398152
16594813.6,743.118377814064
16668697.8,744.264224569405
16742582,745.403450548766
16816466.2,746.536112969748
16890350.4,747.662268392531
16964234.6,748.7819727293
17038118.8,749.89528125349
17112003,751.002248608885
17185887.2,752.102928818558
17259771.4,753.19737529366
17333655.6,754.285640842058
17407539.8,755.367777676831
17481424,756.44383742462
17555308.2,757.513871133834
17629192.4,758.577929282732
17703076.6,759.636061787349
17776960.8,760.688318009314
17850845,761.734746763515
17924729.2,762.775396325656
17998613.4,763.810314439674
18072497.6,764.839548325048
18146381.8,765.863144683974
18220266,766.881149708435
18294150.2,767.893609087143
18368034.4,768.900568012381
18441918.6,769.902071186723
18515802.8,770.898162829651
18589687,771.88888668406
18663571.2,772.874286022669
18737455.4,773.854403654312
18811339.6,774.829281930143
18885223.8,775.798962749736
18959108,776.763487567087
19032992.2,777.722897396519
19106876.4,778.677232818499
19180760.6,779.626533985361
19254644.8,780.570840626931
19328529,781.510192056075
19402413.2,782.444627174155
19476297.4,783.374184476394
19550181.6,784.298902057169
19624065.8,785.21881761521
19697950,786.133968458725
19771834.2,787.044391510444
19845718.4,787.950123312584
19919602.6,788.851200031739
19993486.8,789.747657463694
20067371,790.639531038162
20141255.2,791.526855823458
20215139.4,792.40966653109
20289023.6,793.287997520286
20362907.8,794.161882802456
20436792,795.031356045574
20510676.2,795.896450578512
20584560.4,796.757199395291
20658444.6,797.613635159278
20732328.8,798.465790207317
20806213,799.313696553804
20880097.2,800.157385894687
20953981.4,800.996889611423
21027865.6,801.832238774868
21101749.8,802.663464149106
21175634,803.490596195231
21249518.2,804.313665075064
21323402.4,805.132700654822
21397286.6,805.947732508728
21471170.8,806.758789922574
21545055,807.565901897226
21618939.2,808.369097152082
21692823.4,809.168404128476
21766707.6,809.96385099304
21840591.8,810.755465641009
21914476,811.543275699481
21988360.2,812.327308530635
22062244.4,813.107591234896
22136128.6,813.884150654057
22210012.8,814.657013374358
22283897,815.426205729523
22357781.2,816.191753803744
22431665.4,816.953683434637
22505549.6,817.712020216142
22579433.8,818.466789501397
22653318,819.218016405555
22727202.2,819.965725808574
22801086.4,820.709942357964
22874970.6,821.450690471496
22948854.8,822.187994339868
23022739,822.921877929344
23096623.2,823.652364984347
23170507.4,824.379479030022
23244391.6,825.103243374761
23318275.8,825.823681112691
23392160,826.540815126136
23466044.2,827.254668088035
23539928.4,827.96526246433
23613812.6,828.672620516331
23687696.8,829.37676430303
23761581,830.077715683404
23835465.2,830.775496318668
23909349.4,831.470127674515
23983233.6,832.161631023309
24057117.8,832.850027446264
24131002,833.535337835581
24204886.2,834.217582896562
24278770.4,834.896783149698
24352654.6,835.572958932727
24426538.8,836.246130402658
24500423,836.916317537781
24574307.2,837.58354013964
24648191.4,838.247817834982
24722075.6,838.909170077686
24795959.8,839.567616150655
24869844,840.2231751677
24943728.2,840.875866075379
25017612.4,841.52570765483
25091496.6,842.172718523568
25165380.8,842.816917137266
25239265,843.458321791508
25313149.2,844.096950623522
25387033.4,844.732821613888
25460917.6,845.365952588228
25534801.8,845.996361218869
25608686,846.624065026489
25682570.2,847.249081381742
25756454.4,847.871427506854
25830338.6,848.491120477213
25904222.8,849.108177222926
25978107,849.72261453036
26051991.2,850.334449043667
26125875.4,850.943697266286
26199759.6,851.550375562426
26273643.8,852.154500158532
26347528,852.756087144731
26421412.2,853.355152476262
26495296.4,853.951711974885
26569180.6,854.545781330274
26643064.8,855.137376101394
26716949,855.726511717857
26790833.2,856.313203481266
26864717.4,856.897466566536
26938601.6,857.47931602321
27012485.8,858.058766776739
27086370,858.635833629772
27160254.2,859.210531263406
27234138.4,859.782874238435
27308022.6,860.352876996581
27381906.8,860.920553861707
27455791,861.485919041015
27529675.2,862.048986626237
27603559.4,862.609770594799
27677443.6,863.168284810983
27751327.8,863.724543027065
27825212,864.278558884449
27899096.2,864.830345914776
27972980.4,865.379917541032
28046864.6,865.927287078631
28120748.8,866.472467736495
28194633,867.015472618112
28268517.2,867.556314722589
28342401.4,868.095006945689
28416285.6,868.631562080856
28490169.8,869.165992820225
28564054,869.698311755628
28637938.2,870.228531379577
28711822.4,870.756664086245
28785706.6,871.282722172434
28859590.8,871.806717838521
28933475,872.328663189411
29007359.2,872.848570235462
29081243.4,873.366450893412
29155127.6,873.882316987282
29229011.8,874.396180249284
29302896,874.908052320705
29376780.2,875.417944752789
29450664.4,875.925869007604
29524548.6,876.4318364589
29598432.8,876.935858392962
29672317,877.437946009447
29746201.2,877.938110422211
29820085.4,878.436362660133
29893969.6,878.932713667925
29967853.8,879.42717430693
30041738,879.919755355918
30115622.2,880.410467511868
30189506.4,880.899321390742
30263390.6,881.386327528251
30337274.8,881.871496380611
30411159,882.354838325294
30485043.2,882.836363661763
30558927.4,883.316082612209
30632811.6,883.794005322271
30706695.8,884.270141861752
30780580,884.744502225326
30854464.2,885.21709633324
30928348.4,885.687934031998
31002232.6,886.157025095058
31076116.8,886.624379223492
31150001,887.090006046669
31223885.2,887.553915122909
31297769.4,888.016115940137
31371653.6,888.476617916532
31445537.8,888.935430401169
31519422,889.392562674644
31593306.2,889.848023949707
31667190.4,890.30182337188
31741074.6,890.753970020064
31814958.8,891.20447290715
31888843,891.653340980616
31962727.2,892.10058312312
32036611.4,892.546208153083
32110495.6,892.990224825272
32184379.8,893.432641831372
32258264,893.873467800554
32332148.2,894.312711300035
32406032.4,894.750380835631
32479916.6,895.186484852313
32553800.8,895.62103173474
32627685,896.054029807806
32701569.2,896.485487337167
32775453.4,896.915412529765
32849337.6,897.343813534354
32923221.8,897.77069844201
32997106,898.196075286641
33070990.2,898.619952045494
33144874.4,899.04233663965
33218758.6,899.463236934522
33292642.8,899.882660740338
33366527,900.300615812626
33440411.2,900.717109852694
33514295.4,901.132150508101
33588179.6,901.545745373125
33662063.8,901.957901989228
33735948,902.368627845512
33809832.2,902.777930379176
33883716.4,903.185816975958
33957600.6,903.592294970589
34031484.8,903.997371647225
34105369,904.401054239885
34179253.2,904.803349932882
34253137.4,905.204265861247
34327021.6,905.603809111155
34400905.8,906.001986720336
34474790,906.398805678496
34548674.2,906.79427292772
34622558.4,907.188395362879
34696442.6,907.581179832032
34770326.8,907.972633136818
34844211,908.362762032856
34918095.2,908.751573230127
34991979.4,909.13907339336
35065863.6,909.525269142418
35139747.8,909.910167052668
35213632,910.293773655357
35287516.2,910.676095437982
35361400.4,911.057138844657
35435284.6,911.43691027647
35509168.8,911.815416091849
35583053,912.192662606908
35656937.2,912.568656095807
35730821.4,912.943402791094
35804705.6,913.31690888405
35878589.8,913.689180525034
35952474,914.060223823816
36026358.2,914.430044849912
36100242.4,914.798649632918
36174126.6,915.166044162836
36248010.8,915.532234390394
36321895,915.897226227377
36395779.2,916.261025546935
36469663.4,916.623638183905
36543547.6,916.98506993512
36617431.8,917.345326559718
36691316,917.704413779449
36765200.2,918.062337278976
36839084.4,918.419102706178
36912968.6,918.774715672444
36986852.8,919.129181752967
37060737,919.482506487041
37134621.2,919.834695378341
37208505.4,920.185753895216
37282389.6,920.535687470968
37356273.8,920.884501504134
37430158,921.232201358762
37504042.2,921.578792364688
37577926.4,921.924279817808
37651810.6,922.268668980345
37725694.8,922.611965081121
37799579,922.954173315817
37873463.2,923.295298847238
37947347.4,923.63534680557
38021231.6,923.974322288641
38095115.8,924.312230362173
38169000,924.649076060035
