"ResDensity","N_TraitValue"
1,0.00161845454770587
1.068,0.0016912200475781
1.136,0.00176091228405139
1.204,0.00182772193028112
1.272,0.00189182420587878
1.34,0.00195338041140522
1.408,0.00201253928357951
1.476,0.00206943819517447
1.544,0.00212420421997599
1.612,0.00217695508018402
1.68,0.00222779999112147
1.748,0.00227684041600689
1.816,0.00232417074176777
1.884,0.00236987888536596
1.952,0.00241404683883061
2.02,0.00245675116010741
2.088,0.00249806341590602
2.156,0.00253805058193458
2.224,0.00257677540522952
2.292,0.00261429673270381
2.36,0.00265066980953187
2.428,0.00268594655055326
2.496,0.00272017578749926
2.564,0.00275340349451831
2.632,0.00278567299419057
2.7,0.00281702514597296
2.768,0.00284749851879821
2.836,0.00287712954936102
2.904,0.0029059526874572
2.972,0.00293400052959458
3.04,0.0029613039419653
3.108,0.00298789217375474
3.176,0.00301379296166156
3.244,0.00303903262641411
3.312,0.00306363616198908
3.38,0.00308762731816829
3.448,0.00311102867700676
3.516,0.00313386172372957
3.584,0.00315614691252542
3.652,0.00317790372766038
3.72,0.00319915074029558
3.788,0.00321990566135716
3.856,0.00324018539077477
3.924,0.00326000606337634
3.992,0.00327938309170109
4.06,0.0032983312059695
4.128,0.00331686449142812
4.196,0.0033349964232682
4.264,0.00335273989929998
4.332,0.00337010727054932
4.4,0.00338711036992893
4.468,0.00340376053912441
4.536,0.00342006865382313
4.604,0.0034360451474041
4.672,0.00345170003319725
4.74,0.00346704292541177
4.808,0.00348208305882559
4.876,0.00349682930732066
4.944,0.00351129020134217
5.012,0.00352547394435391
5.08,0.00353938842835657
5.148,0.00355304124853044
5.216,0.00356643971705986
5.284,0.00357959087619205
5.352,0.0035925015105795
5.42,0.00360517815895124
5.488,0.00361762712515532
5.556,0.00362985448861147
5.624,0.00364186611421063
5.692,0.00365366766169492
5.76,0.00366526459454983
5.828,0.00367666218843781
5.896,0.00368786553920072
5.964,0.0036988795704565
6.032,0.00370970904081408
6.1,0.00372035855072851
6.168,0.00373083254901718
6.236,0.00374113533905651
6.304,0.00375127108467723
6.372,0.00376124381577519
6.44,0.00377105743365365
6.508,0.00378071571611185
6.576,0.00379022232229389
6.644,0.00379958079731087
6.712,0.00380879457664873
6.78,0.00381786699037314
6.848,0.00382680126714231
6.916,0.00383560053803794
6.984,0.00384426784022375
7.052,0.00385280612044068
7.12,0.00386121823834712
7.188,0.00386950696971213
7.256,0.00387767500946925
7.324,0.00388572497463781
7.392,0.00389365940711847
7.46,0.00390148077636931
7.528,0.00390919148196823
7.596,0.00391679385606744
7.664,0.00392429016574515
7.732,0.0039316826152596
7.8,0.00393897334820991
7.868,0.0039461644496085
7.936,0.003953257947869
8.004,0.00396025581671385
8.072,0.00396715997700519
8.14,0.00397397229850272
8.208,0.00398069460155191
8.276,0.00398732865870569
8.344,0.00399387619628266
8.412,0.00400033889586478
8.48,0.00400671839573721
8.548,0.00401301629227289
8.616,0.00401923414126428
8.684,0.00402537345920475
8.752,0.0040314357245216
8.82,0.00403742237876301
8.888,0.00404333482774088
8.956,0.00404917444263134
9.024,0.00405494256103494
9.092,0.00406064048799806
9.16,0.00406626949699733
9.228,0.00407183083088845
9.296,0.00407732570282109
9.364,0.00408275529712112
9.432,0.00408812077014159
9.5,0.00409342325108378
9.568,0.00409866384278947
9.636,0.00410384362250559
9.704,0.0041089636426225
9.772,0.00411402493138677
9.84,0.00411902849358962
9.908,0.00412397531123195
9.976,0.00412886634416682
10.044,0.00413370253072036
10.112,0.0041384847882919
10.18,0.0041432140139341
10.248,0.00414789108491395
10.316,0.00415251685925529
10.384,0.00415709217626349
10.452,0.00416161785703322
10.52,0.00416609470493962
10.588,0.00417052350611378
10.656,0.00417490502990289
10.724,0.00417924002931582
10.792,0.00418352924145453
10.86,0.00418777338793189
10.928,0.00419197317527642
10.996,0.00419612929532436
11.064,0.00420024242559962
11.132,0.004204313229682
11.2,0.00420834235756404
11.268,0.00421233044599706
11.336,0.00421627811882658
11.404,0.00422018598731769
11.472,0.00422405465047054
11.54,0.00422788469532643
11.608,0.00423167669726481
11.676,0.00423543122029138
11.744,0.00423914881731776
11.812,0.00424283003043296
11.88,0.00424647539116687
11.948,0.00425008542074611
12.016,0.00425366063034246
12.084,0.0042572015213142
12.152,0.00426070858544044
12.22,0.00426418230514883
12.288,0.00426762315373677
12.356,0.00427103159558645
12.424,0.00427440808637367
12.492,0.00427775307327104
12.56,0.00428106699514533
12.628,0.00428435028274944
12.696,0.00428760335890904
12.764,0.00429082663870414
12.832,0.00429402052964559
12.9,0.00429718543184684
12.968,0.00430032173819107
13.036,0.00430342983449373
13.104,0.00430651009966079
13.172,0.00430956290584272
13.24,0.00431258861858436
13.308,0.00431558759697085
13.376,0.00431856019376969
13.444,0.00432150675556906
13.512,0.00432442762291255
13.58,0.00432732313043034
13.648,0.00433019360696703
13.716,0.00433303937570609
13.784,0.00433586075429123
13.852,0.00433865805494452
13.92,0.00434143158458162
13.988,0.00434418164492401
14.056,0.00434690853260842
14.124,0.00434961253929349
14.192,0.00435229395176377
14.26,0.00435495305203109
14.328,0.00435759011743347
14.396,0.0043602054207315
14.464,0.00436279923020242
14.532,0.00436537180973187
14.6,0.00436792341890334
14.668,0.00437045431308554
14.736,0.00437296474351755
14.804,0.004375454957392
14.872,0.00437792519793617
14.94,0.00438037570449122
15.008,0.00438280671258947
15.076,0.00438521845402988
15.144,0.00438761115695172
15.212,0.00438998504590651
15.28,0.0043923403419283
15.348,0.0043946772626022
15.416,0.0043969960221315
15.484,0.00439929683140301
15.552,0.00440157989805107
15.62,0.00440384542651997
15.688,0.00440609361812502
15.756,0.00440832467111214
15.824,0.00441053878071616
15.892,0.00441273613921777
15.96,0.00441491693599919
16.028,0.00441708135759854
16.096,0.00441922958776309
16.164,0.00442136180750122
16.232,0.00442347819513328
16.3,0.00442557892634127
16.368,0.00442766417421752
16.436,0.00442973410931215
16.504,0.00443178889967964
16.572,0.00443382871092428
16.64,0.00443585370624465
16.708,0.00443786404647719
16.776,0.00443985989013873
16.844,0.0044418413934682
16.912,0.00444380871046737
16.98,0.00444576199294077
17.048,0.00444770139053472
17.116,0.00444962705077558
17.184,0.00445153911910711
17.252,0.00445343773892712
17.32,0.00445532305162333
17.388,0.00445719519660845
17.456,0.00445905431135454
17.524,0.00446090053142667
17.592,0.00446273399051587
17.66,0.00446455482047141
17.728,0.00446636315133241
17.796,0.00446815911135876
17.864,0.0044699428270615
17.932,0.00447171442323249
18,0.00447347402297353
18.068,0.00447522174772486
18.136,0.00447695771729311
18.204,0.00447868204987869
18.272,0.00448039486210257
18.34,0.00448209626903265
18.408,0.00448378638420944
18.476,0.00448546531967139
18.544,0.00448713318597962
18.612,0.00448879009224217
18.68,0.00449043614613784
18.748,0.00449207145393947
18.816,0.00449369612053683
18.884,0.00449531024945907
18.952,0.00449691394289667
19.02,0.00449850730172304
19.088,0.00450009042551564
19.156,0.00450166341257676
19.224,0.00450322635995384
19.292,0.00450477936345945
19.36,0.00450632251769084
19.428,0.00450785591604917
19.496,0.00450937965075837
19.564,0.00451089381288359
19.632,0.00451239849234937
19.7,0.00451389377795743
19.768,0.00451537975740416
19.836,0.00451685651729772
19.904,0.00451832414317493
19.972,0.00451978271951774
20.04,0.00452123232976943
20.108,0.0045226730563506
20.176,0.00452410498067467
20.244,0.00452552818316335
20.312,0.00452694274326157
20.38,0.00452834873945236
20.448,0.00452974624927133
20.516,0.00453113534932088
20.584,0.00453251611528429
20.652,0.00453388862193938
20.72,0.00453525294317205
20.788,0.00453660915198954
20.856,0.00453795732053342
20.924,0.00453929752009244
20.992,0.00454062982111504
21.06,0.00454195429322172
21.128,0.00454327100521717
21.196,0.00454458002510218
21.264,0.00454588142008532
21.332,0.00454717525659451
21.4,0.00454846160028825
21.468,0.00454974051606676
21.536,0.00455101206808291
21.604,0.00455227631975292
21.672,0.0045535333337669
21.74,0.00455478317209924
21.808,0.00455602589601879
21.876,0.00455726156609883
21.944,0.00455849024222698
22.012,0.00455971198361483
22.08,0.00456092684880744
22.148,0.00456213489569273
22.216,0.00456333618151067
22.284,0.00456453076286229
22.352,0.00456571869571859
22.42,0.0045669000354293
22.488,0.00456807483673143
22.556,0.00456924315375777
22.624,0.00457040504004519
22.692,0.00457156054854279
22.76,0.00457270973162
22.828,0.00457385264107443
22.896,0.0045749893281397
22.964,0.00457611984349307
23.032,0.004577244237263
23.1,0.0045783625590365
23.168,0.00457947485786649
23.236,0.00458058118227892
23.304,0.00458168158027988
23.372,0.00458277609936247
23.44,0.00458386478651371
23.508,0.00458494768822119
23.576,0.00458602485047977
23.644,0.00458709631879801
23.712,0.00458816213820464
23.78,0.00458922235325483
23.848,0.00459027700803643
23.916,0.00459132614617604
23.984,0.00459236981084507
24.052,0.00459340804476564
24.12,0.0045944408902164
24.188,0.00459546838903829
24.256,0.00459649058264019
24.324,0.00459750751200444
24.392,0.00459851921769239
24.46,0.00459952573984973
24.528,0.00460052711821182
24.596,0.00460152339210896
24.664,0.00460251460047144
24.732,0.00460350078183474
24.8,0.0046044819743444
24.868,0.00460545821576103
24.936,0.00460642954346511
25.004,0.00460739599446177
25.072,0.00460835760538548
25.14,0.00460931441250471
25.208,0.00461026645172646
25.276,0.00461121375860075
25.344,0.00461215636832506
25.412,0.0046130943157487
25.48,0.00461402763537708
25.548,0.00461495636137594
25.616,0.00461588052757554
25.684,0.00461680016747477
25.752,0.00461771531424517
25.82,0.00461862600073494
25.888,0.00461953225947286
25.956,0.00462043412267218
26.024,0.0046213316222344
26.092,0.00462222478975308
26.16,0.00462311365651752
26.228,0.0046239982535164
26.296,0.00462487861144142
26.364,0.00462575476069082
26.432,0.00462662673137288
26.5,0.00462749455330939
26.568,0.00462835825603901
26.636,0.00462921786882068
26.704,0.00463007342063687
26.772,0.00463092494019687
26.84,0.00463177245593997
26.908,0.00463261599603866
26.976,0.00463345558840175
27.044,0.00463429126067742
27.112,0.00463512304025627
27.18,0.00463595095427431
27.248,0.00463677502961593
27.316,0.00463759529291678
27.384,0.00463841177056666
27.452,0.00463922448871235
27.52,0.00464003347326038
27.588,0.0046408387498798
27.656,0.00464164034400492
27.724,0.00464243828083793
27.792,0.00464323258535159
27.86,0.00464402328229179
27.928,0.00464481039618019
27.996,0.00464559395131668
28.064,0.00464637397178192
28.132,0.00464715048143981
28.2,0.0046479235039399
28.268,0.00464869306271982
28.336,0.00464945918100761
28.404,0.00465022188182411
28.472,0.00465098118798521
28.54,0.00465173712210417
28.608,0.00465248970659383
28.676,0.00465323896366885
28.744,0.00465398491534789
28.812,0.00465472758345576
28.88,0.00465546698962556
28.948,0.00465620315530076
29.016,0.00465693610173729
29.084,0.0046576658500056
29.152,0.00465839242099263
29.22,0.00465911583540385
29.288,0.00465983611376522
29.356,0.00466055327642511
29.424,0.00466126734355623
29.492,0.00466197833515753
29.56,0.00466268627105603
29.628,0.00466339117090872
29.696,0.00466409305420434
29.764,0.00466479194026518
29.832,0.00466548784824885
29.9,0.00466618079715007
29.968,0.00466687080580234
30.036,0.00466755789287967
30.104,0.0046682420768983
30.172,0.0046689233762183
30.24,0.00466960180904526
30.308,0.00467027739343188
30.376,0.00467095014727961
30.444,0.00467162008834019
30.512,0.00467228723421724
30.58,0.00467295160236778
30.648,0.00467361321010377
30.716,0.0046742720745936
30.784,0.00467492821286362
30.852,0.00467558164179951
30.92,0.00467623237814783
30.988,0.00467688043851739
31.056,0.0046775258393807
31.124,0.00467816859707533
31.192,0.00467880872780531
31.26,0.0046794462476425
31.328,0.00468008117252789
31.396,0.004680713518273
31.464,0.00468134330056113
31.532,0.0046819705349487
31.6,0.00468259523686648
31.668,0.00468321742162093
31.736,0.00468383710439536
31.804,0.00468445430025125
31.872,0.00468506902412942
31.94,0.00468568129085123
32.008,0.00468629111511982
32.076,0.00468689851152124
32.144,0.00468750349452562
32.212,0.00468810607848835
32.28,0.00468870627765117
32.348,0.00468930410614334
32.416,0.00468989957798271
32.484,0.00469049270707682
32.552,0.00469108350722402
32.62,0.0046916719921145
32.688,0.00469225817533134
32.756,0.00469284207035161
32.824,0.00469342369054734
32.892,0.00469400304918659
32.96,0.00469458015943443
33.028,0.00469515503435393
33.096,0.00469572768690719
33.164,0.00469629812995626
33.232,0.00469686637626415
33.3,0.00469743243849573
33.368,0.00469799632921873
33.436,0.00469855806090462
33.504,0.00469911764592957
33.572,0.00469967509657533
33.64,0.00470023042503012
33.708,0.00470078364338957
33.776,0.00470133476365754
33.844,0.00470188379774702
33.912,0.00470243075748097
33.98,0.00470297565459321
34.048,0.0047035185007292
34.116,0.00470405930744691
34.184,0.00470459808621761
34.252,0.00470513484842673
34.32,0.00470566960537462
34.388,0.00470620236827734
34.456,0.00470673314826748
34.524,0.0047072619563949
34.592,0.00470778880362751
34.66,0.00470831370085205
34.728,0.00470883665887479
34.796,0.00470935768842232
34.864,0.00470987680014226
34.932,0.004710394004604
35,0.00471090931229938
