"ResDensity","N_TraitValue"
5,2.44450598006261e-06
5.99,2.82336792861624e-06
6.98,3.17596634545558e-06
7.97,3.50494071077924e-06
8.96,3.81258827959741e-06
9.95,4.10091780490209e-06
10.94,4.37169344862501e-06
11.93,4.62647090944873e-06
12.92,4.86662733076422e-06
13.91,5.09338620322429e-06
14.9,5.30783821269516e-06
15.89,5.51095878345068e-06
16.88,5.70362291204865e-06
17.87,5.88661776779516e-06
18.86,6.06065344250368e-06
19.85,6.22637215909955e-06
20.84,6.384356190829e-06
21.83,6.53513469690174e-06
22.82,6.67918964368265e-06
23.81,6.81696095104088e-06
24.8,6.94885097962608e-06
25.79,7.0752284554861e-06
26.78,7.19643191265157e-06
27.77,7.31277272137386e-06
28.76,7.42453775905449e-06
29.75,7.5319917721036e-06
30.74,7.6353794696633e-06
31.73,7.73492738405067e-06
32.72,7.83084552769117e-06
33.71,7.92332887204926e-06
34.7,8.01255867047358e-06
35.69,8.09870364384311e-06
36.68,8.18192104533342e-06
37.67,8.262357618441e-06
38.66,8.34015046054446e-06
39.65,8.41542780269386e-06
40.64,8.48830971495797e-06
41.63,8.55890874549081e-06
42.62,8.6273305004716e-06
43.61,8.69367417120357e-06
44.6,8.75803301390443e-06
45.59,8.82049478706939e-06
46.58,8.88114215072009e-06
47.57,8.94005303135922e-06
48.56,8.99730095601888e-06
49.55,9.05295535841375e-06
50.54,9.10708185987956e-06
51.53,9.1597425274866e-06
52.52,9.21099611146312e-06
53.51,9.26089826383784e-06
54.5,9.3095017400123e-06
55.49,9.35685658479795e-06
56.48,9.40301030429712e-06
57.47,9.44800802486879e-06
58.46,9.49189264029742e-06
59.45,9.53470494817367e-06
60.44,9.57648377639859e-06
61.43,9.61726610063561e-06
62.42,9.65708715345728e-06
63.41,9.69598052586394e-06
64.4,9.73397826178897e-06
65.39,9.77111094614964e-06
66.38,9.80740778695191e-06
67.37,9.84289669191256e-06
68.36,9.87760434002098e-06
69.35,9.91155624842629e-06
70.34,9.94477683500225e-06
71.33,9.97728947691231e-06
72.32,1.000911656547e-05
73.31,1.00402795575651e-05
74.3,1.00707990239044e-05
75.29,1.01006946942934e-05
76.28,1.01299855001709e-05
77.27,1.01586896145863e-05
78.26,1.01868244897997e-05
79.25,1.02144068926663e-05
80.24,1.02414529379566e-05
81.23,1.02679781197518e-05
82.22,1.02939973410426e-05
83.21,1.03195249416498e-05
84.2,1.03445747245778e-05
85.19,1.03691599809012e-05
86.18,1.03932935132804e-05
87.17,1.04169876581921e-05
88.16,1.04402543069568e-05
89.15,1.04631049256387e-05
90.14,1.04855505738869e-05
91.13,1.0507601922784e-05
92.12,1.05292692717627e-05
93.11,1.05505625646449e-05
94.1,1.05714914048592e-05
95.09,1.05920650698817e-05
96.08,1.06122925249496e-05
97.07,1.06321824360862e-05
98.06,1.06517431824816e-05
99.05,1.06709828682615e-05
100.04,1.06899093336831e-05
101.03,1.07085301657871e-05
102.02,1.07268527085389e-05
103.01,1.07448840724858e-05
104,1.07626311439574e-05
104.99,1.07801005938342e-05
105.98,1.07972988859084e-05
106.97,1.08142322848577e-05
107.96,1.08309068638538e-05
108.95,1.08473285118246e-05
109.94,1.08635029403886e-05
110.93,1.08794356904779e-05
111.92,1.08951321386677e-05
112.91,1.09105975032244e-05
113.9,1.09258368498905e-05
114.89,1.09408550974163e-05
115.88,1.09556570228534e-05
116.87,1.09702472666204e-05
117.86,1.09846303373536e-05
118.85,1.09988106165515e-05
119.84,1.10127923630257e-05
120.83,1.10265797171643e-05
121.82,1.10401767050205e-05
122.81,1.10535872422317e-05
123.8,1.10668151377791e-05
124.79,1.10798640975944e-05
125.78,1.10927377280219e-05
126.77,1.11054395391406e-05
127.76,1.11179729479554e-05
128.75,1.11303412814617e-05
129.74,1.11425477795897e-05
130.73,1.11545955980341e-05
131.72,1.11664878109736e-05
132.71,1.11782274136865e-05
133.7,1.11898173250658e-05
134.69,1.12012603900383e-05
135.68,1.12125593818933e-05
136.67,1.12237170045232e-05
137.66,1.12347358945806e-05
138.65,1.12456186235555e-05
139.64,1.1256367699776e-05
140.63,1.12669855703359e-05
141.62,1.12774746229517e-05
142.61,1.12878371877529e-05
143.6,1.12980755390074e-05
144.59,1.13081918967861e-05
145.58,1.1318188428567e-05
146.57,1.13280672507842e-05
147.56,1.1337830430321e-05
148.55,1.13474799859521e-05
149.54,1.1357017889735e-05
150.53,1.13664460683538e-05
151.52,1.13757664044162e-05
152.51,1.13849807377072e-05
153.5,1.13940908663998e-05
154.49,1.14030985482246e-05
155.48,1.14120055016005e-05
156.47,1.14208134067278e-05
157.46,1.14295239066444e-05
158.45,1.1438138608248e-05
159.44,1.14466590832843e-05
160.43,1.14550868693028e-05
161.42,1.14634234705817e-05
162.41,1.14716703590234e-05
163.4,1.14798289750204e-05
164.39,1.14879007282945e-05
165.38,1.14958869987082e-05
166.37,1.15037891370517e-05
167.36,1.15116084658041e-05
168.35,1.15193462798716e-05
169.34,1.15270038473021e-05
170.33,1.15345824099781e-05
171.32,1.15420831842879e-05
172.31,1.1549507361777e-05
173.3,1.15568561097784e-05
174.29,1.1564130572025e-05
175.28,1.15713318692429e-05
176.27,1.15784610997267e-05
177.26,1.15855193398985e-05
178.25,1.1592507644849e-05
179.24,1.15994270488639e-05
180.23,1.16062785659338e-05
181.22,1.16130631902498e-05
182.21,1.16197818966844e-05
183.2,1.16264356412581e-05
184.19,1.16330253615935e-05
185.18,1.16395519773553e-05
186.17,1.16460163906784e-05
187.16,1.16524194865833e-05
188.15,1.16587621333807e-05
189.14,1.1665045183063e-05
190.13,1.16712694716868e-05
191.12,1.16774358197432e-05
192.11,1.16835450325186e-05
193.1,1.16895979004451e-05
194.09,1.16955951994415e-05
195.08,1.17015376912452e-05
196.07,1.17074261237339e-05
197.06,1.17132612312405e-05
198.05,1.17190437348573e-05
199.04,1.17247743427338e-05
200.03,1.17304537503655e-05
201.02,1.17360826408754e-05
202.01,1.17416616852876e-05
203,1.17471915427944e-05
203.99,1.17526728610158e-05
204.98,1.17581062762521e-05
205.97,1.17634924137305e-05
206.96,1.17688318878447e-05
207.95,1.17741253023886e-05
208.94,1.17793732507837e-05
209.93,1.17845763163014e-05
210.92,1.17897350722786e-05
211.91,1.17948500823285e-05
212.9,1.17999219005457e-05
213.89,1.18049510717067e-05
214.88,1.18099381314646e-05
215.87,1.18148836065393e-05
216.86,1.18197880149032e-05
217.85,1.18246518659618e-05
218.84,1.18294756607302e-05
219.83,1.1834259892005e-05
220.82,1.18390050445326e-05
221.81,1.1843711595172e-05
222.8,1.18483800130556e-05
223.79,1.18530107597444e-05
224.78,1.18576042893804e-05
225.77,1.18621610488347e-05
226.76,1.18666814778532e-05
227.75,1.18711660091971e-05
228.74,1.18756150687819e-05
229.73,1.18800290758114e-05
230.72,1.18844084429103e-05
231.71,1.18887535762517e-05
232.7,1.18930648756838e-05
233.69,1.18973427348518e-05
234.68,1.19015875413178e-05
235.67,1.19057996766781e-05
236.66,1.19099795166776e-05
237.65,1.19141274313211e-05
238.64,1.19182437849828e-05
239.63,1.19223289365132e-05
240.62,1.19263832393429e-05
241.61,1.19304070415847e-05
242.6,1.19344006861337e-05
243.59,1.19383645107638e-05
244.58,1.19422988482239e-05
245.57,1.19462040263303e-05
246.56,1.1950080368058e-05
247.55,1.195392819163e-05
248.54,1.1957747810604e-05
249.53,1.19615395339575e-05
250.52,1.19653036661718e-05
251.51,1.19690405073126e-05
252.5,1.19727503531105e-05
253.49,1.19764334950386e-05
254.48,1.19800902203889e-05
255.47,1.1983720812347e-05
256.46,1.19873255500653e-05
257.45,1.19909047087345e-05
258.44,1.19944585596538e-05
259.43,1.19979873702989e-05
260.42,1.20014914043898e-05
261.41,1.2004970921956e-05
262.4,1.20084261794012e-05
263.39,1.20118574295659e-05
264.38,1.20152649217893e-05
265.37,1.20186489019698e-05
266.36,1.2022009612624e-05
267.35,1.20253472929444e-05
268.34,1.20286621788568e-05
269.33,1.20319545030752e-05
270.32,1.20352244951566e-05
271.31,1.20384723815545e-05
272.3,1.20416983856708e-05
273.29,1.20449027279072e-05
274.28,1.20480856257156e-05
275.27,1.2051247293647e-05
276.26,1.20543879433997e-05
277.25,1.20575077838668e-05
278.24,1.20606070211823e-05
279.23,1.20636858587666e-05
280.22,1.20667444973711e-05
281.21,1.20697831351215e-05
282.2,1.2072801967561e-05
283.19,1.2075801187692e-05
284.18,1.20787809860171e-05
285.17,1.20817415505798e-05
286.16,1.2084683067004e-05
287.15,1.20876057185323e-05
288.14,1.20905096860647e-05
289.13,1.20933951481957e-05
290.12,1.20962622812505e-05
291.11,1.20991112593217e-05
292.1,1.21019422543039e-05
293.09,1.21047554359285e-05
294.08,1.21075509717976e-05
295.07,1.21103290274173e-05
296.06,1.21130897662305e-05
297.05,1.21158333496485e-05
298.04,1.21185599370832e-05
299.03,1.21212696859772e-05
300.02,1.21239627518346e-05
301.01,1.21266392882506e-05
302,1.21292994469405e-05
302.99,1.2131943377769e-05
303.98,1.21345712287775e-05
304.97,1.21371831462123e-05
305.96,1.21397792745517e-05
306.95,1.21423597565322e-05
307.94,1.21449247331754e-05
308.93,1.21474743438128e-05
309.92,1.21500087261119e-05
310.91,1.21525280161004e-05
311.9,1.21550323481907e-05
312.89,1.21575218552038e-05
313.88,1.21599966683929e-05
314.87,1.21624569174662e-05
315.86,1.216490273061e-05
316.85,1.21673342345104e-05
317.84,1.21697515543756e-05
318.83,1.21721548139574e-05
319.82,1.21745441355718e-05
320.81,1.21769196401205e-05
321.8,1.21792814471109e-05
322.79,1.21816296746758e-05
323.78,1.21839644395938e-05
324.77,1.21862858573083e-05
325.76,1.21885940419465e-05
326.75,1.2190889106338e-05
327.74,1.21931711620335e-05
328.73,1.21954403193227e-05
329.72,1.2197696687252e-05
330.71,1.21999403736422e-05
331.7,1.22021714851053e-05
332.69,1.22043901270617e-05
333.68,1.22065964037569e-05
334.67,1.22087904182773e-05
335.66,1.22109722725668e-05
336.65,1.22131420674423e-05
337.64,1.22152999026095e-05
338.63,1.22174458766778e-05
339.62,1.22195800871755e-05
340.61,1.22217026305646e-05
341.6,1.22238136022554e-05
342.59,1.22259130966207e-05
343.58,1.22280012070098e-05
344.57,1.22300780257624e-05
345.56,1.22321436442223e-05
346.55,1.22341981527507e-05
347.54,1.22362416407393e-05
348.53,1.22382741966236e-05
349.52,1.2240295907895e-05
350.51,1.22423068611143e-05
351.5,1.2244307141923e-05
352.49,1.22462968350563e-05
353.48,1.22482760243547e-05
354.47,1.22502447927757e-05
355.46,1.22522032224057e-05
356.45,1.22541513944711e-05
357.44,1.22560893893496e-05
358.43,1.22580172865814e-05
359.42,1.22599351648799e-05
360.41,1.22618431021428e-05
361.4,1.22637411754619e-05
362.39,1.22656294611342e-05
363.38,1.22675080346717e-05
364.37,1.2269376970812e-05
365.36,1.22712363435273e-05
366.35,1.2273086226035e-05
367.34,1.2274926690807e-05
368.33,1.2276757809579e-05
369.32,1.22785796533603e-05
370.31,1.22803922924423e-05
371.3,1.22821957964081e-05
372.29,1.22839902341412e-05
373.28,1.22857756738343e-05
374.27,1.22875521829978e-05
375.26,1.22893198284686e-05
376.25,1.22910786764181e-05
377.24,1.22928287923609e-05
378.23,1.22945702411626e-05
379.22,1.22963030870478e-05
380.21,1.22980273936083e-05
381.2,1.22997432238105e-05
382.19,1.23014506400035e-05
383.18,1.23031497039263e-05
384.17,1.23048404767151e-05
385.16,1.23065230189113e-05
386.15,1.23081973904681e-05
387.14,1.23098636507577e-05
388.13,1.23115218585788e-05
389.12,1.23131720721627e-05
390.11,1.23148143491811e-05
391.1,1.23164487467518e-05
392.09,1.23180753214461e-05
393.08,1.23196941292951e-05
394.07,1.2321305225796e-05
395.06,1.23229086659184e-05
396.05,1.23245045041108e-05
397.04,1.23260927943066e-05
398.03,1.23276735899303e-05
399.02,1.23292469439033e-05
400.01,1.23308129086499e-05
401,1.23323715361034e-05
401.99,1.23339228777111e-05
402.98,1.23354669844408e-05
403.97,1.2337003906786e-05
404.96,1.23385336947712e-05
405.95,1.23400563979577e-05
406.94,1.23415720654488e-05
407.93,1.23430807458952e-05
408.92,1.23445824874997e-05
409.91,1.23460773380232e-05
410.9,1.23475653447889e-05
411.89,1.23490465546879e-05
412.88,1.23505210141838e-05
413.87,1.23519887693177e-05
414.86,1.23534498657129e-05
415.85,1.23549043485798e-05
416.84,1.23563522627203e-05
417.83,1.23577936525326e-05
418.82,1.23592285620157e-05
419.81,1.23606570347739e-05
420.8,1.23620791140211e-05
421.79,1.23634948425851e-05
422.78,1.23649042629124e-05
423.77,1.23663074170718e-05
424.76,1.23677043467588e-05
425.75,1.23690950933001e-05
426.74,1.2370479697657e-05
427.73,1.237185820043e-05
428.72,1.23732306418627e-05
429.71,1.23745970618452e-05
430.7,1.23759574999185e-05
431.69,1.23773119952784e-05
432.68,1.23786605867786e-05
433.67,1.2380003312935e-05
434.66,1.23813402119294e-05
435.65,1.23826713216126e-05
436.64,1.23839966795085e-05
437.63,1.23853163228173e-05
438.62,1.23866302884192e-05
439.61,1.23879386128775e-05
440.6,1.23892413324426e-05
441.59,1.23905384830546e-05
442.58,1.23918301003473e-05
443.57,1.23931162196508e-05
444.56,1.23943968759953e-05
445.55,1.23956721041141e-05
446.54,1.23969419384464e-05
447.53,1.23982064131408e-05
448.52,1.23994655620585e-05
449.51,1.24007194187756e-05
450.5,1.2401968016587e-05
451.49,1.24032113885085e-05
452.48,1.24044495672805e-05
453.47,1.24056825853701e-05
454.46,1.24069104749746e-05
455.45,1.24081332680238e-05
456.44,1.24093509961833e-05
457.43,1.24105636908565e-05
458.42,1.24117713831882e-05
459.41,1.24129741040663e-05
460.4,1.24141718841252e-05
461.39,1.24153647537482e-05
462.38,1.24165527430698e-05
463.37,1.24177358819784e-05
464.36,1.24189142001191e-05
465.35,1.24200877268957e-05
466.34,1.24212564914733e-05
467.33,1.2422420522781e-05
468.32,1.24235798495138e-05
469.31,1.24247345001355e-05
470.3,1.24258845028805e-05
471.29,1.24270298857564e-05
472.28,1.24281706765464e-05
473.27,1.24293069028112e-05
474.26,1.24304385918914e-05
475.25,1.24315657709097e-05
476.24,1.24326884667732e-05
477.23,1.2433806706175e-05
478.22,1.24349205155971e-05
479.21,1.2436029921312e-05
480.2,1.24371349493847e-05
481.19,1.2438235625675e-05
482.18,1.24393319758395e-05
483.17,1.24404240253335e-05
484.16,1.24415117994128e-05
485.15,1.24425953231361e-05
486.14,1.24436746213664e-05
487.13,1.24447497187733e-05
488.12,1.24458206398347e-05
489.11,1.24468874088387e-05
490.1,1.24479500498855e-05
491.09,1.24490085868889e-05
492.08,1.24500630435788e-05
493.07,1.2451113443502e-05
494.06,1.24521598100247e-05
495.05,1.24532021663341e-05
496.04,1.24542405354399e-05
497.03,1.2455274940176e-05
498.02,1.24563054032024e-05
499.01,1.24573319470068e-05
500,1.2458354593906e-05
