"ResDensity","N_TraitValue"
38.6442,2.4636100949826e-05
39.2049632,2.49520759491211e-05
39.7657264,2.52670029362517e-05
40.3264896,2.55808871165873e-05
40.8872528,2.58937336610816e-05
41.448016,2.62055477065565e-05
42.0087792,2.65163343559832e-05
42.5695424,2.68260986787608e-05
43.1303056,2.71348457109917e-05
43.6910688,2.74425804557546e-05
44.251832,2.77493078833748e-05
44.8125952,2.80550329316917e-05
45.3733584,2.83597605063239e-05
45.9341216,2.86634954809313e-05
46.4948848,2.89662426974755e-05
47.055648,2.92680069664763e-05
47.6164112,2.95687930672672e-05
48.1771744,2.98686057482474e-05
48.7379376,3.01674497271317e-05
49.2987008,3.04653296911979e-05
49.859464,3.0762250297532e-05
50.4202272,3.10582161732708e-05
50.9809904,3.13532319158424e-05
51.5417536,3.16473020932039e-05
52.1025168,3.19404312440776e-05
52.66328,3.22326238781843e-05
53.2240432,3.25238844764747e-05
53.7848064,3.28142174913581e-05
54.3455696,3.31036273469298e-05
54.9063328,3.33921184391953e-05
55.467096,3.36796951362933e-05
56.0278592,3.39663617787159e-05
56.5886224,3.42521226795272e-05
57.1493856,3.45369821245794e-05
57.7101488,3.48209443727271e-05
58.270912,3.51040136560397e-05
58.8316752,3.53861941800115e-05
59.3924384,3.566749012377e-05
59.9532016,3.59479056402822e-05
60.5139648,3.62274448565592e-05
61.074728,3.65061118738581e-05
61.6354912,3.67839107678832e-05
62.1962544,3.70608455889846e-05
62.7570176,3.73369203623544e-05
63.3177808,3.76121390882227e-05
63.878544,3.78865057420502e-05
64.4393072,3.81600242747195e-05
65.0000704,3.84326986127253e-05
65.5608336,3.87045326583618e-05
66.1215968,3.89755302899091e-05
66.68236,3.92456953618175e-05
67.2431232,3.95150317048905e-05
67.8038864,3.97835431264655e-05
68.3646496,4.00512334105934e-05
68.9254128,4.03181063182164e-05
69.486176,4.05841655873441e-05
70.0469392,4.08494149332281e-05
70.6077024,4.11138580485345e-05
71.1684656,4.1377498603516e-05
71.7292288,4.16403402461811e-05
72.289992,4.19023866024625e-05
72.8507552,4.2163641276384e-05
73.4115184,4.24241078502258e-05
73.9722816,4.26837898846876e-05
74.5330448,4.29426909190517e-05
75.093808,4.32008144713434e-05
75.6545712,4.34581640384901e-05
76.2153344,4.37147430964797e-05
76.7760976,4.39705551005167e-05
77.3368608,4.42256034851778e-05
77.897624,4.44798916645648e-05
78.4583872,4.47334230324579e-05
79.0191504,4.49862009624659e-05
79.5799136,4.52382288081761e-05
80.1406768,4.54895099033031e-05
80.70144,4.57400475618347e-05
81.2622032,4.59898450781788e-05
81.8229664,4.62389057273069e-05
82.3837296,4.64872327648976e-05
82.9444928,4.67348294274786e-05
83.505256,4.69816989325668e-05
84.0660192,4.72278444788083e-05
84.6267824,4.74732692461161e-05
85.1875456,4.77179763958072e-05
85.7483088,4.79619690707383e-05
86.309072,4.82052503954405e-05
86.8698352,4.84478234762523e-05
87.4305984,4.86896914014524e-05
87.9913616,4.893085724139e-05
88.5521248,4.91713240486154e-05
89.112888,4.94110948580087e-05
89.6736512,4.96501726869068e-05
90.2344144,4.9888560535231e-05
90.7951776,5.01262613856117e-05
91.3559408,5.03632782035131e-05
91.916704,5.05996139373564e-05
92.4774672,5.08352715186422e-05
93.0382304,5.10702538620717e-05
93.5989936,5.13045638656666e-05
94.1597568,5.15382044108888e-05
94.72052,5.17711783627577e-05
95.2812832,5.20034885699682e-05
95.8420464,5.22351378650062e-05
96.4028096,5.24661290642638e-05
96.9635728,5.26964649681537e-05
97.524336,5.29261483612221e-05
98.0850992,5.31551820122611e-05
98.6458624,5.33835686744199e-05
99.2066256,5.3611311085315e-05
99.7673888,5.38384119671397e-05
100.328152,5.40648740267727e-05
100.8889152,5.42906999558852e-05
101.4496784,5.45158924310481e-05
102.0104416,5.47404541138373e-05
102.5712048,5.49643876509388e-05
103.131968,5.51876956742527e-05
103.6927312,5.54103808009962e-05
104.2534944,5.56324456338056e-05
104.8142576,5.58538927608385e-05
105.3750208,5.60747247558733e-05
105.935784,5.62949441784099e-05
106.4965472,5.65145535737676e-05
107.0573104,5.67335554731841e-05
107.6180736,5.69519523939123e-05
108.1788368,5.71697468393166e-05
108.7396,5.73869412989688e-05
109.3003632,5.7603538248743e-05
109.8611264,5.78195401509095e-05
110.4218896,5.80349494542281e-05
110.9826528,5.82497685940408e-05
111.543416,5.84639999923635e-05
112.1041792,5.86776460579769e-05
112.6649424,5.88907091865172e-05
113.2257056,5.9103191760565e-05
113.7864688,5.93150961497345e-05
114.347232,5.95264247107619e-05
114.9079952,5.97371797875918e-05
115.4687584,5.9947363711465e-05
116.0295216,6.01569788010037e-05
116.5902848,6.03660273622971e-05
117.151048,6.05745116889855e-05
117.7118112,6.07824340623451e-05
118.2725744,6.09897967513702e-05
118.8333376,6.11966020128564e-05
119.3941008,6.14028520914822e-05
119.954864,6.16085492198902e-05
120.5156272,6.18136956187678e-05
121.0763904,6.20182934969271e-05
121.6371536,6.2222345051384e-05
122.1979168,6.24258524674372e-05
122.75868,6.26288179187455e-05
123.3194432,6.28312435674062e-05
123.8802064,6.30331315640311e-05
124.4409696,6.32344840478228e-05
125.0017328,6.34353031466504e-05
125.562496,6.36355909771246e-05
126.1232592,6.38353496446718e-05
126.6840224,6.40345812436077e-05
127.2447856,6.42332878572111e-05
127.8055488,6.44314715577959e-05
128.366312,6.46291344067836e-05
128.9270752,6.48262784547744e-05
129.4878384,6.50229057416183e-05
130.0486016,6.52190182964857e-05
130.6093648,6.54146181379365e-05
131.170128,6.56097072739902e-05
131.7308912,6.5804287702194e-05
132.2916544,6.59983614096912e-05
132.8524176,6.61919303732889e-05
133.4131808,6.63849965595251e-05
133.973944,6.6577561924735e-05
134.5347072,6.67696284151177e-05
135.0954704,6.69611979668011e-05
135.6562336,6.71522725059074e-05
136.2169968,6.73428539486175e-05
136.77776,6.7532944201235e-05
137.3385232,6.77225451602499e-05
137.8992864,6.79116587124014e-05
138.4600496,6.8100286734741e-05
139.0208128,6.82884310946941e-05
139.581576,6.84760936501217e-05
140.1423392,6.86632762493818e-05
140.7031024,6.884998073139e-05
141.2638656,6.90362089256795e-05
141.8246288,6.92219626524611e-05
142.385392,6.94072437226825e-05
142.9461552,6.95920539380869e-05
143.5069184,6.97763950912718e-05
144.0676816,6.99602689657465e-05
144.6284448,7.014367733599e-05
145.189208,7.0326621967508e-05
145.7499712,7.05091046168893e-05
146.3107344,7.06911270318624e-05
146.8714976,7.0872690951351e-05
147.4322608,7.10537981055296e-05
147.993024,7.12344502158781e-05
148.5537872,7.14146489952369e-05
149.1145504,7.15943961478604e-05
149.6753136,7.17736933694714e-05
150.2360768,7.19525423473138e-05
150.79684,7.21309447602058e-05
151.3576032,7.23089022785927e-05
151.9183664,7.24864165645984e-05
152.4791296,7.26634892720777e-05
153.0398928,7.28401220466676e-05
153.600656,7.3016316525838e-05
154.1614192,7.31920743389424e-05
154.7221824,7.33673971072683e-05
155.2829456,7.35422864440868e-05
155.8437088,7.37167439547024e-05
156.404472,7.38907712365019e-05
156.9652352,7.4064369879003e-05
157.5259984,7.42375414639031e-05
158.0867616,7.4410287565127e-05
158.6475248,7.45826097488746e-05
159.208288,7.47545095736687e-05
159.7690512,7.49259885904013e-05
160.3298144,7.50970483423805e-05
160.8905776,7.52676903653773e-05
161.4513408,7.54379161876706e-05
162.012104,7.56077273300938e-05
162.5728672,7.57771253060792e-05
163.1336304,7.59461116217038e-05
163.6943936,7.61146877757333e-05
164.2551568,7.62828552596668e-05
164.81592,7.64506155577804e-05
165.3766832,7.66179701471714e-05
165.9374464,7.67849204978012e-05
166.4982096,7.69514680725383e-05
167.0589728,7.71176143272016e-05
167.619736,7.72833607106022e-05
168.1804992,7.74487086645859e-05
168.7412624,7.76136596240746e-05
169.3020256,7.77782150171083e-05
169.8627888,7.7942376264886e-05
170.423552,7.81061447818069e-05
170.9843152,7.82695219755103e-05
171.5450784,7.8432509246917e-05
172.1058416,7.85951079902685e-05
172.6666048,7.87573195931671e-05
173.227368,7.89191454366152e-05
173.7881312,7.9080586895055e-05
174.3488944,7.92416453364065e-05
174.9096576,7.94023221221071e-05
175.4704208,7.95626186071491e-05
176.031184,7.97225361401186e-05
176.5919472,7.98820760632328e-05
177.1527104,8.00412397123774e-05
177.7134736,8.02000284171446e-05
178.2742368,8.03584435008694e-05
178.835,8.05164862806667e-05
179.3957632,8.06741580674679e-05
179.9565264,8.08314601660568e-05
180.5172896,8.09883938751059e-05
181.0780528,8.1144960487212e-05
181.638816,8.13011612889316e-05
182.1995792,8.14569975608167e-05
182.7603424,8.16124705774487e-05
183.3211056,8.17675816074743e-05
183.8818688,8.19223319136393e-05
184.442632,8.20767227528232e-05
185.0033952,8.22307553760729e-05
185.5641584,8.2384431028637e-05
186.1249216,8.25377509499987e-05
186.6856848,8.26907163739097e-05
187.246448,8.28433285284231e-05
187.8072112,8.29955886359262e-05
188.3679744,8.31474979131729e-05
188.9287376,8.32990575713168e-05
189.4895008,8.34502688159428e-05
190.050264,8.36011328470991e-05
190.6110272,8.37516508593292e-05
191.1717904,8.39018240417035e-05
191.7325536,8.40516535778499e-05
192.2933168,8.42011406459861e-05
192.85408,8.43502864189493e-05
193.4148432,8.44990920642275e-05
193.9756064,8.46475587439899e-05
194.5363696,8.47956876151171e-05
195.0971328,8.49434798292312e-05
195.657896,8.50909365327253e-05
196.2186592,8.52380588667938e-05
196.7794224,8.53848479674613e-05
197.3401856,8.55313049656119e-05
197.9009488,8.56774309870186e-05
198.461712,8.58232271523716e-05
199.0224752,8.59686945773076e-05
199.5832384,8.61138343724376e-05
200.1440016,8.62586476433756e-05
200.7047648,8.64031354907665e-05
201.265528,8.65472990103141e-05
201.8262912,8.66911392928086e-05
202.3870544,8.68346574241543e-05
202.9478176,8.6977854485397e-05
203.5085808,8.71207315527507e-05
204.069344,8.72632896976252e-05
204.6301072,8.74055299866522e-05
205.1908704,8.75474534817126e-05
205.7516336,8.76890612399623e-05
206.3123968,8.78303543138588e-05
206.87316,8.79713337511874e-05
207.4339232,8.81120005950865e-05
207.9946864,8.82523558840741e-05
208.5554496,8.83924006520727e-05
209.1162128,8.85321359284353e-05
209.676976,8.86715627379698e-05
210.2377392,8.88106821009651e-05
210.7985024,8.89494950332149e-05
211.3592656,8.90880025460434e-05
211.9200288,8.92262056463292e-05
212.480792,8.93641053365299e-05
213.0415552,8.95017026147064e-05
213.6023184,8.96389984745468e-05
214.1630816,8.97759939053908e-05
214.7238448,8.99126898922527e-05
215.284608,9.00490874158456e-05
215.8453712,9.01851874526048e-05
216.4061344,9.03209909747107e-05
216.9668976,9.04564989501124e-05
217.5276608,9.05917123425505e-05
218.088424,9.07266321115801e-05
218.6491872,9.0861259212593e-05
219.2099504,9.09955945968409e-05
219.7707136,9.11296392114576e-05
220.3314768,9.12633939994809e-05
220.89224,9.13968598998751e-05
221.4530032,9.15300378475531e-05
222.0137664,9.16629287733976e-05
222.5745296,9.17955336042835e-05
223.1352928,9.19278532630991e-05
223.696056,9.20598886687673e-05
224.2568192,9.21916407362673e-05
224.8175824,9.23231103766558e-05
225.3783456,9.24542984970872e-05
225.9391088,9.25852060008355e-05
226.499872,9.27158337873143e-05
227.0606352,9.28461827520978e-05
227.6213984,9.29762537869409e-05
228.1821616,9.31060477798e-05
228.7429248,9.32355656148529e-05
229.303688,9.33648081725187e-05
229.8644512,9.34937763294782e-05
230.4252144,9.36224709586936e-05
230.9859776,9.37508929294279e-05
231.5467408,9.38790431072647e-05
232.107504,9.40069223541277e-05
232.6682672,9.41345315283e-05
233.2290304,9.4261871484443e-05
233.7897936,9.43889430736161e-05
234.3505568,9.45157471432949e-05
234.91132,9.46422845373906e-05
235.4720832,9.47685560962688e-05
236.0328464,9.48945626567673e-05
236.5936096,9.50203050522156e-05
237.1543728,9.51457841124527e-05
237.715136,9.52710006638454e-05
238.2758992,9.53959555293065e-05
238.8366624,9.55206495283129e-05
239.3974256,9.56450834769234e-05
239.9581888,9.57692581877966e-05
240.518952,9.58931744702084e-05
241.0797152,9.60168331300699e-05
241.6404784,9.61402349699447e-05
242.2012416,9.62633807890661e-05
242.7620048,9.63862713833546e-05
243.322768,9.6508907545435e-05
243.8835312,9.66312900646532e-05
244.4442944,9.67534197270937e-05
245.0050576,9.68752973155957e-05
245.5658208,9.69969236097704e-05
246.126584,9.71182993860174e-05
246.6873472,9.72394254175411e-05
247.2481104,9.73603024743674e-05
247.8088736,9.74809313233598e-05
248.3696368,9.76013127282357e-05
248.9304,9.77214474495826e-05
249.4911632,9.78413362448739e-05
250.0519264,9.7960979868485e-05
250.6126896,9.80803790717089e-05
251.1734528,9.81995346027725e-05
251.734216,9.83184472068514e-05
252.2949792,9.84371176260861e-05
252.8557424,9.85555465995971e-05
253.4165056,9.86737348635004e-05
253.9772688,9.87916831509225e-05
254.538032,9.89093921920162e-05
255.0987952,9.90268627139747e-05
255.6595584,9.91440954410473e-05
256.2203216,9.92610910945543e-05
256.7810848,9.93778503929012e-05
257.341848,9.9494374051594e-05
257.9026112,9.96106627832535e-05
258.4633744,9.97267172976301e-05
259.0241376,9.98425383016177e-05
259.5849008,9.99581264992688e-05
260.145664,0.000100073482591808
260.7064272,0.000100188607277647
261.2671904,0.000100303501252398
261.8279536,0.000100418165208888
262.3887168,0.000100532599837172
262.94948,0.000100646805824549
263.5102432,0.000100760783855574
264.0710064,0.00010087453461207
264.6317696,0.000100988058773145
265.1925328,0.000101101357015206
265.753296,0.000101214430011967
266.3140592,0.000101327278434468
266.8748224,0.000101439902951085
267.4355856,0.000101552304227546
267.9963488,0.000101664482926941
268.557112,0.000101776439709736
269.1178752,0.000101888175233789
269.6786384,0.000101999690154357
270.2394016,0.000102110985124115
270.8001648,0.000102222060793165
271.360928,0.000102332917809048
271.9216912,0.00010244355681676
272.4824544,0.000102553978458763
273.0432176,0.000102664183374995
273.6039808,0.000102774172202885
274.164744,0.000102883945577367
274.7255072,0.000102993504130887
275.2862704,0.000103102848493419
275.8470336,0.000103211979292477
276.4077968,0.000103320897153126
276.96856,0.000103429602697993
277.5293232,0.000103538096547281
278.0900864,0.000103646379318779
278.6508496,0.000103754451627876
279.2116128,0.000103862314087569
279.772376,0.000103969967308478
280.3331392,0.000104077411898856
280.8939024,0.000104184648464601
281.4546656,0.000104291677609266
282.0154288,0.000104398499934074
282.576192,0.000104505116037923
283.1369552,0.000104611526517404
283.6977184,0.000104717731966807
284.2584816,0.000104823732978136
284.8192448,0.000104929530141117
285.380008,0.000105035124043208
285.9407712,0.000105140515269616
286.5015344,0.0001052457044033
287.0622976,0.000105350692024987
287.6230608,0.000105455478713182
288.183824,0.000105560065044177
288.7445872,0.000105664451592061
289.3053504,0.000105768638928733
289.8661136,0.000105872627623911
290.4268768,0.000105976418245144
290.98764,0.000106080011357819
291.5484032,0.000106183407525175
292.1091664,0.000106286607308308
292.6699296,0.00010638961126619
293.2306928,0.000106492419955668
293.791456,0.000106595033931485
294.3522192,0.00010669745374628
294.9129824,0.000106799679950607
295.4737456,0.000106901713092936
296.0345088,0.00010700355371967
296.595272,0.000107105202375153
297.1560352,0.000107206659601676
297.7167984,0.000107307925939491
298.2775616,0.000107409001926819
298.8383248,0.000107509888099859
299.399088,0.000107610584992798
299.9598512,0.000107711093137821
300.5206144,0.000107811413065119
301.0813776,0.0001079115453029
301.6421408,0.000108011490377397
302.202904,0.000108111248812877
302.7636672,0.000108210821131651
303.3244304,0.000108310207854084
303.8851936,0.000108409409498601
304.4459568,0.000108508426581701
305.00672,0.000108607259617959
305.5674832,0.000108705909120043
306.1282464,0.000108804375598715
306.6890096,0.000108902659562845
307.2497728,0.00010900076151942
307.810536,0.000109098681973548
308.3712992,0.000109196421428472
308.9320624,0.000109293980385575
309.4928256,0.000109391359344391
310.0535888,0.00010948855880261
310.614352,0.000109585579256093
311.1751152,0.000109682421198871
311.7358784,0.000109779085123164
312.2966416,0.000109875571519381
312.8574048,0.000109971880876131
313.418168,0.000110068013680234
313.9789312,0.000110163970416725
314.5396944,0.000110259751568863
315.1004576,0.000110355357618142
315.6612208,0.000110450789044297
316.221984,0.000110546046325311
316.7827472,0.000110641129937425
317.3435104,0.000110736040355144
317.9042736,0.000110830778051248
318.4650368,0.000110925343496795
319.0258,0.000111019737161134
