"ResDensity","N_TraitValue"
250,0.238386501471904
257.5,0.245117118953079
265,0.251824696512224
272.5,0.258509352250909
280,0.265171203464902
287.5,0.271810366651032
295,0.278426957513977
302.5,0.285021090972989
310,0.291592881168545
317.5,0.298142441468934
325,0.304669884476774
332.5,0.311175322035468
340,0.317658865235589
347.5,0.324120624421206
355,0.330560709196144
362.5,0.336979228430178
370,0.34337629026517
377.5,0.349752002121143
385,0.356106470702294
392.5,0.362439802002944
400,0.368752101313434
407.5,0.37504347322596
415,0.381314021640348
422.5,0.387563849769775
430,0.393793060146431
437.5,0.400001754627128
445,0.40619003439885
452.5,0.41235799998425
460,0.418505751247094
467.5,0.42463338739765
475,0.430741006998026
482.5,0.436828707967452
490,0.442896587587517
497.5,0.448944742507345
505,0.454973268748733
512.5,0.460982261711229
520,0.466971816177164
527.5,0.472942026316636
535,0.478892985692446
542.5,0.484824787264987
550,0.490737523397081
557.5,0.496631285858775
565,0.50250616583209
572.5,0.508362253915719
580,0.514199640129691
587.5,0.520018413919976
595,0.525818664163061
602.5,0.531600479170468
610,0.537363946693243
617.5,0.543109153926389
625,0.548836187513268
632.5,0.554545133549954
640,0.560236077589549
647.5,0.565909104646453
655,0.571564299200605
662.5,0.577201745201668
670,0.582821526073188
677.5,0.588423724716706
685,0.59400842351584
692.5,0.599575704340317
700,0.605125648549975
707.5,0.610658336998732
715,0.616173850038504
722.5,0.621672267523102
730,0.62715366881208
737.5,0.632618132774557
745,0.638065737793
752.5,0.643496561766968
760,0.64891068211683
767.5,0.654308175787438
775,0.65968911925178
782.5,0.665053588514583
790,0.6704016591159
797.5,0.675733406134648
805,0.681048904192127
812.5,0.686348227455499
820,0.691631449641238
827.5,0.696898644018547
835,0.702149883412746
842.5,0.70738524020863
850,0.712604786353793
857.5,0.717808593361922
865,0.722996732316067
872.5,0.728169273871876
880,0.733326288260803
887.5,0.738467845293285
895,0.743594014361893
902.5,0.748704864444455
910,0.753800464107148
917.5,0.758880881507566
925,0.763946184397758
932.5,0.768996440127239
940,0.774031715645977
947.5,0.77905207750735
955,0.784057591871079
962.5,0.789048324506134
970,0.794024340793614
977.5,0.798985705729602
985,0.803932483927998
992.5,0.808864739623318
1000,0.81378253667348
1007.5,0.818685938562558
1015,0.823575008403513
1022.5,0.828449808940901
1030,0.833310402553559
1037.5,0.838156851257261
1045,0.842989216707363
1052.5,0.847807560201409
1060,0.852611942681732
1067.5,0.857402424738014
1075,0.86217906660984
1082.5,0.866941928189222
1090,0.871691069023096
1097.5,0.876426548315814
1105,0.881148424931596
1112.5,0.885856757396971
1120,0.890551603903197
1127.5,0.895233022308658
1135,0.899901070141239
1142.5,0.904555804600682
1150,0.909197282560927
1157.5,0.913825560572423
1165,0.918440694864427
1172.5,0.923042741347282
1180,0.927631755614672
1187.5,0.932207792945865
1195,0.936770908307927
1202.5,0.941321156357929
1210,0.945858591445125
1217.5,0.950383267613115
1225,0.954895238601997
1232.5,0.959394557850487
1240,0.963881278498034
1247.5,0.968355453386908
1255,0.97281713506428
1262.5,0.977266375784273
1270,0.981703227510007
1277.5,0.986127741915616
1285,0.990539970388264
1292.5,0.994939964030122
1300,0.999327773660352
1307.5,1.00370344981705
1315,1.00806704275922
1322.5,1.01241860246863
1330,1.01675817865181
1337.5,1.02108582074186
1345,1.0254015779004
1352.5,1.02970549901937
1360,1.0339976327229
1367.5,1.03827802736918
1375,1.0425467310522
1382.5,1.04680379160362
1390,1.05104925659451
1397.5,1.05528317333714
1405,1.05950558888677
1412.5,1.06371655004331
1420,1.06791610335314
1427.5,1.07210429511077
1435,1.07628117136055
1442.5,1.08044677789838
1450,1.08460116027336
1457.5,1.08874436378945
1465,1.09287643350714
1472.5,1.09699741424505
1480,1.10110735058157
1487.5,1.10520628685649
1495,1.10929426717254
1502.5,1.11337133539702
1510,1.11743753516335
1517.5,1.12149290987262
1525,1.12553750269515
1532.5,1.12957135657201
1540,1.13359451421653
1547.5,1.13760701811585
1555,1.14160891053237
1562.5,1.14560023350525
1570,1.14958102885188
1577.5,1.15355133816935
1585,1.1575112028359
1592.5,1.16146066401233
1600,1.16539976264345
1607.5,1.1693285394595
1615,1.17324703497755
1622.5,1.17715528950286
1630,1.18105334313032
1637.5,1.18494123574577
1645,1.18881900702738
1652.5,1.19268669644702
1660,1.19654434327157
1667.5,1.20039198656424
1675,1.20422966518594
1682.5,1.20805741779652
1690,1.21187528285614
1697.5,1.2156832986265
1705,1.21948150317214
1712.5,1.22326993436172
1720,1.22704862986925
1727.5,1.23081762717537
1735,1.23457696356857
1742.5,1.23832667614643
1750,1.24206680181682
1757.5,1.24579737729914
1765,1.2495184391255
1772.5,1.25323002364193
1780,1.25693216700955
1787.5,1.26062490520573
1795,1.26430827402529
1802.5,1.26798230908165
1810,1.27164704580794
1817.5,1.2753025194582
1825,1.27894876510844
1832.5,1.28258581765783
1840,1.28621371182976
1847.5,1.28983248217298
1855,1.29344216306269
1862.5,1.29704278870161
1870,1.30063439312108
1877.5,1.30421701018212
1885,1.3077906735765
1892.5,1.3113554168278
1900,1.31491127329245
1907.5,1.31845827616077
1915,1.32199645845803
1922.5,1.32552585304541
1930,1.32904649262111
1937.5,1.33255840972125
1945,1.33606163672099
1952.5,1.33955620583542
1960,1.34304214912062
1967.5,1.34651949847461
1975,1.34998828563832
1982.5,1.35344854219656
1990,1.35690029957899
1997.5,1.36034358906106
2005,1.36377844176496
2012.5,1.36720488866054
2020,1.37062296056627
2027.5,1.37403268815014
2035,1.37743410193061
2042.5,1.38082723227747
2050,1.38421210941279
2057.5,1.38758876341177
2065,1.3909572242037
2072.5,1.39431752157278
2080,1.39766968515901
2087.5,1.40101374445911
2095,1.40434972882731
2102.5,1.40767766747626
2110,1.41099758947788
2117.5,1.4143095237642
2125,1.41761349912816
2132.5,1.42090954422452
2140,1.42419768757064
2147.5,1.4274779575473
2155,1.43075038239954
2162.5,1.43401499023745
2170,1.437271809037
2177.5,1.4405208666408
2185,1.44376219075894
2192.5,1.44699580896974
2200,1.45022174872055
2207.5,1.45344003732852
2215,1.45665070198139
2222.5,1.45985376973821
2230,1.46304926753016
2237.5,1.46623722216125
2245,1.46941766030913
2252.5,1.47259060852575
2260,1.47575609323818
2267.5,1.47891414074931
2275,1.48206477723857
2282.5,1.48520802876266
2290,1.48834392125628
2297.5,1.49147248053283
2305,1.49459373228513
2312.5,1.49770770208611
2320,1.50081441538951
2327.5,1.50391389753058
2335,1.50700617372677
2342.5,1.51009126907843
2350,1.51316920856942
2357.5,1.51624001706789
2365,1.51930371932686
2372.5,1.52236033998492
2380,1.52540990356691
2387.5,1.52845243448454
2395,1.53148795703705
2402.5,1.53451649541189
2410,1.53753807368531
2417.5,1.54055271582303
2425,1.54356044568088
2432.5,1.54656128700541
2440,1.54955526343452
2447.5,1.55254239849808
2455,1.55552271561856
2462.5,1.55849623811161
2470,1.56146298918673
2477.5,1.56442299194778
2485,1.56737626939368
2492.5,1.57032284441893
2500,1.57326273981423
2507.5,1.5761959782671
2515,1.57912258236239
2522.5,1.58204257458293
2530,1.58495597731006
2537.5,1.58786281282423
2545,1.59076310330554
2552.5,1.59365687083435
2560,1.59654413739178
2567.5,1.59942492486032
2575,1.60229925502435
2582.5,1.6051671495707
2590,1.6080286300892
2597.5,1.61088371807321
2605,1.61373243492017
2612.5,1.61657480193213
2620,1.61941084031628
2627.5,1.62224057118546
2635,1.62506401555875
2642.5,1.62788119436188
2650,1.63069212842786
2657.5,1.63349683849741
2665,1.63629534521953
2672.5,1.63908766915195
2680,1.64187383076168
2687.5,1.64465385042551
2695,1.64742774843045
2702.5,1.6501955449743
2710,1.65295726016608
2717.5,1.65571291402656
2725,1.65846252648869
2732.5,1.66120611739816
2740,1.66394370651381
2747.5,1.66667531350811
2755,1.66940095796769
2762.5,1.67212065939372
2770,1.67483443720246
2777.5,1.67754231072566
2785,1.68024429921105
2792.5,1.68294042182278
2800,1.68563069764189
2807.5,1.68831514566677
2815,1.69099378481354
2822.5,1.69366663391659
2830,1.69633371172896
2837.5,1.69899503692278
2845,1.70165062808974
2852.5,1.70430050374147
2860,1.70694468231005
2867.5,1.70958318214834
2875,1.71221602153049
2882.5,1.71484321865231
2890,1.7174647916317
2897.5,1.72008075850908
2905,1.7226911372478
2912.5,1.72529594573455
2920,1.72789520177973
2927.5,1.73048892311793
2935,1.73307712740829
2942.5,1.73565983223488
2950,1.73823705510715
2957.5,1.74080881346029
2965,1.74337512465562
2972.5,1.74593600598101
2980,1.74849147465124
2987.5,1.75104154780841
2995,1.7535862425223
3002.5,1.75612557579076
3010,1.75865956454008
3017.5,1.76118822562541
3025,1.76371157583106
3032.5,1.76622963187093
3040,1.76874241038886
3047.5,1.771249927959
3055,1.77375220108615
3062.5,1.77624924620617
3070,1.77874107968629
3077.5,1.7812277178255
3085,1.7837091768549
3092.5,1.78618547293804
3100,1.7886566221713
3107.5,1.79112264058418
3115,1.79358354413972
3122.5,1.7960393487348
3130,1.79849007020049
3137.5,1.80093572430238
3145,1.80337632674095
3152.5,1.80581189315188
3160,1.80824243910639
3167.5,1.81066798011157
3175,1.8130885316107
3182.5,1.81550410898362
3190,1.81791472754698
3197.5,1.82032040255466
3205,1.82272114919801
3212.5,1.8251169826062
3220,1.82750791784655
3227.5,1.82989396992483
3235,1.83227515378557
3242.5,1.83465148431239
3250,1.83702297632829
3257.5,1.83938964459599
3265,1.84175150381819
3272.5,1.84410856863791
3280,1.84646085363879
3287.5,1.84880837334536
3295,1.85115114222338
3302.5,1.85348917468011
3310,1.85582248506462
3317.5,1.85815108766808
3325,1.86047499672404
3332.5,1.86279422640873
3340,1.86510879084135
3347.5,1.86741870408436
3355,1.86972398014376
3362.5,1.87202463296935
3370,1.87432067645506
3377.5,1.87661212443919
3385,1.8788989907047
3392.5,1.88118128897949
3400,1.88345903293667
3407.5,1.88573223619485
3415,1.88800091231838
3422.5,1.89026507481763
3430,1.89252473714928
3437.5,1.89477991271657
3445,1.89703061486955
3452.5,1.89927685690539
3460,1.90151865206859
3467.5,1.90375601355125
3475,1.90598895449336
3482.5,1.90821748798304
3490,1.91044162705679
3497.5,1.91266138469973
3505,1.91487677384589
3512.5,1.91708780737845
3520,1.91929449812994
3527.5,1.92149685888258
3535,1.92369490236844
3542.5,1.92588864126975
3550,1.92807808821908
3557.5,1.93026325579965
3565,1.93244415654553
3572.5,1.93462080294188
3580,1.93679320742521
3587.5,1.93896138238359
3595,1.94112534015692
3602.5,1.94328509303712
3610,1.9454406532684
3617.5,1.94759203304747
3625,1.94973924452378
3632.5,1.95188229979976
3640,1.95402121093102
3647.5,1.95615598992659
3655,1.95828664874914
3662.5,1.96041319931522
3670,1.96253565349547
3677.5,1.96465402311483
3685,1.96676831995277
3692.5,1.96887855574353
3700,1.9709847421763
3707.5,1.97308689089544
3715,1.97518501350073
3722.5,1.97727912154756
3730,1.97936922654711
3737.5,1.98145533996663
3745,1.98353747322959
3752.5,1.98561563771593
3760,1.98768984476223
3767.5,1.98976010566194
3775,1.99182643166558
3782.5,1.99388883398095
3790,1.99594732377333
3797.5,1.99800191216565
3805,2.00005261023874
3812.5,2.00209942903152
3820,2.00414237954115
3827.5,2.00618147272329
3835,2.00821671949226
3842.5,2.01024813072124
3850,2.01227571724246
3857.5,2.01429948984742
3865,2.01631945928703
3872.5,2.01833563627186
3880,2.02034803147229
3887.5,2.0223566555187
3895,2.02436151900166
3902.5,2.02636263247215
3910,2.0283600064417
3917.5,2.03035365138258
3925,2.032343577728
3932.5,2.0343297958723
3940,2.03631231617111
3947.5,2.03829114894151
3955,2.04026630446229
3962.5,2.04223779297401
3970,2.04420562467929
3977.5,2.04616980974292
3985,2.04813035829205
3992.5,2.05008728041636
4000,2.05204058616825
