"ResDensity","N_TraitValue"
1.2844,0.00974407586864508
1.5661728,0.0118121744025662
1.8479456,0.0138561972269048
2.1297184,0.0158765623237184
2.4114912,0.0178736780552018
2.693264,0.0198479434388552
2.9750368,0.0217997484132615
3.2568096,0.0237294740948429
3.5385824,0.0256374930259544
3.8203552,0.0275241694146512
4.102128,0.0293898593664546
4.3839008,0.0312349111084277
4.6656736,0.0330596652058546
4.9474464,0.0348644547718083
5.2292192,0.0366496056698776
5.510992,0.0384154367103109
5.7927648,0.0401622598398273
6.0745376,0.0418903803253298
6.3563104,0.0436000969317498
6.6380832,0.0452917020942397
6.919856,0.0469654820849216
7.2016288,0.0486217171743927
7.4834016,0.0502606817881784
7.7651744,0.0518826446583165
8.0469472,0.0534878689702481
8.32872,0.0550766125051844
8.6104928,0.0566491277781111
8.8922656,0.0582056621715847
9.1740384,0.0597464580654707
9.4558112,0.0612717529627662
9.737584,0.0627817796116437
10.0193568,0.0642767661238488
10.3011296,0.0657569360895764
10.5829024,0.06722250868895
10.8646752,0.0686736988002171
11.146448,0.0701107171047762
11.4282208,0.0715337701891413
11.7099936,0.0729430606439474
11.9917664,0.0743387871600988
12.2735392,0.0757211446221529
12.555312,0.0770903241990345
12.8370848,0.0784465134321674
13.1188576,0.0797898963211099
13.4006304,0.0811206534067753
13.6824032,0.0824389618523171
13.964176,0.083744995521755
14.2459488,0.0850389250564145
14.5277216,0.0863209179492512
14.8094944,0.0875911386171276
15.0912672,0.088849748471108
15.37304,0.0900969059848339
15.6548128,0.0913327667610426
15.9365856,0.0925574835962848
16.2183584,0.093771206543901
16.5001312,0.094974082975308
16.781904,0.0961662576396507
17.0636768,0.0973478727218684
17.3454496,0.0985190678992251
17.6272224,0.0996799803963505
17.9089952,0.100830745038838
18.190768,0.101971494305443
18.4725408,0.103102358378926
18.7543136,0.104223465195574
19.0360864,0.105334940493454
19.3178592,0.106436907859422
19.599632,0.107529488774931
19.8814048,0.108612802660678
20.1631776,0.109686966920113
20.4449504,0.110752096981859
20.7267232,0.111808306341055
21.008496,0.112855706599675
21.2902688,0.113894407505835
21.5720416,0.114924516992132
21.8538144,0.115946141213024
22.1355872,0.116959384581305
22.41736,0.117964349803674
22.6991328,0.118961137915439
22.9809056,0.119949848314382
23.2626784,0.120930578793799
23.5444512,0.12190342557474
23.826224,0.122868483337488
24.1079968,0.123825845252268
24.3897696,0.124775603009236
24.6715424,0.125717846847753
24.9533152,0.126652665584964
25.235088,0.127580146643711
25.5168608,0.12850037607978
25.7986336,0.129413438608525
26.0804064,0.130319417630861
26.3621792,0.131218395258662
26.643952,0.132110452339567
26.9257248,0.132995668481218
27.2074976,0.133874122074944
27.4892704,0.1347458903189
27.7710432,0.135611049240686
28.052816,0.136469673719443
28.3345888,0.137321837507464
28.6163616,0.138167613251308
28.8981344,0.139007072512445
29.1799072,0.139840285787441
29.46168,0.140667322527692
29.7434528,0.141488251158725
30.0252256,0.142303139099064
30.3069984,0.143112052778691
30.5887712,0.1439150576571
30.870544,0.144712218240948
31.1523168,0.145503598101337
31.4340896,0.14628925989071
31.7158624,0.147069265359383
31.9976352,0.14784367537173
32.279408,0.148612549922009
32.5611808,0.149375948149857
32.8429536,0.150133928355456
33.1247264,0.150886548014373
33.4064992,0.151633863792087
33.688272,0.152375931558214
33.9700448,0.153112806400429
34.2518176,0.153844542638095
34.5335904,0.154571193835618
34.8153632,0.155292812815512
35.097136,0.156009451671199
35.3789088,0.15672116177955
35.6606816,0.157427993813157
35.9424544,0.158129997752365
36.2242272,0.158827222897049
36.506,0.159519717878156
36.7877728,0.160207530669014
37.0695456,0.16089070859641
37.3513184,0.161569298351442
37.6330912,0.162243346000162
37.914864,0.162912896993996
38.1966368,0.163577996179961
38.4784096,0.16423868781068
38.7601824,0.164895015554198
39.0419552,0.165547022503599
39.323728,0.166194751186441
39.6055008,0.166838243574002
39.8872736,0.167477541090346
40.1690464,0.168112684621213
40.4508192,0.168743714522731
40.732592,0.169370670629969
41.0143648,0.169993592265318
41.2961376,0.170612518246712
41.5779104,0.171227486895688
41.8596832,0.171838536045303
42.141456,0.172445703047886
42.4232288,0.173049024782653
42.7050016,0.173648537663171
42.9867744,0.174244277644686
43.2685472,0.174836280231314
43.55032,0.175424580483088
43.8320928,0.176009213022885
44.1138656,0.176590212043215
44.3956384,0.177167611312889
44.6774112,0.177741444183561
44.959184,0.178311743596151
45.2409568,0.178878542087145
45.5227296,0.179441871794787
45.8045024,0.180001764465151
46.0862752,0.180558251458104
46.368048,0.181111363753165
46.6498208,0.18166113195525
46.9315936,0.182207586300317
47.2133664,0.182750756660912
47.4951392,0.183290672551612
47.776912,0.183827363134369
48.0586848,0.184360857223761
48.3404576,0.184891183292152
48.6222304,0.185418369474752
48.9040032,0.185942443574599
49.185776,0.186463433067442
49.4675488,0.186981365106542
49.7493216,0.187496266527397
50.0310944,0.188008163852366
50.3128672,0.188517083295233
50.59464,0.189023050765675
50.8764128,0.189526091873663
51.1581856,0.19002623193378
51.4399584,0.190523495969471
51.7217312,0.191017908717213
52.003504,0.191509494630619
52.2852768,0.19199827788447
52.5670496,0.192484282378675
52.8488224,0.192967531742171
53.1305952,0.193448049336749
53.412368,0.193925858260819
53.6941408,0.194400981353113
53.9759136,0.194873441196325
54.2576864,0.195343260120683
54.5394592,0.195810460207475
54.821232,0.196275063292502
55.1030048,0.196737090969485
55.3847776,0.197196564593406
55.6665504,0.197653505283802
55.9483232,0.198107933927998
56.230096,0.198559871184294
56.5118688,0.199009337485088
56.7936416,0.199456353039962
57.0754144,0.199900937838712
57.3571872,0.200343111654319
57.63896,0.20078289404589
57.9207328,0.201220304361538
58.2025056,0.201655361741218
58.4842784,0.202088085119522
58.7660512,0.202518493228422
59.047824,0.20294660459998
59.3295968,0.203372437568998
59.6113696,0.203796010275644
59.8931424,0.204217340668025
60.1749152,0.20463644650472
60.456688,0.205053345357278
60.7384608,0.205468054612672
61.0202336,0.205880591475718
61.3020064,0.206290972971452
61.5837792,0.206699215947475
61.865552,0.207105337076255
62.1473248,0.207509352857398
62.4290976,0.207911279619887
62.7108704,0.208311133524273
62.9926432,0.208708930564849
63.274416,0.209104686571779
63.5561888,0.209498417213199
63.8379616,0.209890137997282
64.1197344,0.210279864274281
64.4015072,0.210667611238524
64.68328,0.211053393930399
64.9650528,0.211437227238291
65.2468256,0.211819125900501
65.5285984,0.212199104507134
65.8103712,0.212577177501951
66.092144,0.212953359184205
66.3739168,0.213327663710442
66.6556896,0.213700105096277
66.9374624,0.214070697218141
67.2192352,0.214439453815008
67.501008,0.21480638849009
67.7827808,0.215171514712514
68.0645536,0.215534845818963
68.3463264,0.215896395015306
68.6280992,0.216256175378196
68.909872,0.216614199856647
69.1916448,0.216970481273586
69.4734176,0.217325032327385
69.7551904,0.21767786559337
70.0369632,0.218028993525307
70.318736,0.218378428456869
70.6005088,0.218726182603078
70.8822816,0.219072268061728
71.1640544,0.219416696814792
71.4458272,0.219759480729798
71.7276,0.220100631561199
72.0093728,0.220440160951713
72.2911456,0.220778080433647
72.5729184,0.221114401430205
72.8546912,0.221449135256773
73.136464,0.221782293122189
73.4182368,0.222113886129996
73.7000096,0.222443925279671
73.9817824,0.222772421467846
74.2635552,0.223099385489503
74.545328,0.223424828039162
74.8271008,0.223748759712041
75.1088736,0.22407119100521
75.3906464,0.224392132318723
75.6724192,0.224711593956736
75.954192,0.225029586128612
76.2359648,0.225346118950005
76.5177376,0.225661202443938
76.7995104,0.225974846541854
77.0812832,0.226287061084665
77.363056,0.226597855823779
77.6448288,0.226907240422116
77.9266016,0.227215224455109
78.2083744,0.227521817411693
78.4901472,0.227827028695275
78.77192,0.228130867624702
79.0536928,0.228433343435207
79.3354656,0.228734465279341
79.6172384,0.229034242227901
79.8990112,0.22933268327084
80.180784,0.229629797318163
80.4625568,0.229925593200815
80.7443296,0.230220079671559
81.0261024,0.230513265405834
81.3078752,0.230805159002611
81.589648,0.231095768985232
81.8714208,0.231385103802241
82.1531936,0.231673171828199
82.4349664,0.231959981364497
82.7167392,0.232245540640152
82.998512,0.23252985781259
83.2802848,0.232812940968428
83.5620576,0.233094798124239
83.8438304,0.233375437227307
84.1256032,0.233654866156376
84.407376,0.233933092722387
84.6891488,0.234210124669205
84.9709216,0.234485969674337
85.2526944,0.234760635349645
85.5344672,0.235034129242039
85.81624,0.235306458834178
86.0980128,0.235577631545141
86.3797856,0.235847654731111
86.6615584,0.236116535686035
86.9433312,0.236384281642281
87.225104,0.236650899771288
87.5068768,0.236916397184203
87.7886496,0.23718078093252
88.0704224,0.237444058008695
88.3521952,0.237706235346772
88.633968,0.237967319822984
88.9157408,0.238227318256358
89.1975136,0.23848623740931
89.4792864,0.238744083988226
89.7610592,0.239000864644047
90.042832,0.239256585972838
90.3246048,0.23951125451635
90.6063776,0.239764876762586
90.8881504,0.240017459146342
91.1699232,0.240269008049759
91.451696,0.240519529802856
91.7334688,0.240769030684064
92.0152416,0.241017516920748
92.2970144,0.241264994689725
92.5787872,0.24151147011778
92.86056,0.241756949282167
93.1423328,0.242001438211108
93.4241056,0.242244942884293
93.7058784,0.242487469233359
93.9876512,0.242729023142379
94.269424,0.242969610448331
94.5511968,0.243209236941574
94.8329696,0.24344790836631
95.1147424,0.243685630421043
95.3965152,0.243922408759034
95.678288,0.244158248988745
95.9600608,0.244393156674288
96.2418336,0.244627137335856
96.5236064,0.244860196450163
96.8053792,0.245092339450863
97.087152,0.245323571728979
97.3689248,0.245553898633316
97.6506976,0.245783325470876
97.9324704,0.246011857507264
98.2142432,0.246239499967093
98.496016,0.246466258034378
98.7777888,0.246692136852936
99.0595616,0.246917141526768
99.3413344,0.247141277120448
99.6231072,0.247364548659501
99.90488,0.24758696113078
100.1866528,0.247808519482835
100.4684256,0.248029228626283
100.7501984,0.248249093434169
101.0319712,0.248468118742324
101.313744,0.248686309349722
101.5955168,0.248903670018828
101.8772896,0.249120205475946
102.1590624,0.24933592041156
102.4408352,0.249550819480675
102.722608,0.249764907303151
103.0043808,0.249978188464031
103.2861536,0.250190667513875
103.5679264,0.250402348969076
103.8496992,0.250613237312185
104.131472,0.250823336992227
104.4132448,0.251032652425011
104.6950176,0.251241187993443
104.9767904,0.251448948047829
105.2585632,0.25165593690618
105.540336,0.251862158854508
105.8221088,0.252067618147126
106.1038816,0.252272319006936
106.3856544,0.252476265625722
106.6674272,0.252679462164435
106.9492,0.252881912753474
107.2309728,0.253083621492968
107.5127456,0.253284592453054
107.7945184,0.253484829674148
108.0762912,0.253684337167216
108.358064,0.253883118914045
108.6398368,0.254081178867502
108.9216096,0.254278520951804
109.2033824,0.254475149062769
109.4851552,0.254671067068079
109.766928,0.254866278807528
110.0487008,0.255060788093278
110.3304736,0.255254598710104
110.6122464,0.25544771441564
110.8940192,0.255640138940622
111.175792,0.255831875989129
111.4575648,0.256022929238819
111.7393376,0.256213302341166
112.0211104,0.256402998921691
112.3028832,0.256592022580194
112.584656,0.256780376890981
112.8664288,0.256968065403086
113.1482016,0.257155091640501
113.4299744,0.257341459102389
113.7117472,0.257527171263307
113.99352,0.257712231573421
114.2752928,0.257896643458718
114.5570656,0.258080410321221
114.8388384,0.258263535539193
115.1206112,0.258446022467348
115.402384,0.258627874437055
115.6841568,0.258809094756541
115.9659296,0.25898968671109
116.2477024,0.259169653563242
116.5294752,0.259348998552993
116.811248,0.259527724897982
117.0930208,0.259705835793692
117.3747936,0.259883334413635
117.6565664,0.26006022390954
117.9383392,0.260236507411544
118.220112,0.260412188028374
118.5018848,0.260587268847526
118.7836576,0.260761752935456
119.0654304,0.260935643337746
119.3472032,0.261108943079292
119.628976,0.261281655164475
119.9107488,0.261453782577334
120.1925216,0.261625328281738
120.4742944,0.261796295221558
120.7560672,0.261966686320834
121.03784,0.262136504483942
121.3196128,0.262305752595759
121.6013856,0.262474433521827
121.8831584,0.262642550108512
122.1649312,0.262810105183169
122.446704,0.262977101554294
122.7284768,0.26314354201169
123.0102496,0.263309429326611
123.2920224,0.263474766251926
123.5737952,0.263639555522265
123.855568,0.263803799854172
124.1373408,0.263967501946255
124.4191136,0.264130664479333
124.7008864,0.264293290116581
124.9826592,0.264455381503676
125.264432,0.264616941268942
125.5462048,0.264777972023489
125.8279776,0.264938476361358
126.1097504,0.265098456859655
126.3915232,0.265257916078691
126.673296,0.265416856562123
126.9550688,0.265575280837082
127.2368416,0.26573319141431
127.5186144,0.265890590788296
127.8003872,0.266047481437401
128.08216,0.266203865823995
128.3639328,0.266359746394578
128.6457056,0.266515125579915
128.9274784,0.266670005795158
129.2092512,0.266824389439972
129.491024,0.266978278898661
129.7727968,0.267131676540285
130.0545696,0.267284584718791
130.3363424,0.267437005773122
130.6181152,0.267588942027348
130.899888,0.267740395790774
131.1816608,0.267891369358063
131.4634336,0.268041865009351
131.7452064,0.268191885010359
132.0269792,0.26834143161251
132.308752,0.26849050705304
132.5905248,0.268639113555111
132.8722976,0.268787253327918
133.1540704,0.268934928566804
133.4358432,0.269082141453362
133.717616,0.269228894155548
133.9993888,0.269375188827784
134.2811616,0.269521027611067
134.5629344,0.269666412633068
134.8447072,0.269811346008239
135.12648,0.269955829837917
135.4082528,0.270099866210423
135.6900256,0.270243457201161
135.9717984,0.270386604872723
136.2535712,0.270529311274982
136.535344,0.270671578445195
136.8171168,0.270813408408094
137.0988896,0.27095480317599
137.3806624,0.27109576474886
137.6624352,0.271236295114446
137.944208,0.271376396248349
138.2259808,0.271516070114117
138.5077536,0.271655318663343
138.7895264,0.271794143835749
139.0712992,0.271932547559284
139.353072,0.272070531750205
139.6348448,0.27220809831317
139.9166176,0.272345249141329
140.1983904,0.272481986116401
140.4801632,0.272618311108769
140.761936,0.272754225977564
141.0437088,0.272889732570743
141.3254816,0.273024832725181
141.6072544,0.27315952826675
141.8890272,0.273293821010401
142.1708,0.273427712760245
