"ResDensity","N_TraitValue"
22.5337,0.0114137675844109
47.3815456,0.0239996959784042
72.2293912,0.0365856243723976
97.0772368,0.0491715527663909
121.9250824,0.0617574811603842
146.772928,0.0743434095543776
171.6207736,0.0869293379483709
196.4686192,0.0995152663423642
221.3164648,0.112101194736358
246.1643104,0.124687123130351
271.012156,0.137273051524344
295.8600016,0.149858979918338
320.7078472,0.162444908312331
345.5556928,0.175030836706324
370.4035384,0.187616765100318
395.251384,0.200202693494311
420.0992296,0.212788621888304
444.9470752,0.225374550282298
469.7949208,0.237960478676291
494.6427664,0.250546407070284
519.490612,0.263132335464278
544.3384576,0.275718263858271
569.1863032,0.288304192252264
594.0341488,0.300890120646257
618.8819944,0.313476049040251
643.72984,0.326061977434244
668.5776856,0.338647905828238
693.4255312,0.351233834222231
718.2733768,0.363819762616224
743.1212224,0.376405691010217
767.969068,0.388991619404211
792.8169136,0.401577547798204
817.6647592,0.414163476192197
842.5126048,0.426749404586191
867.3604504,0.439335332980184
892.208296,0.451921261374177
917.0561416,0.464507189768171
941.9039872,0.477093118162164
966.7518328,0.489679046556157
991.5996784,0.502264974950151
1016.447524,0.514850903344144
1041.2953696,0.527436831738137
1066.1432152,0.540022760132131
1090.9910608,0.552608688526124
1115.8389064,0.565194616920117
1140.686752,0.577780545314111
1165.5345976,0.590366473708104
1190.3824432,0.602952402102097
1215.2302888,0.615538330496091
1240.0781344,0.628124258890084
1264.92598,0.640710187284077
1289.7738256,0.653296115678071
1314.6216712,0.665882044072064
1339.4695168,0.678467972466057
1364.3173624,0.691053900860051
1389.165208,0.703639829254044
1414.0130536,0.716225757648037
1438.8608992,0.728811686042031
1463.7087448,0.741397614436024
1488.5565904,0.753983542830017
1513.404436,0.766569471224011
1538.2522816,0.779155399618004
1563.1001272,0.791741328011997
1587.9479728,0.804327256405991
1612.7958184,0.816913184799984
1637.643664,0.829499113193977
1662.4915096,0.842085041587971
1687.3393552,0.854670969981964
1712.1872008,0.867256898375957
1737.0350464,0.879842826769951
1761.882892,0.892428755163944
1786.7307376,0.905014683557937
1811.5785832,0.917600611951931
1836.4264288,0.930186540345924
1861.2742744,0.942772468739917
1886.12212,0.955358397133911
1910.9699656,0.967944325527904
1935.8178112,0.980530253921897
1960.6656568,0.993116182315891
1985.5135024,1.00570211070988
2010.361348,1.01828803910388
2035.2091936,1.03087396749787
2060.0570392,1.04345989589186
2084.9048848,1.05604582428586
2109.7527304,1.06863175267985
2134.600576,1.08121768107384
2159.4484216,1.09380360946784
2184.2962672,1.10638953786183
2209.1441128,1.11897546625582
2233.9919584,1.13156139464982
2258.839804,1.14414732304381
2283.6876496,1.1567332514378
2308.5354952,1.1693191798318
2333.3833408,1.18190510822579
2358.2311864,1.19449103661978
2383.079032,1.20707696501378
2407.9268776,1.21966289340777
2432.7747232,1.23224882180176
2457.6225688,1.24483475019576
2482.4704144,1.25742067858975
2507.31826,1.27000660698374
2532.1661056,1.28259253537774
2557.0139512,1.29517846377173
2581.8617968,1.30776439216572
2606.7096424,1.32035032055972
2631.557488,1.33293624895371
2656.4053336,1.3455221773477
2681.2531792,1.3581081057417
2706.1010248,1.37069403413569
2730.9488704,1.38327996252968
2755.796716,1.39586589092368
2780.6445616,1.40845181931767
2805.4924072,1.42103774771166
2830.3402528,1.43362367610566
2855.1880984,1.44620960449965
2880.035944,1.45879553289364
2904.8837896,1.47138146128764
2929.7316352,1.48396738968163
2954.5794808,1.49655331807562
2979.4273264,1.50913924646962
3004.275172,1.52172517486361
3029.1230176,1.5343111032576
3053.9708632,1.5468970316516
3078.8187088,1.55948296004559
3103.6665544,1.57206888843958
3128.5144,1.58465481683358
3153.3622456,1.59724074522757
3178.2100912,1.60982667362156
3203.0579368,1.62241260201556
3227.9057824,1.63499853040955
3252.753628,1.64758445880354
3277.6014736,1.66017038719754
3302.4493192,1.67275631559153
3327.2971648,1.68534224398552
3352.1450104,1.69792817237952
3376.992856,1.71051410077351
3401.8407016,1.7231000291675
3426.6885472,1.7356859575615
3451.5363928,1.74827188595549
3476.3842384,1.76085781434948
3501.232084,1.77344374274348
3526.0799296,1.78602967113747
3550.9277752,1.79861559953146
3575.7756208,1.81120152792546
3600.6234664,1.82378745631945
3625.471312,1.83637338471344
3650.3191576,1.84895931310744
3675.1670032,1.86154524150143
3700.0148488,1.87413116989542
3724.8626944,1.88671709828942
3749.71054,1.89930302668341
3774.5583856,1.9118889550774
3799.4062312,1.9244748834714
3824.2540768,1.93706081186539
3849.1019224,1.94964674025938
3873.949768,1.96223266865338
3898.7976136,1.97481859704737
3923.6454592,1.98740452544136
3948.4933048,1.99999045383536
3973.3411504,2.01257638222935
3998.188996,2.02516231062334
4023.0368416,2.03774823901734
4047.8846872,2.05033416741133
4072.7325328,2.06292009580532
4097.5803784,2.07550602419932
4122.428224,2.08809195259331
4147.2760696,2.1006778809873
4172.1239152,2.1132638093813
4196.9717608,2.12584973777529
4221.8196064,2.13843566616928
4246.667452,2.15102159456328
4271.5152976,2.16360752295727
4296.3631432,2.17619345135126
4321.2109888,2.18877937974526
4346.0588344,2.20136530813925
4370.90668,2.21395123653324
4395.7545256,2.22653716492724
4420.6023712,2.23912309332123
4445.4502168,2.25170902171522
4470.2980624,2.26429495010922
4495.145908,2.27688087850321
4519.9937536,2.2894668068972
4544.8415992,2.3020527352912
4569.6894448,2.31463866368519
4594.5372904,2.32722459207918
4619.385136,2.33981052047318
4644.2329816,2.35239644886717
4669.0808272,2.36498237726116
4693.9286728,2.37756830565516
4718.7765184,2.39015423404915
4743.624364,2.40274016244314
4768.4722096,2.41532609083714
4793.3200552,2.42791201923113
4818.1679008,2.44049794762512
4843.0157464,2.45308387601912
4867.863592,2.46566980441311
4892.7114376,2.4782557328071
4917.5592832,2.4908416612011
4942.4071288,2.50342758959509
4967.2549744,2.51601351798908
4992.10282,2.52859944638308
5016.9506656,2.54118537477707
5041.7985112,2.55377130317106
5066.6463568,2.56635723156506
5091.4942024,2.57894315995905
5116.342048,2.59152908835304
5141.1898936,2.60411501674704
5166.0377392,2.61670094514103
5190.8855848,2.62928687353502
5215.7334304,2.64187280192902
5240.581276,2.65445873032301
5265.4291216,2.667044658717
5290.2769672,2.679630587111
5315.1248128,2.69221651550499
5339.9726584,2.70480244389898
5364.820504,2.71738837229298
5389.6683496,2.72997430068697
5414.5161952,2.74256022908096
5439.3640408,2.75514615747496
5464.2118864,2.76773208586895
5489.059732,2.78031801426294
5513.9075776,2.79290394265694
5538.7554232,2.80548987105093
5563.6032688,2.81807579944492
5588.4511144,2.83066172783892
5613.29896,2.84324765623291
5638.1468056,2.8558335846269
5662.9946512,2.8684195130209
5687.8424968,2.88100544141489
5712.6903424,2.89359136980888
5737.538188,2.90617729820288
5762.3860336,2.91876322659687
5787.2338792,2.93134915499086
5812.0817248,2.94393508338486
5836.9295704,2.95652101177885
5861.777416,2.96910694017284
5886.6252616,2.98169286856684
5911.4731072,2.99427879696083
5936.3209528,3.00686472535482
5961.1687984,3.01945065374882
5986.016644,3.03203658214281
6010.8644896,3.0446225105368
6035.7123352,3.0572084389308
6060.5601808,3.06979436732479
6085.4080264,3.08238029571878
6110.255872,3.09496622411278
6135.1037176,3.10755215250677
6159.9515632,3.12013808090076
6184.7994088,3.13272400929476
6209.6472544,3.14530993768875
6234.4951,3.15789586608274
6259.3429456,3.17048179447674
6284.1907912,3.18306772287073
6309.0386368,3.19565365126472
6333.8864824,3.20823957965872
6358.734328,3.22082550805271
6383.5821736,3.2334114364467
6408.4300192,3.2459973648407
6433.2778648,3.25858329323469
6458.1257104,3.27116922162868
6482.973556,3.28375515002268
6507.8214016,3.29634107841667
6532.6692472,3.30892700681066
6557.5170928,3.32151293520466
6582.3649384,3.33409886359865
6607.212784,3.34668479199264
6632.0606296,3.35927072038664
6656.9084752,3.37185664878063
6681.7563208,3.38444257717462
6706.6041664,3.39702850556862
6731.452012,3.40961443396261
6756.2998576,3.4222003623566
6781.1477032,3.4347862907506
6805.9955488,3.44737221914459
6830.8433944,3.45995814753858
6855.69124,3.47254407593258
6880.5390856,3.48513000432657
6905.3869312,3.49771593272056
6930.2347768,3.51030186111456
6955.0826224,3.52288778950855
6979.930468,3.53547371790254
7004.7783136,3.54805964629654
7029.6261592,3.56064557469053
7054.4740048,3.57323150308452
7079.3218504,3.58581743147852
7104.169696,3.59840335987251
7129.0175416,3.6109892882665
7153.8653872,3.6235752166605
7178.7132328,3.63616114505449
7203.5610784,3.64874707344848
7228.408924,3.66133300184248
7253.2567696,3.67391893023647
7278.1046152,3.68650485863046
7302.9524608,3.69909078702446
7327.8003064,3.71167671541845
7352.648152,3.72426264381244
7377.4959976,3.73684857220644
7402.3438432,3.74943450060043
7427.1916888,3.76202042899442
7452.0395344,3.77460635738842
7476.88738,3.78719228578241
7501.7352256,3.7997782141764
7526.5830712,3.8123641425704
7551.4309168,3.82495007096439
7576.2787624,3.83753599935838
7601.126608,3.85012192775238
7625.9744536,3.86270785614637
7650.8222992,3.87529378454036
7675.6701448,3.88787971293436
7700.5179904,3.90046564132835
7725.365836,3.91305156972234
7750.2136816,3.92563749811634
7775.0615272,3.93822342651033
7799.9093728,3.95080935490432
7824.7572184,3.96339528329832
7849.605064,3.97598121169231
7874.4529096,3.9885671400863
7899.3007552,4.0011530684803
7924.1486008,4.01373899687429
7948.9964464,4.02632492526828
7973.844292,4.03891085366228
7998.6921376,4.05149678205627
8023.5399832,4.06408271045026
8048.3878288,4.07666863884426
8073.2356744,4.08925456723825
8098.08352,4.10184049563224
8122.9313656,4.11442642402624
8147.7792112,4.12701235242023
8172.6270568,4.13959828081422
8197.4749024,4.15218420920822
8222.322748,4.16477013760221
8247.1705936,4.1773560659962
8272.0184392,4.1899419943902
8296.8662848,4.20252792278419
8321.7141304,4.21511385117818
8346.561976,4.22769977957218
8371.4098216,4.24028570796617
8396.2576672,4.25287163636016
8421.1055128,4.26545756475416
8445.9533584,4.27804349314815
8470.801204,4.29062942154214
8495.6490496,4.30321534993614
8520.4968952,4.31580127833013
8545.3447408,4.32838720672412
8570.1925864,4.34097313511812
8595.040432,4.35355906351211
8619.8882776,4.3661449919061
8644.7361232,4.3787309203001
8669.5839688,4.39131684869409
8694.4318144,4.40390277708808
8719.27966,4.41648870548208
8744.1275056,4.42907463387607
8768.9753512,4.44166056227006
8793.8231968,4.45424649066406
8818.6710424,4.46683241905805
8843.518888,4.47941834745204
8868.3667336,4.49200427584604
8893.2145792,4.50459020424003
8918.0624248,4.51717613263402
8942.9102704,4.52976206102802
8967.758116,4.54234798942201
8992.6059616,4.554933917816
9017.4538072,4.56751984621
9042.3016528,4.58010577460399
9067.1494984,4.59269170299798
9091.997344,4.60527763139198
9116.8451896,4.61786355978597
9141.6930352,4.63044948817996
9166.5408808,4.64303541657396
9191.3887264,4.65562134496795
9216.236572,4.66820727336194
9241.0844176,4.68079320175594
9265.9322632,4.69337913014993
9290.7801088,4.70596505854392
9315.6279544,4.71855098693792
9340.4758,4.73113691533191
9365.3236456,4.7437228437259
9390.1714912,4.7563087721199
9415.0193368,4.76889470051389
9439.8671824,4.78148062890788
9464.715028,4.79406655730188
9489.5628736,4.80665248569587
9514.4107192,4.81923841408986
9539.2585648,4.83182434248386
9564.1064104,4.84441027087785
9588.954256,4.85699619927184
9613.8021016,4.86958212766584
9638.6499472,4.88216805605983
9663.4977928,4.89475398445382
9688.3456384,4.90733991284782
9713.193484,4.91992584124181
9738.0413296,4.9325117696358
9762.8891752,4.9450976980298
9787.7370208,4.95768362642379
9812.5848664,4.97026955481778
9837.432712,4.98285548321178
9862.2805576,4.99544141160577
9887.1284032,5.00802733999976
9911.9762488,5.02061326839376
9936.8240944,5.03319919678775
9961.67194,5.04578512518174
9986.5197856,5.05837105357574
10011.3676312,5.07095698196973
10036.2154768,5.08354291036372
10061.0633224,5.09612883875772
10085.911168,5.10871476715171
10110.7590136,5.1213006955457
10135.6068592,5.1338866239397
10160.4547048,5.14647255233369
10185.3025504,5.15905848072768
10210.150396,5.17164440912168
10234.9982416,5.18423033751567
10259.8460872,5.19681626590966
10284.6939328,5.20940219430366
10309.5417784,5.22198812269765
10334.389624,5.23457405109164
10359.2374696,5.24715997948564
10384.0853152,5.25974590787963
10408.9331608,5.27233183627362
10433.7810064,5.28491776466762
10458.628852,5.29750369306161
10483.4766976,5.3100896214556
10508.3245432,5.3226755498496
10533.1723888,5.33526147824359
10558.0202344,5.34784740663758
10582.86808,5.36043333503158
10607.7159256,5.37301926342557
10632.5637712,5.38560519181956
10657.4116168,5.39819112021356
10682.2594624,5.41077704860755
10707.107308,5.42336297700154
10731.9551536,5.43594890539554
10756.8029992,5.44853483378953
10781.6508448,5.46112076218352
10806.4986904,5.47370669057752
10831.346536,5.48629261897151
10856.1943816,5.4988785473655
10881.0422272,5.5114644757595
10905.8900728,5.52405040415349
10930.7379184,5.53663633254748
10955.585764,5.54922226094148
10980.4336096,5.56180818933547
11005.2814552,5.57439411772946
11030.1293008,5.58698004612346
11054.9771464,5.59956597451745
11079.824992,5.61215190291144
11104.6728376,5.62473783130544
11129.5206832,5.63732375969943
11154.3685288,5.64990968809342
11179.2163744,5.66249561648742
11204.06422,5.67508154488141
11228.9120656,5.6876674732754
11253.7599112,5.7002534016694
11278.6077568,5.71283933006339
11303.4556024,5.72542525845738
11328.303448,5.73801118685138
11353.1512936,5.75059711524537
11377.9991392,5.76318304363936
11402.8469848,5.77576897203336
11427.6948304,5.78835490042735
11452.542676,5.80094082882134
11477.3905216,5.81352675721534
11502.2383672,5.82611268560933
11527.0862128,5.83869861400332
11551.9340584,5.85128454239732
11576.781904,5.86387047079131
11601.6297496,5.8764563991853
11626.4775952,5.8890423275793
11651.3254408,5.90162825597329
11676.1732864,5.91421418436728
11701.021132,5.92680011276128
11725.8689776,5.93938604115527
11750.7168232,5.95197196954926
11775.5646688,5.96455789794326
11800.4125144,5.97714382633725
11825.26036,5.98972975473124
11850.1082056,6.00231568312524
11874.9560512,6.01490161151923
11899.8038968,6.02748753991322
11924.6517424,6.04007346830722
11949.499588,6.05265939670121
11974.3474336,6.0652453250952
11999.1952792,6.0778312534892
12024.0431248,6.09041718188319
12048.8909704,6.10300311027718
12073.738816,6.11558903867118
12098.5866616,6.12817496706517
12123.4345072,6.14076089545916
12148.2823528,6.15334682385316
12173.1301984,6.16593275224715
12197.978044,6.17851868064114
12222.8258896,6.19110460903514
12247.6737352,6.20369053742913
12272.5215808,6.21627646582312
12297.3694264,6.22886239421712
12322.217272,6.24144832261111
12347.0651176,6.2540342510051
12371.9129632,6.2666201793991
12396.7608088,6.27920610779309
12421.6086544,6.29179203618708
12446.4565,6.30437796458108
