"ResDensity","N_TraitValue"
10,0.000731040227666577
10.3,0.000748469935737509
10.6,0.000765692481794308
10.9,0.000782711537375717
11.2,0.000799530687768968
11.5,0.000816153434527759
11.8,0.000832583197902534
12.1,0.000848823319186615
12.4,0.000864877062981548
12.7,0.000880747619384906
13,0.000896438106103624
13.3,0.000911951570495799
13.6,0.000927290991543779
13.9,0.000942459281761207
14.2,0.000957459289036593
14.5,0.000972293798415874
14.8,0.000986965533826281
15.1,0.00100147715974378
15.4,0.00101583128280623
15.7,0.00103003045337426
16,0.00104407716704192
16.3,0.00105797386609888
16.6,0.00107172294094609
16.9,0.0010853267314665
17.2,0.00109878752835261
17.5,0.00111210757439234
17.8,0.00112528906571477
18.1,0.00113833415299725
18.4,0.0011512449426352
18.7,0.00116402349787591
19,0.00117667183991784
19.3,0.00118919194897627
19.6,0.00120158576531689
19.9,0.00121385519025817
20.2,0.00122600208714372
20.5,0.00123802828228563
20.8,0.00124993556587995
21.1,0.00126172569289496
21.4,0.00127340038393353
21.7,0.00128496132607012
22,0.00129641017366359
22.3,0.00130774854914633
22.6,0.00131897804379073
22.9,0.00133010021845371
23.2,0.00134111660429993
23.5,0.00135202870350451
23.8,0.00136283798993583
24.1,0.00137354590981925
24.4,0.00138415388238207
24.7,0.00139466330048062
25,0.00140507553121
25.3,0.00141539191649681
25.6,0.00142561377367577
25.9,0.00143574239605047
26.2,0.00144577905343882
26.5,0.0014557249927038
26.8,0.0014655814382698
27.1,0.00147534959262513
27.4,0.00148503063681106
27.7,0.00149462573089787
28,0.00150413601444821
28.3,0.00151356260696834
28.6,0.00152290660834737
28.9,0.0015321690992851
29.2,0.00154135114170872
29.5,0.00155045377917862
29.8,0.00155947803728378
30.1,0.00156842492402699
30.4,0.00157729543020018
30.7,0.00158609052975015
31,0.00159481118013512
31.3,0.00160345832267212
31.6,0.00161203288287577
31.9,0.00162053577078844
32.2,0.00162896788130227
32.5,0.00163733009447309
32.8,0.00164562327582668
33.1,0.00165384827665734
33.4,0.00166200593431924
33.7,0.00167009707251057
34,0.00167812250155081
34.3,0.00168608301865127
34.6,0.00169397940817904
34.9,0.00170181244191465
35.2,0.00170958287930355
35.5,0.00171729146770151
35.8,0.00172493894261428
36.1,0.00173252602793152
36.4,0.00174005343615521
36.7,0.0017475218686227
37,0.00175493201572456
37.3,0.0017622845571173
37.6,0.00176958016193118
37.9,0.00177681948897322
38.2,0.00178400318692553
38.5,0.00179113189453903
38.8,0.00179820624082282
39.1,0.00180522684522916
39.4,0.00181219431783432
39.7,0.00181910925951529
40,0.00182597226212251
40.3,0.00183278390864876
40.6,0.00183954477339422
40.9,0.0018462554221279
41.2,0.00185291641224546
41.5,0.00185952829292355
41.8,0.00186609160527072
42.1,0.0018726068824751
42.4,0.0018790746499487
42.7,0.00188549542546874
43,0.00189186971931577
43.3,0.00189819803440891
43.6,0.00190448086643804
43.9,0.00191071870399332
44.2,0.00191691202869178
44.5,0.00192306131530132
44.8,0.001929167031862
45.1,0.00193522963980483
45.4,0.00194124959406797
45.7,0.00194722734321057
46,0.00195316332952417
46.3,0.00195905798914177
46.6,0.0019649117521447
46.9,0.00197072504266716
47.2,0.00197649827899871
47.5,0.00198223187368456
47.8,0.00198792623362389
48.1,0.00199358176016605
48.4,0.00199919884920491
48.7,0.00200477789127121
49,0.00201031927162309
49.3,0.00201582337033474
49.6,0.00202129056238334
49.9,0.00202672121773421
50.2,0.00203211570142424
50.5,0.00203747437364369
50.8,0.00204279758981639
51.1,0.0020480857006783
51.4,0.00205333905235454
51.7,0.00205855798643492
52,0.00206374284004798
52.3,0.00206889394593358
52.6,0.0020740116325141
52.9,0.00207909622396421
53.2,0.00208414804027934
53.5,0.00208916739734282
53.8,0.00209415460699171
54.1,0.00209910997708136
54.4,0.00210403381154882
54.7,0.00210892641047492
55,0.00211378807014525
55.3,0.00211861908311
55.6,0.00212341973824259
55.9,0.0021281903207973
56.2,0.00213293111246576
56.5,0.00213764239143237
56.8,0.00214232443242874
57.1,0.00214697750678708
57.4,0.00215160188249262
57.7,0.00215619782423508
58,0.00216076559345914
58.3,0.00216530544841402
58.6,0.00216981764420219
58.9,0.0021743024328271
59.2,0.00217876006324013
59.5,0.00218319078138664
59.8,0.00218759483025124
60.1,0.00219197244990215
60.4,0.00219632387753487
60.7,0.002200649347515
61,0.00220494909142033
61.3,0.00220922333808217
61.6,0.00221347231362591
61.9,0.00221769624151096
62.2,0.00222189534256988
62.5,0.00222606983504686
62.8,0.00223021993463559
63.1,0.00223434585451632
63.4,0.00223844780539246
63.7,0.00224252599552637
64,0.00224658063077465
64.3,0.00225061191462276
64.6,0.00225462004821907
64.9,0.00225860523040834
65.2,0.00226256765776454
65.5,0.00226650752462323
65.8,0.00227042502311331
66.1,0.00227432034318826
66.4,0.00227819367265683
66.7,0.00228204519721322
67,0.00228587510046679
67.3,0.0022896835639712
67.6,0.00229347076725312
67.9,0.00229723688784042
68.2,0.00230098210128994
68.5,0.00230470658121474
68.8,0.00230841049931095
69.1,0.00231209402538414
69.4,0.00231575732737527
69.7,0.00231940057138623
70,0.00232302392170491
70.3,0.00232662754082995
70.6,0.00233021158949498
70.9,0.00233377622669254
71.2,0.00233732160969761
71.5,0.00234084789409069
71.8,0.00234435523378063
72.1,0.00234784378102695
72.4,0.00235131368646192
72.7,0.00235476509911223
73,0.0023581981664203
73.3,0.00236161303426534
73.6,0.00236500984698394
73.9,0.00236838874739044
74.2,0.00237174987679695
74.5,0.00237509337503305
74.8,0.00237841938046518
75.1,0.00238172803001569
75.4,0.0023850194591817
75.7,0.00238829380205353
76,0.00239155119133297
76.3,0.00239479175835114
76.6,0.0023980156330862
76.9,0.00240122294418071
77.2,0.00240441381895871
77.5,0.00240758838344262
77.8,0.0024107467623698
78.1,0.00241388907920889
78.4,0.0024170154561759
78.7,0.00242012601425007
79,0.00242322087318946
79.3,0.00242630015154632
79.6,0.00242936396668224
79.9,0.00243241243478303
80.2,0.00243544567087346
80.5,0.00243846378883168
80.8,0.00244146690140348
81.1,0.00244445512021636
81.4,0.00244742855579332
81.7,0.00245038731756651
82,0.00245333151389066
82.3,0.00245626125205629
82.6,0.00245917663830274
82.9,0.00246207777783105
83.2,0.00246496477481656
83.5,0.00246783773242143
83.8,0.00247069675280689
84.1,0.00247354193714536
84.4,0.0024763733856324
84.7,0.00247919119749847
85,0.00248199547102048
85.3,0.00248478630353329
85.6,0.00248756379144089
85.9,0.00249032803022756
86.2,0.00249307911446881
86.5,0.00249581713784211
86.8,0.00249854219313761
87.1,0.00250125437226852
87.4,0.00250395376628154
87.7,0.002506640465367
88,0.00250931455886889
88.3,0.00251197613529481
88.6,0.0025146252823257
88.9,0.00251726208682547
89.2,0.00251988663485052
89.5,0.00252249901165908
89.8,0.00252509930172043
90.1,0.00252768758872405
90.4,0.00253026395558854
90.7,0.00253282848447055
91,0.00253538125677341
91.3,0.00253792235315584
91.6,0.00254045185354041
91.9,0.00254296983712189
92.2,0.00254547638237556
92.5,0.00254797156706534
92.8,0.00255045546825184
93.1,0.00255292816230026
93.4,0.0025553897248883
93.7,0.00255784023101377
94,0.00256027975500229
94.3,0.00256270837051479
94.6,0.00256512615055487
94.9,0.00256753316747621
95.2,0.00256992949298968
95.5,0.00257231519817056
95.8,0.00257469035346549
96.1,0.00257705502869946
96.4,0.00257940929308262
96.7,0.00258175321521703
97,0.00258408686310335
97.3,0.0025864103041474
97.6,0.00258872360516666
97.9,0.00259102683239664
98.2,0.00259332005149725
98.5,0.00259560332755902
98.8,0.00259787672510924
99.1,0.00260014030811806
99.4,0.0026023941400045
99.7,0.00260463828364233
100,0.00260687280136598
100.3,0.00260909775497626
100.6,0.00261131320574606
100.9,0.002613519214426
101.2,0.00261571584124998
101.5,0.00261790314594065
101.8,0.00262008118771482
102.1,0.00262225002528881
102.4,0.00262440971688373
102.7,0.0026265603202307
103,0.00262870189257596
103.3,0.00263083449068598
103.6,0.00263295817085246
103.9,0.0026350729888973
104.2,0.00263717900017748
104.5,0.00263927625958988
104.8,0.00264136482157606
105.1,0.00264344474012699
105.4,0.00264551606878766
105.7,0.00264757886066171
106,0.00264963316841597
106.3,0.0026516790442849
106.6,0.00265371654007507
106.9,0.00265574570716949
107.2,0.00265776659653197
107.5,0.00265977925871136
107.8,0.00266178374384576
108.1,0.0026637801016667
108.4,0.00266576838150324
108.7,0.00266774863228605
109,0.00266972090255142
109.3,0.00267168524044519
109.6,0.00267364169372673
109.9,0.00267559030977275
110.2,0.00267753113558118
110.5,0.00267946421777489
110.8,0.00268138960260547
111.1,0.00268330733595691
111.4,0.00268521746334922
111.7,0.00268712002994207
112,0.00268901508053829
112.3,0.00269090265958747
112.6,0.00269278281118936
112.9,0.00269465557909735
113.2,0.00269652100672185
113.5,0.00269837913713362
113.8,0.00270023001306713
114.1,0.0027020736769238
114.4,0.00270391017077528
114.7,0.00270573953636659
115,0.00270756181511932
115.3,0.00270937704813477
115.6,0.002711185276197
115.9,0.00271298653977592
116.2,0.00271478087903029
116.5,0.00271656833381071
116.8,0.00271834894366258
117.1,0.00272012274782899
117.4,0.00272188978525362
117.7,0.00272365009458362
118,0.00272540371417234
118.3,0.00272715068208224
118.6,0.00272889103608752
118.9,0.00273062481367692
119.2,0.00273235205205641
119.5,0.0027340727881518
119.8,0.00273578705861142
120.1,0.0027374948998087
120.4,0.00273919634784476
120.7,0.00274089143855094
121,0.00274258020749129
121.3,0.00274426268996512
121.6,0.00274593892100941
121.9,0.00274760893540125
122.2,0.00274927276766026
122.5,0.00275093045205096
122.8,0.0027525820225851
123.1,0.00275422751302405
123.4,0.00275586695688102
123.7,0.0027575003874234
124,0.00275912783767496
124.3,0.00276074934041812
124.6,0.00276236492819612
124.9,0.00276397463331522
125.2,0.00276557848784681
125.5,0.00276717652362962
125.8,0.00276876877227173
126.1,0.00277035526515273
126.4,0.00277193603342575
126.7,0.0027735111080195
127,0.00277508051964028
127.3,0.00277664429877401
127.6,0.00277820247568815
127.9,0.0027797550804337
128.2,0.00278130214284712
128.5,0.00278284369255221
128.8,0.00278437975896204
129.1,0.00278591037128082
129.4,0.00278743555850573
129.7,0.00278895534942873
130,0.00279046977263845
130.3,0.00279197885652189
130.6,0.00279348262926627
130.9,0.00279498111886073
131.2,0.00279647435309809
131.5,0.00279796235957657
131.8,0.0027994451657015
132.1,0.00280092279868698
132.4,0.00280239528555753
132.7,0.00280386265314981
133,0.00280532492811416
133.3,0.00280678213691628
133.6,0.00280823430583879
133.9,0.00280968146098283
134.2,0.00281112362826961
134.5,0.00281256083344197
134.8,0.00281399310206591
135.1,0.00281542045953208
135.4,0.00281684293105732
135.7,0.00281826054168613
136,0.00281967331629212
136.3,0.00282108127957951
136.6,0.00282248445608451
136.9,0.0028238828701768
137.2,0.0028252765460609
137.5,0.0028266655077776
137.8,0.00282804977920531
138.1,0.00282942938406147
138.4,0.00283080434590386
138.7,0.00283217468813195
139,0.00283354043398828
139.3,0.00283490160655968
139.6,0.00283625822877866
139.9,0.00283761032342465
140.2,0.00283895791312528
140.5,0.00284030102035765
140.8,0.00284163966744958
141.1,0.00284297387658086
141.4,0.00284430366978443
141.7,0.00284562906894764
142,0.00284695009581344
142.3,0.00284826677198155
142.6,0.00284957911890965
142.9,0.00285088715791455
143.2,0.00285219091017335
143.5,0.00285349039672455
143.8,0.00285478563846923
144.1,0.00285607665617212
144.4,0.00285736347046275
144.7,0.00285864610183653
145,0.00285992457065584
145.3,0.00286119889715111
145.6,0.0028624691014219
145.9,0.0028637352034379
146.2,0.00286499722304008
146.5,0.00286625517994161
146.8,0.00286750909372898
147.1,0.00286875898386297
147.4,0.00287000486967964
147.7,0.0028712467703914
148,0.00287248470508791
148.3,0.00287371869273711
148.6,0.00287494875218619
148.9,0.00287617490216253
149.2,0.00287739716127464
149.5,0.00287861554801314
149.8,0.00287983008075166
150.1,0.00288104077774778
150.4,0.00288224765714395
150.7,0.00288345073696836
151,0.00288465003513588
151.3,0.00288584556944892
151.6,0.00288703735759836
151.9,0.00288822541716433
152.2,0.00288940976561718
152.5,0.00289059042031825
152.8,0.00289176739852079
153.1,0.00289294071737074
153.4,0.00289411039390759
153.7,0.00289527644506521
154,0.00289643888767267
154.3,0.00289759773845502
154.6,0.00289875301403412
154.9,0.00289990473092944
155.2,0.00290105290555881
155.5,0.00290219755423925
155.8,0.00290333869318769
156.1,0.00290447633852178
156.4,0.00290561050626064
156.7,0.00290674121232558
157,0.00290786847254089
157.3,0.00290899230263454
157.6,0.00291011271823895
157.9,0.00291122973489168
158.2,0.00291234336803615
158.5,0.00291345363302239
158.8,0.0029145605451077
159.1,0.00291566411945737
159.4,0.00291676437114537
159.7,0.00291786131515505
160,0.00291895496637979
