"ResDensity","N_TraitValue"
2.5608,0.00017913498892092
2.8097972,0.000195873249670592
3.0587944,0.000212496131215282
3.3077916,0.000229004822445226
3.5567888,0.000245400495972494
3.805786,0.000261684308408631
4.0547832,0.000277857400636646
4.3037804,0.000293920898077468
4.5527776,0.000309875910951002
4.8017748,0.000325723534531915
5.050772,0.000341464849400274
5.2997692,0.000357100921687159
5.5487664,0.000372632803315362
5.7977636,0.000388061532235295
6.0467608,0.000403388132656211
6.295758,0.000418613615272843
6.5447552,0.000433738977487587
6.7937524,0.000448765203628297
7.0427496,0.00046369326516183
7.2917468,0.000478524120903402
7.540744,0.000493258717221883
7.7897412,0.000507897988241099
8.0387384,0.000522442856037238
8.2877356,0.000536894230832457
8.5367328,0.000551253011184761
8.78573,0.000565520084174247
9.0347272,0.000579696325585788
9.2837244,0.000593782600088241
9.5327216,0.000607779761410257
9.7817188,0.000621688652512755
10.030716,0.000635510105758157
10.2797132,0.000649244943076427
10.5287104,0.000662893976128011
10.7777076,0.000676458006463722
11.0267048,0.000689937825681655
11.275702,0.000703334215581186
11.5246992,0.000716647948314117
11.7736964,0.000729879786533035
12.0226936,0.000743030483536947
12.2716908,0.000756100783414229
12.520688,0.000769091421182978
12.7696852,0.000782003122928797
13.0186824,0.000794836605940073
13.2676796,0.000807592578840813
13.5166768,0.00082027174172107
13.765674,0.000832874786265032
14.0146712,0.000845402395876797
14.2636684,0.000857855245803908
14.5126656,0.000870234003258679
14.7616628,0.000882539327537358
15.01066,0.000894771870137182
15.2596572,0.000906932274871355
15.5086544,0.000919021177982004
15.7576516,0.000931039208251144
16.0066488,0.000942986987109695
16.255646,0.000954865128744603
16.5046432,0.000966674240204081
16.7536404,0.000978414921501024
17.0026376,0.000990087765714642
17.2516348,0.00100169335909032
17.500632,0.00101323228113776
17.7496292,0.00102470510472746
17.9986264,0.00103611239618551
18.2476236,0.00104745471538676
18.4966208,0.00105873261584646
18.745618,0.00106994664481026
18.9946152,0.00108109734334277
19.2436124,0.00109218524641453
19.4926096,0.00110321088298763
19.7416068,0.00111417477609978
19.990604,0.00112507744294702
20.2396012,0.00113591939496508
20.4885984,0.00114670113790934
20.7375956,0.00115742317193345
20.9865928,0.00116808599166669
21.23559,0.00117869008629005
21.4845872,0.00118923593961101
21.7335844,0.00119972403013713
21.9825816,0.00121015483114844
22.2315788,0.00122052881076862
22.480576,0.00123084643203501
22.7295732,0.00124110815296756
22.9785704,0.00125131442663654
23.2275676,0.00126146570122927
23.4765648,0.00127156242011572
23.725562,0.00128160502191301
23.9745592,0.00129159394054902
24.2235564,0.00130152960532479
24.4725536,0.0013114124409761
24.7215508,0.00132124286773395
24.970548,0.00133102130138414
25.2195452,0.00134074815332589
25.4685424,0.00135042383062954
25.7175396,0.00136004873609332
25.9665368,0.00136962326829929
26.215534,0.00137914782166829
26.4645312,0.00138862278651419
26.7135284,0.00139804854909712
26.9625256,0.00140742549167603
27.2115228,0.00141675399256033
27.46052,0.00142603442616077
27.7095172,0.00143526716303953
27.9585144,0.00144445256995956
28.2075116,0.00145359100993315
28.4565088,0.00146268284226971
28.705506,0.0014717284226229
28.9545032,0.00148072810303701
29.2035004,0.0014896822319926
29.4524976,0.00149859115445152
29.7014948,0.00150745521190117
29.950492,0.00151627474239816
30.1994892,0.00152505008061128
30.4484864,0.00153378155786384
30.6974836,0.00154246950217534
30.9464808,0.0015511142383026
31.195478,0.00155971608778015
31.4444752,0.00156827536896019
31.6934724,0.00157679239705178
31.9424696,0.00158526748415957
32.1914668,0.00159370093932195
32.440464,0.00160209306854855
32.6894612,0.00161044417485733
32.9384584,0.00161875455831097
33.1874556,0.00162702451605288
33.4364528,0.00163525434234258
33.68545,0.00164344432859061
33.9344472,0.00165159476339291
34.1834444,0.00165970593256475
34.4324416,0.00166777811917412
34.6814388,0.00167581160357465
34.930436,0.00168380666343811
35.1794332,0.00169176357378634
35.4284304,0.00169968260702285
35.6774276,0.00170756403296384
35.9264248,0.0017154081188689
36.175422,0.00172321512947121
36.4244192,0.00173098532700729
36.6734164,0.0017387189712464
36.9224136,0.00174641631951945
37.1714108,0.0017540776267476
37.420408,0.00176170314547035
37.6694052,0.00176929312587329
37.9184024,0.00177684781581551
38.1673996,0.00178436746085653
38.4163968,0.00179185230428293
38.665394,0.00179930258713458
38.9143912,0.00180671854823052
39.1633884,0.00181410042419447
39.4123856,0.00182144844948003
39.6613828,0.00182876285639545
39.91038,0.00183604387512815
40.1593772,0.00184329173376884
40.4083744,0.00185050665833537
40.6573716,0.00185768887279621
40.9063688,0.00186483859909361
41.155366,0.00187195605716649
41.4043632,0.00187904146497296
41.6533604,0.00188609503851261
41.9023576,0.00189311699184842
42.1513548,0.00190010753712844
42.400352,0.00190706688460714
42.6493492,0.0019139952426665
42.8983464,0.00192089281783682
43.1473436,0.00192775981481721
43.3963408,0.00193459643649586
43.645338,0.00194140288397003
43.8943352,0.00194817935656574
44.1433324,0.00195492605185728
44.3923296,0.00196164316568634
44.6413268,0.00196833089218101
44.890324,0.00197498942377449
45.1393212,0.00198161895122348
45.3883184,0.00198821966362649
45.6373156,0.00199479174844175
45.8863128,0.00200133539150498
46.13531,0.00200785077704691
46.3843072,0.00201433808771055
46.6333044,0.00202079750456831
46.8823016,0.00202722920713876
47.1312988,0.00203363337340333
47.380296,0.00204001017982273
47.6292932,0.00204635980135311
47.8782904,0.00205268241146208
48.1272876,0.00205897818214453
48.3762848,0.0020652472839382
48.625282,0.0020714898859391
48.8742792,0.00207770615581668
49.1232764,0.00208389625982887
49.3722736,0.00209006036283692
49.6212708,0.00209619862831998
49.870268,0.00210231121838959
50.1192652,0.00210839829380396
50.3682624,0.00211446001398204
50.6172596,0.00212049653701744
50.8662568,0.00212650801969219
51.115254,0.0021324946174903
51.3642512,0.00213845648461116
51.6132484,0.00214439377398281
51.8622456,0.00215030663727497
52.1112428,0.00215619522491199
52.36024,0.00216205968608561
52.6092372,0.00216790016876752
52.8582344,0.00217371681972185
53.1072316,0.00217950978451743
53.3562288,0.00218527920753997
53.605226,0.00219102523200402
53.8542232,0.00219674799996483
54.1032204,0.00220244765233006
54.3522176,0.00220812432887137
54.6012148,0.0022137781682358
54.850212,0.00221940930795708
55.0992092,0.00222501788446679
55.3482064,0.00223060403310538
55.5972036,0.00223616788813301
55.8462008,0.0022417095827404
56.095198,0.00224722924905934
56.3441952,0.00225272701817331
56.5931924,0.00225820302012775
56.8421896,0.0022636573839404
57.0911868,0.00226909023761138
57.340184,0.00227450170813322
57.5891812,0.00227989192150077
57.8381784,0.00228526100272094
58.0871756,0.0022906090758224
58.3361728,0.00229593626386511
58.58517,0.00230124268894978
58.8341672,0.00230652847222718
59.0831644,0.00231179373390735
59.3321616,0.00231703859326875
59.5811588,0.00232226316866723
59.830156,0.00232746757754496
60.0791532,0.0023326519364392
60.3281504,0.00233781636099104
60.5771476,0.00234296096595396
60.8261448,0.00234808586520235
61.075142,0.00235319117173989
61.3241392,0.00235827699770791
61.5731364,0.00236334345439352
61.8221336,0.00236839065223781
62.0711308,0.00237341870084381
62.320128,0.00237842770898445
62.5691252,0.00238341778461041
62.8181224,0.00238838903485788
63.0671196,0.00239334156605619
63.3161168,0.00239827548373545
63.565114,0.00240319089263397
63.8141112,0.00240808789670576
64.0631084,0.00241296659912777
64.3121056,0.0024178271023072
64.5611028,0.00242266950788866
64.8101,0.00242749391676121
65.0590972,0.0024323004290654
65.3080944,0.00243708914420022
65.5570916,0.00244186016082989
65.8060888,0.00244661357689072
66.055086,0.00245134948959771
66.3040832,0.00245606799545128
66.5530804,0.00246076919024375
66.8020776,0.00246545316906586
67.0510748,0.00247012002631315
67.300072,0.00247476985569236
67.5490692,0.00247940275022763
67.7980664,0.00248401880226676
68.0470636,0.00248861810348729
68.2960608,0.00249320074490264
68.545058,0.00249776681686806
68.7940552,0.00250231640908658
69.0430524,0.0025068496106149
69.2920496,0.00251136650986917
69.5410468,0.00251586719463079
69.790044,0.00252035175205202
70.0390412,0.0025248202686617
70.2880384,0.00252927283037073
70.5370356,0.00253370952247763
70.7860328,0.00253813042967394
71.03503,0.00254253563604968
71.2840272,0.0025469252250986
71.5330244,0.00255129927972352
71.7820216,0.0025556578822415
72.0310188,0.00256000111438905
72.280016,0.00256432905732721
72.5290132,0.00256864179164659
72.7780104,0.00257293939737243
73.0270076,0.00257722195396948
73.2760048,0.00258148954034695
73.525002,0.00258574223486334
73.7739992,0.00258998011533123
74.0229964,0.00259420325902202
74.2719936,0.00259841174267066
74.5209908,0.00260260564248024
74.769988,0.00260678503412666
75.0189852,0.00261094999276313
75.2679824,0.00261510059302468
75.5169796,0.00261923690903264
75.7659768,0.00262335901439905
76.014974,0.00262746698223099
76.2639712,0.00263156088513495
76.5129684,0.00263564079522108
76.7619656,0.00263970678410745
77.0109628,0.00264375892292418
77.25996,0.00264779728231767
77.5089572,0.00265182193245465
77.7579544,0.00265583294302626
78.0069516,0.00265983038325206
78.2559488,0.00266381432188404
78.504946,0.00266778482721053
78.7539432,0.00267174196706015
79.0029404,0.00267568580880559
79.2519376,0.00267961641936752
79.5009348,0.00268353386521832
79.749932,0.00268743821238585
79.9989292,0.00269132952645717
80.2479264,0.00269520787258218
80.4969236,0.00269907331547726
80.7459208,0.00270292591942892
80.994918,0.0027067657482973
81.2439152,0.00271059286551974
81.4929124,0.00271440733411424
81.7419096,0.00271820921668296
81.9909068,0.00272199857541561
82.239904,0.00272577547209285
82.4889012,0.00272953996808967
82.7378984,0.00273329212437868
82.9868956,0.00273703200153342
83.2358928,0.00274075965973161
83.48489,0.0027444751587584
83.7338872,0.00274817855800955
83.9828844,0.00275186991649459
84.2318816,0.00275554929283995
84.4808788,0.0027592167452921
84.729876,0.00276287233172058
84.9788732,0.00276651610962105
85.2278704,0.00277014813611835
85.4768676,0.00277376846796943
85.7258648,0.00277737716156632
85.974862,0.00278097427293908
86.2238592,0.00278455985775868
86.4728564,0.00278813397133988
86.7218536,0.00279169666864408
86.9708508,0.0027952480042821
87.219848,0.00279878803251704
87.4688452,0.00280231680726697
87.7178424,0.00280583438210771
87.9668396,0.00280934081027555
88.2158368,0.0028128361446699
88.464834,0.00281632043785597
88.7138312,0.00281979374206741
88.9628284,0.0028232561092089
89.2118256,0.00282670759085877
89.4608228,0.00283014823827152
89.70982,0.00283357810238039
89.9588172,0.00283699723379986
90.2078144,0.00284040568282813
90.4568116,0.00284380349944961
90.7058088,0.00284719073333734
90.954806,0.00285056743385543
91.2038032,0.00285393365006143
91.4528004,0.00285728943070876
91.7017976,0.00286063482424899
91.9507948,0.00286396987883424
92.199792,0.00286729464231943
92.4487892,0.00287060916226464
92.6977864,0.0028739134859373
92.9467836,0.0028772076603145
93.1957808,0.00288049173208516
93.444778,0.00288376574765231
93.6937752,0.00288702975313519
93.9427724,0.00289028379437148
94.1917696,0.00289352791691942
94.4407668,0.00289676216605993
94.689764,0.00289998658679874
94.9387612,0.00290320122386846
95.1877584,0.00290640612173064
95.4367556,0.00290960132457785
95.6857528,0.00291278687633568
95.93475,0.00291596282066476
96.1837472,0.00291912920096279
96.4327444,0.00292228606036646
96.6817416,0.00292543344175345
96.9307388,0.00292857138774435
97.179736,0.00293169994070459
97.4287332,0.00293481914274636
97.6777304,0.00293792903573047
97.9267276,0.00294102966126827
98.1757248,0.00294412106072345
98.424722,0.00294720327521391
98.6737192,0.00295027634561359
98.9227164,0.00295334031255424
99.1717136,0.00295639521642728
99.4207108,0.00295944109738549
99.669708,0.00296247799534482
99.9187052,0.00296550594998615
100.1677024,0.00296852500075696
100.4166996,0.00297153518687309
100.6656968,0.00297453654732041
100.914694,0.00297752912085655
101.1636912,0.0029805129460125
101.4126884,0.00298348806109432
101.6616856,0.00298645450418474
101.9106828,0.00298941231314481
102.15968,0.00299236152561551
102.4086772,0.00299530217901934
102.6576744,0.0029982343105619
102.9066716,0.00300115795723345
103.1556688,0.00300407315581049
103.404666,0.0030069799428573
103.6536632,0.00300987835472744
103.9026604,0.0030127684275653
104.1516576,0.00301565019730756
104.4006548,0.00301852369968473
104.649652,0.0030213889702226
104.8986492,0.0030242460442437
105.1476464,0.00302709495686877
105.3966436,0.00302993574301817
105.6456408,0.00303276843741333
105.894638,0.00303559307457817
106.1436352,0.00303840968884048
106.3926324,0.00304121831433333
106.6416296,0.00304401898499643
106.8906268,0.00304681173457751
107.139624,0.00304959659663368
107.3886212,0.00305237360453277
107.6376184,0.00305514279145465
107.8866156,0.00305790419039257
108.1356128,0.00306065783415446
108.38461,0.00306340375536423
108.6336072,0.00306614198646306
108.8826044,0.00306887255971067
109.1316016,0.00307159550718661
109.3805988,0.00307431086079148
109.629596,0.00307701865224822
109.8785932,0.00307971891310331
110.1275904,0.003082411674728
110.3765876,0.00308509696831954
110.6255848,0.00308777482490237
110.874582,0.00309044527532933
111.1235792,0.00309310835028284
111.3725764,0.00309576408027604
111.6215736,0.00309841249565403
111.8705708,0.00310105362659496
112.119568,0.00310368750311119
112.3685652,0.00310631415505045
112.6175624,0.00310893361209696
112.8665596,0.00311154590377251
113.1155568,0.00311415105943763
113.364554,0.00311674910829266
113.6135512,0.00311934007937882
113.8625484,0.00312192400157932
114.1115456,0.00312450090362045
114.3605428,0.00312707081407259
114.60954,0.00312963376135131
114.8585372,0.0031321897737184
115.1075344,0.00313473887928293
115.3565316,0.00313728110600225
115.6055288,0.00313981648168302
115.854526,0.00314234503398223
116.1035232,0.00314486679040822
116.3525204,0.00314738177832165
116.6015176,0.00314989002493652
116.8505148,0.0031523915573211
117.099512,0.00315488640239896
117.3485092,0.00315737458694992
117.5975064,0.00315985613761099
117.8465036,0.00316233108087734
118.0955008,0.00316479944310322
118.344498,0.00316726125050292
118.5934952,0.0031697165291517
118.8424924,0.00317216530498667
119.0914896,0.00317460760380777
119.3404868,0.00317704345127862
119.589484,0.00317947287292742
119.8384812,0.00318189589414788
120.0874784,0.0031843125402001
120.3364756,0.00318672283621139
120.5854728,0.00318912680717721
120.83447,0.00319152447796201
121.0834672,0.00319391587330008
121.3324644,0.00319630101779639
121.5814616,0.00319867993592746
121.8304588,0.00320105265204219
122.079456,0.00320341919036268
122.3284532,0.00320577957498506
122.5774504,0.00320813382988031
122.8264476,0.00321048197889508
123.0754448,0.00321282404575248
123.324442,0.00321516005405286
123.5734392,0.00321749002727466
123.8224364,0.00321981398877516
124.0714336,0.00322213196179124
124.3204308,0.00322444396944019
124.569428,0.00322675003472049
124.8184252,0.00322905018051252
125.0674224,0.00323134442957934
125.3164196,0.00323363280456749
125.5654168,0.00323591532800765
125.814414,0.00323819202231544
126.0634112,0.00324046290979214
126.3124084,0.00324272801262539
126.5614056,0.00324498735288997
126.8104028,0.00324724095254845
127.0594,0.00324948883345197
