"ResDensity","N_TraitValue"
5,5.54241379045194e-05
5.15,5.69919911209779e-05
5.3,5.85546418480949e-05
5.45,6.01121159375229e-05
5.6,6.16644390699187e-05
5.75,6.32116367563547e-05
5.9,6.47537343397165e-05
6.05,6.62907569960868e-05
6.2,6.78227297361151e-05
6.35,6.93496774063748e-05
6.5,7.0871624690706e-05
6.65,7.23885961115458e-05
6.8,7.39006160312456e-05
6.95,7.54077086533749e-05
7.1,7.6909898024013e-05
7.25,7.8407208033028e-05
7.4,7.98996624153428e-05
7.55,8.13872847521898e-05
7.7,8.28700984723524e-05
7.85,8.43481268533955e-05
8,8.58213930228829e-05
8.15,8.7289919959584e-05
8.3,8.87537304946688e-05
8.45,9.02128473128902e-05
8.6,9.16672929537568e-05
8.75,9.3117089812693e-05
8.9,9.45622601421885e-05
9.05,9.60028260529368e-05
9.2,9.74388095149631e-05
9.35,9.88702323587408e-05
9.5,0.000100297116276298
9.65,0.000101719482822314
9.8,0.000103137353415202
9.95,0.000104550749338187
10.1,0.000105959691740372
10.25,0.000107364201637787
10.4,0.000108764299914441
10.55,0.00011016000732335
10.7,0.00011155134448757
10.85,0.000112938331901207
11,0.000114320989930425
11.15,0.000115699338814443
11.3,0.000117073398666523
11.45,0.000118443189474948
11.6,0.000119808731103991
11.75,0.000121170043294876
11.9,0.000122527145666726
12.05,0.000123880057717511
12.2,0.000125228798824979
12.35,0.000126573388247579
12.5,0.000127913845125381
12.65,0.000129250188480983
12.8,0.00013058243722041
12.95,0.000131910610134009
13.1,0.000133234725897326
13.25,0.000134554803071988
13.4,0.000135870860106567
13.55,0.000137182915337438
13.7,0.000138490986989635
13.85,0.000139795093177691
14,0.000141095251906476
14.15,0.000142391481072025
14.3,0.00014368379846236
14.45,0.000144972221758302
14.6,0.000146256768534278
14.75,0.000147537456259121
14.9,0.000148814302296863
15.05,0.000150087323907515
15.2,0.000151356538247848
15.35,0.000152621962372167
15.5,0.000153883613233067
15.65,0.000155141507682198
15.8,0.000156395662471008
15.95,0.000157646094251494
16.1,0.000158892819576934
16.25,0.000160135854902617
16.4,0.000161375216586571
16.55,0.000162610920890277
16.7,0.000163842983979382
16.85,0.000165071421924405
17,0.00016629625070143
17.15,0.000167517486192807
17.3,0.000168735144187833
17.45,0.000169949240383432
17.6,0.000171159790384834
17.75,0.000172366809706239
17.9,0.000173570313771481
18.05,0.000174770317914688
18.2,0.000175966837380929
18.35,0.000177159887326862
18.5,0.000178349482821373
18.65,0.000179535638846211
18.8,0.000180718370296618
18.95,0.00018189769198195
19.1,0.000183073618626296
19.25,0.000184246164869092
19.4,0.000185415345265729
19.55,0.000186581174288151
19.7,0.000187743666325457
19.85,0.00018890283568449
20,0.000190058696590428
20.15,0.000191211263187358
20.3,0.000192360549538862
20.45,0.000193506569628584
20.6,0.000194649337360795
20.75,0.000195788866560962
20.9,0.000196925170976301
21.05,0.00019805826427633
21.2,0.000199188160053417
21.35,0.000200314871823326
21.5,0.000201438413025754
21.65,0.000202558797024865
21.8,0.000203676037109822
21.95,0.000204790146495308
22.1,0.000205901138322052
22.25,0.000207009025657345
22.4,0.000208113821495547
22.55,0.000209215538758604
22.7,0.000210314190296541
22.85,0.000211409788887973
23,0.000212502347240591
23.15,0.000213591877991658
23.3,0.000214678393708497
23.45,0.00021576190688897
23.6,0.000216842429961962
23.75,0.000217919975287852
23.9,0.000218994555158989
24.05,0.000220066181800153
24.2,0.000221134867369026
24.35,0.000222200623956646
24.5,0.000223263463587866
24.65,0.000224323398221804
24.8,0.000225380439752295
24.95,0.000226434600008333
25.1,0.000227485890754511
25.25,0.000228534323691464
25.4,0.000229579910456297
25.55,0.00023062266262302
25.7,0.000231662591702974
25.85,0.000232699709145251
26,0.00023373402633712
26.15,0.000234765554604441
26.3,0.000235794305212075
26.45,0.000236820289364301
26.6,0.000237843518205219
26.75,0.00023886400281915
26.9,0.000239881754231044
27.05,0.000240896783406871
27.2,0.000241909101254018
27.35,0.000242918718621675
27.5,0.000243925646301231
27.65,0.00024492989502665
27.8,0.000245931475474858
27.95,0.000246930398266117
28.1,0.000247926673964405
28.25,0.000248920313077786
28.4,0.000249911326058777
28.55,0.000250899723304721
28.7,0.000251885515158142
28.85,0.000252868711907116
29,0.000253849323785618
29.15,0.000254827360973886
29.3,0.000255802833598769
29.45,0.000256775751734075
29.6,0.000257746125400923
29.75,0.000258713964568083
29.9,0.000259679279152318
30.05,0.000260642079018723
30.2,0.000261602373981063
30.35,0.000262560173802102
30.5,0.000263515488193938
30.65,0.000264468326818331
30.8,0.000265418699287024
30.95,0.000266366615162074
31.1,0.000267312083956164
31.25,0.000268255115132929
31.4,0.000269195718107268
31.55,0.000270133902245655
31.7,0.000271069676866455
31.85,0.000272003051240229
32,0.000272934034590044
32.15,0.000273862636091768
32.3,0.000274788864874385
32.45,0.00027571273002028
32.6,0.000276634240565546
32.75,0.000277553405500275
32.9,0.00027847023376885
33.05,0.000279384734270235
33.2,0.000280296915858265
33.35,0.000281206787341927
33.5,0.000282114357485651
33.65,0.000283019635009585
33.8,0.000283922628589877
33.95,0.00028482334685895
34.1,0.000285721798405782
34.25,0.000286617991776173
34.4,0.000287511935473021
34.55,0.000288403637956585
34.7,0.00028929310764476
34.85,0.000290180352913335
35,0.000291065382096258
35.15,0.000291948203485899
35.3,0.000292828825333305
35.45,0.000293707255848461
35.6,0.000294583503200543
35.75,0.000295457575518172
35.9,0.000296329480889665
36.05,0.000297199227363283
36.2,0.000298066822947483
36.35,0.000298932275611159
36.5,0.000299795593283887
36.65,0.000300656783856171
36.8,0.000301515855179679
36.95,0.000302372815067483
37.1,0.000303227671294296
37.25,0.000304080431596708
37.4,0.000304931103673417
37.55,0.000305779695185463
37.7,0.000306626213756459
37.85,0.000307470666972814
38,0.000308313062383966
38.15,0.000309153407502602
38.3,0.000309991709804886
38.45,0.000310827976730675
38.6,0.000311662215683745
38.75,0.000312494434032004
38.9,0.000313324639107715
39.05,0.000314152838207706
39.2,0.000314979038593584
39.35,0.000315803247491953
39.5,0.000316625472094617
39.65,0.000317445719558796
39.8,0.000318263997007328
39.95,0.000319080311528879
40.1,0.000319894670178146
40.25,0.000320707079976061
40.4,0.000321517547909992
40.55,0.000322326080933944
40.7,0.000323132685968758
40.85,0.000323937369902307
41,0.000324740139589694
41.15,0.000325541001853445
41.3,0.000326339963483705
41.45,0.000327137031238425
41.6,0.000327932211843559
41.75,0.000328725511993248
41.9,0.000329516938350008
42.05,0.00033030649754492
42.2,0.000331094196177814
42.35,0.000331880040817451
42.5,0.000332664038001705
42.65,0.000333446194237751
42.8,0.000334226516002235
42.95,0.00033500500974146
43.1,0.000335781681871562
43.25,0.000336556538778685
43.4,0.000337329586819157
43.55,0.000338100832319663
43.7,0.000338870281577418
43.85,0.00033963794086034
44,0.000340403816407216
44.15,0.000341167914427876
44.3,0.000341930241103359
44.45,0.000342690802586075
44.6,0.000343449604999981
44.75,0.000344206654440733
44.9,0.00034496195697586
45.05,0.000345715518644919
45.2,0.000346467345459659
45.35,0.00034721744340418
45.5,0.000347965818435091
45.65,0.000348712476481672
45.8,0.000349457423446024
45.95,0.000350200665203229
46.1,0.000350942207601503
46.25,0.00035168205646235
46.4,0.000352420217580714
46.55,0.00035315669672513
46.7,0.000353891499637875
46.85,0.000354624632035116
47,0.00035535609960706
47.15,0.000356085908018099
47.3,0.000356814062906959
47.45,0.000357540569886842
47.6,0.000358265434545572
47.75,0.000358988662445741
47.9,0.000359710259124845
48.05,0.00036043023009543
48.2,0.000361148580845232
48.35,0.000361865316837314
48.5,0.000362580443510207
48.65,0.000363293966278048
48.8,0.000364005890530712
48.95,0.000364716221633954
49.1,0.00036542496492954
49.25,0.00036613212573538
49.4,0.000366837709345665
49.55,0.000367541721030995
49.7,0.000368244166038513
49.85,0.000368945049592036
50,0.000369644376892179
50.15,0.000370342153116492
50.3,0.000371038383419579
50.45,0.000371733072933232
50.6,0.000372426226766554
50.75,0.000373117850006084
50.9,0.000373807947715923
51.05,0.000374496524937854
51.2,0.000375183586691471
51.35,0.000375869137974295
51.5,0.000376553183761898
51.65,0.000377235729008024
51.8,0.000377916778644704
51.95,0.000378596337582383
52.1,0.000379274410710031
52.25,0.000379951002895261
52.4,0.00038062611898445
52.55,0.00038129976380285
52.7,0.000381971942154705
52.85,0.000382642658823365
53,0.000383311918571398
53.15,0.000383979726140708
53.3,0.000384646086252638
53.45,0.000385311003608089
53.6,0.000385974482887629
53.75,0.0003866365287516
53.9,0.000387297145840228
54.05,0.000387956338773735
54.2,0.000388614112152442
54.35,0.000389270470556878
54.5,0.000389925418547886
54.65,0.000390578960666731
54.8,0.000391231101435201
54.95,0.000391881845355713
55.1,0.000392531196911419
55.25,0.000393179160566303
55.4,0.000393825740765291
55.55,0.000394470941934346
55.7,0.000395114768480573
55.85,0.000395757224792318
56,0.000396398315239266
56.15,0.000397038044172545
56.3,0.000397676415924818
56.45,0.000398313434810385
56.6,0.000398949105125281
56.75,0.000399583431147369
56.9,0.000400216417136437
57.05,0.000400848067334297
57.2,0.000401478385964875
57.35,0.000402107377234305
57.5,0.00040273504533103
57.65,0.000403361394425884
57.8,0.000403986428672193
57.95,0.000404610152205863
58.1,0.000405232569145472
58.25,0.000405853683592361
58.4,0.000406473499630723
58.55,0.000407092021327693
58.7,0.000407709252733439
58.85,0.000408325197881247
59,0.000408939860787609
59.15,0.000409553245452316
59.3,0.000410165355858537
59.45,0.00041077619597291
59.6,0.000411385769745625
59.75,0.000411994081110514
59.9,0.000412601133985127
60.05,0.000413206932270827
60.2,0.000413811479852863
60.35,0.000414414780600462
60.5,0.000415016838366903
60.65,0.000415617656989608
60.8,0.000416217240290216
60.95,0.000416815592074667
61.1,0.000417412716133286
61.25,0.000418008616240856
61.4,0.000418603296156702
61.55,0.00041919675962477
61.7,0.000419789010373704
61.85,0.000420380052116926
62,0.000420969888552712
62.15,0.000421558523364268
62.3,0.000422145960219811
62.45,0.000422732202772641
62.6,0.000423317254661218
62.75,0.000423901119509239
62.9,0.000424483800925708
63.05,0.000425065302505018
63.2,0.000425645627827017
63.35,0.000426224780457088
63.5,0.000426802763946217
63.65,0.000427379581831067
63.8,0.000427955237634054
63.95,0.000428529734863412
64.1,0.000429103077013269
64.25,0.000429675267563719
64.4,0.000430246309980885
64.55,0.000430816207716999
64.7,0.000431384964210462
64.85,0.000431952582885922
65,0.000432519067154336
65.15,0.000433084420413041
65.3,0.000433648646045821
65.45,0.000434211747422978
65.6,0.000434773727901392
65.75,0.000435334590824597
65.9,0.000435894339522837
66.05,0.000436452977313141
66.2,0.000437010507499384
66.35,0.000437566933372353
66.5,0.000438122258209809
66.65,0.000438676485276558
66.8,0.000439229617824508
66.95,0.000439781659092738
67.1,0.000440332612307555
67.25,0.000440882480682565
67.4,0.000441431267418729
67.55,0.000441978975704427
67.7,0.00044252560871552
67.85,0.000443071169615413
68,0.000443615661555112
68.15,0.000444159087673288
68.3,0.000444701451096338
68.45,0.00044524275493844
68.6,0.000445783002301619
68.75,0.000446322196275802
68.9,0.000446860339938878
69.05,0.000447397436356757
69.2,0.000447933488583427
69.35,0.000448468499661013
69.5,0.000449002472619836
69.65,0.000449535410478466
69.8,0.000450067316243783
69.95,0.000450598192911032
70.1,0.000451128043463878
70.25,0.000451656870874465
70.4,0.000452184678103467
70.55,0.000452711468100148
70.7,0.000453237243802414
70.85,0.00045376200813687
71,0.000454285764018869
71.15,0.000454808514352574
71.3,0.000455330262031005
71.45,0.000455851009936095
71.6,0.000456370760938743
71.75,0.000456889517898867
71.9,0.000457407283665457
72.05,0.000457924061076623
72.2,0.000458439852959654
72.35,0.000458954662131063
72.5,0.000459468491396641
72.65,0.000459981343551509
72.8,0.000460493221380168
72.95,0.000461004127656546
73.1,0.000461514065144055
73.25,0.000462023036595634
73.4,0.000462531044753802
73.55,0.000463038092350708
73.7,0.000463544182108178
73.85,0.000464049316737763
74,0.00046455349894079
74.15,0.000465056731408409
74.3,0.000465559016821641
74.45,0.000466060357851425
74.6,0.000466560757158665
74.75,0.00046706021739428
74.9,0.000467558741199246
75.05,0.000468056331204647
75.2,0.00046855299003172
75.35,0.000469048720291899
75.5,0.000469543524586863
75.65,0.00047003740550858
75.8,0.000470530365639355
75.95,0.000471022407551871
76.1,0.000471513533809237
76.25,0.000472003746965032
76.4,0.000472493049563345
76.55,0.000472981444138828
76.7,0.000473468933216731
76.85,0.000473955519312949
77,0.000474441204934065
77.15,0.000474925992577396
77.3,0.000475409884731029
77.45,0.00047589288387387
77.6,0.000476374992475685
77.75,0.000476856212997137
77.9,0.000477336547889837
78.05,0.000477815999596376
78.2,0.000478294570550373
78.35,0.000478772263176514
78.5,0.000479249079890594
78.65,0.000479725023099554
78.8,0.000480200095201527
78.95,0.000480674298585875
79.1,0.000481147635633227
79.25,0.000481620108715526
79.4,0.00048209172019606
79.55,0.000482562472429508
79.7,0.000483032367761976
79.85,0.000483501408531034
80,0.000483969597065763
