"ResDensity","N_TraitValue"
2,0.128274439293071
2.036,0.130320578159356
2.072,0.132358497795655
2.108,0.134388247627009
2.144,0.136409876682969
2.18,0.13842343360155
2.216,0.140428966633126
2.252,0.14242652364429
2.288,0.144416152121657
2.324,0.146397899175627
2.36,0.14837181154411
2.396,0.150337935596192
2.432,0.15229631733577
2.468,0.15424700240514
2.504,0.156190036088543
2.54,0.158125463315667
2.576,0.160053328665114
2.612,0.161973676367819
2.648,0.163886550310435
2.684,0.165791994038673
2.72,0.167690050760613
2.756,0.169580763349962
2.792,0.171464174349288
2.828,0.173340325973208
2.864,0.175209260111544
2.9,0.177071018332438
2.936,0.178925641885436
2.972,0.180773171704534
3.008,0.182613648411191
3.044,0.184447112317302
3.08,0.186273603428145
3.116,0.188093161445291
3.152,0.189905825769477
3.188,0.191711635503454
3.224,0.193510629454796
3.26,0.195302846138681
3.296,0.19708832378064
3.332,0.198867100319275
3.368,0.200639213408944
3.404,0.202404700422421
3.44,0.204163598453521
3.476,0.205915944319698
3.512,0.207661774564616
3.548,0.209401125460688
3.584,0.211134033011587
3.62,0.212860532954731
3.656,0.214580660763742
3.692,0.216294451650871
3.728,0.218001940569405
3.764,0.219703162216042
3.8,0.221398151033239
3.836,0.223086941211541
3.872,0.224769566691873
3.908,0.226446061167822
3.944,0.228116458087879
3.98,0.22978079065767
4.016,0.23143909184215
4.052,0.233091394367783
4.088,0.234737730724695
4.124,0.236378133168801
4.16,0.238012633723915
4.196,0.239641264183832
4.232,0.241264056114389
4.268,0.242881040855508
4.304,0.244492249523206
4.34,0.246097713011599
4.376,0.247697461994874
4.412,0.249291526929238
4.448,0.250879938054859
4.484,0.25246272539777
4.52,0.254039918771768
4.556,0.25561154778028
4.592,0.257177641818222
4.628,0.258738230073823
4.664,0.260293341530446
4.7,0.261843004968379
4.736,0.26338724896661
4.772,0.264926101904584
4.808,0.266459591963944
4.844,0.267987747130247
4.88,0.269510595194673
4.916,0.271028163755701
4.952,0.272540480220785
4.988,0.274047571807996
5.024,0.275549465547661
5.06,0.277046188283977
5.096,0.27853776667661
5.132,0.280024227202277
5.168,0.281505596156315
5.204,0.282981899654228
5.24,0.284453163633226
5.276,0.285919413853742
5.312,0.287380675900934
5.348,0.288836975186175
5.384,0.290288336948527
5.42,0.291734786256194
5.456,0.293176348007973
5.492,0.294613046934677
5.528,0.296044907600551
5.564,0.29747195440467
5.6,0.29889421158233
5.636,0.300311703206414
5.672,0.301724453188755
5.708,0.303132485281477
5.744,0.304535823078328
5.78,0.305934490015999
5.816,0.307328509375424
5.852,0.308717904283078
5.888,0.310102697712252
5.924,0.311482912484318
5.96,0.312858571269987
5.996,0.314229696590548
6.032,0.315596310819096
6.068,0.316958436181749
6.104,0.318316094758856
6.14,0.319669308486187
6.176,0.321018099156115
6.212,0.322362488418785
6.248,0.323702497783277
6.284,0.325038148618746
6.32,0.326369462155565
6.356,0.327696459486443
6.392,0.329019161567545
6.428,0.330337589219592
6.464,0.331651763128952
6.5,0.332961703848729
6.536,0.334267431799823
6.572,0.335568967272003
6.608,0.336866330424951
6.644,0.338159541289302
6.68,0.33944861976768
6.716,0.340733585635716
6.752,0.34201445854306
6.788,0.343291258014381
6.824,0.34456400345036
6.86,0.345832714128675
6.896,0.347097409204971
6.932,0.348358107713825
6.968,0.349614828569703
7.004,0.350867590567901
7.04,0.352116412385489
7.076,0.353361312582233
7.112,0.354602309601518
7.148,0.355839421771257
7.184,0.357072667304794
7.22,0.358302064301799
7.256,0.359527630749151
7.292,0.360749384521815
7.328,0.361967343383717
7.364,0.363181524988596
7.4,0.364391946880864
7.436,0.365598626496448
7.472,0.366801581163625
7.508,0.368000828103859
7.544,0.369196384432614
7.58,0.370388267160174
7.616,0.371576493192447
7.652,0.372761079331766
7.688,0.373942042277681
7.724,0.375119398627739
7.76,0.376293164878271
7.796,0.377463357425154
7.832,0.378629992564578
7.868,0.379793086493802
7.904,0.380952655311902
7.94,0.382108715020519
7.976,0.383261281524587
8.012,0.38441037063307
8.048,0.38555599805968
8.084,0.386698179423597
8.12,0.387836930250173
8.156,0.388972265971642
8.192,0.390104201927814
8.228,0.391232753366765
8.264,0.392357935445524
8.3,0.39347976323075
8.336,0.394598251699404
8.372,0.395713415739419
8.408,0.396825270150355
8.444,0.397933829644059
8.48,0.399039108845309
8.516,0.400141122292462
8.552,0.401239884438089
8.588,0.402335409649605
8.624,0.4034277122099
8.66,0.404516806317955
8.696,0.405602706089459
8.732,0.40668542555742
8.768,0.407764978672769
8.804,0.408841379304956
8.84,0.40991464124255
8.876,0.410984778193823
8.912,0.412051803787334
8.948,0.41311573157251
8.984,0.414176575020218
9.02,0.415234347523333
9.056,0.416289062397304
9.092,0.417340732880709
9.128,0.418389372135811
9.164,0.41943499324911
9.2,0.420477609231879
9.236,0.421517233020715
9.272,0.422553877478065
9.308,0.423587555392759
9.344,0.424618279480538
9.38,0.425646062384575
9.416,0.426670916675988
9.452,0.427692854854358
9.488,0.428711889348233
9.524,0.429728032515634
9.56,0.430741296644555
9.596,0.431751693953455
9.632,0.432759236591755
9.668,0.433763936640318
9.704,0.434765806111937
9.74,0.435764856951812
9.776,0.436761101038024
9.812,0.437754550182008
9.848,0.438745216129018
9.884,0.439733110558589
9.92,0.440718245084998
9.956,0.441700631257719
9.992,0.442680280561873
10.028,0.443657204418677
10.064,0.444631414185885
10.1,0.445602921158233
10.136,0.446571736567872
10.172,0.447537871584802
10.208,0.448501337317299
10.244,0.449462144812344
10.28,0.450420305056046
10.316,0.451375828974055
10.352,0.452328727431983
10.388,0.453279011235814
10.424,0.454226691132311
10.46,0.455171777809424
10.496,0.456114281896688
10.532,0.457054213965625
10.568,0.457991584530139
10.604,0.458926404046905
10.64,0.459858682915761
10.676,0.460788431480092
10.712,0.461715660027213
10.748,0.462640378788749
10.784,0.463562597941009
10.82,0.464482327605363
10.856,0.46539957784861
10.892,0.466314358683344
10.928,0.467226680068323
10.964,0.468136551908824
11,0.469043984057006
11.036,0.469948986312266
11.072,0.470851568421588
11.108,0.471751740079895
11.144,0.472649510930399
11.18,0.47354489056494
11.216,0.47443788852433
11.252,0.475328514298693
11.288,0.476216777327801
11.324,0.477102687001404
11.36,0.477986252659567
11.396,0.478867483592993
11.432,0.479746389043349
11.468,0.480622978203594
11.504,0.481497260218293
11.54,0.482369244183941
11.576,0.483238939149271
11.612,0.484106354115577
11.648,0.484971498037015
11.684,0.485834379820916
11.72,0.486695008328093
11.756,0.48755339237314
11.792,0.488409540724736
11.828,0.489263462105941
11.864,0.490115165194497
11.9,0.490964658623117
11.936,0.491811950979779
11.972,0.492657050808014
12.008,0.493499966607196
12.044,0.494340706832823
12.08,0.495179279896804
12.116,0.496015694167736
12.152,0.496849957971184
12.188,0.497682079589956
12.224,0.498512067264381
12.26,0.499339929192574
12.296,0.500165673530714
12.332,0.500989308393306
12.368,0.501810841853447
12.404,0.502630281943096
12.44,0.503447636653326
12.476,0.504262913934593
12.512,0.505076121696988
12.548,0.505887267810494
12.584,0.506696360105242
12.62,0.507503406371761
12.656,0.508308414361227
12.692,0.509111391785715
12.728,0.509912346318441
12.764,0.510711285594008
12.8,0.511508217208652
12.836,0.512303148720476
12.872,0.513096087649695
12.908,0.513887041478869
12.944,0.514676017653141
12.98,0.51546302358047
13.016,0.516248066631861
13.052,0.517031154141599
13.088,0.517812293407473
13.124,0.518591491691006
13.16,0.519368756217678
13.196,0.520144094177151
13.232,0.520917512723489
13.268,0.521689018975378
13.304,0.522458620016348
13.34,0.523226322894984
13.376,0.523992134625147
13.412,0.524756062186183
13.448,0.525518112523136
13.484,0.526278292546962
13.52,0.527036609134733
13.556,0.527793069129848
13.592,0.528547679342237
13.628,0.529300446548565
13.664,0.530051377492436
13.7,0.530800478884596
13.736,0.531547757403129
13.772,0.532293219693658
13.808,0.53303687236954
13.844,0.533778722012065
13.88,0.534518775170647
13.916,0.53525703836302
13.952,0.535993518075423
13.988,0.536728220762798
14.024,0.537461152848973
14.06,0.538192320726852
14.096,0.538921730758598
14.132,0.539649389275822
14.168,0.540375302579761
14.204,0.541099476941464
14.24,0.541821918601971
14.276,0.542542633772491
14.312,0.543261628634584
14.348,0.543978909340333
14.384,0.544694482012521
14.42,0.545408352744807
14.456,0.546120527601899
14.492,0.546831012619721
14.528,0.547539813805591
14.564,0.548246937138383
14.6,0.5489523885687
14.636,0.549656174019039
14.672,0.550358299383958
14.708,0.551058770530239
14.744,0.551757593297051
14.78,0.552454773496114
14.816,0.55315031691186
14.852,0.553844229301593
14.888,0.554536516395646
14.924,0.55522718389754
14.96,0.555916237484141
14.996,0.556603682805814
15.032,0.557289525486582
15.068,0.557973771124272
15.104,0.558656425290674
15.14,0.559337493531687
15.176,0.560016981367475
15.212,0.560694894292611
15.248,0.561371237776225
15.284,0.562046017262157
15.32,0.562719238169096
15.356,0.563390905890729
15.392,0.564061025795885
15.428,0.564729603228677
15.464,0.565396643508643
15.5,0.56606215193089
15.536,0.56672613376623
15.572,0.567388594261325
15.608,0.56804953863882
15.644,0.568708972097482
15.68,0.569366899812336
15.716,0.570023326934802
15.752,0.570678258592827
15.788,0.571331699891021
15.824,0.571983655910786
15.86,0.572634131710454
15.896,0.57328313232541
15.932,0.573930662768227
15.968,0.574576728028795
16.004,0.575221333074448
16.04,0.575864482850089
16.076,0.576506182278322
16.112,0.577146436259571
16.148,0.577785249672211
16.184,0.578422627372689
16.22,0.579058574195644
16.256,0.579693094954035
16.292,0.58032619443926
16.328,0.580957877421275
16.364,0.581588148648715
16.4,0.582217012849015
16.436,0.582844474728524
16.472,0.583470538972627
16.508,0.584095210245857
16.544,0.584718493192015
16.58,0.585340392434284
16.616,0.585960912575339
16.652,0.586580058197469
16.688,0.58719783386268
16.724,0.587814244112817
16.76,0.588429293469666
16.796,0.589042986435071
16.832,0.589655327491041
16.868,0.590266321099861
16.904,0.590875971704198
16.94,0.59148428372721
16.976,0.592091261572653
17.012,0.592696909624987
17.048,0.593301232249483
17.084,0.593904233792324
17.12,0.594505918580714
17.156,0.595106290922979
17.192,0.595705355108669
17.228,0.596303115408661
17.264,0.596899576075263
17.3,0.597494741342311
17.336,0.59808861542527
17.372,0.598681202521337
17.408,0.599272506809534
17.444,0.599862532450811
17.48,0.600451283588143
17.516,0.601038764346624
17.552,0.601624978833565
17.588,0.602209931138594
17.624,0.602793625333742
17.66,0.603376065473545
17.696,0.603957255595138
17.732,0.60453719971834
17.768,0.605115901845759
17.804,0.605693365962872
17.84,0.606269596038125
17.876,0.606844596023021
17.912,0.607418369852208
17.948,0.607990921443575
17.984,0.608562254698333
18.02,0.60913237350111
18.056,0.609701281720037
18.092,0.610268983206835
18.128,0.610835481796901
18.164,0.611400781309398
18.2,0.611964885547336
18.236,0.612527798297662
18.272,0.61308952333134
18.308,0.613650064403441
18.344,0.61420942525322
18.38,0.614767609604205
18.416,0.615324621164275
18.452,0.615880463625746
18.488,0.61643514066545
18.524,0.616988655944817
18.56,0.617541013109956
18.596,0.618092215791733
18.632,0.618642267605854
18.668,0.619191172152941
18.704,0.619738933018611
18.74,0.620285553773557
18.776,0.620831037973622
18.812,0.621375389159876
18.848,0.621918610858698
18.884,0.622460706581844
18.92,0.623001679826529
18.956,0.6235415340755
18.992,0.624080272797111
19.028,0.624617899445397
19.064,0.625154417460147
19.1,0.625689830266981
19.136,0.626224141277416
19.172,0.626757353888946
19.208,0.62728947148511
19.244,0.627820497435564
19.28,0.628350435096153
19.316,0.628879287808978
19.352,0.629407058902475
19.388,0.629933751691473
19.424,0.630459369477275
19.46,0.630983915547717
19.496,0.631507393177244
19.532,0.632029805626975
19.568,0.63255115614477
19.604,0.633071447965298
19.64,0.633590684310105
19.676,0.634108868387679
19.712,0.634626003393518
19.748,0.635142092510193
19.784,0.635657138907416
19.82,0.636171145742101
19.856,0.636684116158434
19.892,0.637196053287934
19.928,0.637706960249514
19.964,0.638216840149551
20,0.638725696081944
