"ResDensity","N_TraitValue"
25,0.00770648682704036
26.95,0.00817163154911273
28.9,0.00862179640425403
30.85,0.00905769355907321
32.8,0.0094799907410429
34.75,0.00988931465150452
36.7,0.0102862540688821
38.65,0.0106713626744212
40.6,0.0110451616289745
42.55,0.0114081419260507
44.5,0.0117607665434702
46.45,0.0121034724134518
48.4,0.012436672228761
50.35,0.0127607561006143
52.3,0.0130760930823464
54.25,0.0133830325713501
56.2,0.0136819056004863
58.15,0.013973026028998
60.1,0.0142566916419367
62.05,0.014533185166196
64,0.0148027752104405
65.95,0.0150657171354981
67.9,0.0153222538611452
69.85,0.0155726166146418
71.8,0.0158170256258653
73.75,0.0160556907734348
75.7,0.0162888121858109
77.65,0.0165165808009898
79.6,0.0167391788880798
81.55,0.0169567805337566
83.5,0.017169552096325
85.45,0.0173776526298764
87.4,0.0175812342808141
89.35,0.0177804426588251
91.3,0.0179754171841988
93.25,0.0181662914132324
95.2,0.0183531933433219
97.15,0.0185362456991996
99.1,0.0187155662016667
101.05,0.018891267820055
103,0.0190634590095566
104.95,0.01923224393447
106.9,0.0193977226783255
108.85,0.0195599914417844
110.8,0.0197191427291309
112.75,0.0198752655241183
114.7,0.0200284454558708
116.65,0.0201787649554923
118.6,0.0203263034039814
120.55,0.0204711372720137
122.5,0.0206133402521054
124.45,0.02075298338364
126.4,0.0208901351712034
128.35,0.0210248616966414
130.3,0.0211572267252243
132.25,0.0212872918062781
134.2,0.0214151163686146
136.15,0.0215407578110724
138.1,0.021664271588458
140.05,0.0217857112931573
142,0.0219051287326701
143.95,0.0220225740033032
145.9,0.0221380955602426
147.85,0.0222517402842098
149.8,0.0223635535448958
151.75,0.0224735792613526
153.7,0.0225818599595119
155.65,0.0226884368269875
157.6,0.0227933497653115
159.55,0.0228966374397432
161.5,0.0229983373267802
163.45,0.0230984857594955
165.4,0.0231971179708155
167.35,0.0232942681348468
169.3,0.0233899694063544
171.25,0.0234842539584864
173.2,0.0235771530188351
175.15,0.0236686969039215
177.1,0.0237589150521795
179.05,0.0238478360555193
181,0.0239354876895378
182.95,0.024021896942445
184.9,0.0241070900427688
186.85,0.0241910924858981
188.8,0.0242739290595212
190.75,0.0243556238680118
192.7,0.0244362003558138
194.65,0.0245156813298722
196.6,0.0245940889811553
198.55,0.024671444905311
200.5,0.0247477701224967
202.45,0.0248230850964232
204.4,0.0248974097526457
206.35,0.0249707634961392
208.3,0.0250431652281891
210.25,0.0251146333626286
212.2,0.0251851858414518
214.15,0.0252548401498304
216.1,0.0253236133305613
218.05,0.025391521997968
220,0.0254585823512826
221.95,0.0255248101875281
223.9,0.0255902209139244
225.85,0.0256548295598382
227.8,0.0257186507882957
229.75,0.0257816989070767
231.7,0.0258439878794081
233.65,0.025905531334274
235.6,0.0259663425763568
237.55,0.0260264345956266
239.5,0.0260858200765913
241.45,0.0261445114072234
243.4,0.0262025206875746
245.35,0.0262598597380928
247.3,0.0263165401076516
249.25,0.0263725730813049
251.2,0.0264279696877779
253.15,0.0264827407067032
255.1,0.0265368966756145
257.05,0.0265904478967045
259,0.0266434044433588
260.95,0.0266957761664732
262.9,0.026747572700562
264.85,0.0267988034696673
266.8,0.0268494776930749
268.75,0.0268996043908451
270.7,0.0269491923891657
272.65,0.0269982503255323
274.6,0.0270467866537644
276.55,0.027094809648862
278.5,0.0271423274117083
280.45,0.027189347873626
282.4,0.0272358788007898
284.35,0.0272819277985033
286.3,0.0273275023153425
288.25,0.0273726096471726
290.2,0.0274172569410412
292.15,0.0274614511989543
294.1,0.027505199281536
296.05,0.0275485079115799
298,0.0275913836774924
299.95,0.0276338330366345
301.9,0.0276758623185635
303.85,0.0277174777281794
305.8,0.0277586853487787
307.75,0.0277994911450189
309.7,0.0278399009657963
311.65,0.0278799205470416
313.6,0.027919555514433
315.55,0.0279588113860334
317.5,0.027997693574851
319.45,0.0280362073913276
321.4,0.0280743580457566
323.35,0.0281121506506325
325.3,0.0281495902229351
327.25,0.0281866816863494
329.2,0.0282234298734246
331.15,0.0282598395276726
333.1,0.0282959153056093
335.05,0.0283316617787402
337,0.0283670834354909
338.95,0.0284021846830866
340.9,0.0284369698493796
342.85,0.0284714431846281
344.8,0.028505608863228
346.75,0.0285394709853971
348.7,0.0285730335788163
350.65,0.028606300600226
352.6,0.0286392759369814
354.55,0.0286719634085668
356.5,0.0287043667680702
358.45,0.02873648970362
360.4,0.0287683358397843
362.35,0.0287999087389343
364.3,0.0288312119025724
366.25,0.0288622487726275
368.2,0.0288930227327155
370.15,0.02892353710937
372.1,0.0289537951732405
374.05,0.0289838001402608
376,0.0290135551727892
377.95,0.0290430633807187
379.9,0.0290723278225611
381.85,0.0291013515065034
383.8,0.029130137391439
385.75,0.029158688387973
387.7,0.0291870073594032
389.65,0.0292150971226777
391.6,0.0292429604493285
393.55,0.0292706000663835
395.5,0.0292980186572561
397.45,0.0293252188626136
399.4,0.0293522032812248
401.35,0.0293789744707882
403.3,0.0294055349487396
405.25,0.0294318871930418
407.2,0.0294580336429547
409.15,0.0294839766997884
411.1,0.0295097187276379
413.05,0.0295352620541019
415,0.0295606089709839
416.95,0.0295857617349776
418.9,0.0296107225683371
420.85,0.029635493659531
422.8,0.0296600771638822
424.75,0.0296844752041932
426.7,0.0297086898713567
428.65,0.0297327232249532
430.6,0.0297565772938353
432.55,0.029780254076698
434.5,0.0298037555426373
436.45,0.0298270836316961
438.4,0.029850240255398
440.35,0.0298732272972695
442.3,0.0298960466133507
444.25,0.0299187000326945
446.2,0.0299411893578562
448.15,0.0299635163653705
450.1,0.0299856828062204
452.05,0.0300076904062939
454,0.030029540866833
455.95,0.0300512358648712
457.9,0.0300727770536632
459.85,0.0300941660631044
461.8,0.0301154045001424
463.75,0.0301364939491792
465.7,0.0301574359724653
467.65,0.0301782321104853
469.6,0.0301988838823361
471.55,0.0302193927860963
473.5,0.0302397602991887
475.45,0.030259987878735
477.4,0.0302800769619034
479.35,0.030300028966249
481.3,0.0303198452900471
483.25,0.0303395273126198
485.2,0.0303590763946563
487.15,0.0303784938785265
489.1,0.0303977810885878
491.05,0.0304169393314867
493,0.0304359698964537
494.95,0.0304548740555926
496.9,0.0304736530641636
498.85,0.0304923081608618
500.8,0.0305108405680887
502.75,0.0305292514922202
504.7,0.0305475421238675
506.65,0.0305657136381344
508.6,0.0305837671948684
510.55,0.0306017039389081
512.5,0.0306195250003246
514.45,0.0306372314946593
516.4,0.0306548245231565
518.35,0.0306723051729916
520.3,0.0306896745174952
522.25,0.0307069336163726
524.2,0.0307240835159199
526.15,0.0307411252492344
528.1,0.0307580598364232
530.05,0.0307748882848059
532,0.0307916115891147
533.95,0.0308082307316903
535.9,0.0308247466826744
537.85,0.0308411604001984
539.8,0.0308574728305686
541.75,0.030873684908448
543.7,0.0308897975570352
545.65,0.0309058116882392
547.6,0.0309217282028518
549.55,0.0309375479907163
551.5,0.0309532719308931
553.45,0.0309689008918233
555.4,0.0309844357314876
557.35,0.0309998772975642
559.3,0.0310152264275823
561.25,0.031030483949074
563.2,0.0310456506797227
565.15,0.0310607274275095
567.1,0.0310757149908562
569.05,0.0310906141587669
571,0.0311054257109657
572.95,0.0311201504180336
574.9,0.0311347890415412
576.85,0.0311493423341808
578.8,0.0311638110398948
580.75,0.0311781958940031
582.7,0.031192497623327
584.65,0.0312067169463121
586.6,0.0312208545731483
588.55,0.0312349112058884
590.5,0.0312488875385638
592.45,0.0312627842572992
594.4,0.0312766020404248
596.35,0.0312903415585864
598.3,0.0313040034748541
600.25,0.0313175884448291
602.2,0.0313310971167481
604.15,0.0313445301315871
606.1,0.0313578881231621
608.05,0.0313711717182294
610,0.031384381536583
611.95,0.0313975181911517
613.9,0.0314105822880931
615.85,0.0314235744268876
617.8,0.0314364952004297
619.75,0.0314493451951182
621.7,0.0314621249909448
623.65,0.0314748351615819
625.6,0.0314874762744678
627.55,0.0315000488908914
629.5,0.0315125535660755
631.45,0.0315249908492582
633.4,0.0315373612837734
635.35,0.0315496654071301
637.3,0.0315619037510899
639.25,0.0315740768417441
641.2,0.0315861851995886
643.15,0.0315982293395984
645.1,0.0316102097713005
647.05,0.0316221269988457
649,0.0316339815210796
650.95,0.0316457738316116
652.9,0.0316575044188841
654.85,0.0316691737662395
656.8,0.031680782351987
658.75,0.0316923306494672
660.7,0.0317038191271174
662.65,0.0317152482485342
664.6,0.0317266184725361
666.55,0.0317379302532249
668.5,0.0317491840400465
670.45,0.0317603802778496
672.4,0.0317715194069452
674.35,0.0317826018631638
676.3,0.0317936280779123
678.25,0.0318045984782301
680.2,0.0318155134868444
682.15,0.0318263735222239
684.1,0.0318371789986329
686.05,0.0318479303261838
688,0.0318586279108888
689.95,0.0318692721547112
691.9,0.0318798634556156
693.85,0.0318904022076178
695.8,0.0319008888008331
697.75,0.0319113236215252
699.7,0.0319217070521528
701.65,0.031932039471417
703.6,0.031942321254307
705.55,0.0319525527721456
707.5,0.0319627343926338
709.45,0.0319728664798948
711.4,0.0319829493945177
713.35,0.0319929834935999
715.3,0.0320029691307896
717.25,0.032012906656327
719.2,0.0320227964170856
721.15,0.0320326387566124
723.1,0.0320424340151674
725.05,0.0320521825297635
727,0.0320618846342045
728.95,0.0320715406591234
730.9,0.0320811509320202
732.85,0.0320907157772984
734.8,0.0321002355163022
736.75,0.032109710467352
738.7,0.0321191409457797
740.65,0.0321285272639645
742.6,0.0321378697313664
744.55,0.0321471686545609
746.5,0.0321564243372724
748.45,0.032165637080407
750.4,0.0321748071820853
752.35,0.0321839349376747
754.3,0.0321930206398209
756.25,0.0322020645784792
758.2,0.0322110670409454
760.15,0.0322200283118862
762.1,0.0322289486733692
764.05,0.0322378284048927
766,0.0322466677834143
767.95,0.0322554670833806
769.9,0.0322642265767546
771.85,0.0322729465330445
773.8,0.0322816272193311
775.75,0.0322902689002949
777.7,0.0322988718382432
779.65,0.0323074362931365
781.6,0.0323159625226148
783.55,0.0323244507820233
785.5,0.0323329013244383
787.45,0.0323413144006916
789.4,0.0323496902593959
791.35,0.0323580291469694
793.3,0.0323663313076594
795.25,0.0323745969835666
797.2,0.0323828264146684
799.15,0.0323910198388422
801.1,0.0323991774918886
803.05,0.0324072996075532
805,0.0324153864175502
806.95,0.0324234381515831
808.9,0.0324314550373673
810.85,0.0324394373006515
812.8,0.0324473851652384
814.75,0.0324552988530062
816.7,0.0324631785839289
818.65,0.0324710245760966
820.6,0.0324788370457361
822.55,0.0324866162072303
824.5,0.0324943622731378
826.45,0.0325020754542127
828.4,0.0325097559594234
830.35,0.0325174039959712
832.3,0.0325250197693097
834.25,0.0325326034831623
836.2,0.0325401553395413
838.15,0.0325476755387648
840.1,0.0325551642794753
842.05,0.0325626217586568
844,0.0325700481716521
845.95,0.0325774437121797
847.9,0.0325848085723512
849.85,0.0325921429426872
851.8,0.0325994470121342
853.75,0.0326067209680807
855.7,0.0326139649963734
857.65,0.0326211792813325
859.6,0.0326283640057681
861.55,0.0326355193509949
863.5,0.032642645496848
865.45,0.0326497426216977
867.4,0.0326568109024644
869.35,0.0326638505146334
871.3,0.0326708616322693
873.25,0.0326778444280304
875.2,0.032684799073183
877.15,0.0326917257376151
879.1,0.0326986245898505
881.05,0.0327054957970626
883,0.0327123395250873
884.95,0.032719155938437
886.9,0.0327259452003135
888.85,0.0327327074726208
890.8,0.0327394429159786
892.75,0.0327461516897342
894.7,0.0327528339519759
896.65,0.0327594898595446
898.6,0.0327661195680469
900.55,0.0327727232318664
902.5,0.0327793010041764
904.45,0.0327858530369513
906.4,0.0327923794809785
908.35,0.0327988804858698
910.3,0.032805356200073
912.25,0.0328118067708832
914.2,0.0328182323444537
916.15,0.0328246330658075
918.1,0.0328310090788479
920.05,0.0328373605263692
922,0.0328436875500675
923.95,0.0328499902905514
925.9,0.0328562688873522
927.85,0.0328625234789342
929.8,0.0328687542027048
931.75,0.0328749611950251
933.7,0.0328811445912189
935.65,0.0328873045255834
937.6,0.0328934411313987
939.55,0.032899554540937
941.5,0.0329056448854726
943.45,0.032911712295291
945.4,0.0329177568996985
947.35,0.0329237788270309
949.3,0.0329297782046631
951.25,0.0329357551590177
953.2,0.0329417098155741
955.15,0.0329476422988773
957.1,0.0329535527325462
959.05,0.0329594412392829
961,0.0329653079408803
962.95,0.0329711529582314
964.9,0.0329769764113369
966.85,0.0329827784193137
968.8,0.0329885591004032
970.75,0.0329943185719789
972.7,0.0330000569505546
974.65,0.0330057743517926
976.6,0.0330114708905106
978.55,0.0330171466806902
980.5,0.0330228018354841
982.45,0.0330284364672238
984.4,0.0330340506874268
986.35,0.0330396446068044
988.3,0.0330452183352683
990.25,0.0330507719819385
992.2,0.03305630565515
994.15,0.0330618194624599
996.1,0.0330673135106545
998.05,0.0330727879057561
1000,0.0330782427530299
