"ResDensity","N_TraitValue"
44.3897,0.00152738476541219
46.7612132,0.00160189798565171
49.1327264,0.00167575766869773
51.5042396,0.00174897237503112
53.8757528,0.00182155051627465
56.247266,0.00189350035841449
58.6187792,0.00196483002493859
60.9902924,0.00203554749989416
63.3618056,0.00210566063086676
65.7333188,0.0021751771318834
68.104832,0.00224410458624179
70.4763452,0.00231245044926798
72.8478584,0.00238022205100451
75.2193716,0.00244742659883103
77.5908848,0.0025140711800195
79.962398,0.00258016276422574
82.3339112,0.00264570820591913
84.7054244,0.00271071424675251
87.0769376,0.00277518751787362
89.4484508,0.00283913454218007
91.819964,0.00290256173651926
94.1914772,0.00296547541383488
96.5629904,0.00302788178526149
98.9345036,0.00308978696216862
101.3060168,0.00315119695815584
103.67753,0.0032121176910001
106.0490432,0.0032725549845568
108.4205564,0.00333251457061566
110.7920696,0.00339200209071287
113.1635828,0.00345102309790051
115.535096,0.00350958305847459
117.9066092,0.00356768735366269
120.2781224,0.00362534128127236
122.6496356,0.00368255005730142
125.0211488,0.00373931881751094
127.392662,0.00379565261896225
129.7641752,0.00385155644151864
132.1356884,0.00390703518931282
134.5072016,0.00396209369218104
136.8787148,0.00401673670706479
139.250228,0.0040709689193808
141.6217412,0.00412479494436031
143.9932544,0.0041782193283584
146.3647676,0.00423124655013398
148.7362808,0.00428388102210152
151.107794,0.00433612709155493
153.4793072,0.0043879890418645
155.8508204,0.00443947109364753
158.2223336,0.00449057740591336
160.5938468,0.00454131207718334
162.96536,0.00459167914658655
165.3368732,0.00464168259493171
167.7083864,0.00469132634575603
170.0798996,0.00474061426635144
172.4514128,0.00478955016876885
174.822926,0.00483813781080102
177.1944392,0.00488638089694445
179.5659524,0.00493428307934091
181.9374656,0.0049818479586991
184.3089788,0.00502907908519686
186.680492,0.00507597995936449
189.0520052,0.00512255403294961
191.4235184,0.005168804709764
193.7950316,0.0052147353465128
196.1665448,0.00526034925360668
198.538058,0.00530564969595714
200.9095712,0.00535063989375555
203.2810844,0.00539532302323619
205.6525976,0.00543970221742378
208.0241108,0.00548378056686573
210.395624,0.00552756112034962
212.7671372,0.00557104688560612
215.1386504,0.00561424082999782
217.5101636,0.00565714588119422
219.8816768,0.00569976492783318
222.25319,0.00574210082016926
224.6247032,0.00578415637070911
226.9962164,0.00582593435483432
229.3677296,0.00586743751141197
231.7392428,0.00590866854339318
234.110756,0.0059496301183999
236.4822692,0.00599032486930022
238.8537824,0.00603075539477256
241.2252956,0.00607092425985881
243.5968088,0.0061108339965068
245.968322,0.00615048710410231
248.3398352,0.00618988604999085
250.7113484,0.00622903326998944
253.0828616,0.00626793116888859
255.4543748,0.00630658212094476
257.825888,0.00634498847036344
260.1974012,0.00638315253177307
262.5689144,0.00642107659069008
264.9404276,0.00645876290397513
267.3119408,0.00649621370028079
269.683454,0.00653343118049093
272.0549672,0.00657041751815183
274.4264804,0.00660717485989534
276.7979936,0.00664370532585416
279.1695068,0.00668001101006952
281.54102,0.00671609398089129
283.9125332,0.00675195628137079
286.2840464,0.00678759992964641
288.6555596,0.00682302691932216
291.0270728,0.00685823921983941
293.398586,0.00689323877684181
295.7700992,0.00692802751253369
298.1416124,0.00696260732603196
300.5131256,0.00699698009371168
302.8846388,0.00703114766954548
305.256152,0.00706511188543691
307.6276652,0.00709887455154779
309.9991784,0.00713243745661988
312.3706916,0.00716580236829072
314.7422048,0.007198971033404
317.113718,0.0072319451783144
319.4852312,0.00726472650918712
321.8567444,0.00729731671229216
324.2282576,0.00732971745429347
326.5997708,0.00736193038253308
328.971284,0.00739395712531027
331.3427972,0.00742579929215597
333.7143104,0.00745745847410237
336.0858236,0.0074889362439479
338.4573368,0.00752023415651778
340.82885,0.00755135374891991
343.2003632,0.00758229654079659
345.5718764,0.00761306403457189
347.9433896,0.00764365771569476
350.3149028,0.00767407905287816
352.686416,0.00770432949833408
355.0579292,0.0077344104880046
357.4294424,0.00776432344178914
359.8009556,0.00779406976376785
362.1724688,0.0078236508424213
364.543982,0.00785306805084657
366.9154952,0.00788232274696965
369.2870084,0.00791141627375442
371.6585216,0.00794034995940815
374.0300348,0.00796912511758366
376.401548,0.00799774304757806
378.7730612,0.00802620503452841
381.1445744,0.00805451234960401
383.5160876,0.0080826662501957
385.8876008,0.00811066798010205
388.259114,0.00813851876971247
390.6306272,0.00816621983618749
393.0021404,0.00819377238363602
395.3736536,0.00822117760328989
397.7451668,0.00824843667367547
400.11668,0.00827555076078262
402.4881932,0.00830252101823098
404.8597064,0.00832934858743356
407.2312196,0.00835603459775775
409.6027328,0.00838258016668384
411.974246,0.00840898639996095
414.3457592,0.00843525439176064
416.7172724,0.00846138522482797
419.0887856,0.00848737997063032
421.4602988,0.00851323968950382
423.831812,0.00853896543079753
426.2033252,0.00856455823301539
428.5748384,0.00859001912395593
430.9463516,0.00861534912084992
433.3178648,0.00864054923049579
435.689378,0.00866562044939305
438.0608912,0.00869056376387365
440.4324044,0.0087153801502313
442.8039176,0.00874007057484889
445.1754308,0.00876463599432388
447.546944,0.00878907735559191
449.9184572,0.00881339559604841
452.2899704,0.00883759164366849
454.6614836,0.00886166641712496
457.0329968,0.00888562082590461
459.40451,0.00890945577042272
461.7760232,0.0089331721421359
464.1475364,0.00895677082365323
466.5190496,0.00898025268884575
468.8905628,0.0090036186029543
471.262076,0.00902686942269586
473.6335892,0.0090500059963682
476.0051024,0.00907302916395305
478.3766156,0.00909593975721781
480.7481288,0.00911873859981565
483.119642,0.00914142650738425
485.4911552,0.0091640042876431
487.8626684,0.00918647274048926
490.2341816,0.00920883265809193
492.6056948,0.0092310848249855
494.977208,0.00925323001816129
497.3487212,0.00927526900715806
499.7202344,0.00929720255415104
502.0917476,0.00931903141403989
504.4632608,0.00934075633453528
506.834774,0.00936237805624423
509.2062872,0.00938389731275432
511.5778004,0.00940531483071661
513.9493136,0.00942663132992747
516.3208268,0.00944784752340919
518.69234,0.00946896411748953
521.0638532,0.00948998181188002
523.4353664,0.00951090129975333
525.8068796,0.00953172326781944
528.1783928,0.00955244839640076
530.549906,0.00957307735950627
532.9214192,0.00959361082490456
535.2929324,0.00961404945419591
537.6644456,0.00963439390288331
540.0359588,0.00965464482044256
542.407472,0.0096748028503914
544.7789852,0.00969486863035764
547.1504984,0.00971484279214642
549.5220116,0.00973472596180651
551.8935248,0.00975451875969574
554.265038,0.00977422180054548
556.6365512,0.00979383569352431
559.0080644,0.00981336104230079
561.3795776,0.00983279844510543
563.7510908,0.00985214849479171
566.122604,0.00987141177889643
568.4941172,0.00989058887969915
570.8656304,0.00990968037428084
573.2371436,0.00992868683458182
575.6086568,0.00994760882745881
577.98017,0.00996644691474133
580.3516832,0.00998520165328729
582.7231964,0.0100038735950379
585.0947096,0.0100224632870716
587.4662228,0.0100409712716581
589.837736,0.0100593980863101
592.2092492,0.0100777442638363
594.5807624,0.0100960103323923
596.9522756,0.0101141968155313
599.3237888,0.0101323042322542
601.695302,0.0101503330970588
604.0668152,0.0101682839199889
606.4383284,0.0101861572066819
608.8098416,0.0102039534584167
611.1813548,0.0102216731721605
613.552868,0.0102393168406148
615.9243812,0.0102568849522613
618.2958944,0.0102743779914069
620.6674076,0.0102917964382282
623.0389208,0.0103091407688154
625.410434,0.010326411455216
627.7819472,0.0103436089654771
630.1534604,0.010360733763688
632.5249736,0.0103777863100218
634.8964868,0.010394767060777
637.268,0.0104116764684176
639.6395132,0.0104285149816136
642.0110264,0.010445283045281
644.3825396,0.0104619811006203
646.7540528,0.0104786095851558
649.125566,0.0104951689327734
651.4970792,0.0105116595737587
653.8685924,0.0105280819348339
656.2401056,0.0105444364391949
658.6116188,0.0105607235065475
660.983132,0.0105769435531435
663.3546452,0.0105930969918157
665.7261584,0.0106091842320135
668.0976716,0.0106252056798372
670.4691848,0.0106411617380721
672.840698,0.0106570528062223
675.2122112,0.0106728792805444
677.5837244,0.0106886415540798
679.9552376,0.0107043400166878
682.3267508,0.0107199750550773
684.698264,0.0107355470528391
687.0697772,0.0107510563904766
689.4412904,0.0107665034454373
691.8128036,0.0107818885921433
694.1843168,0.0107972122020214
696.55583,0.0108124746435331
698.9273432,0.0108276762822042
701.2988564,0.0108428174806539
703.6703696,0.0108578985986236
706.0418828,0.0108729199930054
708.413396,0.0108878820178705
710.7849092,0.0109027850244965
713.1564224,0.0109176293613954
715.5279356,0.0109324153743406
717.8994488,0.0109471434063936
720.270962,0.0109618137979306
722.6424752,0.0109764268866689
725.0139884,0.0109909830076926
727.3855016,0.0110054824934785
729.7570148,0.0110199256739208
732.128528,0.011034312876357
734.5000412,0.0110486444255918
736.8715544,0.011062920643922
739.2430676,0.0110771418511607
741.6145808,0.0110913083646609
743.986094,0.0111054204993393
746.3576072,0.0111194785676996
748.7291204,0.0111334828798555
751.1006336,0.0111474337435535
753.4721468,0.0111613314641958
755.84366,0.011175176344862
758.2151732,0.0111889686863314
760.5866864,0.0112027087871049
762.9581996,0.0112163969434266
765.3297128,0.0112300334493046
767.701226,0.0112436185965326
770.0727392,0.0112571526747105
772.4442524,0.0112706359712647
774.8157656,0.011284068771469
777.1872788,0.0112974513584643
779.558792,0.0113107840132788
781.9303052,0.0113240670148472
784.3018184,0.0113373006400307
786.6733316,0.0113504851636359
789.0448448,0.0113636208584339
791.416358,0.0113767079951792
793.7878712,0.0113897468426281
796.1593844,0.0114027376675573
798.5308976,0.0114156807347821
800.9024108,0.011428576307174
803.273924,0.0114414246456792
805.6454372,0.0114542260093356
808.0169504,0.0114669806552904
810.3884636,0.0114796888388175
812.7599768,0.0114923508133341
815.13149,0.011504966830418
817.5030032,0.0115175371398242
819.8745164,0.0115300619895008
822.2460296,0.0115425416256063
824.6175428,0.0115549762925249
826.989056,0.0115673662328826
829.3605692,0.0115797116875634
831.7320824,0.0115920128957246
834.1035956,0.0116042700948121
836.4751088,0.0116164835205759
838.846622,0.0116286534070853
841.2181352,0.0116407799867435
843.5896484,0.0116528634903028
845.9611616,0.011664904146879
848.3326748,0.0116769021839658
850.704188,0.0116888578274495
853.0757012,0.0117007713016228
855.4472144,0.0117126428291988
857.8187276,0.0117244726313254
860.1902408,0.0117362609275982
862.561754,0.0117480079360751
864.9332672,0.0117597138732887
867.3047804,0.0117713789542605
869.6762936,0.0117830033925134
872.0478068,0.0117945874000852
874.41932,0.011806131187541
876.7908332,0.0118176349639867
879.1623464,0.0118290989370808
881.5338596,0.0118405233130474
883.9053728,0.0118519082966884
886.276886,0.0118632540913959
888.6483992,0.0118745608991642
891.0199124,0.0118858289206015
893.3914256,0.0118970583549423
895.7629388,0.0119082494000589
898.134452,0.0119194022524728
900.5059652,0.0119305171073667
902.8774784,0.0119415941585952
905.2489916,0.0119526335986968
907.6205048,0.0119636356189047
909.992018,0.0119746004091577
912.3635312,0.0119855281581114
914.7350444,0.0119964190531489
917.1065576,0.0120072732803914
919.4780708,0.0120180910247093
921.849584,0.0120288724697318
924.2210972,0.0120396177978583
926.5926104,0.0120503271902679
928.9641236,0.01206100082693
931.3356368,0.0120716388866142
933.70715,0.0120822415469003
936.0786632,0.0120928089841885
938.4501764,0.0121033413737087
940.8216896,0.0121138388895302
943.1932028,0.0121243017045719
945.564716,0.0121347299906112
947.9362292,0.0121451239182934
950.3077424,0.0121554836571415
952.6792556,0.0121658093755649
955.0507688,0.0121761012408687
957.422282,0.0121863594192631
959.7937952,0.0121965840758715
962.1653084,0.0122067753747402
964.5368216,0.0122169334788469
966.9083348,0.0122270585501092
969.279848,0.0122371507493934
971.6513612,0.0122472102365227
974.0228744,0.0122572371702864
976.3943876,0.0122672317084473
978.7659008,0.0122771940077507
981.137414,0.0122871242239322
983.5089272,0.0122970225117258
985.8804404,0.0123068890248724
988.2519536,0.0123167239161271
990.6234668,0.0123265273372677
992.99498,0.0123362994391021
995.3664932,0.012346040371476
997.7380064,0.0123557502832809
1000.1095196,0.0123654293224615
1002.4810328,0.0123750776360232
1004.852546,0.0123846953700394
1007.2240592,0.0123942826696593
1009.5955724,0.0124038396791146
1011.9670856,0.0124133665417275
1014.3385988,0.012422863399917
1016.710112,0.0124323303952066
1019.0816252,0.0124417676682313
1021.4531384,0.0124511753587441
1023.8246516,0.0124605536056236
1026.1961648,0.01246990254688
1028.567678,0.0124792223196627
1030.9391912,0.0124885130602665
1033.3107044,0.0124977749041384
1035.6822176,0.0125070079858841
1038.0537308,0.0125162124392745
1040.425244,0.0125253883972524
1042.7967572,0.0125345359919387
1045.1682704,0.0125436553546387
1047.5397836,0.0125527466158485
1049.9112968,0.0125618099052612
1052.28281,0.0125708453517732
1054.6543232,0.0125798530834897
1057.0258364,0.0125888332277318
1059.3973496,0.0125977859110415
1061.7688628,0.0126067112591882
1064.140376,0.0126156093971745
1066.5118892,0.0126244804492419
1068.8834024,0.0126333245388767
1071.2549156,0.0126421417888157
1073.6264288,0.0126509323210519
1075.997942,0.01265969625684
1078.3694552,0.0126684337167023
1080.7409684,0.0126771448204336
1083.1124816,0.0126858296871076
1085.4839948,0.0126944884350813
1087.855508,0.0127031211820013
1090.2270212,0.0127117280448084
1092.5985344,0.0127203091397433
1094.9700476,0.0127288645823518
1097.3415608,0.0127373944874897
1099.713074,0.0127458989693284
1102.0845872,0.0127543781413596
1104.4561004,0.0127628321164004
1106.8276136,0.0127712610065986
1109.1991268,0.0127796649234373
1111.57064,0.01278804397774
1113.9421532,0.0127963982796755
1116.3136664,0.0128047279387626
1118.6851796,0.0128130330638749
1121.0566928,0.0128213137632457
1123.428206,0.0128295701444726
1125.7997192,0.0128378023145221
1128.1712324,0.0128460103797342
1130.5427456,0.0128541944458273
1132.9142588,0.0128623546179023
1135.285772,0.0128704910004473
1137.6572852,0.0128786036973421
1140.0287984,0.0128866928118625
1142.4003116,0.012894758446685
1144.7718248,0.0129028007038906
1147.143338,0.0129108196849695
1149.5148512,0.0129188154908254
1151.8863644,0.0129267882217795
1154.2578776,0.0129347379775748
1156.6293908,0.0129426648573803
1159.000904,0.0129505689597951
1161.3724172,0.0129584503828524
1163.7439304,0.0129663092240238
1166.1154436,0.0129741455802228
1168.4869568,0.0129819595478096
1170.85847,0.0129897512225943
1173.2299832,0.012997520699841
1175.6014964,0.013005268074272
1177.9730096,0.0130129934400714
1180.3445228,0.0130206968908889
1182.716036,0.0130283785198435
1185.0875492,0.0130360384195277
1187.4590624,0.0130436766820105
1189.8305756,0.0130512933988418
1192.2020888,0.0130588886610556
1194.573602,0.013066462559174
1196.9451152,0.0130740151832101
1199.3166284,0.0130815466226726
1201.6881416,0.0130890569665684
1204.0596548,0.0130965463034066
1206.431168,0.0131040147212018
1208.8026812,0.0131114623074776
1211.1741944,0.0131188891492703
1213.5457076,0.0131262953331315
1215.9172208,0.0131336809451325
1218.288734,0.0131410460708667
1220.6602472,0.0131483907954536
1223.0317604,0.0131557152035417
1225.4032736,0.0131630193793117
1227.7747868,0.0131703034064802
1230.1463,0.0131775673683022
