"ResDensity","N_TraitValue"
1,0.000713851074010474
1.068,0.000753190218276286
1.136,0.000791590976063401
1.204,0.000829086527701818
1.272,0.000865708507449945
1.34,0.000901487092508664
1.408,0.000936451085955503
1.476,0.000970627994077926
1.544,0.00100404409854214
1.612,0.00103672452379535
1.68,0.00106869330006477
1.748,0.00109997342228537
1.816,0.00113058690525999
1.884,0.00116055483532999
1.952,0.00118989741881122
2.02,0.00121863402742911
2.088,0.0012467832409676
2.156,0.00127436288732924
2.224,0.00130139008018788
2.292,0.00132788125440118
2.36,0.00135385219933678
2.428,0.00137931809025426
2.496,0.00140429351787382
2.564,0.00142879251625285
2.632,0.00145282858908227
2.7,0.00147641473450615
2.768,0.00149956346856044
2.836,0.00152228684731966
2.904,0.00154459648783395
2.972,0.00156650358793266
3.04,0.00158801894496568
3.108,0.0016091529735482
3.176,0.00162991572237032
3.244,0.00165031689012838
3.312,0.00167036584063122
3.38,0.00169007161713067
3.448,0.00170944295592244
3.516,0.00172848829926031
3.584,0.00174721580762386
3.652,0.00176563337137698
3.72,0.00178374862185237
3.788,0.00180156894189464
3.856,0.00181910147589252
3.924,0.00183635313932908
3.992,0.00185333062787646
4.06,0.00187004042606053
4.128,0.00188648881551881
4.196,0.00190268188287387
4.264,0.0019186255272429
4.332,0.00193432546740293
4.4,0.00194978724862998
4.468,0.00196501624922929
4.536,0.0019800176867728
4.604,0.00199479662405917
4.672,0.00200935797481044
4.74,0.00202370650911901
4.808,0.00203784685865749
4.876,0.00205178352166341
4.944,0.00206552086771006
5.012,0.0020790631422741
5.08,0.00209241447110999
5.148,0.00210557886444058
5.216,0.00211856022097305
5.284,0.00213136233174833
5.352,0.00214398888383232
5.42,0.00215644346385613
5.488,0.00216872956141279
5.556,0.00218085057231691
5.624,0.00219280980173394
5.692,0.00220461046718483
5.76,0.00221625570143208
5.828,0.00222774855525242
5.896,0.00223909200010142
5.964,0.00225028893067474
6.032,0.00226134216737092
6.1,0.00227225445865982
6.168,0.00228302848336115
6.236,0.0022936668528368
6.304,0.00230417211310101
6.372,0.00231454674685176
6.44,0.00232479317542682
6.508,0.0023349137606878
6.576,0.00234491080683517
6.644,0.00235478656215719
6.712,0.00236454322071562
6.78,0.00237418292397079
6.848,0.00238370776234854
6.916,0.00239311977675154
6.984,0.00240242096001717
7.052,0.00241161325832424
7.12,0.00242069857255054
7.188,0.00242967875958335
7.256,0.00243855563358459
7.324,0.00244733096721273
7.392,0.00245600649280282
7.46,0.00246458390350662
7.528,0.00247306485439422
7.596,0.00248145096351868
7.664,0.00248974381294519
7.732,0.00249794494974605
7.8,0.00250605588696284
7.868,0.00251407810453702
7.936,0.00252201305021016
8.004,0.00252986214039493
8.072,0.00253762676101796
8.14,0.00254530826833569
8.208,0.00255290798972412
8.276,0.00256042722444343
8.344,0.00256786724437856
8.412,0.00257522929475632
8.48,0.00258251459484027
8.548,0.00258972433860383
8.616,0.00259685969538264
8.684,0.00260392181050677
8.752,0.00261091180591364
8.82,0.00261783078074217
8.888,0.00262467981190898
8.956,0.00263145995466716
9.024,0.00263817224314829
9.092,0.00264481769088825
9.16,0.00265139729133744
9.228,0.00265791201835581
9.296,0.00266436282669345
9.364,0.00267075065245701
9.432,0.00267707641356255
9.5,0.00268334101017527
9.568,0.00268954532513653
9.636,0.00269569022437858
9.704,0.00270177655732752
9.772,0.00270780515729463
9.84,0.00271377684185684
9.908,0.00271969241322623
9.976,0.00272555265860937
10.044,0.0027313583505565
10.112,0.00273711024730105
10.18,0.00274280909308976
10.248,0.00274845561850369
10.316,0.00275405054077047
10.384,0.00275959456406796
10.452,0.00276508837981978
10.52,0.00277053266698267
10.588,0.00277592809232628
10.656,0.00278127531070537
10.724,0.00278657496532478
10.792,0.00279182768799734
10.86,0.00279703409939496
10.928,0.00280219480929314
10.996,0.002807310416809
11.064,0.0028123815106332
11.132,0.00281740866925573
11.2,0.00282239246118592
11.268,0.00282733344516674
11.336,0.00283223217038366
11.404,0.00283708917666809
11.472,0.00284190499469572
11.54,0.0028466801461798
11.608,0.00285141514405954
11.676,0.0028561104926838
11.744,0.00286076668799016
11.812,0.00286538421767955
11.88,0.00286996356138655
11.948,0.00287450519084544
12.016,0.0028790095700522
12.084,0.00288347715542258
12.152,0.00288790839594619
12.22,0.00289230373333701
12.288,0.0028966636021801
12.356,0.00290098843007485
12.424,0.00290527863777481
12.492,0.00290953463932414
12.56,0.00291375684219079
12.628,0.00291794564739657
12.696,0.0029221014496441
12.764,0.0029262246374408
12.832,0.00293031559321998
12.9,0.00293437469345906
12.968,0.00293840230879509
13.036,0.00294239880413752
13.104,0.00294636453877848
13.172,0.00295029986650038
13.24,0.00295420513568119
13.308,0.00295808068939721
13.376,0.00296192686552353
13.444,0.00296574399683225
13.512,0.00296953241108845
13.58,0.002973292431144
13.648,0.00297702437502927
13.716,0.00298072855604285
13.784,0.00298440528283914
13.852,0.00298805485951418
13.92,0.00299167758568943
13.988,0.00299527375659377
14.056,0.00299884366314375
14.124,0.00300238759202197
14.192,0.0030059058257539
14.26,0.0030093986427829
14.328,0.00301286631754372
14.396,0.00301630912053435
14.464,0.00301972731838638
14.532,0.00302312117393383
14.6,0.0030264909462805
14.668,0.00302983689086595
14.736,0.00303315925953002
14.804,0.00303645830057602
14.872,0.00303973425883258
14.94,0.00304298737571426
15.008,0.0030462178892808
15.076,0.00304942603429523
15.144,0.00305261204228074
15.212,0.00305577614157633
15.28,0.00305891855739145
15.348,0.00306203951185933
15.416,0.00306513922408942
15.484,0.0030682179102186
15.552,0.00307127578346146
15.62,0.00307431305415948
15.688,0.00307732992982931
15.756,0.00308032661521002
15.824,0.00308330331230937
15.892,0.00308626022044929
15.96,0.00308919753631027
16.028,0.00309211545397506
16.096,0.00309501416497138
16.164,0.0030978938583138
16.232,0.00310075472054487
16.3,0.00310359693577539
16.368,0.0031064206857239
16.436,0.00310922614975539
16.504,0.00311201350491932
16.572,0.00311478292598684
16.64,0.00311753458548733
16.708,0.00312026865374421
16.776,0.0031229852989101
16.844,0.00312568468700132
16.912,0.00312836698193163
16.98,0.00313103234554552
17.048,0.00313368093765065
17.116,0.00313631291604987
17.184,0.00313892843657254
17.252,0.00314152765310526
17.32,0.00314411071762207
17.388,0.0031466777802141
17.456,0.00314922898911857
17.524,0.00315176449074739
17.592,0.00315428442971515
17.66,0.0031567889488666
17.728,0.00315927818930365
17.796,0.0031617522904119
17.864,0.00316421138988659
17.932,0.00316665562375822
18,0.00316908512641757
18.068,0.00317150003064038
18.136,0.00317390046761152
18.204,0.00317628656694874
18.272,0.00317865845672599
18.34,0.00318101626349639
18.408,0.00318336011231465
18.476,0.00318569012675928
18.544,0.00318800642895422
18.612,0.00319030913959023
18.68,0.00319259837794585
18.748,0.00319487426190797
18.816,0.00319713690799208
18.884,0.00319938643136217
18.952,0.00320162294585023
19.02,0.00320384656397552
19.088,0.00320605739696334
19.156,0.00320825555476368
19.224,0.00321044114606937
19.292,0.00321261427833404
19.36,0.0032147750577897
19.428,0.00321692358946409
19.496,0.00321905997719766
19.564,0.0032211843236603
19.632,0.00322329673036783
19.7,0.00322539729769811
19.768,0.003227486124907
19.836,0.00322956331014395
19.904,0.00323162895046738
19.972,0.00323368314185982
20.04,0.00323572597924277
20.108,0.0032377575564913
20.176,0.00323977796644844
20.244,0.00324178730093934
20.312,0.00324378565078516
20.38,0.00324577310581678
20.448,0.00324774975488822
20.516,0.00324971568588992
20.584,0.00325167098576176
20.652,0.00325361574050585
20.72,0.00325555003519917
20.788,0.00325747395400596
20.856,0.00325938758018994
20.924,0.00326129099612632
20.992,0.00326318428331359
21.06,0.0032650675223852
21.128,0.00326694079312098
21.196,0.0032688041744584
21.264,0.00327065774450368
21.332,0.00327250158054269
21.4,0.00327433575905169
21.468,0.0032761603557079
21.536,0.00327797544539994
21.604,0.00327978110223802
21.672,0.00328157739956408
21.74,0.00328336440996169
21.808,0.00328514220526585
21.876,0.00328691085657257
21.944,0.00328867043424842
22.012,0.00329042100793978
22.08,0.00329216264658209
22.148,0.00329389541840888
22.216,0.00329561939096069
22.284,0.0032973346310938
22.352,0.00329904120498895
22.42,0.00330073917815977
22.488,0.00330242861546124
22.556,0.00330410958109789
22.624,0.00330578213863196
22.692,0.00330744635099141
22.76,0.00330910228047779
22.828,0.00331074998877406
22.896,0.00331238953695221
22.964,0.00331402098548081
23.032,0.00331564439423246
23.1,0.00331725982249111
23.168,0.00331886732895927
23.236,0.00332046697176511
23.304,0.0033220588084695
23.372,0.00332364289607289
23.44,0.0033252192910221
23.508,0.00332678804921708
23.576,0.00332834922601744
23.644,0.00332990287624903
23.712,0.00333144905421032
23.78,0.00333298781367875
23.848,0.00333451920791692
23.916,0.0033360432896788
23.984,0.00333756011121575
24.052,0.00333906972428247
24.12,0.00334057218014295
24.188,0.00334206752957621
24.256,0.00334355582288206
24.324,0.00334503710988672
24.392,0.00334651143994837
24.46,0.00334797886196269
24.528,0.00334943942436819
24.596,0.0033508931751516
24.664,0.00335234016185307
24.732,0.00335378043157141
24.8,0.00335521403096915
24.868,0.00335664100627763
24.936,0.00335806140330192
25.004,0.00335947526742575
25.072,0.00336088264361633
25.14,0.00336228357642913
25.208,0.00336367811001258
25.276,0.00336506628811271
25.344,0.00336644815407769
25.412,0.00336782375086239
25.48,0.00336919312103282
25.548,0.00337055630677049
25.616,0.00337191334987677
25.684,0.00337326429177717
25.752,0.00337460917352553
25.82,0.00337594803580819
25.888,0.00337728091894808
25.956,0.00337860786290881
26.024,0.00337992890729861
26.092,0.00338124409137431
26.16,0.0033825534540452
26.228,0.00338385703387689
26.296,0.00338515486909511
26.364,0.00338644699758938
26.432,0.00338773345691678
26.5,0.00338901428430554
26.568,0.00339028951665863
26.636,0.00339155919055733
26.704,0.0033928233422647
26.772,0.00339408200772907
26.84,0.00339533522258741
26.908,0.00339658302216869
26.976,0.00339782544149726
27.044,0.00339906251529604
27.112,0.00340029427798983
27.18,0.00340152076370846
27.248,0.00340274200628996
27.316,0.00340395803928365
27.384,0.00340516889595326
27.452,0.00340637460927991
27.52,0.00340757521196512
27.588,0.0034087707364338
27.656,0.00340996121483712
27.724,0.00341114667905542
27.792,0.00341232716070105
27.86,0.00341350269112119
27.928,0.00341467330140061
27.996,0.0034158390223644
28.064,0.00341699988458071
28.132,0.00341815591836339
28.2,0.00341930715377465
28.268,0.00342045362062765
28.336,0.0034215953484891
28.404,0.00342273236668176
28.472,0.00342386470428697
28.54,0.00342499239014716
28.608,0.00342611545286824
28.676,0.00342723392082207
28.744,0.00342834782214883
28.812,0.00342945718475936
28.88,0.00343056203633754
28.948,0.00343166240434254
29.016,0.00343275831601112
29.084,0.00343384979835989
29.152,0.0034349368781875
29.22,0.00343601958207687
29.288,0.0034370979363973
29.356,0.00343817196730669
29.424,0.00343924170075358
29.492,0.00344030716247928
29.56,0.00344136837801994
29.628,0.00344242537270855
29.696,0.003443478171677
29.764,0.00344452679985806
29.832,0.00344557128198733
29.9,0.00344661164260519
29.968,0.00344764790605876
30.036,0.00344868009650373
30.104,0.0034497082379063
30.172,0.00345073235404501
30.24,0.00345175246851256
30.308,0.00345276860471765
30.376,0.00345378078588676
30.444,0.00345478903506588
30.512,0.00345579337512234
30.58,0.00345679382874647
30.648,0.00345779041845333
30.716,0.00345878316658441
30.784,0.00345977209530929
30.852,0.00346075722662729
30.92,0.0034617385823691
30.988,0.0034627161841984
31.056,0.00346369005361345
31.124,0.00346466021194865
31.192,0.00346562668037613
31.26,0.00346658947990727
31.328,0.00346754863139423
31.396,0.00346850415553143
31.464,0.00346945607285709
31.532,0.00347040440375465
31.6,0.00347134916845425
31.668,0.00347229038703416
31.736,0.00347322807942223
31.804,0.00347416226539725
31.872,0.00347509296459037
31.94,0.00347602019648647
32.008,0.00347694398042552
32.076,0.00347786433560393
32.144,0.00347878128107585
32.212,0.00347969483575455
32.28,0.00348060501841363
32.348,0.00348151184768839
32.416,0.00348241534207706
32.484,0.00348331551994205
32.552,0.00348421239951122
32.62,0.0034851059988791
32.688,0.0034859963360081
32.756,0.00348688342872973
32.824,0.00348776729474575
32.892,0.00348864795162942
32.96,0.00348952541682659
33.028,0.00349039970765689
33.096,0.00349127084131488
33.164,0.00349213883487113
33.232,0.0034930037052734
33.3,0.00349386546934769
33.368,0.00349472414379934
33.436,0.00349557974521413
33.504,0.00349643229005935
33.572,0.00349728179468483
33.64,0.003498128275324
33.708,0.00349897174809491
33.776,0.0034998122290013
33.844,0.00350064973393354
33.912,0.0035014842786697
33.98,0.00350231587887649
34.048,0.00350314455011027
34.116,0.00350397030781801
34.184,0.00350479316733825
34.252,0.00350561314390205
34.32,0.00350643025263392
34.388,0.00350724450855278
34.456,0.00350805592657285
34.524,0.00350886452150456
34.592,0.00350967030805549
34.66,0.0035104733008312
34.728,0.00351127351433617
34.796,0.00351207096297465
34.864,0.0035128656610515
34.932,0.00351365762277309
35,0.00351444686224813
