"ResDensity","N_TraitValue"
5.4393,0.000253952226096205
5.8307902,0.000266735899537637
6.2222804,0.000279013760199845
6.6137706,0.000290815246007224
7.0052608,0.000302167554003204
7.396751,0.000313095849594338
7.7882412,0.000323623452778211
8.1797314,0.000333772004255666
8.5712216,0.000343561613917464
8.9627118,0.000353010993849358
9.354202,0.000362137577706586
9.7456922,0.000370957628060112
10.1371824,0.000379486333105227
10.5286726,0.000387737893942389
10.9201628,0.000395725603485394
11.311653,0.00040346191791919
11.7031432,0.000410958521515287
12.0946334,0.000418226385514146
12.4861236,0.00042527582169863
12.8776138,0.000432116531208683
13.269104,0.000438757649083205
13.6605942,0.000445207784959198
14.0520844,0.000451475060309446
14.4435746,0.00045756714255743
14.8350648,0.00046349127637076
15.226555,0.000469254312401675
15.6180452,0.000474862733714336
16.0095354,0.000480322680113249
16.4010256,0.000485639970564738
16.7925158,0.000490820123883628
17.184006,0.000495868377839717
17.5754962,0.000500789706823112
17.9669864,0.000505588838193656
18.3584766,0.000510270267427416
18.7499668,0.00051483827216223
19.141457,0.000519296925234571
19.5329472,0.000523650106791222
19.9244374,0.000527901515551482
20.3159276,0.000532054679288602
20.7074178,0.000536112964592882
21.098908,0.000540079585973208
21.4903982,0.000543957614348761
21.8818884,0.000547749984978025
22.2733786,0.000551459504868128
22.6648688,0.000555088859703826
23.056359,0.000558640620332064
23.4478492,0.00056211724883503
23.8393394,0.000565521104221834
24.2308296,0.000568854447766489
24.6223198,0.000572119448017538
25.01381,0.000575318185502692
25.4053002,0.000578452657149894
25.7967904,0.000581524780444563
26.1882806,0.000584536397341206
26.5797708,0.000587489277946165
26.971261,0.000590385123986962
27.3627512,0.000593225572082541
27.7542414,0.000596012196827608
28.1457316,0.000598746513703282
28.5372218,0.000601429981825358
28.928712,0.000604064006540663
29.3202022,0.000606649941881206
29.7116924,0.000609189092885127
30.1031826,0.000611682717792802
30.4946728,0.000614132030125879
30.886163,0.000616538200656445
31.2776532,0.000618902359273055
31.6691434,0.000621225596749858
32.0606336,0.000623508966424655
32.4521238,0.000625753485791289
32.843614,0.000627960138011456
33.2351042,0.000630129873350626
33.6265944,0.0006322636105425
34.0180846,0.000634362238086113
34.4095748,0.000636426615479426
34.801065,0.000638457574393013
35.1925552,0.000640455919787202
35.5840454,0.000642422430975832
35.9755356,0.00064435786263957
36.3670258,0.000646262945791563
36.758516,0.000648138388698013
37.1500062,0.000649984877756121
37.5414964,0.000651803078331677
37.9329866,0.000653593635558447
38.3244768,0.000655357175101375
38.715967,0.000657094303885495
39.1074572,0.000658805610792338
39.4989474,0.000660491667325515
39.8904376,0.000662153028247048
40.2819278,0.000663790232185949
40.673418,0.000665403802220443
41.0649082,0.000666994246435151
41.4563984,0.000668562058454495
41.8478886,0.00067010771795349
42.2393788,0.000671631691147032
42.630869,0.000673134431258743
43.0223592,0.000674616378970342
43.4138494,0.000676077962852508
43.8053396,0.000677519599778086
44.1968298,0.000678941695318502
44.58832,0.000680344644124157
44.9798102,0.000681728830289569
45.3713004,0.000683094627703955
45.7627906,0.000684442400387933
46.1542808,0.000685772502816984
46.545771,0.000687085280232276
46.9372612,0.000688381068939414
47.3287514,0.000689660196595674
47.7202416,0.00069092298248622
48.1117318,0.000692169737789809
48.503222,0.000693400765834439
48.8947122,0.000694616362343378
49.2862024,0.000695816815672004
49.6776926,0.000697002407035847
50.0691828,0.000698173410730212
50.460673,0.000699330094341747
50.8521632,0.000700472718952294
51.2436534,0.000701601539335353
51.6351436,0.000702716804145469
52.0266338,0.000703818756100837
52.418124,0.000704907632159403
52.8096142,0.000705983663688737
53.2011044,0.000707047076629929
53.5925946,0.000708098091655751
53.9840848,0.000709136924323321
54.375575,0.000710163785221487
54.7670652,0.00071117888011315
55.1585554,0.000712182410072712
55.5500456,0.000713174571618863
55.9415358,0.000714155556842878
56.333026,0.000715125553532599
56.7245162,0.000716084745292279
57.1160064,0.000717033311658436
57.5074966,0.000717971428211889
57.8989868,0.000718899266686101
58.290477,0.000719816995071987
58.6819672,0.000720724777719309
59.0734574,0.000721622775434798
59.4649476,0.000722511145577121
59.8564378,0.000723390042148797
60.247928,0.000724259615885205
60.6394182,0.000725120014340766
61.0309084,0.000725971381972407
61.4223986,0.000726813860220423
61.8138888,0.000727647587586805
62.205379,0.000728472699711152
62.5968692,0.000729289329444233
62.9883594,0.000730097606919298
63.3798496,0.000730897659621207
63.7713398,0.000731689612453464
64.16283,0.000732473587803222
64.5543202,0.000733249705604336
64.9458104,0.000734018083398525
65.3373006,0.00073477883639472
65.7287908,0.000735532077526648
66.120281,0.000736277917508723
66.5117712,0.000737016464890291
66.9032614,0.000737747826108303
67.2947516,0.000738472105538443
67.6862418,0.000739189405544794
68.077732,0.000739899826528059
68.4692222,0.000740603466972416
68.8607124,0.000741300423491025
69.2522026,0.000741990790870255
69.6436928,0.000742674662112657
70.035183,0.000743352128478726
70.4266732,0.000744023279527506
70.8181634,0.000744688203156054
71.2096536,0.000745346985637817
71.6011438,0.000745999711659943
71.992634,0.000746646464359582
72.3841242,0.000747287325359179
72.7756144,0.000747922374800814
73.1671046,0.000748551691379616
73.5585948,0.000749175352376267
73.950085,0.000749793433688643
74.3415752,0.000750406009862601
74.7330654,0.000751013154121952
75.1245556,0.000751614938397642
75.5160458,0.000752211433356158
75.907536,0.00075280270842719
76.2990262,0.000753388831830575
76.6905164,0.000753969870602531
77.0820066,0.000754545890621219
77.4734968,0.000755116956631644
77.864987,0.000755683132269908
78.2564772,0.000756244480086856
78.6479674,0.000756801061571111
79.0394576,0.000757352937171524
79.4309478,0.000757900166319066
79.822438,0.000758442807448153
80.2139282,0.000758980918017457
80.6054184,0.000759514554530181
80.9969086,0.000760043772553842
81.3883988,0.000760568626739554
81.779889,0.000761089170840847
82.1713792,0.000761605457732016
82.5628694,0.000762117539426026
82.9543596,0.00076262546709198
83.3458498,0.00076312929107216
83.73734,0.000763629060898666
84.1288302,0.000764124825309644
84.5203204,0.000764616632265134
84.9118106,0.000765104528962533
85.3033008,0.000765588561851697
85.694791,0.000766068776649681
86.0862812,0.000766545218355133
86.4777714,0.000767017931262352
86.8692616,0.000767486958975014
87.2607518,0.00076795234441958
87.652242,0.000768414129858393
88.0437322,0.00076887235690247
88.4352224,0.000769327066524006
88.8267126,0.000769778299068579
89.2182028,0.000770226094267089
89.609693,0.00077067049124742
90.0011832,0.000771111528545832
90.3926734,0.000771549244118106
90.7841636,0.00077198367535043
91.1756538,0.000772414859070046
91.567144,0.000772842831555652
91.9586342,0.000773267628547585
92.3501244,0.000773689285257762
92.7416146,0.000774107836379418
93.1331048,0.000774523316096614
93.524595,0.000774935758093548
93.9160852,0.00077534519556366
94.3075754,0.000775751661218533
94.6990656,0.000776155187296607
95.0905558,0.000776555805571701
95.482046,0.000776953547361359
95.8735362,0.000777348443535003
96.2650264,0.000777740524521923
96.6565166,0.000778129820319096
97.0480068,0.000778516360498832
97.439497,0.000778900174216264
97.8309872,0.000779281290216681
98.2224774,0.000779659736842699
98.6139676,0.000780035542041293
99.0054578,0.000780408733370673
99.396948,0.000780779338007023
99.7884382,0.000781147382751095
100.1799284,0.000781512894034673
100.5714186,0.000781875897926898
100.9629088,0.000782236420140468
101.354399,0.000782594486037709
101.7458892,0.000782950120636521
102.1373794,0.000783303348616207
102.5288696,0.000783654194323181
102.9203598,0.000784002681776562
103.31185,0.000784348834673656
103.7033402,0.000784692676395325
104.0948304,0.000785034230011257
104.4863206,0.000785373518285119
104.8778108,0.00078571056367962
105.269301,0.000786045388361464
105.6607912,0.000786378014206215
106.0522814,0.000786708462803055
106.4437716,0.000787036755459458
106.8352618,0.000787362913205772
107.226752,0.000787686956799706
107.6182422,0.000788008906730738
108.0097324,0.000788328783224428
108.4012226,0.000788646606246661
108.7927128,0.000788962395507793
109.184203,0.000789276170466733
109.5756932,0.000789587950334936
109.9671834,0.000789897754080325
110.3586736,0.000790205600431137
110.7501638,0.000790511507879697
111.141654,0.000790815494686125
111.5331442,0.000791117578881963
111.9246344,0.000791417778273743
112.3161246,0.000791716110446489
112.7076148,0.000792012592767146
113.099105,0.000792307242387951
113.4905952,0.000792600076249745
113.8820854,0.000792891111085214
114.2735756,0.000793180363422081
114.6650658,0.000793467849586232
115.056556,0.000793753585704787
115.4480462,0.000794037587709119
115.8395364,0.000794319871337811
116.2310266,0.000794600452139568
116.6225168,0.000794879345476067
117.014007,0.000795156566524765
117.4054972,0.000795432130281649
117.7969874,0.000795706051563941
118.1884776,0.000795978345012755
118.5799678,0.000796249025095706
118.971458,0.000796518106109468
119.3629482,0.000796785602182298
119.7544384,0.000797051527276504
120.1459286,0.000797315895190875
120.5374188,0.000797578719563068
120.928909,0.000797840013871954
121.3203992,0.000798099791439924
121.7118894,0.000798358065435147
122.1033796,0.000798614848873802
122.4948698,0.000798870154622262
122.88636,0.00079912399539924
123.2778502,0.000799376383777906
123.6693404,0.000799627332187962
124.0608306,0.000799876852917678
124.4523208,0.000800124958115905
124.843811,0.00080037165979404
125.2353012,0.000800616969827969
125.6267914,0.000800860899959971
126.0182816,0.00080110346180059
126.4097718,0.000801344666830482
126.801262,0.000801584526402221
127.1927522,0.000801823051742083
127.5842424,0.000802060253951796
127.9757326,0.000802296144010265
128.3672228,0.000802530732775263
128.758713,0.000802764030985098
129.1502032,0.000802996049260253
129.5416934,0.000803226798104995
129.9331836,0.000803456287908962
130.3246738,0.000803684528948721
130.716164,0.000803911531389306
131.1076542,0.000804137305285721
131.4991444,0.000804361860584428
131.8906346,0.00080458520712481
132.2821248,0.000804807354640603
132.673615,0.000805028312761313
133.0651052,0.000805248091013608
133.4565954,0.000805466698822685
133.8480856,0.00080568414551362
134.2395758,0.000805900440312691
134.631066,0.000806115592348687
135.0225562,0.000806329610654186
135.4140464,0.000806542504166827
135.8055366,0.000806754281730548
136.1970268,0.000806964952096812
136.588517,0.000807174523925814
136.9800072,0.000807383005787668
137.3714974,0.000807590406163574
137.7629876,0.000807796733446966
138.1544778,0.000808001995944649
138.545968,0.000808206201877911
138.9374582,0.00080840935938362
139.3289484,0.000808611476515308
139.7204386,0.00080881256124423
140.1119288,0.000809012621460418
140.503419,0.000809211664973707
140.8949092,0.000809409699514757
141.2863994,0.00080960673273605
141.6778896,0.000809802772212877
142.0693798,0.000809997825444307
142.46087,0.000810191899854148
142.8523602,0.000810385002791884
143.2438504,0.000810577141533604
143.6353406,0.000810768323282918
144.0268308,0.000810958555171854
144.418321,0.000811147844261748
144.8098112,0.000811336197544116
145.2013014,0.000811523621941514
145.5927916,0.000811710124308389
145.9842818,0.000811895711431911
146.375772,0.000812080390032801
146.7672622,0.000812264166766136
147.1587524,0.000812447048222154
147.5502426,0.000812629040927041
147.9417328,0.000812810151343702
148.333223,0.000812990385872534
148.7247132,0.000813169750852173
149.1162034,0.000813348252560243
149.5076936,0.000813525897214083
149.8991838,0.000813702690971474
150.290674,0.000813878639931345
150.6821642,0.000814053750134478
151.0736544,0.000814228027564201
151.4651446,0.000814401478147064
151.8566348,0.000814574107753516
152.248125,0.000814745922198563
152.6396152,0.000814916927242426
153.0311054,0.00081508712859118
153.4225956,0.00081525653189739
153.8140858,0.000815425142760738
154.205576,0.000815592966728641
154.5970662,0.000815760009296856
154.9885564,0.00081592627591008
155.3800466,0.000816091771962547
155.7715368,0.000816256502798605
156.163027,0.000816420473713294
156.5545172,0.000816583689952914
156.9460074,0.000816746156715585
157.3374976,0.000816907879151794
157.7289878,0.000817068862364946
158.120478,0.000817229111411896
158.5119682,0.000817388631303482
158.9034584,0.000817547427005043
159.2949486,0.000817705503436939
159.6864388,0.000817862865475056
160.077929,0.000818019517951309
160.4694192,0.000818175465654133
160.8609094,0.000818330713328977
161.2523996,0.000818485265678782
161.6438898,0.000818639127364452
162.03538,0.000818792303005332
162.4268702,0.00081894479717966
162.8183604,0.000819096614425032
163.2098506,0.000819247759238845
163.6013408,0.000819398236078745
163.992831,0.000819548049363066
164.3843212,0.000819697203471258
164.7758114,0.000819845702744318
165.1673016,0.00081999355148521
165.5587918,0.00082014075395928
165.950282,0.000820287314394667
166.3417722,0.000820433236982706
166.7332624,0.00082057852587833
167.1247526,0.000820723185200464
167.5162428,0.000820867219032411
167.907733,0.000821010631422241
168.2992232,0.000821153426383167
168.6907134,0.00082129560789392
169.0822036,0.000821437179899121
169.4736938,0.000821578146309639
169.865184,0.000821718511002961
170.2566742,0.00082185827782354
170.6481644,0.000821997450583147
171.0396546,0.000822136033061221
171.4311448,0.000822274029005207
171.822635,0.000822411442130899
172.2141252,0.000822548276122766
172.6056154,0.000822684534634288
172.9971056,0.000822820221288279
173.3885958,0.000822955339677206
173.780086,0.000823089893363511
174.1715762,0.000823223885879917
174.5630664,0.000823357320729744
174.9545566,0.000823490201387211
175.3460468,0.000823622531297736
175.737537,0.000823754313878239
176.1290272,0.000823885552517432
176.5205174,0.000824016250576107
176.9120076,0.00082414641138743
177.3034978,0.000824276038257221
177.694988,0.00082440513446423
178.0864782,0.000824533703260419
178.4779684,0.000824661747871234
178.8694586,0.000824789271495871
179.2609488,0.000824916277307548
179.652439,0.000825042768453763
180.0439292,0.000825168748056558
180.4354194,0.000825294219212774
180.8269096,0.000825419184994304
181.2183998,0.000825543648448346
181.60989,0.000825667612597647
182.0013802,0.000825791080440754
182.3928704,0.000825914054952248
182.7843606,0.00082603653908299
183.1758508,0.00082615853576035
183.567341,0.000826280047888448
183.9588312,0.000826401078348377
184.3503214,0.000826521629998438
184.7418116,0.000826641705674356
185.1333018,0.000826761308189513
185.524792,0.000826880440335158
185.9162822,0.000826999104880631
186.3077724,0.000827117304573573
186.6992626,0.000827235042140141
187.0907528,0.000827352320285218
187.482243,0.000827469141692616
187.8737332,0.000827585509025286
188.2652234,0.000827701424925515
188.6567136,0.000827816892015133
189.0482038,0.000827931912895702
189.439694,0.00082804649014872
189.8311842,0.000828160626335806
190.2226744,0.000828274323998898
190.6141646,0.000828387585660437
191.0056548,0.000828500413823556
191.397145,0.000828612810972264
191.7886352,0.000828724779571627
192.1801254,0.000828836322067948
192.5716156,0.00082894744088895
192.9631058,0.000829058138443944
193.354596,0.00082916841712401
193.7460862,0.000829278279302166
194.1375764,0.000829387727333539
194.5290666,0.000829496763555535
194.9205568,0.000829605390287999
195.312047,0.000829713609833389
195.7035372,0.000829821424476931
196.0950274,0.000829928836486783
196.4865176,0.000830035848114195
196.8780078,0.000830142461593664
197.269498,0.00083024867914309
197.6609882,0.000830354502963931
198.0524784,0.000830459935241354
198.4439686,0.000830564978144387
198.8354588,0.000830669633826065
199.226949,0.000830773904423579
199.6184392,0.000830877792058423
200.0099294,0.000830981298836533
200.4014196,0.000831084426848435
200.7929098,0.000831187178169381
201.1844,0.000831289554859491
