"ResDensity","N_TraitValue"
1455.2881,0.00812166413374617
1571.878336,0.00871677450648158
1688.468572,0.00930439456219866
1805.058808,0.009884664831074
1921.649044,0.0104577223497084
2038.23928,0.0110237007690193
2154.829516,0.0115827304581585
2271.419752,0.012134938604627
2388.009988,0.0126804493107458
2504.600224,0.0132193836866387
2621.19046,0.0137518599398718
2737.780696,0.0142779934618901
2854.370932,0.0147978969113832
2970.961168,0.0153116802947076
3087.551404,0.0158194510434846
3204.14164,0.0163213140894907
3320.731876,0.0168173719369482
3437.322112,0.0173077247323228
3553.912348,0.0177924703317254
3670.502584,0.0182717043660161
3787.09282,0.018745520303699
3903.683056,0.0192140095116967
4020.273292,0.0196772613140856
4136.863528,0.0201353630488735
4253.453764,0.0205884001228924
4370.044,0.0210364560648824
4486.634236,0.0214796125768329
4603.224472,0.0219179495836495
4719.814708,0.0223515452812085
4836.404944,0.0227804761828617
4952.99518,0.0232048171644464
5069.585416,0.0236246415078602
5186.175652,0.0240400209432499
5302.765888,0.0244510256898691
5419.356124,0.0248577244956501
5535.94636,0.0252601846755398
5652.536596,0.0256584721486423
5769.126832,0.026052651474213
5885.717068,0.0264427858865436
6002.307304,0.0268289373287797
6118.89754,0.0272111664857074
6235.487776,0.0275895328155456
6352.078012,0.0279640945807799
6468.668248,0.0283349088780705
6585.258484,0.0287020316672671
6701.84872,0.0290655177995617
6818.438956,0.0294254210448086
6935.029192,0.0297817941180406
7051.619428,0.0301346887052088
7168.209664,0.0304841554881722
7284.7999,0.030830244168963
7401.390136,0.0311730034933508
7517.980372,0.0315124812737311
7634.570608,0.0318487244113584
7751.160844,0.0321817789179478
7867.75108,0.032511689936664
7984.341316,0.0328385017625199
8100.931552,0.0331622578622016
8217.521788,0.0334830008933414
8334.112024,0.0338007727232539
8450.70226,0.0341156144471549
8567.292496,0.0344275664058774
8683.882732,0.0347366682031036
8800.472968,0.035042958722125
8917.063204,0.0353464761421488
9033.65344,0.0356472579541623
9150.243676,0.0359453409763709
9266.833912,0.0362407613692219
9383.424148,0.0365335546500281
9500.014384,0.0368237557072024
9616.60462,0.0371113988141164
9733.194856,0.037396517642594
9849.785092,0.0376791452760512
9966.375328,0.037959314222293
10082.965564,0.0382370564259781
10199.5558,0.0385124032807606
10316.146036,0.0387853856411193
10432.736272,0.0390560338338833
10549.326508,0.0393243776694633
10665.916744,0.0395904464527975
10782.50698,0.0398542689940195
10899.097216,0.0401158736188583
11015.687452,0.040375288178776
11132.277688,0.0406325400608526
11248.867924,0.0408876561974245
11365.45816,0.0411406630754838
11482.048396,0.0413915867458452
11598.638632,0.0416404528320885
11715.228868,0.04188728653928
11831.819104,0.0421321126624836
11948.40934,0.0423749555950625
12064.999576,0.0426158393367824
12181.589812,0.0428547875017171
12298.180048,0.0430918233259663
12414.770284,0.0433269696751875
12531.36052,0.0435602490519487
12647.950756,0.0437916836029076
12764.540992,0.0440212951258196
12881.131228,0.0442491050763823
12997.721464,0.0444751345749184
13114.3117,0.0446994044129037
13230.901936,0.0449219350593417
13347.492172,0.0451427466669919
13464.082408,0.0453618590784536
13580.672644,0.0455792918321096
13697.26288,0.0457950641679347
13813.853116,0.0460091950331703
13930.443352,0.046221703087871
14047.033588,0.0464326067103254
14163.623824,0.0466419240023539
14280.21406,0.0468496727944885
14396.804296,0.0470558706510357
14513.394532,0.0472605348750268
14629.984768,0.0474636825130581
14746.575004,0.0476653303600238
14863.16524,0.0478654949637449
14979.755476,0.0480641926294955
15096.345712,0.0482614394244309
15212.935948,0.0484572511819183
15329.526184,0.0486516435057735
15446.11642,0.0488446317744064
15562.706656,0.049036231144876
15679.296892,0.0492264565568587
15795.887128,0.0494153227365321
15912.477364,0.0496028442003744
16029.0676,0.0497890352588843
16145.657836,0.0499739100202214
16262.248072,0.0501574823937697
16378.838308,0.0503397660936262
16495.428544,0.0505207746420159
16612.01878,0.050700521372636
16728.609016,0.0508790194339299
16845.199252,0.0510562817922935
16961.789488,0.0512323212352148
17078.379724,0.0514071503743491
17194.96996,0.0515807816485311
17311.560196,0.0517532273267245
17428.150432,0.0519244995109125
17544.740668,0.0520946101389284
17661.330904,0.0522635709872298
17777.92114,0.052431393673616
17894.511376,0.052598089659891
18011.101612,0.0527636702544728
18127.691848,0.0529281466149512
18244.282084,0.0530915297505934
18360.87232,0.0532538305248009
18477.462556,0.0534150596575172
18594.052792,0.0535752277275883
18710.643028,0.0537343451750759
18827.233264,0.0538924223035265
18943.8235,0.0540494692821952
19060.413736,0.0542054961482265
19177.003972,0.0543605128087927
19293.594208,0.0545145290431908
19410.184444,0.0546675545048992
19526.77468,0.0548195987235946
19643.364916,0.0549706711071301
19759.955152,0.0551207809434761
19876.545388,0.0552699374026232
19993.135624,0.0554181495384502
20109.72586,0.0555654262905556
20226.316096,0.0557117764860552
20342.906332,0.0558572088413457
20459.496568,0.0560017319638353
20576.086804,0.0561453543536416
20692.67704,0.0562880844052584
20809.267276,0.0564299304091911
20925.857512,0.0565709005535621
21042.447748,0.056711002925686
21159.037984,0.0568502455136168
21275.62822,0.0569886362076655
21392.218456,0.057126182801891
21508.808692,0.057262892995563
21625.398928,0.0573987743945991
21741.989164,0.0575338345129747
21858.5794,0.0576680807741085
21975.169636,0.0578015205122228
22091.759872,0.0579341609736787
22208.350108,0.0580660093182882
22324.940344,0.0581970726206021
22441.53058,0.0583273578711762
22558.120816,0.0584568719778131
22674.711052,0.0585856217667839
22791.301288,0.0587136139840274
22907.891524,0.058840855296328
23024.48176,0.0589673522924737
23141.071996,0.059093111484393
23257.662232,0.0592181393082728
23374.252468,0.0593424421256559
23490.842704,0.0594660262245205
23607.43294,0.0595888978203401
23724.023176,0.0597110630571257
23840.613412,0.0598325280084501
23957.203648,0.0599532986784541
24073.793884,0.0600733810028359
24190.38412,0.0601927808498239
24306.974356,0.0603115040211321
24423.564592,0.0604295562529003
24540.154828,0.0605469432166179
24656.745064,0.0606636705200316
24773.3353,0.0607797437080392
24889.925536,0.060895168263567
25006.515772,0.0610099496084336
25123.106008,0.0611240931041984
25239.696244,0.061237604052997
25356.28648,0.0613504876983615
25472.876716,0.0614627492260286
25589.466952,0.0615743937647334
25706.057188,0.0616854263869903
25822.647424,0.0617958521098615
25939.23766,0.0619056758957127
26055.827896,0.0620149026529562
26172.418132,0.0621235372367826
26289.008368,0.0622315844498796
26405.598604,0.0623390490431403
26522.18884,0.0624459357163594
26638.779076,0.0625522491189183
26755.369312,0.0626579938504591
26871.959548,0.0627631744615484
26988.549784,0.0628677954543295
27105.14002,0.0629718612831652
27221.730256,0.0630753763552701
27338.320492,0.0631783450313322
27454.910728,0.0632807716261258
27571.500964,0.0633826604091139
27688.0912,0.0634840156050414
27804.681436,0.0635848413945195
27921.271672,0.0636851419145999
28037.861908,0.063784921259341
28154.452144,0.0638841834803647
28271.04238,0.0639829325874053
28387.632616,0.0640811725488489
28504.222852,0.0641789072922653
28620.813088,0.0642761407049311
28737.403324,0.0643728766343457
28853.99356,0.0644691188887381
28970.583796,0.0645648712375672
29087.174032,0.0646601374120134
29203.764268,0.0647549211054638
29320.354504,0.0648492259739891
29436.94474,0.0649430556368139
29553.534976,0.0650364136767798
29670.125212,0.065129303640801
29786.715448,0.0652217290403141
29903.305684,0.06531369335172
30019.89592,0.0654052000168202
30136.486156,0.0654962524432462
30253.076392,0.0655868540048818
30369.666628,0.065677008042281
30486.256864,0.0657667178630775
30602.8471,0.0658559867423898
30719.437336,0.0659448179232195
30836.027572,0.0660332146168445
30952.617808,0.0661211800032051
31069.208044,0.0662087172312862
31185.79828,0.0662958294194927
31302.388516,0.0663825196560195
31418.978752,0.0664687909992171
31535.568988,0.0665546464779507
31652.159224,0.0666400890919551
31768.74946,0.0667251218121834
31885.339696,0.0668097475811524
32001.929932,0.066893969313281
32118.520168,0.0669777898952253
32235.110404,0.0670612121862084
32351.70064,0.0671442390183453
32468.290876,0.0672268731969636
32584.881112,0.0673091175009194
32701.471348,0.0673909746829086
32818.061584,0.0674724474697744
32934.65182,0.0675535385628099
33051.242056,0.0676342506380564
33167.832292,0.0677145863465983
33284.422528,0.0677945483148529
33401.012764,0.067874139144857
33517.603,0.0679533614145487
33634.193236,0.0680322176780463
33750.783472,0.0681107104659222
33867.373708,0.068188842285474
33983.963944,0.0682666156209914
34100.55418,0.0683440329340194
34217.144416,0.0684210966636181
34333.734652,0.0684978092266189
34450.324888,0.0685741730178769
34566.915124,0.0686501904105204
34683.50536,0.0687258637561966
34800.095596,0.0688011953853142
34916.685832,0.0688761876072824
35033.276068,0.0689508427107472
35149.866304,0.069025162963824
35266.45654,0.0690991506143275
35383.046776,0.0691728078899981
35499.637012,0.0692461369987256
35616.227248,0.0693191401287697
35732.817484,0.0693918194489781
35849.40772,0.0694641771090006
35965.997956,0.0695362152395016
36082.588192,0.0696079359523691
36199.178428,0.0696793413409208
36315.768664,0.0697504334801082
36432.3589,0.0698212144267173
36548.949136,0.069891686219567
36665.539372,0.0699618508797049
36782.129608,0.0700317104106005
36898.719844,0.0701012667983359
37015.31008,0.0701705220117941
37131.900316,0.0702394780028445
37248.490552,0.0703081367065266
37365.080788,0.0703765000412308
37481.671024,0.0704445699088772
37598.26126,0.0705123481950918
37714.851496,0.0705798367693808
37831.441732,0.0706470374853026
37948.031968,0.0707139521806369
38064.622204,0.0707805826775532
38181.21244,0.0708469307827752
38297.802676,0.0709129982877447
38414.392912,0.0709787869687828
38530.983148,0.0710442985872489
38647.573384,0.071109534889698
38764.16362,0.071174497608036
38880.753856,0.0712391884596727
38997.344092,0.0713036091476735
39113.934328,0.0713677613609084
39230.524564,0.0714316467742001
39347.1148,0.0714952670484696
39463.705036,0.0715586238308796
39580.295272,0.0716217187549776
39696.885508,0.0716845534408356
39813.475744,0.0717471294951888
39930.06598,0.071809448511573
40046.656216,0.0718715120704595
40163.246452,0.0719333217393886
40279.836688,0.071994879073102
40396.426924,0.072056185613673
40513.01716,0.0721172428906349
40629.607396,0.0721780524211088
40746.197632,0.0722386157099287
40862.787868,0.0722989342497662
40979.378104,0.0723590095212525
41095.96834,0.0724188429931002
41212.558576,0.0724784361222224
41329.148812,0.0725377903538515
41445.739048,0.0725969071216554
41562.329284,0.0726557878478537
41678.91952,0.072714433943331
41795.509756,0.0727728468077501
41912.099992,0.0728310278296632
42028.690228,0.0728889783866219
42145.280464,0.0729466998452859
42261.8707,0.0730041935615305
42378.460936,0.0730614608805527
42495.051172,0.0731185031369763
42611.641408,0.0731753216549552
42728.231644,0.0732319177482763
42844.82188,0.0732882927204604
42961.412116,0.0733444478648627
43078.002352,0.0734003844647712
43194.592588,0.0734561037935046
43311.182824,0.0735116071145094
43427.77306,0.0735668956814548
43544.363296,0.0736219707383272
43660.953532,0.0736768335195239
43777.543768,0.0737314852499447
43894.134004,0.0737859271450838
44010.72424,0.073840160411119
44127.314476,0.0738941862450017
44243.904712,0.0739480058345444
44360.494948,0.0740016203585079
44477.085184,0.0740550309866874
44593.67542,0.0741082388799974
44710.265656,0.0741612451905561
44826.855892,0.0742140510617684
44943.446128,0.0742666576284079
45060.036364,0.0743190660166987
45176.6266,0.0743712773443954
45293.216836,0.0744232927208625
45409.807072,0.0744751132471533
45526.397308,0.0745267400160872
45642.987544,0.0745781741123269
45759.57778,0.0746294166124542
45876.168016,0.074680468585045
45992.758252,0.0747313310907437
46109.348488,0.0747820051823367
46225.938724,0.074832491904825
46342.52896,0.0748827922954958
46459.119196,0.0749329073839941
46575.709432,0.0749828381923922
46692.299668,0.07503258573526
46808.889904,0.075082151019733
46925.48014,0.0751315350455806
47042.070376,0.0751807388052736
47158.660612,0.0752297632840501
47275.250848,0.0752786094599815
47391.841084,0.0753272783040379
47508.43132,0.0753757707801517
47625.021556,0.0754240878452821
47741.611792,0.0754722304494773
47858.202028,0.0755201995359372
47974.792264,0.0755679960410749
48091.3825,0.0756156208945777
48207.972736,0.0756630750194671
48324.562972,0.0757103593321587
48441.153208,0.0757574747425213
48557.743444,0.0758044221539347
48674.33368,0.0758512024633482
48790.923916,0.0758978165613372
48907.514152,0.0759442653321598
49024.104388,0.0759905496538127
49140.694624,0.0760366703980869
49257.28486,0.0760826284306219
49373.875096,0.07612842461096
49490.465332,0.0761740597926002
49607.055568,0.0762195348230509
49723.645804,0.0762648505438824
49840.23604,0.076310007790779
49956.826276,0.0763550073935901
50073.416512,0.0763998501763813
50190.006748,0.0764445369574846
50306.596984,0.076489068549548
50423.18722,0.0765334457595851
50539.777456,0.0765776693890236
50656.367692,0.0766217402337536
50772.957928,0.0766656590841755
50889.548164,0.0767094267252469
51006.1384,0.0767530439365299
51122.728636,0.0767965114922367
51239.318872,0.076839830161276
51355.909108,0.0768830007072982
51472.499344,0.0769260238887399
51589.08958,0.0769689004588688
51705.679816,0.0770116311658276
51822.270052,0.077054216752677
51938.860288,0.0770966579574396
52055.450524,0.0771389555131417
52172.04076,0.0771811101478562
52288.630996,0.0772231225847439
52405.221232,0.077264993542095
52521.811468,0.0773067237333701
52638.401704,0.0773483138672408
52754.99194,0.0773897646476295
52871.582176,0.0774310767737494
52988.172412,0.0774722509401437
53104.762648,0.0775132878367247
53221.352884,0.0775541881488119
53337.94312,0.0775949525571708
53454.533356,0.0776355817380499
53571.123592,0.0776760763632187
53687.713828,0.0777164371000046
53804.304064,0.0777566646113294
53920.8943,0.0777967595557457
54037.484536,0.0778367225874727
54154.074772,0.077876554356432
54270.665008,0.0779162555082828
54387.255244,0.0779558266844566
54503.84548,0.0779952685221919
54620.435716,0.0780345816545683
54737.025952,0.0780737667105406
54853.616188,0.0781128243149719
54970.206424,0.0781517550886675
55086.79666,0.078190559648407
55203.386896,0.0782292386069776
55319.977132,0.0782677925732056
55436.567368,0.0783062221519891
55553.157604,0.0783445279443293
55669.74784,0.0783827105473616
55786.338076,0.078420770554387
55902.928312,0.0784587085549027
56019.518548,0.0784965251346325
56136.108784,0.078534220875557
56252.69902,0.0785717963559432
56369.289256,0.0786092521503747
56485.879492,0.0786465888297801
56602.469728,0.0786838069614629
56719.059964,0.0787209071091297
56835.6502,0.0787578898329185
56952.240436,0.0787947556894276
57068.830672,0.0788315052317428
57185.420908,0.0788681390094655
57302.011144,0.0789046575687399
57418.60138,0.0789410614522801
57535.191616,0.0789773511993973
57651.781852,0.0790135273460259
57768.372088,0.0790495904247505
57884.962324,0.0790855409648315
58001.55256,0.0791213794922314
58118.142796,0.0791571065296402
58234.733032,0.0791927225965007
58351.323268,0.0792282282090342
58467.913504,0.0792636238802649
58584.50374,0.0792989101200446
58701.093976,0.0793340874350779
58817.684212,0.0793691563289455
58934.274448,0.0794041173021287
59050.864684,0.0794389708520335
59167.45492,0.0794737174730136
59284.045156,0.079508357656394
59400.635392,0.0795428918904944
59517.225628,0.0795773206606518
59633.815864,0.0796116444492436
59750.4061,0.0796458637357094
