"ResDensity","N_TraitValue"
4,0.00112447768400955
4.092,0.0011411228218249
4.184,0.00115750332036076
4.276,0.00117362544104993
4.368,0.00118949524934143
4.46,0.00120511862230884
4.552,0.001220501255907
4.644,0.00123564867189575
4.736,0.00125056622444848
4.828,0.00126525910646216
4.92,0.00127973235558426
5.012,0.00129399085997156
5.104,0.00130803936379437
5.196,0.00132188247249942
5.288,0.00133552465784355
5.38,0.00134897026270982
5.472,0.00136222350571685
5.564,0.00137528848563185
5.656,0.00138816918559678
5.748,0.00140086947717703
5.84,0.00141339312424112
5.932,0.00142574378667967
6.024,0.00143792502397124
6.116,0.00144994029860254
6.208,0.00146179297934971
6.3,0.00147348634442727
6.392,0.00148502358451102
6.484,0.00149640780564058
6.576,0.00150764203200727
6.668,0.00151872920863246
6.76,0.00152967220394143
6.852,0.00154047381223754
6.944,0.00155113675608102
7.036,0.00156166368857676
7.128,0.00157205719557517
7.22,0.00158231979778979
7.312,0.00159245395283543
7.404,0.0016024620571903
7.496,0.00161234644808528
7.588,0.00162210940532363
7.68,0.00163175315303407
7.772,0.00164127986135989
7.864,0.00165069164808714
7.956,0.00165999058021405
8.048,0.00166917867546447
8.14,0.00167825790374744
8.232,0.00168723018856523
8.324,0.00169609740837185
8.416,0.00170486139788421
8.508,0.00171352394934766
8.6,0.00172208681375789
8.692,0.00173055170204088
8.784,0.00173892028619254
8.876,0.00174719420037975
8.968,0.00175537504200419
9.06,0.00176346437273045
9.152,0.00177146371947988
9.244,0.00177937457539144
9.336,0.00178719840075081
9.428,0.00179493662388908
9.52,0.00180259064205199
9.612,0.00181016182224105
9.704,0.00181765150202742
9.796,0.00182506099033971
9.888,0.00183239156822657
9.98,0.00183964448959506
10.072,0.00184682098192567
10.164,0.00185392224696486
10.256,0.00186094946139593
10.348,0.00186790377748904
10.44,0.00187478632373103
10.532,0.00188159820543594
10.624,0.00188834050533675
10.716,0.0018950142841591
10.808,0.00190162058117761
10.9,0.0019081604147554
10.992,0.00191463478286745
11.084,0.00192104466360823
11.176,0.00192739101568431
11.268,0.00193367477889243
11.36,0.00193989687458334
11.452,0.00194605820611226
11.544,0.00195215965927604
11.636,0.00195820210273768
11.728,0.00196418638843867
11.82,0.00197011335199937
11.912,0.00197598381310799
12.004,0.00198179857589854
12.096,0.00198755842931796
12.188,0.00199326414748304
12.28,0.0019989164900272
12.372,0.00200451620243766
12.464,0.00201006401638318
12.556,0.00201556065003281
12.648,0.00202100680836576
12.74,0.00202640318347283
12.832,0.00203175045484963
12.924,0.00203704928968178
13.016,0.0020423003431224
13.108,0.0020475042585622
13.2,0.00205266166789221
13.292,0.00205777319175961
13.384,0.0020628394398167
13.476,0.00206786101096328
13.568,0.00207283849358269
13.66,0.00207777246577162
13.752,0.00208266349556391
13.844,0.0020875121411486
13.936,0.00209231895108225
14.028,0.00209708446449587
14.12,0.00210180921129643
14.212,0.00210649371236336
14.304,0.00211113847973994
14.396,0.00211574401681987
14.488,0.00212031081852918
14.58,0.00212483937150349
14.672,0.00212933015426088
14.764,0.00213378363737048
14.856,0.00213820028361681
14.948,0.00214258054816009
15.04,0.00214692487869264
15.132,0.00215123371559139
15.224,0.00215550749206668
15.316,0.00215974663430749
15.408,0.00216395156162308
15.5,0.00216812268658127
15.592,0.00217226041514338
15.684,0.00217636514679592
15.776,0.0021804372746792
15.868,0.00218447718571283
15.96,0.00218848526071825
16.052,0.00219246187453844
16.144,0.00219640739615477
16.236,0.00220032218880111
16.328,0.00220420661007532
16.42,0.00220806101204813
16.512,0.00221188574136953
16.604,0.0022156811393727
16.696,0.00221944754217552
16.788,0.00222318528077983
16.88,0.00222689468116841
16.972,0.00223057606439969
17.064,0.00223422974670049
17.156,0.00223785603955645
17.248,0.00224145524980065
17.34,0.00224502767970009
17.432,0.00224857362704035
17.524,0.00225209338520833
17.616,0.00225558724327313
17.708,0.00225905548606525
17.8,0.00226249839425396
17.892,0.00226591624442302
17.984,0.00226930930914474
18.076,0.00227267785705246
18.168,0.00227602215291143
18.26,0.00227934245768821
18.352,0.00228263902861852
18.444,0.00228591211927368
18.536,0.00228916197962565
18.628,0.00229238885611064
18.72,0.00229559299169144
18.812,0.00229877462591836
18.904,0.00230193399498897
18.996,0.00230507133180651
19.088,0.00230818686603717
19.18,0.0023112808241661
19.272,0.00231435342955232
19.364,0.00231740490248243
19.456,0.00232043546022332
19.548,0.00232344531707367
19.64,0.00232643468441452
19.732,0.00232940377075871
19.824,0.0023323527817994
19.916,0.00233528192045757
20.008,0.00233819138692852
20.1,0.00234108137872753
20.192,0.00234395209073456
20.284,0.00234680371523801
20.376,0.00234963644197769
20.468,0.00235245045818691
20.56,0.0023552459486337
20.652,0.00235802309566129
20.744,0.00236078207922773
20.836,0.00236352307694478
20.928,0.00236624626411601
21.02,0.00236895181377419
21.112,0.00237163989671791
21.204,0.00237431068154757
21.296,0.00237696433470059
21.388,0.002379601020486
21.48,0.00238222090111836
21.572,0.00238482413675102
21.664,0.00238741088550874
21.756,0.00238998130351975
21.848,0.00239253554494712
21.94,0.00239507376201959
22.032,0.00239759610506183
22.124,0.00240010272252411
22.216,0.00240259376101142
22.308,0.00240506936531205
22.4,0.00240752967842565
22.492,0.00240997484159078
22.584,0.00241240499431188
22.676,0.00241482027438589
22.768,0.00241722081792822
22.86,0.00241960675939835
22.952,0.00242197823162494
23.044,0.00242433536583048
23.136,0.00242667829165548
23.228,0.00242900713718226
23.32,0.00243132202895825
23.412,0.00243362309201897
23.504,0.0024359104499105
23.596,0.00243818422471161
23.688,0.00244044453705546
23.78,0.00244269150615097
23.872,0.00244492524980373
23.964,0.00244714588443663
24.056,0.00244935352511008
24.148,0.00245154828554186
24.24,0.00245373027812666
24.332,0.00245589961395529
24.424,0.00245805640283348
24.516,0.00246020075330045
24.608,0.00246233277264714
24.7,0.00246445256693401
24.792,0.00246656024100875
24.884,0.00246865589852347
24.976,0.00247073964195173
25.068,0.00247281157260526
25.16,0.00247487179065035
25.252,0.00247692039512399
25.344,0.00247895748394978
25.436,0.0024809831539535
25.528,0.00248299750087843
25.62,0.0024850006194005
25.712,0.00248699260314307
25.804,0.00248897354469152
25.896,0.00249094353560762
25.988,0.00249290266644364
26.08,0.00249485102675617
26.172,0.00249678870511985
26.264,0.00249871578914071
26.356,0.00250063236546944
26.448,0.00250253851981433
26.54,0.00250443433695408
26.632,0.00250631990075035
26.724,0.00250819529416013
26.816,0.00251006059924791
26.908,0.00251191589719764
27,0.00251376126832453
27.092,0.00251559679208661
27.184,0.00251742254709617
27.276,0.00251923861113094
27.368,0.00252104506114518
27.46,0.00252284197328051
27.552,0.00252462942287664
27.644,0.00252640748448187
27.736,0.0025281762318635
27.828,0.00252993573801796
27.92,0.00253168607518094
28.012,0.00253342731483719
28.104,0.00253515952773031
28.196,0.00253688278387231
28.288,0.00253859715255305
28.38,0.00254030270234951
28.472,0.00254199950113496
28.564,0.00254368761608794
28.656,0.00254536711370114
28.748,0.00254703805979012
28.84,0.00254870051950192
28.932,0.00255035455732353
29.024,0.00255200023709019
29.116,0.00255363762199367
29.208,0.00255526677459028
29.3,0.00255688775680891
29.392,0.00255850062995882
29.484,0.00256010545473741
29.576,0.0025617022912378
29.668,0.00256329119895637
29.76,0.0025648722368001
29.852,0.00256644546309391
29.944,0.00256801093558777
30.036,0.00256956871146383
30.128,0.00257111884734331
30.22,0.00257266139929342
30.312,0.00257419642283411
30.404,0.0025757239729447
30.496,0.00257724410407047
30.588,0.00257875687012913
30.68,0.00258026232451717
30.772,0.0025817605201162
30.864,0.00258325150929905
30.956,0.00258473534393596
31.048,0.00258621207540056
31.14,0.00258768175457577
31.232,0.00258914443185972
31.324,0.00259060015717142
31.416,0.00259204897995652
31.508,0.00259349094919283
31.6,0.00259492611339594
31.692,0.00259635452062454
31.784,0.0025977762184859
31.876,0.00259919125414107
31.968,0.00260059967431014
32.06,0.00260200152527739
32.152,0.00260339685289632
32.244,0.00260478570259468
32.336,0.00260616811937941
32.428,0.00260754414784146
32.52,0.00260891383216062
32.612,0.00261027721611024
32.704,0.00261163434306189
32.796,0.00261298525598995
32.888,0.00261432999747616
32.98,0.00261566860971411
33.072,0.0026170011345136
33.164,0.00261832761330506
33.256,0.00261964808714378
33.348,0.00262096259671419
33.44,0.00262227118233403
33.532,0.00262357388395845
33.624,0.00262487074118411
33.716,0.00262616179325316
33.808,0.00262744707905723
33.9,0.0026287266371413
33.992,0.00263000050570759
34.084,0.00263126872261932
34.176,0.00263253132540451
34.268,0.00263378835125964
34.36,0.00263503983705334
34.452,0.00263628581932994
34.544,0.00263752633431308
34.636,0.00263876141790922
34.728,0.00263999110571106
34.82,0.00264121543300099
34.912,0.00264243443475447
35.004,0.00264364814564334
35.096,0.00264485660003913
35.188,0.00264605983201627
35.28,0.00264725787535533
35.372,0.00264845076354618
35.464,0.00264963852979106
35.556,0.00265082120700774
35.648,0.00265199882783248
35.74,0.0026531714246231
35.832,0.0026543390294619
35.924,0.0026555016741586
36.016,0.00265665939025323
36.108,0.00265781220901898
36.2,0.00265896016146503
36.292,0.00266010327833929
36.384,0.0026612415901312
36.476,0.0026623751270744
36.568,0.00266350391914943
36.66,0.00266462799608635
36.752,0.00266574738736736
36.844,0.00266686212222941
36.936,0.00266797222966668
37.028,0.00266907773843316
37.12,0.00267017867704509
37.212,0.00267127507378341
37.304,0.00267236695669624
37.396,0.00267345435360118
37.488,0.00267453729208775
37.58,0.00267561579951968
37.672,0.00267668990303725
37.764,0.00267775962955951
37.856,0.0026788250057866
37.948,0.00267988605820192
38.04,0.00268094281307434
38.132,0.00268199529646037
38.224,0.0026830435342063
38.316,0.00268408755195031
38.408,0.00268512737512458
38.5,0.00268616302895733
38.592,0.00268719453847488
38.684,0.00268822192850364
38.776,0.00268924522367213
38.868,0.00269026444841295
38.96,0.0026912796269647
39.052,0.00269229078337389
39.144,0.00269329794149691
39.236,0.00269430112500182
39.328,0.00269530035737025
39.42,0.00269629566189924
39.512,0.00269728706170301
39.604,0.0026982745797148
39.696,0.00269925823868858
39.788,0.00270023806120087
39.88,0.0027012140696524
39.972,0.00270218628626984
40.064,0.00270315473310752
40.156,0.00270411943204904
40.248,0.00270508040480896
40.34,0.00270603767293442
40.432,0.00270699125780674
40.524,0.00270794118064303
40.616,0.00270888746249775
40.708,0.00270983012426424
40.8,0.00271076918667634
40.892,0.0027117046703098
40.984,0.00271263659558389
41.076,0.00271356498276281
41.168,0.00271448985195716
41.26,0.00271541122312547
41.352,0.00271632911607553
41.444,0.0027172435504659
41.536,0.00271815454580725
41.628,0.00271906212146377
41.72,0.00271996629665457
41.812,0.00272086709045499
41.904,0.00272176452179796
41.996,0.00272265860947534
42.088,0.00272354937213922
42.18,0.0027244368283032
42.272,0.00272532099634372
42.364,0.00272620189450127
42.456,0.00272707954088168
42.548,0.00272795395345737
42.64,0.00272882515006854
42.732,0.00272969314842442
42.824,0.00273055796610443
42.916,0.00273141962055941
43.008,0.00273227812911277
43.1,0.00273313350896166
43.192,0.00273398577717809
43.284,0.00273483495071013
43.376,0.00273568104638294
43.468,0.00273652408089998
43.56,0.00273736407084405
43.652,0.00273820103267836
43.744,0.00273903498274769
43.836,0.00273986593727934
43.928,0.0027406939123843
44.02,0.00274151892405819
44.112,0.00274234098818236
44.204,0.00274316012052486
44.296,0.00274397633674149
44.388,0.00274478965237678
44.48,0.00274560008286495
44.572,0.00274640764353093
44.664,0.00274721234959132
44.756,0.00274801421615531
44.848,0.00274881325822565
44.94,0.0027496094906996
45.032,0.00275040292836983
45.124,0.00275119358592535
45.216,0.0027519814779524
45.308,0.00275276661893539
45.4,0.00275354902325772
45.492,0.00275432870520273
45.584,0.0027551056789545
45.676,0.00275587995859879
45.768,0.00275665155812379
45.86,0.00275742049142107
45.952,0.00275818677228633
46.044,0.00275895041442028
46.136,0.00275971143142941
46.228,0.00276046983682684
46.32,0.0027612256440331
46.412,0.00276197886637691
46.504,0.002762729517096
46.596,0.00276347760933784
46.688,0.00276422315616045
46.78,0.00276496617053311
46.872,0.00276570666533718
46.964,0.00276644465336679
47.056,0.00276718014732958
47.148,0.00276791315984745
47.24,0.00276864370345729
47.332,0.00276937179061167
47.424,0.00277009743367954
47.516,0.00277082064494698
47.608,0.00277154143661783
47.7,0.00277225982081442
47.792,0.00277297580957825
47.884,0.00277368941487063
47.976,0.00277440064857336
48.068,0.00277510952248943
48.16,0.0027758160483436
48.252,0.00277652023778311
48.344,0.00277722210237827
48.436,0.00277792165362315
48.528,0.00277861890293615
48.62,0.00277931386166066
48.712,0.00278000654106565
48.804,0.00278069695234631
48.896,0.00278138510662462
48.988,0.00278207101494996
49.08,0.00278275468829972
49.172,0.00278343613757984
49.264,0.00278411537362545
49.356,0.00278479240720139
49.448,0.00278546724900281
49.54,0.00278613990965573
49.632,0.00278681039971758
49.724,0.00278747872967777
49.816,0.00278814490995824
49.908,0.00278880895091399
50,0.0027894708628336
