"ResDensity","N_TraitValue"
0.02656,0.0961747418808437
0.02804832,0.0985587821365439
0.02953664,0.100805792228914
0.03102496,0.102927256464982
0.03251328,0.104933410716619
0.0340016,0.106833407575618
0.03548992,0.108635455966586
0.03697824,0.110346939710472
0.03846656,0.111974518650505
0.03995488,0.113524215261007
0.0414432,0.115001489113606
0.04293152,0.116411301141625
0.04441984,0.117758169296841
0.04590816,0.119046216914304
0.04739648,0.120279214875981
0.0488848,0.121460618481441
0.05037312,0.122593599784869
0.05186144,0.123681076035726
0.05334976,0.124725734760012
0.05483808,0.125730055936117
0.0563264,0.1266963316505
0.05781472,0.127626683561111
0.05930304,0.128523078448617
0.06079136,0.129387342095331
0.06227968,0.130221171697939
0.063768,0.131026146991632
0.06525632,0.131803740239029
0.06674464,0.132555325216801
0.06823296,0.133282185315404
0.06972128,0.133985520852364
0.0712096,0.134666455686807
0.07269792,0.135326043211881
0.07418624,0.1359652717923
0.07567456,0.136585069706023
0.07716288,0.137186309642045
0.0786512,0.137769812800131
0.08013952,0.138336352632992
0.08162784,0.138886658266761
0.08311616,0.13942141763159
0.08460448,0.139941280330613
0.0860928,0.140446860272448
0.08758112,0.140938738089659
0.08906944,0.141417463363217
0.09055776,0.141883556670871
0.09204608,0.142337511475475
0.0935344,0.142779795867692
0.09502272,0.143210854175982
0.09651104,0.143631108455543
0.09799936,0.14404095986668
0.09948768,0.144440789952056
0.100976,0.144830961821402
0.10246432,0.145211821251378
0.10395264,0.145583697707629
0.10544096,0.145946905295352
0.10692928,0.146301743644155
0.1084176,0.146648498732452
0.10990592,0.146987443656142
0.11139424,0.147318839345934
0.11288256,0.147642935237264
0.11437088,0.147959969896433
0.1158592,0.14827017160625
0.11734752,0.148573758914219
0.11883584,0.148870941146024
0.12032416,0.149161918886862
0.12181248,0.149446884432925
0.1233008,0.1497260222152
0.12478912,0.149999509197517
0.12627744,0.150267515250672
0.12776576,0.150530203504278
0.12925408,0.15078773067788
0.1307424,0.151040247392739
0.13223072,0.151287898465596
0.13371904,0.151530823185618
0.13520736,0.15176915557563
0.13669568,0.152003024638686
0.138184,0.152232554590896
0.13967232,0.152457865081428
0.14116064,0.152679071400483
0.14264896,0.152896284676002
0.14413728,0.153109612059825
0.1456256,0.153319156903942
0.14711392,0.153525018927449
0.14860224,0.153727294374787
0.15009056,0.153926076165769
0.15157888,0.15412145403791
0.1530672,0.154313514681504
0.15455552,0.154502341867878
0.15604384,0.154688016571221
0.15753216,0.154870617084369
0.15902048,0.155050219128872
0.1605088,0.155226895959701
0.16199712,0.155400718464864
0.16348544,0.155571755260242
0.16497376,0.155740072779899
0.16646208,0.15590573536212
0.1679504,0.156068805331406
0.16943872,0.15622934307665
0.17092704,0.156387407125706
0.17241536,0.156543054216525
0.17390368,0.156696339365067
0.175392,0.156847315930128
0.17688032,0.156996035675279
0.17836864,0.157142548828029
0.17985696,0.157286904136386
0.18134528,0.157429148922939
0.1828336,0.157569329136569
0.18432192,0.157707489401948
0.18581024,0.157843673066891
0.18729856,0.157977922247708
0.18878688,0.158110277872624
0.1902752,0.158240779723383
0.19176352,0.158369466475109
0.19325184,0.158496375734526
0.19474016,0.15862154407659
0.19622848,0.158745007079639
0.1977168,0.158866799359104
0.19920512,0.158986954599869
0.20069344,0.159105505587329
0.20218176,0.159222484237218
0.20367008,0.15933792162425
0.2051584,0.159451848009645
0.20664672,0.159564292867572
0.20813504,0.159675284910575
0.20962336,0.159784852114012
0.21111168,0.159893021739568
0.2126,0.159999820357863
0.21408832,0.160105273870215
0.21557664,0.160209407529583
0.21706496,0.160312245960726
0.21855328,0.160413813179616
0.2200416,0.160514132612139
0.22152992,0.160613227112104
0.22301824,0.160711118978603
0.22450656,0.160807829972738
0.22599488,0.16090338133375
0.2274832,0.160997793794568
0.22897152,0.161091087596807
0.23045984,0.161183282505236
0.23194816,0.161274397821738
0.23343648,0.161364452398782
0.2349248,0.161453464652427
0.23641312,0.161541452574874
0.23790144,0.161628433746598
0.23938976,0.16171442534805
0.24087808,0.161799444170975
0.2423664,0.161883506629344
0.24385472,0.161966628769913
0.24534304,0.162048826282442
0.24683136,0.162130114509562
0.24831968,0.162210508456326
0.249808,0.162290022799441
0.25129632,0.1623686718962
0.25278464,0.162446469793127
0.25427296,0.162523430234336
0.25576128,0.162599566669629
0.2572496,0.162674892262332
0.25873792,0.162749419896879
0.26022624,0.162823162186162
0.26171456,0.162896131478645
0.26320288,0.162968339865261
0.2646912,0.163039799186085
0.26617952,0.163110521036812
0.26766784,0.163180516775026
0.26915616,0.163249797526283
0.27064448,0.163318374190004
0.2721328,0.163386257445194
0.27362112,0.163453457755982
0.27510944,0.163519985377001
0.27659776,0.163585850358606
0.27808608,0.163651062551933
0.2795744,0.16371563161381
0.28106272,0.163779567011527
0.28255104,0.163842878027462
0.28403936,0.163905573763575
0.28552768,0.163967663145767
0.287016,0.16402915492812
0.28850432,0.164090057697009
0.28999264,0.1641503798751
0.29148096,0.164210129725234
0.29296928,0.164269315354198
0.2944576,0.164327944716393
0.29594592,0.164386025617397
0.29743424,0.164443565717432
0.29892256,0.164500572534727
0.30041088,0.164557053448799
0.3018992,0.16461301570363
0.30338752,0.164668466410772
0.30487584,0.164723412552354
0.30636416,0.164777860984016
0.30785248,0.164831818437757
0.3093408,0.164885291524715
0.31082912,0.164938286737863
0.31231744,0.164990810454637
0.31380576,0.165042868939498
0.31529408,0.16509446834642
0.3167824,0.165145614721316
0.31827072,0.165196314004398
0.31975904,0.165246572032481
0.32124736,0.165296394541218
0.32273568,0.165345787167283
0.324224,0.165394755450503
0.32571232,0.165443304835919
0.32720064,0.165491440675813
0.32868896,0.165539168231671
0.33017728,0.165586492676101
0.3316656,0.165633419094703
0.33315392,0.165679952487887
0.33464224,0.165726097772654
0.33613056,0.165771859784325
0.33761888,0.165817243278231
0.3391072,0.165862252931361
0.34059552,0.165906893343965
0.34208384,0.165951169041128
0.34357216,0.165995084474293
0.34506048,0.166038644022756
0.3465488,0.166081851995119
0.34803712,0.166124712630717
0.34952544,0.166167230100996
0.35101376,0.166209408510873
0.35250208,0.166251251900054
0.3539904,0.166292764244324
0.35547872,0.166333949456807
0.35696704,0.166374811389198
0.35845536,0.166415353832958
0.35994368,0.16645558052049
0.361432,0.166495495126288
0.36292032,0.166535101268048
0.36440864,0.166574402507769
0.36589696,0.166613402352814
0.36738528,0.166652104256959
0.3688736,0.166690511621409
0.37036192,0.166728627795798
0.37185024,0.166766456079157
0.37333856,0.166803999720872
0.37482688,0.16684126192161
0.3763152,0.166878245834234
0.37780352,0.166914954564683
0.37929184,0.166951391172852
0.38078016,0.166987558673437
0.38226848,0.167023460036763
0.3837568,0.167059098189606
0.38524512,0.167094476015981
0.38673344,0.167129596357922
0.38822176,0.167164462016246
0.38971008,0.167199075751293
0.3911984,0.167233440283657
0.39268672,0.1672675582949
0.39417504,0.167301432428247
0.39566336,0.167335065289268
0.39715168,0.167368459446551
0.39864,0.16740161743235
0.40012832,0.16743454174323
0.40161664,0.167467234840689
0.40310496,0.167499699151776
0.40459328,0.167531937069688
0.4060816,0.167563950954361
0.40756992,0.167595743133042
0.40905824,0.167627315900858
0.41054656,0.167658671521365
0.41203488,0.167689812227089
0.4135232,0.167720740220057
0.41501152,0.167751457672315
0.41649984,0.167781966726438
0.41798816,0.167812269496028
0.41947648,0.1678423680662
0.4209648,0.167872264494061
0.42245312,0.167901960809182
0.42394144,0.167931459014052
0.42542976,0.167960761084532
0.42691808,0.167989868970296
0.4284064,0.16801878459526
0.42989472,0.16804750985801
0.43138304,0.168076046632215
0.43287136,0.168104396767036
0.43435968,0.168132562087525
0.435848,0.168160544395014
0.43733632,0.168188345467505
0.43882464,0.168215967060038
0.44031296,0.168243410905071
0.44180128,0.168270678712832
0.4432896,0.168297772171681
0.44477792,0.168324692948456
0.44626624,0.168351442688814
0.44775456,0.168378023017568
0.44924288,0.168404435539016
0.4507312,0.168430681837264
0.45221952,0.168456763476539
0.45370784,0.168482682001504
0.45519616,0.168508438937564
0.45668448,0.168534035791159
0.4581728,0.168559474050064
0.45966112,0.168584755183674
0.46114944,0.168609880643289
0.46263776,0.168634851862388
0.46412608,0.168659670256906
0.4656144,0.168684337225501
0.46710272,0.168708854149811
0.46859104,0.168733222394722
0.47007936,0.168757443308611
0.47156768,0.168781518223603
0.473056,0.168805448455809
0.47454432,0.168829235305571
0.47603264,0.168852880057694
0.47752096,0.168876383981677
0.47900928,0.168899748331944
0.4804976,0.168922974348062
0.48198592,0.168946063254967
0.48347424,0.168969016263172
0.48496256,0.168991834568982
0.48645088,0.169014519354704
0.4879392,0.169037071788848
0.48942752,0.169059493026327
0.49091584,0.169081784208658
0.49240416,0.169103946464151
0.49389248,0.169125980908106
0.4953808,0.169147888642991
0.49686912,0.169169670758635
0.49835744,0.169191328332401
0.49984576,0.169212862429371
0.50133408,0.169234274102513
0.5028224,0.169255564392859
0.50431072,0.16927673432967
0.50579904,0.169297784930604
0.50728736,0.169318717201877
0.50877568,0.169339532138425
0.510264,0.16936023072406
0.51175232,0.169380813931629
0.51324064,0.16940128272316
0.51472896,0.169421638050016
0.51621728,0.169441880853045
0.5177056,0.169462012062717
0.51919392,0.169482032599275
0.52068224,0.16950194337287
0.52217056,0.1695217452837
0.52365888,0.169541439222147
0.5251472,0.169561026068908
0.52663552,0.169580506695131
0.52812384,0.169599881962538
0.52961216,0.169619152723557
0.53110048,0.169638319821443
0.5325888,0.169657384090405
0.53407712,0.169676346355725
0.53556544,0.169695207433875
0.53705376,0.16971396813264
0.53854208,0.169732629251226
0.5400304,0.16975119158038
0.54151872,0.169769655902498
0.54300704,0.169788022991735
0.54449536,0.169806293614115
0.54598368,0.169824468527636
0.547472,0.169842548482376
0.54896032,0.169860534220595
0.55044864,0.169878426476837
0.55193696,0.16989622597803
0.55342528,0.169913933443585
0.5549136,0.169931549585493
0.55640192,0.169949075108419
0.55789024,0.169966510709798
0.55937856,0.169983857079923
0.56086688,0.170001114902045
0.5623552,0.170018284852453
0.56384352,0.170035367600568
0.56533184,0.170052363809028
0.56682016,0.170069274133775
0.56830848,0.170086099224138
0.5697968,0.170102839722917
0.57128512,0.170119496266464
0.57277344,0.170136069484766
0.57426176,0.170152560001521
0.57575008,0.170168968434218
0.5772384,0.170185295394215
0.57872672,0.170201541486812
0.58021504,0.170217707311329
0.58170336,0.170233793461179
0.58319168,0.170249800523939
0.58468,0.170265729081423
0.58616832,0.170281579709752
0.58765664,0.170297352979423
0.58914496,0.170313049455379
0.59063328,0.170328669697074
0.5921216,0.170344214258542
0.59360992,0.17035968368846
0.59509824,0.170375078530217
0.59658656,0.170390399321971
0.59807488,0.170405646596717
0.5995632,0.170420820882347
0.60105152,0.170435922701711
0.60253984,0.170450952572677
0.60402816,0.170465911008189
0.60551648,0.17048079851633
0.6070048,0.170495615600372
0.60849312,0.170510362758839
0.60998144,0.170525040485562
0.61146976,0.170539649269729
0.61295808,0.170554189595948
0.6144464,0.170568661944291
0.61593472,0.170583066790356
0.61742304,0.170597404605313
0.61891136,0.170611675855955
0.62039968,0.170625881004755
0.621888,0.170640020509907
0.62337632,0.170654094825385
0.62486464,0.170668104400983
0.62635296,0.170682049682367
0.62784128,0.170695931111123
0.6293296,0.170709749124801
0.63081792,0.170723504156964
0.63230624,0.17073719663723
0.63379456,0.17075082699132
0.63528288,0.1707643956411
0.6367712,0.170777903004623
0.63825952,0.170791349496177
0.63974784,0.170804735526323
0.64123616,0.170818061501939
0.64272448,0.170831327826259
0.6442128,0.170844534898915
0.64570112,0.17085768311598
0.64718944,0.170870772870001
0.64867776,0.170883804550044
0.65016608,0.17089677854173
0.6516544,0.170909695227273
0.65314272,0.170922554985519
0.65463104,0.170935358191981
0.65611936,0.170948105218877
0.65760768,0.170960796435165
0.659096,0.17097343220658
0.66058432,0.170986012895668
0.66207264,0.170998538861821
0.66356096,0.171011010461311
0.66504928,0.171023428047325
0.6665376,0.171035791969997
0.66802592,0.17104810257644
0.66951424,0.171060360210781
0.67100256,0.171072565214193
0.67249088,0.171084717924922
0.6739792,0.171096818678324
0.67546752,0.171108867806895
0.67695584,0.171120865640297
0.67844416,0.171132812505393
0.67993248,0.171144708726274
0.6814208,0.17115655462429
0.68290912,0.171168350518076
0.68439744,0.171180096723586
0.68588576,0.171191793554114
0.68737408,0.171203441320328
0.6888624,0.171215040330296
0.69035072,0.171226590889508
0.69183904,0.171238093300913
0.69332736,0.171249547864935
0.69481568,0.171260954879506
0.696304,0.171272314640088
0.69779232,0.171283627439703
0.69928064,0.171294893568953
0.70076896,0.171306113316047
0.70225728,0.171317286966827
0.7037456,0.171328414804791
0.70523392,0.171339497111116
0.70672224,0.171350534164683
0.70821056,0.171361526242102
0.70969888,0.17137247361773
0.7111872,0.171383376563699
0.71267552,0.171394235349937
0.71416384,0.171405050244189
0.71565216,0.171415821512039
0.71714048,0.171426549416935
0.7186288,0.171437234220207
0.72011712,0.171447876181087
0.72160544,0.171458475556736
0.72309376,0.171469032602259
0.72458208,0.171479547570728
0.7260704,0.171490020713201
0.72755872,0.171500452278743
0.72904704,0.171510842514447
0.73053536,0.171521191665449
0.73202368,0.171531499974952
0.733512,0.171541767684242
0.73500032,0.171551995032711
0.73648864,0.17156218225787
0.73797696,0.17157232959537
0.73946528,0.171582437279022
0.7409536,0.171592505540811
0.74244192,0.171602534610917
0.74393024,0.171612524717733
0.74541856,0.171622476087879
0.74690688,0.171632388946221
0.7483952,0.171642263515888
0.74988352,0.17165210001829
0.75137184,0.171661898673131
0.75286016,0.171671659698429
0.75434848,0.17168138331053
0.7558368,0.171691069724126
0.75732512,0.171700719152268
0.75881344,0.171710331806383
0.76030176,0.171719907896291
0.76179008,0.171729447630219
0.7632784,0.171738951214813
0.76476672,0.171748418855158
0.76625504,0.171757850754792
0.76774336,0.171767247115717
0.76923168,0.171776608138416
0.77072,0.171785934021866
