"ResDensity","N_TraitValue"
6,0.0415423627649886
7.588,0.0520842770120061
9.176,0.0624459650411991
10.764,0.0726320094437099
12.352,0.0826468387550478
13.94,0.0924947338748567
15.528,0.102179834168309
17.116,0.111706143267397
18.704,0.121077534589194
20.292,0.130297756587082
21.88,0.13937043774988
23.468,0.148299091362898
25.056,0.157087120044033
26.644,0.165737820067205
28.232,0.174254385484687
29.82,0.182639912059151
31.408,0.190897401015597
32.996,0.199029762622723
34.584,0.207039819612711
36.172,0.214930310447873
37.76,0.222703892442096
39.348,0.230363144744558
40.936,0.237910571192765
42.524,0.245348603041519
44.112,0.252679601574085
45.7,0.259905860601436
47.288,0.267029608855132
48.876,0.274053012279091
50.464,0.280978176225181
52.052,0.287807147557326
53.64,0.294541916668536
55.228,0.301184419415038
56.816,0.307736538971448
58.404,0.314200107610737
59.992,0.320576908412506
61.58,0.326868676902921
63.168,0.333077102629492
64.756,0.339203830673663
66.344,0.345250463104101
67.932,0.35121856037334
69.52,0.357109642660367
71.108,0.362925191161563
72.696,0.368666649332301
74.284,0.374335424081391
75.872,0.379932886920455
77.46,0.385460375070182
79.048,0.390919192525368
80.636,0.396310611080495
82.224,0.40163587131756
83.812,0.406896183557761
85.4,0.412092728778572
86.988,0.41722665949767
88.576,0.422299100625094
90.164,0.427311150284978
91.752,0.432263880608101
93.34,0.437158338496461
94.928,0.441995546361022
96.516,0.446776502833728
98.104,0.45150218345481
99.692,0.4561735413364
101.28,0.460791507803387
102.868,0.465356993012423
104.456,0.469870886549948
106.044,0.474334058010051
107.632,0.478747357552959
109.22,0.483111616444914
110.808,0.487427647580149
112.396,0.491696245985647
113.984,0.495918189309367
115.572,0.500094238292528
117.16,0.504225137226591
118.748,0.508311614395488
120.336,0.512354382503664
121.924,0.516354139090459
123.512,0.520311566931334
125.1,0.524227334426418
126.688,0.528102095976863
128.276,0.531936492349419
129.864,0.535731151029692
131.452,0.539486686564462
133.04,0.543203700893476
134.628,0.546882783671077
136.216,0.550524512578043
137.804,0.554129453623967
139.392,0.557698161440531
140.98,0.561231179565969
142.568,0.564729040721046
144.156,0.568192267076837
145.744,0.571621370514589
147.332,0.575016852877942
148.92,0.578379206217764
150.508,0.58170891302986
152.096,0.585006446485783
153.684,0.588272270656993
155.272,0.591506840732579
156.86,0.594710603230755
158.448,0.597883996204348
160.036,0.601027449440466
161.624,0.604141384654544
163.212,0.607226215678945
164.8,0.6102823486463
166.388,0.613310182167758
167.976,0.616310107506298
169.564,0.619282508745283
171.152,0.622227762952383
172.74,0.625146240339037
174.328,0.628038304415581
175.916,0.630904312142181
177.504,0.633744614075713
179.092,0.636559554512695
180.68,0.639349471628425
182.268,0.642114697612405
183.856,0.644855558800203
185.444,0.647572375801832
187.032,0.650265463626773
188.62,0.652935131805732
190.208,0.655581684509237
191.796,0.658205420663164
193.384,0.660806634061293
194.972,0.663385613474973
196.56,0.665942642759991
198.148,0.66847800096072
199.736,0.67099196241163
201.324,0.673484796836248
202.912,0.67595676944362
204.5,0.678408141022373
206.088,0.680839168032428
207.676,0.683250102694443
209.264,0.685641193077047
210.852,0.688012683181923
212.44,0.690364813026818
214.028,0.692697818726517
215.616,0.695011932571858
217.204,0.697307383106831
218.792,0.699584395203822
220.38,0.701843190137045
221.968,0.70408398565423
223.556,0.706306996046589
225.144,0.708512432217137
226.732,0.710700501747391
228.32,0.712871408962498
229.908,0.715025354994843
231.496,0.717162537846167
233.084,0.719283152448244
234.672,0.721387390722146
236.26,0.723475441636148
237.848,0.725547491262299
239.436,0.727603722831691
241.024,0.729644316788478
242.612,0.73166945084266
244.2,0.733679300021674
245.788,0.73567403672082
247.376,0.737653830752555
248.964,0.739618849394683
250.552,0.741569257437472
252.14,0.743505217229719
253.728,0.745426888723799
255.316,0.74733442951972
256.904,0.749227994908209
258.492,0.751107737912854
260.08,0.752973809331324
261.668,0.754826357775704
263.256,0.756665529711937
264.844,0.758491469498435
266.432,0.760304319423846
268.02,0.762104219744016
269.608,0.763891308718162
271.196,0.765665722644278
272.784,0.767427595893781
274.372,0.76917706094544
275.96,0.770914248418573
277.548,0.772639287105563
279.136,0.774352304003686
280.724,0.776053424346276
282.312,0.777742771633247
283.9,0.779420467660978
285.488,0.781086632551589
287.076,0.782741384781608
288.664,0.784384841210055
290.252,0.786017117105951
291.84,0.787638326175273
293.428,0.789248580587352
295.016,0.790847991000747
296.604,0.792436666588594
298.192,0.794014715063448
299.78,0.795582242701626
301.368,0.797139354367067
302.956,0.798686153534716
304.544,0.800222742313445
306.132,0.801749221468525
307.72,0.803265690443652
309.308,0.804772247382541
310.896,0.806268989150101
312.484,0.807756011353195
314.072,0.809233408360999
315.66,0.810701273324964
317.248,0.812159698198395
318.836,0.813608773755655
320.424,0.815048589610993
322.012,0.816479234237026
323.6,0.817900794982855
325.188,0.819313358091845
326.776,0.820717008719068
328.364,0.822111830948411
329.952,0.823497907809371
331.54,0.824875321293528
333.128,0.826244152370715
334.716,0.827604481004881
336.304,0.828956386169665
337.892,0.830299945863679
339.48,0.831635237125509
341.068,0.832962336048439
342.656,0.834281317794907
344.244,0.835592256610697
345.832,0.836895225838864
347.42,0.838190297933421
349.008,0.839477544472763
350.596,0.840757036172858
352.184,0.842028842900195
353.772,0.8432930336845
355.36,0.84454967673123
356.948,0.845798839433837
358.536,0.847040588385814
360.124,0.848274989392532
361.712,0.849502107482864
363.3,0.850722006920606
364.888,0.851934751215691
366.476,0.853140403135216
368.064,0.85433902471427
369.652,0.85553067726657
371.24,0.856715421394921
372.828,0.857893317001488
374.416,0.859064423297891
376.004,0.86022879881513
377.592,0.861386501413332
379.18,0.86253758829134
380.768,0.863682115996129
382.356,0.864820140432069
383.944,0.865951716870027
385.532,0.867076899956314
387.12,0.868195743721482
388.708,0.869308301588974
390.296,0.870414626383627
391.884,0.87151477034003
393.472,0.87260878511075
395.06,0.873696721774411
396.648,0.874778630843647
398.236,0.87585456227292
399.824,0.876924565466204
401.412,0.877988689284553
403,0.879046982053536
404.588,0.880099491570551
406.176,0.881146265112024
407.764,0.882187349440486
409.352,0.883222790811536
410.94,0.884252634980694
412.528,0.88527692721014
414.116,0.886295712275342
415.704,0.887309034471586
417.292,0.888316937620392
418.88,0.889319465075833
420.468,0.890316659730749
422.056,0.891308564022868
423.644,0.892295219940821
425.232,0.893276669030073
426.82,0.89425295239875
428.408,0.895224110723381
429.996,0.896190184254545
431.584,0.897151212822436
433.172,0.89810723584233
434.76,0.899058292319983
436.348,0.900004420856927
437.936,0.900945659655699
439.524,0.90188204652498
441.112,0.902813618884656
442.7,0.903740413770809
444.288,0.904662467840619
445.876,0.905579817377197
447.464,0.90649249829435
449.052,0.907400546141262
450.64,0.908303996107114
452.228,0.909202883025624
453.816,0.910097241379533
455.404,0.910987105305003
456.992,0.911872508595971
458.58,0.91275348470842
460.168,0.913630066764596
461.756,0.914502287557158
463.344,0.915370179553267
464.932,0.916233774898618
466.52,0.917093105421403
468.108,0.917948202636226
469.696,0.918799097747954
471.284,0.919645821655513
472.872,0.920488404955629
474.46,0.921326877946509
476.048,0.922161270631482
477.636,0.922991612722568
479.224,0.92381793364401
480.812,0.924640262535749
482.4,0.925458628256851
483.988,0.926273059388877
485.576,0.927083584239219
487.164,0.927890230844374
488.752,0.928693026973176
490.34,0.929492000129988
491.928,0.930287177557837
493.516,0.931078586241515
495.104,0.93186625291063
496.692,0.932650204042614
498.28,0.933430465865691
499.868,0.934207064361803
501.456,0.934980025269493
503.044,0.935749374086749
504.632,0.936515136073806
506.22,0.937277336255913
507.808,0.938035999426058
509.396,0.938791150147658
510.984,0.939542812757205
512.572,0.940291011366888
514.16,0.941035769867165
515.748,0.941777111929308
517.336,0.942515061007911
518.924,0.943249640343366
520.512,0.943980872964298
522.1,0.944708781689974
523.688,0.945433389132677
525.276,0.946154717700048
526.864,0.946872789597394
528.452,0.947587626829968
530.04,0.948299251205217
531.628,0.949007684334997
533.216,0.949712947637765
534.804,0.950415062340735
536.392,0.95111404948201
537.98,0.951809929912677
539.568,0.952502724298889
541.156,0.953192453123905
542.744,0.953879136690112
544.332,0.954562795121014
545.92,0.9552434483632
547.508,0.955921116188284
549.096,0.956595818194816
550.684,0.957267573810178
552.272,0.957936402292443
553.86,0.958602322732217
555.448,0.959265354054454
557.036,0.959925515020255
558.624,0.960582824228628
560.212,0.961237300118242
561.8,0.961888960969149
563.388,0.962537824904484
564.976,0.96318390989215
566.564,0.963827233746471
568.152,0.964467814129831
569.74,0.965105668554293
571.328,0.965740814383192
572.916,0.966373268832713
574.504,0.967003048973443
576.092,0.967630171731911
577.68,0.968254653892099
579.268,0.968876512096948
580.856,0.969495762849826
582.444,0.970112422515996
584.032,0.970726507324056
585.62,0.971338033367359
587.208,0.971947016605423
588.796,0.972553472865317
590.384,0.973157417843034
591.972,0.973758867104843
593.56,0.974357836088629
595.148,0.97495434010521
596.736,0.975548394339646
598.324,0.976140013852526
599.912,0.976729213581238
601.5,0.977316008341231
603.088,0.977900412827252
604.676,0.978482441614577
606.264,0.97906210916022
607.852,0.979639429804129
609.44,0.980214417770373
611.028,0.980787087168305
612.616,0.981357451993721
614.204,0.981925526129994
615.792,0.982491323349208
617.38,0.983054857313265
618.968,0.983616141574988
620.556,0.984175189579204
622.144,0.984732014663821
623.732,0.985286630060889
625.32,0.985839048897646
626.908,0.986389284197551
628.496,0.986937348881316
630.084,0.987483255767909
631.672,0.988027017575557
633.26,0.988568646922734
634.848,0.989108156329136
636.436,0.989645558216647
638.024,0.99018086491029
639.612,0.990714088639171
641.2,0.991245241537411
642.788,0.991774335645064
644.376,0.99230138290903
645.964,0.99282639518395
647.552,0.993349384233099
649.14,0.993870361729262
650.728,0.994389339255603
652.316,0.994906328306524
653.904,0.995421340288513
655.492,0.995934386520984
657.08,0.996445478237103
658.668,0.996954626584614
660.256,0.997461842626642
661.844,0.997967137342501
663.432,0.998470521628482
665.02,0.998972006298638
666.608,0.999471602085557
668.196,0.99996931964113
669.784,1.00046516953731
671.372,1.00095916226684
672.96,1.00145130824404
674.548,1.00194161780548
676.136,1.00243010121076
677.724,1.00291676864317
679.312,1.00340163021044
680.9,1.00388469594544
682.488,1.00436597580683
684.076,1.00484547967979
685.664,1.00532321737669
687.252,1.00579919863771
688.84,1.00627343313158
690.428,1.00674593045617
692.016,1.00721670013918
693.604,1.00768575163875
695.192,1.00815309434411
696.78,1.00861873757621
698.368,1.00908269058831
699.956,1.00954496256665
701.544,1.010005562631
703.132,1.01046449983528
704.72,1.01092178316817
706.308,1.01137742155366
707.896,1.01183142385166
709.484,1.01228379885858
711.072,1.01273455530788
712.66,1.01318370187062
714.248,1.01363124715605
715.836,1.01407719971213
717.424,1.01452156802609
719.012,1.01496436052498
720.6,1.01540558557618
722.188,1.01584525148792
723.776,1.01628336650983
725.364,1.01671993883344
726.952,1.0171549765927
728.54,1.01758848786446
730.128,1.01802048066902
731.716,1.01845096297055
733.304,1.01887994267766
734.892,1.01930742764383
736.48,1.01973342566791
738.068,1.02015794449457
739.656,1.02058099181482
741.244,1.02100257526643
742.832,1.0214227024344
744.42,1.02184138085142
746.008,1.02225861799833
747.596,1.02267442130453
749.184,1.02308879814847
750.772,1.02350175585804
752.36,1.02391330171105
753.948,1.0243234429356
755.536,1.02473218671056
757.124,1.02513954016595
758.712,1.02554551038337
760.3,1.02595010439641
761.888,1.02635332919104
763.476,1.02675519170605
765.064,1.02715569883341
766.652,1.02755485741868
768.24,1.0279526742614
769.828,1.02834915611548
771.416,1.02874430968956
773.004,1.02913814164742
774.592,1.02953065860833
776.18,1.02992186714744
777.768,1.03031177379613
779.356,1.03070038504239
780.944,1.03108770733116
782.532,1.0314737470647
784.12,1.03185851060295
785.708,1.03224200426385
787.296,1.03262423432372
788.884,1.03300520701759
790.472,1.03338492853952
792.06,1.03376340504297
793.648,1.0341406426411
795.236,1.03451664740713
796.824,1.03489142537464
798.412,1.03526498253789
800,1.03563732485217
