"ResDensity","N_TraitValue"
5,7.17881751968738e-05
5.07,7.26642001178793e-05
5.14,7.35371254194236e-05
5.21,7.44069675234259e-05
5.28,7.52737427360044e-05
5.35,7.61374672484952e-05
5.42,7.69981571384609e-05
5.49,7.78558283706877e-05
5.56,7.87104967981728e-05
5.63,7.95621781631012e-05
5.7,8.0410888097812e-05
5.77,8.12566421257549e-05
5.84,8.20994556624368e-05
5.91,8.29393440163583e-05
5.98,8.37763223899405e-05
6.05,8.46104058804424e-05
6.12,8.54416094808687e-05
6.19,8.62699480808677e-05
6.26,8.70954364676211e-05
6.33,8.79180893267233e-05
6.4,8.87379212430526e-05
6.47,8.95549467016331e-05
6.54,9.03691800884879e-05
6.61,9.11806356914829e-05
6.68,9.19893277011635e-05
6.75,9.27952702115808e-05
6.82,9.35984772211112e-05
6.89,9.43989626332663e-05
6.96,9.51967402574956e-05
7.03,9.59918238099801e-05
7.1,9.67842269144188e-05
7.17,9.75739631028069e-05
7.24,9.83610458162057e-05
7.31,9.91454884055053e-05
7.38,9.99273041321798e-05
7.45,0.000100706506169034
7.52,0.000101483107600944
7.59,0.00010225712142559
7.66,0.000103028560554178
7.73,0.000103797437812164
7.8,0.000104563765939958
7.87,0.000105327557593633
7.94,0.000106088825345619
8.01,0.000106847581685392
8.08,0.000107603839020161
8.15,0.00010835760967554
8.22,0.000109108905896221
8.29,0.000109857739846632
8.36,0.000110604123611601
8.43,0.000111348069196999
8.5,0.000112089588530389
8.57,0.000112828693461661
8.64,0.000113565395763661
8.71,0.00011429970713282
8.78,0.000115031639189774
8.85,0.000115761203479971
8.92,0.000116488411474283
8.99,0.000117213274569606
9.06,0.000117935804089455
9.13,0.000118656011284554
9.2,0.00011937390733342
9.27,0.00012008950334294
9.34,0.000120802810348947
9.41,0.000121513839316783
9.48,0.000122222601141864
9.55,0.000122929106650237
9.62,0.000123633366599129
9.69,0.000124335391677494
9.76,0.000125035192506552
9.83,0.000125732779640328
9.9,0.000126428163566183
9.97,0.000127121354705332
10.04,0.000127812363413375
10.11,0.000128501199980806
10.18,0.000129187874633524
10.25,0.000129872397533343
10.32,0.000130554778778489
10.39,0.0001312350284041
10.46,0.000131913156382716
10.53,0.000132589172624765
10.6,0.000133263086979049
10.67,0.00013393490923322
10.74,0.000134604649114256
10.81,0.000135272316288927
10.88,0.000135937920364264
10.95,0.000136601470888016
11.02,0.000137262977349111
11.09,0.000137922449178103
11.16,0.000138579895747625
11.23,0.00013923532637283
11.3,0.000139888750311832
11.37,0.000140540176766141
11.44,0.000141189614881098
11.51,0.000141837073746298
11.58,0.000142482562396019
11.65,0.000143126089809639
11.72,0.000143767664912052
11.79,0.000144407296574085
11.86,0.000145044993612902
11.93,0.000145680764792409
12,0.000146314618823662
12.07,0.000146946564365256
12.14,0.000147576610023726
12.21,0.000148204764353934
12.28,0.000148831035859458
12.35,0.000149455432992976
12.42,0.000150077964156643
12.49,0.000150698637702474
12.56,0.000151317461932709
12.63,0.000151934445100194
12.7,0.000152549595408736
12.77,0.000153162921013477
12.84,0.000153774430021247
12.91,0.000154384130490925
12.98,0.000154992030433794
13.05,0.000155598137813887
13.12,0.000156202460548339
13.19,0.000156805006507731
13.26,0.000157405783516431
13.33,0.000158004799352932
13.4,0.00015860206175019
13.47,0.000159197578395954
13.54,0.000159791356933098
13.61,0.000160383404959948
13.68,0.000160973730030603
13.75,0.00016156233965526
13.82,0.000162149241300531
13.89,0.000162734442389759
13.96,0.000163317950303329
14.03,0.000163899772378984
14.1,0.000164479915912123
14.17,0.000165058388156117
14.24,0.000165635196322602
14.31,0.000166210347581784
14.38,0.000166783849062734
14.45,0.000167355707853684
14.52,0.000167925931002318
14.59,0.000168494525516061
14.66,0.000169061498362368
14.73,0.000169626856469006
14.8,0.000170190606724338
14.87,0.000170752755977603
14.94,0.000171313311039191
15.01,0.000171872278680921
15.08,0.000172429665636314
15.15,0.000172985478600858
15.22,0.000173539724232282
15.29,0.000174092409150819
15.36,0.000174643539939473
15.43,0.000175193123144273
15.5,0.000175741165274541
15.57,0.000176287672803143
15.64,0.000176832652166744
15.71,0.000177376109766065
15.78,0.000177918051966131
15.85,0.000178458485096518
15.92,0.000178997415451601
15.99,0.000179534849290798
16.06,0.000180070792838814
16.13,0.000180605252285879
16.2,0.000181138233787987
16.27,0.000181669743467133
16.34,0.000182199787411546
16.41,0.000182728371675925
16.48,0.000183255502281663
16.55,0.000183781185217083
16.62,0.00018430542643766
16.69,0.000184828231866248
16.76,0.000185349607393301
16.83,0.000185869558877096
16.9,0.000186388092143954
16.97,0.000186905212988453
17.04,0.000187420927173647
17.11,0.00018793524043128
17.18,0.000188448158461999
17.25,0.000188959686935562
17.32,0.000189469831491048
17.39,0.000189978597737066
17.46,0.000190485991251959
17.53,0.000190992017584008
17.6,0.000191496682251633
17.67,0.000191999990743596
17.74,0.0001925019485192
17.81,0.000193002561008483
17.88,0.000193501833612418
17.95,0.000193999771703104
18.02,0.000194496380623961
18.09,0.00019499166568992
18.16,0.000195485632187611
18.23,0.000195978285375555
18.3,0.000196469630484348
18.37,0.000196959672716846
18.44,0.000197448417248349
18.51,0.000197935869226785
18.58,0.000198422033772887
18.65,0.000198906915980377
18.72,0.000199390520916137
18.79,0.000199872853620395
18.86,0.000200353919106892
18.93,0.000200833722363059
19,0.000201312268350189
19.07,0.000201789562003609
19.14,0.000202265608232848
19.21,0.000202740411921805
19.28,0.000203213977928919
19.35,0.000203686311087331
19.42,0.000204157416205052
19.49,0.000204627298065124
19.56,0.000205095961425779
19.63,0.000205563411020608
19.7,0.00020602965155871
19.77,0.00020649468772486
19.84,0.000206958524179659
19.91,0.00020742116555969
19.98,0.000207882616477678
20.05,0.000208342881522639
20.12,0.000208801965260029
20.19,0.000209259872231905
20.26,0.000209716606957063
20.33,0.000210172173931196
20.4,0.000210626577627036
20.47,0.000211079822494501
20.54,0.000211531912960845
20.61,0.000211982853430796
20.68,0.0002124326482867
20.75,0.000212881301888669
20.82,0.000213328818574713
20.89,0.000213775202660887
20.96,0.000214220458441426
21.03,0.000214664590188883
21.1,0.000215107602154269
21.17,0.000215549498567182
21.24,0.00021599028363595
21.31,0.000216429961547757
21.38,0.000216868536468779
21.45,0.000217306012544317
21.52,0.000217742393898924
21.59,0.000218177684636539
21.66,0.000218611888840611
21.73,0.000219045010574231
21.8,0.000219477053880254
21.87,0.00021990802278143
21.94,0.000220337921280524
22.01,0.000220766753360445
22.08,0.000221194522984364
22.15,0.000221621234095839
22.22,0.000222046890618936
22.29,0.000222471496458348
22.36,0.000222895055499515
22.43,0.000223317571608745
22.5,0.000223739048633326
22.57,0.000224159490401648
22.64,0.000224578900723318
22.71,0.000224997283389271
22.78,0.000225414642171891
22.85,0.000225830980825119
22.92,0.000226246303084565
22.99,0.000226660612667627
23.06,0.000227073913273592
23.13,0.000227486208583754
23.2,0.000227897502261519
23.27,0.000228307797952516
23.34,0.000228717099284702
23.41,0.00022912540986847
23.48,0.000229532733296759
23.55,0.000229939073145153
23.62,0.000230344432971988
23.69,0.000230748816318459
23.76,0.000231152226708719
23.83,0.000231554667649984
23.9,0.000231956142632633
23.97,0.000232356655130309
24.04,0.00023275620860002
24.11,0.000233154806482239
24.18,0.000233552452201001
24.25,0.000233949149164003
24.32,0.000234344900762698
24.39,0.000234739710372398
24.46,0.000235133581352361
24.53,0.000235526517045895
24.6,0.000235918520780448
24.67,0.000236309595867701
24.74,0.000236699745603665
24.81,0.00023708897326877
24.88,0.00023747728212796
24.95,0.000237864675430781
25.02,0.000238251156411476
25.09,0.00023863672828907
25.16,0.000239021394267463
25.23,0.000239405157535517
25.3,0.000239788021267146
25.37,0.000240169988621401
25.44,0.000240551062742557
25.51,0.000240931246760203
25.58,0.000241310543789323
25.65,0.000241688956930385
25.72,0.000242066489269421
25.79,0.000242443143878115
25.86,0.000242818923813886
25.93,0.000243193832119967
26,0.000243567871825491
26.07,0.000243941045945571
26.14,0.000244313357481381
26.21,0.000244684809420238
26.28,0.000245055404735678
26.35,0.000245425146387542
26.42,0.000245794037322046
26.49,0.000246162080471868
26.56,0.000246529278756219
26.63,0.000246895635080925
26.7,0.000247261152338499
26.77,0.000247625833408222
26.84,0.000247989681156217
26.91,0.000248352698435519
26.98,0.000248714888086159
27.05,0.000249076252935231
27.12,0.000249436795796966
27.19,0.000249796519472808
27.26,0.000250155426751487
27.33,0.000250513520409085
27.4,0.000250870803209117
27.47,0.000251227277902592
27.54,0.000251582947228091
27.61,0.000251937813911835
27.68,0.000252291880667753
27.75,0.000252645150197554
27.82,0.000252997625190793
27.89,0.00025334930832494
27.96,0.000253700202265451
28.03,0.000254050309665828
28.1,0.000254399633167695
28.17,0.000254748175400857
28.24,0.000255095938983371
28.31,0.000255442926521608
28.38,0.00025578914061032
28.45,0.000256134583832704
28.52,0.000256479258760467
28.59,0.000256823167953889
28.66,0.000257166313961887
28.73,0.000257508699322078
28.8,0.00025785032656084
28.87,0.000258191198193376
28.94,0.000258531316723776
29.01,0.000258870684645076
29.08,0.000259209304439322
29.15,0.000259547178577627
29.22,0.000259884309520234
29.29,0.000260220699716575
29.36,0.000260556351605329
29.43,0.000260891267614482
29.5,0.000261225450161387
29.57,0.000261558901652819
29.64,0.000261891624485035
29.71,0.000262223621043831
29.78,0.000262554893704599
29.85,0.000262885444832382
29.92,0.000263215276781933
29.99,0.000263544391897771
30.06,0.000263872792514232
30.13,0.000264200480955531
30.2,0.00026452745953581
30.27,0.000264853730559198
30.34,0.000265179296319862
30.41,0.000265504159102062
30.48,0.000265828321180204
30.55,0.000266151784818891
30.62,0.000266474552272983
30.69,0.000266796625787638
30.76,0.000267118007598375
30.83,0.000267438699931119
30.9,0.000267758705002256
30.97,0.000268078025018679
31.04,0.000268396662177847
31.11,0.000268714618667826
31.18,0.000269031896667348
31.25,0.000269348498345853
31.32,0.000269664425863544
31.39,0.000269979681371434
31.46,0.000270294267011393
31.53,0.0002706081849162
31.6,0.00027092143720959
31.67,0.0002712340260063
31.74,0.000271545953412119
31.81,0.000271857221523934
31.88,0.000272167832429778
31.95,0.000272477788208875
32.02,0.000272787090931688
32.09,0.000273095742659965
32.16,0.000273403745446784
32.23,0.000273711101336598
32.3,0.000274017812365281
32.37,0.000274323880560176
32.44,0.000274629307940133
32.51,0.000274934096515558
32.58,0.000275238248288459
32.65,0.000275541765252483
32.72,0.000275844649392966
32.79,0.000276146902686974
32.86,0.000276448527103344
32.93,0.000276749524602731
33,0.000277049897137648
33.07,0.000277349646652505
33.14,0.000277648775083659
33.21,0.000277947284359447
33.28,0.000278245176400235
33.35,0.000278542453118453
33.42,0.000278839116418639
33.49,0.000279135168197481
33.56,0.000279430610343853
33.63,0.00027972544473886
33.7,0.000280019673255874
33.77,0.000280313297760578
33.84,0.000280606320110999
33.91,0.000280898742157555
33.98,0.000281190565743087
34.05,0.000281481792702903
34.12,0.000281772424864813
34.19,0.000282062464049167
34.26,0.000282351912068898
34.33,0.000282640770729554
34.4,0.000282929041829337
34.47,0.000283216727159142
34.54,0.000283503828502594
34.61,0.000283790347636083
34.68,0.000284076286328801
34.75,0.000284361646342781
34.82,0.00028464642943293
34.89,0.000284930637347066
34.96,0.000285214271825954
35.03,0.000285497334603343
35.1,0.000285779827405998
35.17,0.000286061751953738
35.24,0.000286343109959469
35.31,0.000286623903129221
35.38,0.00028690413316218
35.45,0.000287183801750723
35.52,0.000287462910580454
35.59,0.000287741461330234
35.66,0.000288019455672219
35.73,0.00028829689527189
35.8,0.000288573781788089
35.87,0.000288850116873048
35.94,0.000289125902172427
36.01,0.000289401139325344
36.08,0.000289675829964408
36.15,0.000289949975715749
36.22,0.000290223578199053
36.29,0.000290496639027595
36.36,0.000290769159808265
36.43,0.000291041142141607
36.5,0.000291312587621844
36.57,0.000291583497836912
36.64,0.000291853874368491
36.71,0.000292123718792035
36.78,0.000292393032676805
36.85,0.000292661817585895
36.92,0.000292930075076266
36.99,0.000293197806698774
37.06,0.0002934650139982
37.13,0.000293731698513283
37.2,0.000293997861776745
37.27,0.000294263505315321
37.34,0.000294528630649793
37.41,0.000294793239295012
37.48,0.000295057332759932
37.55,0.000295320912547636
37.62,0.000295583980155367
37.69,0.000295846537074554
37.76,0.00029610858479084
37.83,0.000296370124784114
37.9,0.000296631158528533
37.97,0.000296891687492554
38.04,0.000297151713138959
38.11,0.000297411236924885
38.18,0.000297670260301849
38.25,0.000297928784715777
38.32,0.000298186811607027
38.39,0.000298444342410421
38.46,0.000298701378555268
38.53,0.000298957921465392
38.6,0.000299213972559157
38.67,0.000299469533249495
38.74,0.00029972460494393
38.81,0.000299979189044606
38.88,0.000300233286948309
38.95,0.000300486900046498
39.02,0.000300740029725325
39.09,0.000300992677365664
39.16,0.000301244844343135
39.23,0.000301496532028127
39.3,0.000301747741785827
39.37,0.000301998474976241
39.44,0.000302248732954219
39.51,0.00030249851706948
39.58,0.000302747828666639
39.65,0.000302996669085227
39.72,0.000303245039659716
39.79,0.000303492941719544
39.86,0.000303740376589137
39.93,0.000303987345587937
40,0.000304233850030419
