"ResDensity","N_TraitValue"
9.7057,0.000410437023128657
10.0873268,0.00042646194863894
10.4689536,0.000442478356171716
10.8505804,0.00045848625251672
11.2322072,0.000474485644456471
11.613834,0.000490476538766286
11.9954608,0.000506458942214286
12.3770876,0.000522432861561405
12.7587144,0.000538398303561403
13.1403412,0.000554355274960872
13.521968,0.000570303782499247
13.9035948,0.000586243832908817
14.2852216,0.000602175432914731
14.6668484,0.000618098589235012
15.0484752,0.00063401330858056
15.430102,0.000649919597655168
15.8117288,0.000665817463155529
16.1933556,0.000681706911771243
16.5749824,0.00069758795018483
16.9566092,0.000713460585071737
17.338236,0.00072932482310035
17.7198628,0.000745180670931998
18.1014896,0.00076102813522097
18.4831164,0.000776867222614517
18.8647432,0.000792697939752866
19.24637,0.000808520293269227
19.6279968,0.000824334289789804
20.0096236,0.0008401399359338
20.3912504,0.000855937238313436
20.7728772,0.000871726203533946
21.154504,0.0008875068381936
21.5361308,0.000903279148883703
21.9177576,0.000919043142188611
22.2993844,0.000934798824685736
22.6810112,0.000950546202945557
23.062638,0.000966285283531628
23.4442648,0.00098201607300059
23.8258916,0.000997738577902175
24.2075184,0.00101345280477922
24.5891452,0.00102915876016767
24.970772,0.00104485645059661
25.3523988,0.00106054588258821
25.7340256,0.00107622706265784
26.1156524,0.00109189999731397
26.4972792,0.00110756469305826
26.878906,0.0011232211563855
27.2605328,0.00113886939378369
27.6421596,0.00115450941173399
28.0237864,0.00117014121671078
28.4054132,0.00118576481518161
28.78704,0.00120138021360726
29.1686668,0.00121698741844174
29.5502936,0.00123258643613225
29.9319204,0.00124817727311928
30.3135472,0.00126375993583652
30.695174,0.00127933443071094
31.0768008,0.00129490076416278
31.4584276,0.00131045894260553
31.8400544,0.00132600897244597
32.2216812,0.00134155086008419
32.603308,0.00135708461191355
32.9849348,0.00137261023432074
33.3665616,0.00138812773368576
33.7481884,0.00140363711638193
34.1298152,0.00141913838877591
34.511442,0.00143463155722771
34.8930688,0.00145011662809067
35.2746956,0.00146559360771152
35.6563224,0.00148106250243033
36.0379492,0.00149652331858057
36.419576,0.00151197606248909
36.8012028,0.00152742074047613
37.1828296,0.00154285735885533
37.5644564,0.00155828592393377
37.9460832,0.00157370644201191
38.32771,0.00158911891938366
38.7093368,0.00160452336233638
39.0909636,0.00161991977715086
39.4725904,0.00163530817010135
39.8542172,0.00165068854745556
40.235844,0.00166606091547468
40.6174708,0.00168142528041337
40.9990976,0.00169678164851979
41.3807244,0.00171213002603559
41.7623512,0.00172747041919594
42.143978,0.00174280283422949
42.5256048,0.00175812727735846
42.9072316,0.00177344375479856
43.2888584,0.00178875227275908
43.6704852,0.00180405283744281
44.052112,0.00181934545504614
44.4337388,0.001834630131759
44.8153656,0.00184990687376489
45.1969924,0.00186517568724093
45.5786192,0.00188043657835778
45.960246,0.00189568955327972
46.3418728,0.00191093461816465
46.7234996,0.00192617177916406
47.1051264,0.00194140104242309
47.4867532,0.00195662241408047
47.86838,0.00197183590026862
48.2500068,0.00198704150711357
48.6316336,0.00200223924073502
49.0132604,0.00201742910724634
49.3948872,0.00203261111275457
49.776514,0.00204778526336042
50.1581408,0.00206295156515829
50.5397676,0.00207811002423629
50.9213944,0.00209326064667623
51.3030212,0.00210840343855362
51.684648,0.00212353840593772
52.0662748,0.00213866555489149
52.4479016,0.00215378489147164
52.8295284,0.00216889642172862
53.2111552,0.00218400015170666
53.592782,0.00219909608744371
53.9744088,0.00221418423497152
54.3560356,0.00222926460031561
54.7376624,0.00224433718949527
55.1192892,0.00225940200852362
55.500916,0.00227445906340754
55.8825428,0.00228950836014776
56.2641696,0.00230454990473879
56.6457964,0.002319583703169
57.0274232,0.00233460976142056
57.40905,0.00234962808546951
57.7906768,0.00236463868128573
58.1723036,0.00237964155483295
58.5539304,0.00239463671206878
58.9355572,0.00240962415894469
59.317184,0.00242460390140604
59.6988108,0.00243957594539207
60.0804376,0.00245454029683593
60.4620644,0.00246949696166466
60.8436912,0.00248444594579922
61.225318,0.00249938725515449
61.6069448,0.00251432089563928
61.9885716,0.00252924687315634
62.3701984,0.00254416519360236
62.7518252,0.00255907586286796
63.133452,0.00257397888683776
63.5150788,0.00258887427139031
63.8967056,0.00260376202239816
64.2783324,0.00261864214572783
64.6599592,0.00263351464723984
65.041586,0.00264837953278869
65.4232128,0.0026632368082229
65.8048396,0.002678086479385
66.1864664,0.00269292855211154
66.5680932,0.00270776303223311
66.94972,0.00272258992557431
67.3313468,0.0027374092379538
67.7129736,0.0027522209751843
68.0946004,0.00276702514307258
68.4762272,0.00278182174741947
68.857854,0.00279661079401988
69.2394808,0.0028113922886628
69.6211076,0.00282616623713131
70.0027344,0.0028409326452026
70.3843612,0.00285569151864794
70.765988,0.00287044286323273
71.1476148,0.00288518668471648
71.5292416,0.00289992298885283
71.9108684,0.00291465178138956
72.2924952,0.00292937306806859
72.674122,0.00294408685462597
73.0557488,0.00295879314679194
73.4373756,0.00297349195029087
73.8190024,0.00298818327084133
74.2006292,0.00300286711415605
74.582256,0.00301754348594196
74.9638828,0.00303221239190017
75.3455096,0.00304687383772601
75.7271364,0.00306152782910901
76.1087632,0.00307617437173289
76.49039,0.00309081347127563
76.8720168,0.00310544513340944
77.2536436,0.00312006936380073
77.6352704,0.0031346861681102
78.0168972,0.00314929555199277
78.398524,0.00316389752109765
78.7801508,0.00317849208106828
79.1617776,0.0031930792375424
79.5434044,0.00320765899615203
79.9250312,0.00322223136252347
80.306658,0.00323679634227733
80.6882848,0.0032513539410285
81.0699116,0.00326590416438621
81.4515384,0.00328044701795398
81.8331652,0.00329498250732968
82.214792,0.00330951063810549
82.5964188,0.00332403141586794
82.9780456,0.0033385448461979
83.3596724,0.00335305093467061
83.7412992,0.00336754968685566
84.122926,0.00338204110831701
84.5045528,0.00339652520461298
84.8861796,0.00341100198129629
85.2678064,0.00342547144391405
85.6494332,0.00343993359800776
86.03106,0.00345438844911332
86.4126868,0.00346883600276104
86.7943136,0.00348327626447566
87.1759404,0.00349770923977634
87.5575672,0.00351213493417665
87.939194,0.00352655335318464
88.3208208,0.00354096450230277
88.7024476,0.00355536838702796
89.0840744,0.00356976501285161
89.4657012,0.00358415438525955
89.847328,0.00359853650973213
90.2289548,0.00361291139174413
90.6105816,0.00362727903676486
90.9922084,0.0036416394502581
91.3738352,0.00365599263768214
91.755462,0.00367033860448978
92.1370888,0.00368467735612832
92.5187156,0.00369900889803961
92.9003424,0.00371333323566
93.2819692,0.00372765037442039
93.663596,0.00374196031974622
94.0452228,0.00375626307705749
94.4268496,0.00377055865176874
94.8084764,0.00378484704928908
95.1901032,0.0037991282750222
95.57173,0.00381340233436634
95.9533568,0.00382766923271435
96.3349836,0.00384192897545365
96.7166104,0.00385618156796629
97.0982372,0.00387042701562889
97.479864,0.00388466532381269
97.8614908,0.00389889649788355
98.2431176,0.00391312054320196
98.6247444,0.00392733746512303
99.0063712,0.00394154726899651
99.387998,0.00395574996016681
99.7696248,0.00396994554397298
100.1512516,0.0039841340257487
100.5328784,0.00399831541082237
100.9145052,0.00401248970451702
101.296132,0.00402665691215037
101.6777588,0.00404081703903482
102.0593856,0.00405497009047748
102.4410124,0.00406911607178012
102.8226392,0.00408325498823926
103.204266,0.00409738684514609
103.5858928,0.00411151164778654
103.9675196,0.00412562940144127
104.3491464,0.00413974011138565
104.7307732,0.0041538437828898
105.1124,0.00416794042121858
105.4940268,0.00418203003163161
105.8756536,0.00419611261938324
106.2572804,0.00421018818972263
106.6389072,0.00422425674789366
107.020534,0.00423831829913501
107.4021608,0.00425237284868016
107.7837876,0.00426642040175734
108.1654144,0.00428046096358961
108.5470412,0.00429449453939481
108.928668,0.0043085211343856
109.3102948,0.00432254075376947
109.6919216,0.0043365534027487
110.0735484,0.00435055908652041
110.4551752,0.00436455781027657
110.836802,0.00437854957920397
111.2184288,0.00439253439848427
111.6000556,0.00440651227329396
111.9816824,0.0044204832088044
112.3633092,0.00443444721018183
112.744936,0.00444840428258734
113.1265628,0.00446235443117691
113.5081896,0.00447629766110141
113.8898164,0.00449023397750659
114.2714432,0.00450416338553313
114.65307,0.00451808589031656
115.0346968,0.00453200149698737
115.4163236,0.00454591021067095
115.7979504,0.00455981203648761
116.1795772,0.00457370697955259
116.561204,0.00458759504497607
116.9428308,0.00460147623786317
117.3244576,0.00461535056331397
117.7060844,0.00462921802642348
118.0877112,0.0046430786322817
118.469338,0.00465693238597358
118.8509648,0.00467077929257904
119.2325916,0.004684619357173
119.6142184,0.00469845258482534
119.9958452,0.00471227898060095
120.377472,0.00472609854955972
120.7590988,0.00473991129675653
121.1407256,0.00475371722724129
121.5223524,0.0047675163460589
121.9039792,0.00478130865824931
122.285606,0.00479509416884749
122.6672328,0.00480887288288344
123.0488596,0.0048226448053822
123.4304864,0.00483640994136387
123.8121132,0.0048501682958436
124.19374,0.00486391987383158
124.5753668,0.00487766468033309
124.9569936,0.00489140272034848
125.3386204,0.00490513399887317
125.7202472,0.00491885852089765
126.101874,0.00493257629140754
126.4835008,0.00494628731538351
126.8651276,0.00495999159780136
127.2467544,0.004973689143632
127.6283812,0.00498737995784143
128.010008,0.0050010640453908
128.3916348,0.00501474141123637
128.7732616,0.00502841206032953
129.1548884,0.00504207599761682
129.5365152,0.0050557332280399
129.918142,0.00506938375653562
130.2997688,0.00508302758803594
130.6813956,0.00509666472746801
131.0630224,0.00511029517975415
131.4446492,0.00512391894981185
131.826276,0.00513753604255375
132.2079028,0.00515114646288773
132.5895296,0.00516475021571682
132.9711564,0.00517834730593925
133.3527832,0.00519193773844848
133.73441,0.00520552151813316
134.1160368,0.00521909864987714
134.4976636,0.00523266913855953
134.8792904,0.00524623298905463
135.2609172,0.00525979020623199
135.642544,0.0052733407949564
136.0241708,0.00528688476008789
136.4057976,0.00530042210648173
136.7874244,0.00531395283898846
137.1690512,0.00532747696245388
137.550678,0.00534099448171906
137.9323048,0.00535450540162032
138.3139316,0.00536800972698929
138.6955584,0.00538150746265286
139.0771852,0.00539499861343323
139.458812,0.00540848318414789
139.8404388,0.00542196117960962
140.2220656,0.00543543260462652
140.6036924,0.005448897464002
140.9853192,0.00546235576253478
141.366946,0.00547580750501894
141.7485728,0.00548925269624383
142.1301996,0.0055026913409942
142.5118264,0.00551612344405009
142.8934532,0.00552954901018692
143.27508,0.00554296804417545
143.6567068,0.00555638055078181
144.0383336,0.00556978653476747
144.4199604,0.0055831860008893
144.8015872,0.00559657895389951
145.183214,0.00560996539854574
145.5648408,0.00562334533957097
145.9464676,0.0056367187817136
146.3280944,0.00565008572970742
146.7097212,0.00566344618828162
147.091348,0.00567680016216081
147.4729748,0.005690147656065
147.8546016,0.00570348867470963
148.2362284,0.00571682322280556
148.6178552,0.00573015130505909
148.999482,0.00574347292617196
149.3811088,0.00575678809084133
149.7627356,0.00577009680375983
150.1443624,0.00578339906961554
150.5259892,0.00579669489309199
150.907616,0.00580998427886818
151.2892428,0.00582326723161858
151.6708696,0.00583654375601314
152.0524964,0.00584981385671729
152.4341232,0.00586307753839194
152.81575,0.00587633480569348
153.1973768,0.00588958566327384
153.5790036,0.0059028301157804
153.9606304,0.00591606816785609
154.3422572,0.00592929982413933
154.723884,0.00594252508926407
155.1055108,0.00595574396785978
155.4871376,0.00596895646455145
155.8687644,0.00598216258395963
156.2503912,0.0059953623307004
156.632018,0.00600855570938537
157.0136448,0.00602174272462172
157.3952716,0.00603492338101218
157.7768984,0.00604809768315504
158.1585252,0.00606126563564416
158.540152,0.00607442724306899
158.9217788,0.00608758251001452
159.3034056,0.00610073144106136
159.6850324,0.00611387404078568
160.0666592,0.00612701031375927
160.448286,0.00614014026454951
160.8299128,0.00615326389771937
161.2115396,0.00616638121782745
161.5931664,0.00617949222942795
161.9747932,0.00619259693707071
162.35642,0.00620569534530117
162.7380468,0.00621878745866043
163.1196736,0.0062318732816852
163.5013004,0.00624495281890785
163.8829272,0.00625802607485638
164.264554,0.00627109305405446
164.6461808,0.0062841537610214
165.0278076,0.0062972082002722
165.4094344,0.00631025637631749
165.7910612,0.00632329829366359
166.172688,0.00633633395681251
166.5543148,0.00634936337026194
166.9359416,0.00636238653850524
167.3175684,0.00637540346603147
167.6991952,0.0063884141573254
168.080822,0.0064014186168675
168.4624488,0.00641441684913394
168.8440756,0.00642740885859662
169.2257024,0.00644039464972314
169.6073292,0.00645337422697684
169.988956,0.00646634759481679
170.3705828,0.00647931475769777
170.7522096,0.00649227572007033
171.1338364,0.00650523048638075
171.5154632,0.00651817906107107
171.89709,0.00653112144857907
172.2787168,0.00654405765333829
172.6603436,0.00655698767977806
173.0419704,0.00656991153232345
173.4235972,0.00658282921539532
173.805224,0.00659574073341031
174.1868508,0.00660864609078085
174.5684776,0.00662154529191514
174.9501044,0.0066344383412172
175.3317312,0.00664732524308684
175.713358,0.00666020600191967
176.0949848,0.00667308062210711
176.4766116,0.00668594910803641
176.8582384,0.00669881146409062
177.2398652,0.00671166769464864
177.621492,0.00672451780408518
178.0031188,0.00673736179677079
178.3847456,0.00675019967707186
178.7663724,0.00676303144935062
179.1479992,0.00677585711796518
179.529626,0.00678867668726945
179.9112528,0.00680149016161326
180.2928796,0.00681429754534226
180.6745064,0.006827098842798
181.0561332,0.00683989405831787
181.43776,0.00685268319623518
181.8193868,0.00686546626087909
182.2010136,0.00687824325657467
182.5826404,0.00689101418764288
182.9642672,0.00690377905840058
183.345894,0.00691653787316053
183.7275208,0.00692929063623139
184.1091476,0.00694203735191775
184.4907744,0.00695477802452012
184.8724012,0.00696751265833492
185.254028,0.0069802412576545
185.6356548,0.00699296382676715
186.0172816,0.00700568036995709
186.3989084,0.00701839089150449
186.7805352,0.00703109539568547
187.162162,0.00704379388677209
187.5437888,0.00705648636903238
187.9254156,0.00706917284673031
188.3070424,0.00708185332412585
188.6886692,0.00709452780547491
189.070296,0.00710719629502941
189.4519228,0.0071198587970372
189.8335496,0.00713251531574216
190.2151764,0.00714516585538416
190.5968032,0.00715781042019903
190.97843,0.00717044901441863
191.3600568,0.00718308164227081
191.7416836,0.00719570830797944
192.1233104,0.0072083290157644
192.5049372,0.00722094376984158
192.886564,0.00723355257442291
193.2681908,0.00724615543371633
193.6498176,0.00725875235192582
194.0314444,0.00727134333325141
194.4130712,0.00728392838188914
194.794698,0.00729650750203114
195.1763248,0.00730908069786556
195.5579516,0.00732164797357661
195.9395784,0.00733420933334456
196.3212052,0.00734676478134577
196.702832,0.00735931432175263
197.0844588,0.00737185795873363
197.4660856,0.00738439569645335
197.8477124,0.00739692753907242
198.2293392,0.00740945349074757
198.610966,0.00742197355563165
198.9925928,0.00743448773787357
199.3742196,0.00744699604161837
199.7558464,0.00745949847100718
200.1374732,0.00747199503017724
200.5191,0.00748448572326192
