"ResDensity","N_TraitValue"
18,0.311401912170636
19.404,0.327627743034744
20.808,0.343092349377025
22.212,0.357848071975838
23.616,0.371942560615952
25.02,0.385419288103928
26.424,0.398317998145078
27.828,0.410675096801931
29.232,0.422523995655163
30.636,0.433895413478949
32.04,0.44481764216634
33.444,0.455316781751567
34.848,0.465416948639446
36.252,0.475140460538936
37.656,0.484508001085806
39.06,0.493538766710129
40.464,0.502250597943266
41.868,0.510660097054366
43.272,0.518782733648516
44.676,0.526632939639704
46.08,0.534224194825312
47.484,0.541569104129594
48.888,0.548679467447293
50.292,0.555566342901412
51.696,0.562240104228476
53.1,0.568710492917596
54.504,0.574986665654506
55.908,0.581077237556506
57.312,0.586990321627626
58.716,0.592733564813997
60.12,0.59831418099635
61.524,0.60373898121899
62.928,0.609014401421556
64.332,0.614146527910992
65.736,0.619141120785683
67.14,0.62400363550129
68.544,0.628739242748035
69.948,0.633352846791694
71.352,0.637849102415061
72.756,0.642232430582921
74.16,0.646507032941329
75.564,0.650676905251184
76.968,0.654745849846349
78.372,0.658717487197985
79.776,0.662595266659022
81.18,0.666382476455772
82.584,0.670082252987544
83.988,0.673697589489511
85.392,0.677231344109141
86.796,0.680686247441972
88.2,0.68406490956851
89.604,0.68736982663034
91.008,0.690603386980287
92.412,0.693767876938466
93.816,0.696865486183369
95.22,0.699898312804714
96.624,0.70286836804255
98.028,0.705777580735116
99.432,0.708627801496124
100.836,0.711420806640476
102.24,0.714158301875915
103.644,0.716841925776735
105.048,0.7194732530544
106.452,0.722053797638817
107.856,0.724585015582902
109.26,0.727068307802169
110.664,0.729505022660162
112.068,0.731896458409761
113.472,0.734243865499651
114.876,0.736548448754549
116.28,0.738811369437202
117.684,0.741033747199545
119.088,0.74321666192992
120.492,0.745361155502763
121.896,0.747468233436702
123.3,0.74953886646662
124.704,0.751573992034846
126.108,0.753574515706284
127.512,0.755541312511964
128.916,0.757475228225217
130.32,0.75937708057437
131.724,0.761247660395615
133.128,0.763087732729481
134.532,0.764898037864087
135.936,0.766679292328166
137.34,0.768432189836672
138.744,0.770157402191581
140.148,0.771855580140336
141.552,0.77352735419426
142.956,0.775173335409083
144.36,0.776794116129624
145.764,0.778390270700518
147.168,0.779962356144806
148.572,0.781510912812043
149.976,0.78303646499753
151.38,0.784539521534148
152.784,0.786020576358209
154.188,0.78748010905063
155.592,0.78891858535469
156.996,0.79033645767154
158.4,0.791734165534567
159.804,0.793112136063669
161.208,0.794470784400412
162.612,0.795810514125015
164.016,0.797131717656037
165.42,0.79843477663359
166.824,0.79972006228688
168.228,0.800987935786803
169.632,0.802238748584312
171.036,0.803472842735217
172.44,0.804690551212037
173.844,0.80589219820353
175.248,0.807078099402429
176.652,0.808248562281957
178.056,0.8094038863616
179.46,0.810544363462643
180.864,0.811670277953912
182.268,0.812781906988162
183.672,0.813879520729527
185.076,0.814963382572421
186.48,0.816033749352258
187.884,0.817090871548355
189.288,0.818134993479345
190.692,0.819166353491425
192.096,0.820185184139751
193.5,0.821191712363249
194.904,0.822186159653141
196.308,0.823168742215435
197.712,0.824139671127638
199.116,0.825099152489916
200.52,0.826047387570951
201.924,0.826984572948693
203.328,0.827910900646213
204.732,0.82882655826288
206.136,0.829731729101008
207.54,0.830626592288198
208.944,0.831511322895507
210.348,0.832386092051637
211.752,0.83325106705328
213.156,0.834106411471787
214.56,0.834952285256285
215.964,0.835788844833388
217.368,0.836616243203643
218.772,0.837434630034808
220.176,0.838244151752113
221.58,0.839044951625598
222.984,0.839837169854641
224.388,0.840620943649783
225.792,0.841396407311961
227.196,0.842163692309216
228.6,0.842922927351001
230.004,0.843674238460157
231.408,0.844417749042649
232.812,0.845153579955138
234.216,0.84588184957047
235.62,0.846602673841162
237.024,0.847316166360947
238.428,0.848022438424445
239.832,0.848721599085044
241.236,0.84941375521103
242.64,0.850099011540045
244.044,0.85077747073192
245.448,0.851449233419948
246.852,0.852114398260643
248.256,0.852773061982041
249.66,0.853425319430593
251.064,0.854071263616693
252.468,0.854710985758896
253.872,0.855344575326855
255.276,0.855972120083041
256.68,0.856593706123264
258.084,0.857209417916053
259.488,0.857819338340919
260.892,0.858423548725545
262.296,0.859022128881941
263.7,0.859615157141586
265.104,0.8602027103896
266.508,0.860784864097973
267.912,0.861361692357885
269.316,0.861933267911141
270.72,0.862499662180746
272.124,0.863060945300664
273.528,0.863617186144762
274.932,0.864168452354989
276.336,0.864714810368792
277.74,0.865256325445813
279.144,0.865793061693867
280.548,0.866325082094253
281.952,0.866852448526377
283.356,0.867375221791756
284.76,0.867893461637381
286.164,0.868407226778479
287.568,0.868916574920693
288.972,0.869421562781685
290.376,0.869922246112192
291.78,0.870418679716541
293.184,0.870910917472652
294.588,0.871399012351523
295.992,0.871883016436241
297.396,0.872362980940501
298.8,0.872838956226676
300.204,0.87331099182343
301.608,0.873779136442901
303.012,0.874243437997458
304.416,0.874703943616046
305.82,0.875160699660134
307.224,0.875613751739275
308.628,0.876063144726286
310.032,0.876508922772067
311.436,0.876951129320058
312.84,0.877389807120354
314.244,0.877824998243482
315.648,0.878256744093849
317.052,0.878685085422877
318.456,0.879110062341822
319.86,0.879531714334297
321.264,0.8799500802685
322.668,0.880365198409158
324.072,0.880777106429194
325.476,0.881185841421123
326.88,0.881591439908187
328.284,0.881993937855235
329.688,0.882393370679353
331.092,0.882789773260253
332.496,0.883183179950427
333.9,0.88357362458507
335.304,0.88396114049178
336.708,0.884345760500044
338.112,0.884727516950506
339.516,0.885106441704033
340.92,0.885482566150581
342.324,0.885855921217861
343.728,0.886226537379817
345.132,0.886594444664917
346.536,0.886959672664265
347.94,0.887322250539536
349.344,0.887682207030732
350.748,0.888039570463782
352.152,0.888394368757971
353.556,0.888746629433211
354.96,0.889096379617153
356.364,0.889443646052159
357.768,0.889788455102109
359.172,0.89013083275908
360.576,0.890470804649873
361.98,0.890808396042412
363.384,0.891143631851999
364.788,0.891476536647446
366.192,0.891807134657078
367.596,0.892135449774611
369,0.892461505564905
370.404,0.892785325269609
371.808,0.893106931812678
373.212,0.893426347805782
374.616,0.893743595553612
376.02,0.894058697059065
377.424,0.894371674028336
378.828,0.894682547875898
380.232,0.894991339729391
381.636,0.895298070434404
383.04,0.89560276055917
384.444,0.895905430399159
385.848,0.896206099981591
387.252,0.896504789069847
388.656,0.896801517167801
390.06,0.89709630352407
391.464,0.897389167136169
392.868,0.8976801267546
394.272,0.897969200886845
395.676,0.8982564078013
397.08,0.898541765531114
398.484,0.898825291877971
399.888,0.899107004415788
401.292,0.899386920494347
402.696,0.899665057242856
404.1,0.899941431573445
405.504,0.900216060184593
406.908,0.900488959564489
408.312,0.900760145994338
409.716,0.901029635551591
411.12,0.901297444113129
412.524,0.901563587358376
413.928,0.901828080772364
415.332,0.902090939648732
416.736,0.902352179092676
418.14,0.902611814023841
419.544,0.902869859179165
420.948,0.903126329115662
422.352,0.903381238213164
423.756,0.903634600677006
425.16,0.903886430540667
426.564,0.904136741668356
427.968,0.904385547757566
429.372,0.904632862341561
430.776,0.90487869879184
432.18,0.905123070320539
433.584,0.905365989982803
434.988,0.90560747067911
436.392,0.905847525157553
437.796,0.906086166016084
439.2,0.906323405704719
440.604,0.906559256527703
442.008,0.906793730645637
443.412,0.907026840077564
444.816,0.907258596703032
446.22,0.907489012264103
447.624,0.90771809836734
449.028,0.907945866485757
450.432,0.908172327960731
451.836,0.908397494003888
453.24,0.908621375698952
454.644,0.908843984003561
456.048,0.90906532975106
457.452,0.909285423652253
458.856,0.909504276297135
460.26,0.909721898156588
461.664,0.909938299584052
463.068,0.910153490817167
464.472,0.910367481979387
465.876,0.910580283081567
467.28,0.910791904023526
468.684,0.911002354595581
470.088,0.911211644480055
471.492,0.911419783252766
472.896,0.911626780384485
474.3,0.911832645242372
475.704,0.91203738709139
477.108,0.912241015095695
478.512,0.912443538320003
479.916,0.912644965730936
481.32,0.912845306198343
482.724,0.913044568496605
484.128,0.913242761305913
485.532,0.913439893213532
486.936,0.913635972715037
488.34,0.913831008215538
489.744,0.914025008030877
491.148,0.914217980388812
492.552,0.914409933430181
493.956,0.914600875210043
495.36,0.914790813698811
496.764,0.914979756783355
498.168,0.915167712268097
499.572,0.915354687876083
500.976,0.915540691250047
502.38,0.915725729953442
503.784,0.915909811471475
505.188,0.916092943212112
506.592,0.916275132507072
507.996,0.916456386612804
509.4,0.916636712711454
510.804,0.916816117911812
512.208,0.916994609250243
513.612,0.917172193691614
515.016,0.917348878130192
516.42,0.917524669390542
517.824,0.917699574228403
519.228,0.917873599331555
520.632,0.918046751320669
522.036,0.918219036750149
523.44,0.918390462108959
524.844,0.918561033821434
526.248,0.918730758248089
527.652,0.918899641686403
529.056,0.919067690371604
530.46,0.919234910477431
531.864,0.919401308116892
533.268,0.919566889343011
534.672,0.919731660149559
536.076,0.919895626471779
537.48,0.920058794187099
538.884,0.920221169115831
540.288,0.920382757021868
541.692,0.920543563613363
543.096,0.9207035945434
544.5,0.92086285541066
545.904,0.921021351760071
547.308,0.921179089083453
548.712,0.921336072820153
550.116,0.921492308357667
551.52,0.92164780103226
552.924,0.92180255612957
554.328,0.921956578885213
555.732,0.922109874485364
557.136,0.92226244806735
558.54,0.922414304720214
559.944,0.922565449485287
561.348,0.922715887356744
562.752,0.922865623282155
564.156,0.923014662163025
565.56,0.923163008855331
566.964,0.923310668170048
568.368,0.923457644873673
569.772,0.923603943688731
571.176,0.923749569294286
572.58,0.923894526326439
573.984,0.92403881937882
575.388,0.92418245300307
576.792,0.924325431709324
578.196,0.924467759966682
579.6,0.924609442203673
581.004,0.924750482808716
582.408,0.924890886130572
583.812,0.92503065647879
585.216,0.925169798124152
586.62,0.925308315299104
588.024,0.925446212198185
589.428,0.925583492978455
590.832,0.925720161759907
592.236,0.925856222625883
593.64,0.925991679623479
595.044,0.926126536763946
596.448,0.926260798023089
597.852,0.926394467341653
599.256,0.926527548625712
600.66,0.926660045747049
602.064,0.926791962543529
603.468,0.926923302819473
604.872,0.927054070346021
606.276,0.927184268861498
607.68,0.92731390207176
609.084,0.927442973650557
610.488,0.927571487239873
611.892,0.927699446450271
613.296,0.927826854861232
614.7,0.927953716021484
616.104,0.928080033449338
617.508,0.92820581063301
618.912,0.928331051030941
620.316,0.928455758072116
621.72,0.928579935156377
623.124,0.92870358565473
624.528,0.928826712909652
625.932,0.928949320235391
627.336,0.929071410918265
628.74,0.929192988216953
630.144,0.929314055362787
631.548,0.929434615560037
632.952,0.929554671986196
634.356,0.929674227792256
635.76,0.929793286102986
637.164,0.929911850017203
638.568,0.930029922608042
639.972,0.930147506923218
641.376,0.930264605985296
642.78,0.930381222791942
644.184,0.93049736031618
645.588,0.930613021506651
646.992,0.930728209287854
648.396,0.9308429265604
649.8,0.930957176201248
651.204,0.931070961063953
652.608,0.9311842839789
654.012,0.931297147753535
655.416,0.931409555172605
656.82,0.93152150899838
658.224,0.931633011970883
659.628,0.931744066808113
661.032,0.931854676206263
662.436,0.931964842839943
663.84,0.932074569362392
665.244,0.932183858405693
666.648,0.93229271258098
668.052,0.932401134478652
669.456,0.932509126668573
670.86,0.932616691700276
672.264,0.932723832103168
673.668,0.932830550386721
675.072,0.932936849040675
676.476,0.933042730535228
677.88,0.933148197321225
679.284,0.933253251830353
680.688,0.933357896475325
682.092,0.933462133650062
683.496,0.933565965729881
684.9,0.93366939507167
686.304,0.93377242401407
687.708,0.933875054877651
689.112,0.933977289965083
690.516,0.934079131561313
691.92,0.93418058193373
693.324,0.93428164333234
694.728,0.934382317989926
696.132,0.934482608122214
697.536,0.934582515928037
698.94,0.934682043589497
700.344,0.93478119327212
701.748,0.934879967125015
703.152,0.93497836728103
704.556,0.935076395856905
705.96,0.935174054953423
707.364,0.935271346655561
708.768,0.935368273032638
710.172,0.935464836138461
711.576,0.935561038011472
712.98,0.93565688067489
714.384,0.935752366136852
715.788,0.935847496390556
717.192,0.935942273414398
718.596,0.936036699172108
720,0.936130775612886
