"ResDensity","N_TraitValue"
0.2521,0.161941878581943
0.2635938,0.168098408226878
0.2750876,0.174166371412646
0.2865814,0.180147665636683
0.2980752,0.186044134576716
0.309569,0.191857569985472
0.3210628,0.197589713505909
0.3325566,0.203242258410814
0.3440504,0.208816851270446
0.3555442,0.214315093551646
0.367038,0.219738543151695
0.3785318,0.225088715869999
0.3900256,0.23036708682052
0.4015194,0.235575091787717
0.4130132,0.240714128528628
0.424507,0.245785558023553
0.4360008,0.250790705677699
0.4474946,0.255730862476026
0.4589884,0.260607286093384
0.4704822,0.265421201961968
0.481976,0.270173804297982
0.4934698,0.274866257089324
0.5049636,0.279499695046002
0.5164574,0.284075224514923
0.5279512,0.288593924360587
0.539445,0.293056846813173
0.5509388,0.297465018285414
0.5624326,0.301819440159586
0.5739264,0.306121089545887
0.5854202,0.310370920013407
0.596914,0.314569862294843
0.6084078,0.318718824966047
0.6199016,0.32281869510145
0.6313954,0.326870338906365
0.6428892,0.330874602327094
0.654383,0.334832311639768
0.6658768,0.338744274018763
0.6773706,0.342611278085515
0.6888644,0.346434094438528
0.7003582,0.350213476165311
0.711852,0.353950159336967
0.7233458,0.357644863486109
0.7348396,0.361298292068765
0.7463334,0.364911132910881
0.7578272,0.368484058640033
0.769321,0.3720177271029
0.7808148,0.375512781769058
0.7923086,0.378969852121607
0.8038024,0.382389554035131
0.8152962,0.385772490141463
0.82679,0.389119250183723
0.8382838,0.392430411359056
0.8497776,0.395706538650485
0.8612714,0.398948185148297
0.8727652,0.402155892361324
0.884259,0.405330190518506
0.8957528,0.408471598861072
0.9072466,0.411580625925694
0.9187404,0.414657769818925
0.9302342,0.417703518483235
0.941728,0.420718349954953
0.9532218,0.423702732614387
0.9647156,0.426657125428403
0.9762094,0.429581978185735
0.9877032,0.432477731725263
0.999197,0.435344818157517
1.0106908,0.438183661079634
1.0221846,0.440994675783991
1.0336784,0.443778269460734
1.0451722,0.446534841394414
1.056666,0.44926478315491
1.0681598,0.451968478782865
1.0796536,0.454646304969779
1.0911474,0.457298631232975
1.1026412,0.459925820085576
1.114135,0.462528227201682
1.1256288,0.465106201576887
1.1371226,0.467660085684303
1.1486164,0.470190215626227
1.1601102,0.472696921281592
1.171604,0.47518052644935
1.1830978,0.477641348987901
1.1945916,0.480079700950707
1.2060854,0.482495888718206
1.2175792,0.484890213126149
1.229073,0.48726296959046
1.2405668,0.489614448228746
1.2520606,0.49194493397855
1.2635544,0.494254706712447
1.2750482,0.49654404135009
1.286542,0.498813207967294
1.2980358,0.501062471902243
1.3095296,0.503292093858926
1.3210234,0.505502330007866
1.3325172,0.507693432084235
1.344011,0.509865647483434
1.3555048,0.512019219354212
1.3669986,0.514154386689391
1.3784924,0.516271384414288
1.3899862,0.518370443472875
1.40148,0.520451790911766
1.4129738,0.522515649962086
1.4244676,0.524562240119286
1.4359614,0.526591777220956
1.4474552,0.528604473522711
1.458949,0.530600537772187
1.4704428,0.532580175281217
1.4819366,0.534543587996228
1.4934304,0.536490974566913
1.5049242,0.538422530413236
1.516418,0.540338447790797
1.5279118,0.542238915854632
1.5394056,0.544124120721456
1.5508994,0.545994245530434
1.5623932,0.54784947050248
1.573887,0.549689972998157
1.5853808,0.5515159275742
1.5968746,0.5533275060387
1.6083684,0.555124877504999
1.6198622,0.556908208444312
1.631356,0.558677662737127
1.6428498,0.560433401723407
1.6543436,0.562175584251631
1.6658374,0.563904366726701
1.6773312,0.56561990315675
1.688825,0.567322345198876
1.7003188,0.569011842203837
1.7118126,0.570688541259723
1.7233064,0.572352587234648
1.7348002,0.574004122818472
1.746294,0.575643288563588
1.7577878,0.5772702229248
1.7692816,0.578885062298303
1.7807754,0.580487941059803
1.7922692,0.582078991601794
1.803763,0.583658344370009
1.8152568,0.585226127899073
1.8267506,0.586782468847369
1.8382444,0.588327492031155
1.8497382,0.589861320457929
1.861232,0.591384075359074
1.8727258,0.592895876221803
1.8842196,0.59439684082041
1.8957134,0.595887085246857
1.9072072,0.597366723940706
1.918701,0.598835869718413
1.9301948,0.600294633802004
1.9416886,0.601743125847141
1.9531824,0.603181453970601
1.9646762,0.604609724777177
1.97617,0.606028043386015
1.9876638,0.60743651345641
1.9991576,0.608835237213051
2.0106514,0.610224315470762
2.0221452,0.61160384765872
2.033639,0.612973931844183
2.0451328,0.614334664755722
2.0566266,0.615686141805994
2.0681204,0.61702845711404
2.0796142,0.618361703527132
2.091108,0.619685972642187
2.1026018,0.621001354826739
2.1140956,0.6223079392395
2.1255894,0.623605813850501
2.1370832,0.624895065460838
2.148577,0.626175779722025
2.1600708,0.627448041154959
2.1715646,0.628711933168518
2.1830584,0.629967538077784
2.1945522,0.63121493712192
2.206046,0.632454210481687
2.2175398,0.633685437296626
2.2290336,0.634908695681904
2.2405274,0.636124062744839
2.2520212,0.637331614601096
2.263515,0.638531426390579
2.2750088,0.63972357229302
2.2865026,0.640908125543265
2.2979964,0.642085158446271
2.3094902,0.643254742391817
2.320984,0.644416947868941
2.3324778,0.645571844480099
2.3439716,0.646719500955058
2.3554654,0.647859985164538
2.3669592,0.648993364133583
2.378453,0.650119704054698
2.3899468,0.651239070300731
2.4014406,0.652351527437526
2.4129344,0.65345713923633
2.4244282,0.654555968685989
2.435922,0.655648078004901
2.4474158,0.656733528652765
2.4589096,0.65781238134211
2.4704034,0.658884696049613
2.4818972,0.659950532027214
2.493391,0.661009947813032
2.5048848,0.662063001242081
2.5163786,0.663109749456793
2.5278724,0.664150248917356
2.5393662,0.665184555411866
2.55086,0.666212724066297
2.5623538,0.667234809354295
2.5738476,0.6682508651068
2.5853414,0.669260944521493
2.5968352,0.670265100172085
2.608329,0.671263384017438
2.6198228,0.672255847410524
2.6313166,0.673242541107234
2.6428104,0.674223515275029
2.6543042,0.675198819501444
2.665798,0.676168502802443
2.6772918,0.677132613630628
2.6887856,0.678091199883317
2.7002794,0.679044308910466
2.7117732,0.679991987522474
2.723267,0.680934281997841
2.7347608,0.681871238090706
2.7462546,0.682802901038249
2.7577484,0.683729315567973
2.7692422,0.684650525904861
2.780736,0.685566575778416
2.7922298,0.686477508429578
2.8037236,0.687383366617529
2.8152174,0.688284192626384
2.8267112,0.689180028271769
2.838205,0.690070914907294
2.8496988,0.690956893430913
2.8611926,0.691838004291186
2.8726864,0.692714287493431
2.8841802,0.693585782605783
2.895674,0.694452528765145
2.9071678,0.69531456468305
2.9186616,0.696171928651425
2.9301554,0.697024658548258
2.9416492,0.697872791843179
2.953143,0.698716365602946
2.9646368,0.699555416496846
2.9761306,0.70038998080201
2.9876244,0.70122009440864
2.9991182,0.702045792825152
3.010612,0.702867111183243
3.0221058,0.70368408424287
3.0335996,0.704496746397158
3.0450934,0.705305131677222
3.0565872,0.706109273756921
3.068081,0.706909205957531
3.0795748,0.70770496125235
3.0910686,0.708496572271227
3.1025624,0.709284071305024
3.1140562,0.710067490310002
3.12555,0.710846860912151
3.1370438,0.71162221441144
3.1485376,0.712393581786009
3.1600314,0.713160993696296
3.1715252,0.713924480489096
3.183019,0.714684072201566
3.1945128,0.715439798565161
3.2060066,0.716191689009512
3.2175004,0.716939772666251
3.2289942,0.71768407837277
3.240488,0.718424634675925
3.2519818,0.719161469835689
3.2634756,0.719894611828748
3.2749694,0.720624088352035
3.2864632,0.721349926826226
3.297957,0.72207215439917
3.3094508,0.722790797949279
3.3209446,0.723505884088855
3.3324384,0.724217439167383
3.3439322,0.724925489274763
3.355426,0.725630060244499
3.3669198,0.726331177656841
3.3784136,0.727028866841885
3.3899074,0.727723152882615
3.4014012,0.728414060617917
3.412895,0.729101614645539
3.4243888,0.729785839325006
3.4358826,0.730466758780502
3.4473764,0.731144396903704
3.4588702,0.731818777356574
3.470364,0.732489923574118
3.4818578,0.733157858767095
3.4933516,0.733822605924695
3.5048454,0.73448418781718
3.5163392,0.735142626998477
3.527833,0.73579794580875
3.5393268,0.736450166376916
3.5508206,0.737099310623146
3.5623144,0.737745400261314
3.5738082,0.738388456801421
3.585302,0.73902850155198
3.5967958,0.739665555622375
3.6082896,0.740299639925174
3.6197834,0.740930775178423
3.6312772,0.741558981907901
3.642771,0.742184280449345
3.6542648,0.742806690950644
3.6657586,0.743426233374003
3.6772524,0.744042927498079
3.6887462,0.744656792920082
3.70024,0.745267849057857
3.7117338,0.745876115151923
3.7232276,0.7464816102675
3.7347214,0.747084353296499
3.7462152,0.747684362959484
3.757709,0.748281657807612
3.7692028,0.748876256224548
3.7806966,0.749468176428344
3.7921904,0.750057436473308
3.8036842,0.750644054251832
3.815178,0.751228047496208
3.8266718,0.751809433780415
3.8381656,0.752388230521877
3.8496594,0.752964454983206
3.8611532,0.75353812427392
3.872647,0.754109255352132
3.8841408,0.754677865026223
3.8956346,0.755243969956494
3.9071284,0.755807586656786
3.9186222,0.756368731496092
3.930116,0.756927420700142
3.9416098,0.757483670352961
3.9531036,0.758037496398418
3.9645974,0.758588914641747
3.9760912,0.759137940751052
3.987585,0.759684590258791
3.9990788,0.760228878563236
4.0105726,0.760770820929926
4.0220664,0.761310432493091
4.0335602,0.761847728257059
4.045054,0.76238272309765
4.0565478,0.762915431763547
4.0680416,0.76344586887765
4.0795354,0.76397404893842
4.0910292,0.76449998632119
4.102523,0.765023695279479
4.1140168,0.765545189946275
4.1255106,0.766064484335305
4.1370044,0.766581592342294
4.1484982,0.767096527746201
4.159992,0.767609304210447
4.1714858,0.768119935284119
4.1829796,0.768628434403166
4.1944734,0.769134814891576
4.2059672,0.769639089962542
4.217461,0.77014127271961
4.2289548,0.770641376157812
4.2404486,0.771139413164791
4.2519424,0.771635396521906
4.2634362,0.772129338905322
4.27493,0.772621252887097
4.2864238,0.773111150936243
4.2979176,0.773599045419783
4.3094114,0.774084948603788
4.3209052,0.774568872654409
4.332399,0.775050829638888
4.3438928,0.775530831526567
4.3553866,0.776008890189873
4.3668804,0.776485017405299
4.3783742,0.776959224854372
4.389868,0.777431524124609
4.4013618,0.777901926710458
4.4128556,0.778370444014231
4.4243494,0.778837087347029
4.4358432,0.779301867929647
4.447337,0.779764796893478
4.4588308,0.780225885281397
4.4703246,0.780685144048645
4.4818184,0.78114258406369
4.4933122,0.78159821610909
4.504806,0.782052050882338
4.5162998,0.782504098996697
4.5277936,0.782954370982031
4.5392874,0.783402877285621
4.5507812,0.783849628272973
4.562275,0.784294634228617
4.5737688,0.784737905356895
4.5852626,0.785179451782743
4.5967564,0.785619283552458
4.6082502,0.786057410634466
4.619744,0.786493842920071
4.6312378,0.786928590224198
4.6427316,0.787361662286133
4.6542254,0.787793068770249
4.6657192,0.788222819266721
4.677213,0.788650923292242
4.6887068,0.789077390290723
4.7002006,0.789502229633987
4.7116944,0.789925450622457
4.7231882,0.790347062485833
4.734682,0.790767074383765
4.7461758,0.791185495406515
4.7576696,0.791602334575611
4.7691634,0.792017600844499
4.7806572,0.792431303099183
4.792151,0.792843450158857
4.8036448,0.793254050776534
4.8151386,0.793663113639663
4.8266324,0.794070647370744
4.8381262,0.794476660527935
4.84962,0.794881161605646
4.8611138,0.795284159035138
4.8726076,0.795685661185101
4.8841014,0.796085676362243
4.8955952,0.796484212811852
4.907089,0.796881278718374
4.9185828,0.797276882205962
4.9300766,0.797671031339038
4.9415704,0.79806373412284
4.9530642,0.798454998503958
4.964558,0.798844832370879
4.9760518,0.799233243554509
4.9875456,0.799620239828703
4.9990394,0.800005828910782
5.0105332,0.800390018462043
5.022027,0.800772816088272
5.0335208,0.801154229340241
5.0450146,0.801534265714207
5.0565084,0.801912932652401
5.0680022,0.802290237543519
5.079496,0.802666187723194
5.0909898,0.80304079047448
5.1024836,0.803414053028318
5.1139774,0.803785982563999
5.1254712,0.804156586209632
5.136965,0.804525871042589
5.1484588,0.804893844089966
5.1599526,0.805260512329021
5.1714464,0.805625882687618
5.1829402,0.805989962044664
5.194434,0.806352757230539
5.2059278,0.806714275027524
5.2174216,0.807074522170224
5.2289154,0.807433505345986
5.2404092,0.807791231195311
5.251903,0.808147706312268
5.2633968,0.808502937244893
5.2748906,0.808856930495596
5.2863844,0.809209692521553
5.2978782,0.8095612297351
5.309372,0.809911548504124
5.3208658,0.810260655152445
5.3323596,0.810608555960197
5.3438534,0.810955257164204
5.3553472,0.811300764958354
5.366841,0.811645085493967
5.3783348,0.81198822488016
5.3898286,0.812330189184211
5.4013224,0.812670984431911
5.4128162,0.813010616607922
5.42431,0.813349091656127
5.4358038,0.813686415479977
5.4472976,0.814022593942832
5.4587914,0.814357632868303
5.4702852,0.814691538040588
5.481779,0.815024315204801
5.4932728,0.81535597006731
5.5047666,0.815686508296053
5.5162604,0.81601593552087
5.5277542,0.816344257333817
5.539248,0.816671479289481
5.5507418,0.816997606905302
5.5622356,0.817322645661872
5.5737294,0.81764660100325
5.5852232,0.817969478337263
5.596717,0.818291283035807
5.6082108,0.818612020435144
5.6197046,0.8189316958362
5.6311984,0.819250314504853
5.6426922,0.819567881672226
5.654186,0.81988440253497
5.6656798,0.820199882255551
5.6771736,0.820514325962527
5.6886674,0.820827738750827
5.7001612,0.821140125682029
5.711655,0.821451491784627
5.7231488,0.821761842054308
5.7346426,0.822071181454213
5.7461364,0.822379514915202
5.7576302,0.822686847336122
5.769124,0.822993183584058
5.7806178,0.823298528494597
5.7921116,0.823602886872079
5.8036054,0.823906263489849
5.8150992,0.824208663090507
5.826593,0.824510090386156
5.8380868,0.824810550058646
5.8495806,0.825110046759815
5.8610744,0.825408585111732
5.8725682,0.825706169706932
5.884062,0.826002805108655
5.8955558,0.826298495851075
5.9070496,0.826593246439533
5.9185434,0.826887061350767
5.9300372,0.827179945033136
5.941531,0.827471901906847
5.9530248,0.827762936364177
5.9645186,0.828053052769691
5.9760124,0.828342255460464
5.9875062,0.828630548746292
5.999,0.828917936909911
