"ResDensity","N_TraitValue"
10,0.000676270574654171
10.3,0.000692600473183768
10.6,0.000708745829958799
10.9,0.000724709755621197
11.2,0.000740495291292726
11.5,0.000756105410506339
11.8,0.000771543021073499
12.1,0.000786810966889933
12.4,0.00080191202968218
12.7,0.000816848930697169
13,0.000831624332337004
13.3,0.000846240839740999
13.6,0.000860701002316954
13.9,0.000875007315223547
14.2,0.000889162220805668
14.5,0.000903168109984415
14.8,0.000917027323603425
15.1,0.000930742153733126
15.4,0.000944314844934431
15.7,0.000957747595483358
16,0.000971042558557952
16.3,0.000984201843388877
16.6,0.000997227516374952
16.9,0.00101012160216489
17.2,0.00102288608470642
17.5,0.00103552290826389
17.8,0.00104803397840558
18.1,0.00106042116296158
18.4,0.00107268629295343
18.7,0.00108483116349638
19,0.00109685753467527
19.3,0.00110876713239482
19.6,0.00112056164920538
19.9,0.00113224274510479
20.2,0.00114381204831722
20.5,0.00115527115604975
20.8,0.0011666216352275
21.1,0.00117786502320785
21.4,0.00118900282847461
21.7,0.00120003653131273
22,0.00121096758446412
22.3,0.00122179741376529
22.6,0.00123252741876737
22.9,0.00124315897333905
23.2,0.00125369342625297
23.5,0.00126413210175617
23.8,0.001274476300125
24.1,0.00128472729820508
24.4,0.00129488634993668
24.7,0.00130495468686607
25,0.00131493351864319
25.3,0.00132482403350617
25.6,0.00133462739875295
25.9,0.0013443447612006
26.2,0.00135397724763246
26.5,0.00136352596523381
26.8,0.00137299200201599
27.1,0.00138237642722977
27.4,0.00139168029176792
27.7,0.00140090462855753
28,0.0014100504529423
28.3,0.00141911876305508
28.6,0.00142811054018103
28.9,0.0014370267491116
29.2,0.00144586833848957
29.5,0.00145463624114558
29.8,0.00146333137442615
30.1,0.00147195464051367
30.4,0.00148050692673845
30.7,0.00148898910588305
31,0.00149740203647926
31.3,0.00150574656309771
31.6,0.00151402351663057
31.9,0.00152223371456731
32.2,0.00153037796126389
32.5,0.00153845704820541
32.8,0.00154647175426256
33.1,0.00155442284594191
33.4,0.00156231107763028
33.7,0.00157013719183336
34,0.00157790191940866
34.3,0.00158560597979307
34.6,0.00159325008122505
34.9,0.00160083492096165
35.2,0.00160836118549059
35.5,0.00161582955073731
35.8,0.00162324068226736
36.1,0.00163059523548413
36.4,0.00163789385582207
36.7,0.00164513717893547
37,0.00165232583088305
37.3,0.00165946042830834
37.6,0.00166654157861598
37.9,0.00167356988014413
38.2,0.00168054592233297
38.5,0.00168747028588955
38.8,0.00169434354294888
39.1,0.00170116625723153
39.4,0.00170793898419776
39.7,0.00171466227119827
40,0.00172133665762164
40.3,0.00172796267503861
40.6,0.00173454084734319
40.9,0.00174107169089074
41.2,0.0017475557146331
41.5,0.00175399342025077
41.8,0.00176038530228234
42.1,0.00176673184825113
42.4,0.0017730335387891
42.7,0.00177929084775825
43,0.00178550424236935
43.3,0.00179167418329825
43.6,0.00179780112479972
43.9,0.00180388551481898
44.2,0.00180992779510081
44.5,0.00181592840129652
44.8,0.0018218877630686
45.1,0.00182780630419334
45.4,0.00183368444266122
45.7,0.00183952259077535
46,0.00184532115524788
46.3,0.00185108053729445
46.6,0.00185680113272668
46.9,0.00186248333204291
47.2,0.00186812752051705
47.5,0.00187373407828562
47.8,0.00187930338043312
48.1,0.0018848357970757
48.4,0.00189033169344311
48.7,0.00189579142995909
49,0.0019012153623202
49.3,0.001906603841573
49.6,0.00191195721418984
49.9,0.0019172758221431
50.2,0.00192256000297802
50.5,0.0019278100898841
50.8,0.00193302641176514
51.1,0.00193820929330793
51.4,0.00194335905504961
51.7,0.00194847601344376
52,0.0019535604809252
52.3,0.00195861276597363
52.6,0.00196363317317597
52.9,0.0019686220032876
53.2,0.0019735795532924
53.5,0.00197850611646171
53.8,0.00198340198241212
54.1,0.00198826743716229
54.4,0.00199310276318857
54.7,0.00199790823947973
55,0.0020026841415906
55.3,0.00200743074169473
55.6,0.0020121483086361
55.9,0.0020168371079799
56.2,0.00202149740206233
56.5,0.00202612945003954
56.8,0.00203073350793571
57.1,0.00203530982869013
57.4,0.00203985866220363
57.7,0.00204438025538398
58,0.00204887485219062
58.3,0.00205334269367851
58.6,0.00205778401804124
58.9,0.00206219906065336
59.2,0.00206658805411196
59.5,0.0020709512282775
59.8,0.00207528881031396
60.1,0.00207960102472827
60.4,0.00208388809340902
60.7,0.00208815023566454
61,0.0020923876682603
61.3,0.00209660060545562
61.6,0.00210078925903986
61.9,0.00210495383836782
62.2,0.0021090945503947
62.5,0.00211321159971032
62.8,0.00211730518857286
63.1,0.00212137551694197
63.4,0.00212542278251132
63.7,0.0021294471807406
64,0.00213344890488703
64.3,0.00213742814603624
64.6,0.00214138509313273
64.9,0.00214531993300973
65.2,0.00214923285041865
65.5,0.002153124028058
65.8,0.00215699364660178
66.1,0.00216084188472747
66.4,0.00216466891914354
66.7,0.00216847492461649
67,0.00217226007399746
67.3,0.00217602453824837
67.6,0.00217976848646771
67.9,0.00218349208591582
68.2,0.0021871955020398
68.5,0.00219087889849804
68.8,0.00219454243718431
69.1,0.00219818627825149
69.4,0.00220181058013487
69.7,0.00220541549957519
70,0.00220900119164116
70.3,0.00221256780975174
70.6,0.00221611550569798
70.9,0.00221964442966461
71.2,0.0022231547302512
71.5,0.00222664655449302
71.8,0.00223012004788156
72.1,0.00223357535438476
72.4,0.0022370126164669
72.7,0.00224043197510816
73,0.00224383356982392
73.3,0.00224721753868369
73.6,0.00225058401832986
73.9,0.00225393314399604
74.2,0.00225726504952517
74.5,0.00226057986738739
74.8,0.00226387772869756
75.1,0.00226715876323254
75.4,0.00227042309944826
75.7,0.00227367086449643
76,0.00227690218424109
76.3,0.00228011718327486
76.6,0.00228331598493494
76.9,0.00228649871131888
77.2,0.00228966548330014
77.5,0.00229281642054338
77.8,0.00229595164151953
78.1,0.00229907126352064
78.4,0.00230217540267449
78.7,0.00230526417395904
79,0.0023083376912166
79.3,0.00231139606716781
79.6,0.00231443941342542
79.9,0.00231746784050791
80.2,0.00232048145785281
80.5,0.00232348037382992
80.8,0.00232646469575428
81.1,0.00232943452989899
81.4,0.00233238998150781
81.7,0.0023353311548076
82,0.00233825815302057
82.3,0.00234117107837635
82.6,0.0023440700321239
82.9,0.00234695511454326
83.2,0.00234982642495706
83.5,0.00235268406174196
83.8,0.00235552812233989
84.1,0.0023583587032691
84.4,0.00236117590013508
84.7,0.00236397980764135
85,0.00236677051960006
85.3,0.00236954812894243
85.6,0.0023723127277291
85.9,0.00237506440716028
86.2,0.00237780325758579
86.5,0.00238052936851492
86.8,0.00238324282862625
87.1,0.00238594372577717
87.4,0.00238863214701344
87.7,0.00239130817857851
88,0.00239397190592275
88.3,0.00239662341371254
88.6,0.00239926278583924
88.9,0.00240189010542802
89.2,0.00240450545484665
89.5,0.00240710891571404
89.8,0.00240970056890874
90.1,0.00241228049457736
90.4,0.00241484877214278
90.7,0.00241740548031234
91,0.00241995069708586
91.3,0.00242248449976356
91.6,0.00242500696495391
91.9,0.00242751816858135
92.2,0.0024300181858939
92.5,0.00243250709147065
92.8,0.00243498495922924
93.1,0.00243745186243311
93.4,0.00243990787369876
93.7,0.00244235306500287
94,0.00244478750768932
94.3,0.00244721127247615
94.6,0.00244962442946238
94.9,0.00245202704813477
95.2,0.00245441919737454
95.5,0.00245680094546388
95.8,0.00245917236009249
96.1,0.00246153350836399
96.4,0.00246388445680224
96.7,0.00246622527135758
97,0.00246855601741304
97.3,0.00247087675979036
97.6,0.00247318756275605
97.9,0.00247548849002731
98.2,0.00247777960477788
98.5,0.00248006096964382
98.8,0.00248233264672925
99.1,0.00248459469761192
99.4,0.00248684718334884
99.7,0.00248909016448175
100,0.00249132370104252
100.3,0.00249354785255854
100.6,0.00249576267805799
100.9,0.00249796823607508
101.2,0.00250016458465519
101.5,0.00250235178135994
101.8,0.00250452988327229
102.1,0.00250669894700142
102.4,0.00250885902868769
102.7,0.00251101018400749
103,0.00251315246817797
103.3,0.00251528593596181
103.6,0.00251741064167188
103.9,0.00251952663917583
104.2,0.00252163398190066
104.5,0.00252373272283722
104.8,0.00252582291454463
105.1,0.00252790460915469
105.4,0.0025299778583762
105.7,0.00253204271349924
106,0.00253409922539943
106.3,0.00253614744454206
106.6,0.00253818742098625
106.9,0.00254021920438902
107.2,0.00254224284400932
107.5,0.00254425838871202
107.8,0.00254626588697182
108.1,0.00254826538687716
108.4,0.00255025693613405
108.7,0.00255224058206986
109,0.00255421637163707
109.3,0.00255618435141699
109.6,0.00255814456762339
109.9,0.00256009706610616
110.2,0.00256204189235484
110.5,0.00256397909150219
110.8,0.00256590870832764
111.1,0.0025678307872608
111.4,0.00256974537238481
111.7,0.00257165250743974
112,0.00257355223582593
112.3,0.00257544460060725
112.6,0.00257732964451438
112.9,0.00257920740994803
113.2,0.00258107793898209
113.5,0.0025829412733668
113.8,0.00258479745453186
114.1,0.00258664652358947
114.4,0.00258848852133738
114.7,0.00259032348826191
115,0.00259215146454088
115.3,0.00259397249004658
115.6,0.00259578660434865
115.9,0.00259759384671694
116.2,0.00259939425612434
116.5,0.00260118787124963
116.8,0.00260297473048016
117.1,0.0026047548719147
117.4,0.00260652833336603
117.7,0.00260829515236373
118,0.00261005536615672
118.3,0.00261180901171599
118.6,0.00261355612573707
118.9,0.0026152967446427
119.2,0.00261703090458528
119.5,0.0026187586414494
119.8,0.00262047999085436
120.1,0.00262219498815652
120.4,0.00262390366845182
120.7,0.00262560606657811
121,0.00262730221711754
121.3,0.00262899215439891
121.6,0.00263067591249997
121.9,0.00263235352524972
122.2,0.00263402502623068
122.5,0.0026356904487811
122.8,0.00263734982599722
123.1,0.00263900319073544
123.4,0.00264065057561449
123.7,0.00264229201301758
124,0.0026439275350945
124.3,0.00264555717376376
124.6,0.00264718096071464
124.9,0.00264879892740923
125.2,0.0026504111050845
125.5,0.00265201752475428
125.8,0.00265361821721126
126.1,0.00265521321302896
126.4,0.00265680254256367
126.7,0.00265838623595637
127,0.00265996432313466
127.3,0.00266153683381462
127.6,0.00266310379750269
127.9,0.00266466524349751
128.2,0.00266622120089173
128.5,0.00266777169857385
128.8,0.00266931676522999
129.1,0.00267085642934566
129.4,0.0026723907192075
129.7,0.00267391966290504
130,0.00267544328833237
130.3,0.0026769616231899
130.6,0.00267847469498597
130.9,0.00267998253103856
131.2,0.00268148515847691
131.5,0.00268298260424317
131.8,0.00268447489509397
132.1,0.00268596205760207
132.4,0.00268744411815786
132.7,0.00268892110297102
133,0.00269039303807198
133.3,0.00269185994931347
133.6,0.00269332186237209
133.9,0.00269477880274972
134.2,0.00269623079577506
134.5,0.00269767786660508
134.8,0.0026991200402265
135.1,0.00270055734145717
135.4,0.00270198979494754
135.7,0.00270341742518208
136,0.00270484025648061
136.3,0.00270625831299977
136.6,0.0027076716187343
136.9,0.00270908019751846
137.2,0.00271048407302733
137.5,0.00271188326877817
137.8,0.00271327780813168
138.1,0.00271466771429336
138.4,0.00271605301031478
138.7,0.0027174337190948
139,0.00271880986338093
139.3,0.00272018146577048
139.6,0.00272154854871189
139.9,0.00272291113450586
140.2,0.00272426924530664
140.5,0.0027256229031232
140.8,0.00272697212982041
141.1,0.00272831694712022
141.4,0.00272965737660286
141.7,0.00273099343970794
142,0.00273232515773563
142.3,0.00273365255184779
142.6,0.00273497564306907
142.9,0.00273629445228805
143.2,0.0027376090002583
143.5,0.00273891930759951
143.8,0.00274022539479854
144.1,0.0027415272822105
144.4,0.0027428249900598
144.7,0.00274411853844121
145,0.00274540794732089
145.3,0.0027466932365374
145.6,0.00274797442580275
145.9,0.00274925153470339
146.2,0.00275052458270119
146.5,0.00275179358913448
146.8,0.00275305857321897
147.1,0.00275431955404877
147.4,0.0027555765505973
147.7,0.0027568295817183
148,0.00275807866614671
148.3,0.00275932382249968
148.6,0.0027605650692774
148.9,0.0027618024248641
149.2,0.00276303590752893
149.5,0.00276426553542682
149.8,0.00276549132659943
150.1,0.00276671329897601
150.4,0.00276793147037427
150.7,0.00276914585850122
151,0.00277035648095409
151.3,0.00277156335522112
151.6,0.00277276649868245
151.9,0.00277396592861092
152.2,0.0027751616621729
152.5,0.00277635371642913
152.8,0.00277754210833551
153.1,0.00277872685474392
153.4,0.00277990797240301
153.7,0.00278108547795897
154,0.00278225938795636
154.3,0.00278342971883883
154.6,0.00278459648694992
154.9,0.00278575970853382
155.2,0.00278691939973611
155.5,0.00278807557660453
155.8,0.00278922825508968
156.1,0.0027903774510458
156.4,0.00279152318023147
156.7,0.00279266545831032
157,0.00279380430085178
157.3,0.00279493972333176
157.6,0.00279607174113335
157.9,0.00279720036954754
158.2,0.00279832562377388
158.5,0.00279944751892116
158.8,0.00280056607000813
159.1,0.00280168129196412
159.4,0.00280279319962972
159.7,0.00280390180775746
160,0.00280500713101242
