"ResDensity","N_TraitValue"
62209.3727,57.1573583746556
170888.9539546,156.407815734331
279568.5352092,254.898508853777
388248.1164638,352.638128484782
496927.6977184,449.635233334184
605607.278973,545.898252562198
714286.8602276,641.435488224241
822966.4414822,736.255117657722
931646.0227368,830.365195815263
1040325.6039914,923.773657545726
1149005.185246,1016.48831982442
1257684.7665006,1108.51688393377
1366364.3477552,1199.86693759583
1475043.9290098,1290.54595705769
1583723.5102644,1380.56130913116
1692403.091519,1469.92025318786
1801082.6727736,1558.62994311075
1909762.2540282,1646.69742920334
2018441.8352828,1734.12966005752
2127121.4165374,1820.9334843812
2235800.997792,1907.11565278661
2344480.5790466,1992.68281954035
2453160.1603012,2077.64154427611
2561839.7415558,2161.99829367095
2670519.3228104,2245.75944308611
2779198.904065,2328.9312781732
2887878.4853196,2411.51999644655
2996558.0665742,2493.53170882265
3105237.6478288,2574.97244112742
3213917.2290834,2655.84813557212
3322596.810338,2736.16465219864
3431276.3915926,2815.9277702949
3539955.9728472,2895.14318978109
3648635.5541018,2973.81653256752
3757315.1353564,3051.9533438846
3865994.716611,3129.55909358572
3974674.2978656,3206.63917742373
4083353.8791202,3283.19891830146
4192033.4603748,3359.24356749709
4300713.0416294,3434.7783058648
4409392.622884,3509.80824501141
4518072.2041386,3584.33842844944
4626751.7853932,3658.37383272729
4735431.3666478,3731.91936853692
4844110.9479024,3804.97988179961
4952790.529157,3877.56015473039
5061470.1104116,3949.66490688144
5170149.6916662,4021.29879616512
5278829.2729208,4092.46641985701
5387508.8541754,4163.17231557945
5496188.43543,4233.42096226589
5604868.0166846,4303.21678110676
5713547.5979392,4372.56413647698
5822227.1791938,4441.46733684569
5930906.7604484,4509.93063566853
6039586.341703,4577.95823226297
6148265.9229576,4645.55427266686
6256945.5042122,4712.72285048079
6365625.0854668,4779.46800769446
6474304.6667214,4845.79373549749
6582984.247976,4911.70397507501
6691663.8292306,4977.20261838834
6800343.4104852,5042.29350894105
6909022.9917398,5106.98044253079
7017702.5729944,5171.2671679872
7126382.154249,5235.15738789608
7235061.7355036,5298.6547593103
7343741.3167582,5361.76289444754
7452420.8980128,5424.48536137532
7561100.4792674,5486.82568468345
7669780.060522,5548.78734614429
7778459.6417766,5610.3737853609
7887139.2230312,5671.58840040364
7995818.8042858,5732.43454843503
8104498.3855404,5792.9155463236
8213177.966795,5853.03467124655
8321857.5480496,5912.79516128172
8430537.1293042,5972.20021598893
8539216.7105588,6031.25299698105
8647896.2918134,6089.95662848488
8756575.873068,6148.31419789215
8865255.4543226,6206.32875630075
8973935.0355772,6264.00331904655
9082614.6168318,6321.34086622575
9191294.1980864,6378.34434320825
9299973.779341,6435.01666114197
9408653.3605956,6491.36069744841
9517332.9418502,6547.3792963097
9626012.5231048,6603.07526914717
9734692.1043594,6658.45139509169
9843371.685614,6713.5104214459
9952051.2668686,6768.25506413861
10060730.8481232,6822.68800817135
10169410.4293778,6876.81190805733
10278090.0106324,6930.629388253
10386769.591887,6984.14304358222
10495449.1731416,7037.35543965334
10604128.7543962,7090.26911326921
10712808.3356508,7142.88657283032
10821487.9169054,7195.21029873117
10930167.49816,7247.24274375006
11038847.0794146,7298.98633343236
11147526.6606692,7350.44346646741
11256206.2419238,7401.61651505918
11364885.8231784,7452.50782529084
11473565.404433,7503.11971748327
11582244.9856876,7553.45448654775
11690924.5669422,7603.5144023328
11799604.1481968,7653.30170996536
11908283.7294514,7702.81863018653
12016963.310706,7752.06735968168
12125642.8919606,7801.05007140531
12234322.4732152,7849.76891490067
12343002.0544698,7898.22601661418
12451681.6357244,7946.42348020482
12560361.216979,7994.36338684857
12669040.7982336,8042.04779553796
12777720.3794882,8089.47874337685
12886399.9607428,8136.65824587054
12995079.5419974,8183.58829721125
13103759.123252,8230.27087055911
13212438.7045066,8276.70791831869
13321118.2857612,8322.9013724112
13429797.8670158,8368.85314454241
13538477.4482704,8414.56512646639
13647157.029525,8460.03919024507
13755836.6107796,8505.27718850388
13864516.1920342,8550.28095468327
13973195.7732888,8595.05230328644
14081875.3545434,8639.59303012325
14190554.935798,8683.90491255024
14299234.5170526,8727.98970970712
14407914.0983072,8771.84916274954
14516593.6795618,8815.48499507832
14625273.2608164,8858.89891256521
14733952.842071,8902.09260377514
14842632.4233256,8945.06774018519
14951312.0045802,8987.82597640019
15059991.5858348,9030.36895036507
15168671.1670894,9072.69828357401
15277350.748344,9114.81558127645
15386030.3295986,9156.72243268004
15494709.9108532,9198.4204111505
15603389.4921078,9239.91107440854
15712069.0733624,9281.19596472385
15820748.654617,9322.27660910618
15929428.2358716,9363.15451949361
16038107.8171262,9403.83119293806
16146787.3983808,9444.30811178802
16255466.9796354,9484.58674386867
16364146.56089,9524.66854265923
16472826.1421446,9564.55494746789
16581505.7233992,9604.24738360402
16690185.3046538,9643.747262548
16798864.8859084,9683.05598211849
16907544.467163,9722.17492663736
17016224.0484176,9761.10546709217
17124903.6296722,9799.84896129636
17233583.2109268,9838.40675404708
17342262.7921814,9876.78017728082
17450942.373436,9914.97055022675
17559621.9546906,9952.97917955794
17668301.5359452,9990.80735954036
17776981.1171998,10028.4563721798
17885660.6984544,10065.9274873666
17994340.279709,10103.2219630188
18103019.8609636,10140.3410452223
18211699.4422182,10177.2859683702
18320379.0234728,10214.0579552992
18429058.6047274,10250.6582174251
18537738.185982,10287.087954875
18646417.7672366,10323.3483566192
18755097.3484912,10359.4406006004
18863776.9297458,10395.3658538608
18972456.5110004,10431.1252726686
19081136.092255,10466.7200026415
19189815.6735096,10502.1511788692
19298495.2547642,10537.4199260341
19407174.8360188,10572.5273585306
19515854.4172734,10607.4745805816
19624533.998528,10642.2626863555
19733213.5797826,10676.8927600791
19841893.1610372,10711.3658761514
19950572.7422918,10745.6830992539
20059252.3235464,10779.8454844606
20167931.904801,10813.854077346
20276611.4860556,10847.7099140918
20385291.0673102,10881.4140215921
20493970.6485648,10914.9674175574
20602650.2298194,10948.3711106168
20711329.811074,10981.6261004191
20820009.3923286,11014.7333777328
20928688.9735832,11047.6939245441
21037368.5548378,11080.5087141543
21146048.1360924,11113.1787112753
21254727.717347,11145.7048721245
21363407.2986016,11178.0881445179
21472086.8798562,11210.3294679621
21580766.4611108,11242.4297737453
21689446.0423654,11274.3899850268
21798125.62362,11306.2110169257
21906805.2048746,11337.8937766082
22015484.7861292,11369.4391633737
22124164.3673838,11400.8480687398
22232843.9486384,11432.1213765268
22341523.529893,11463.2599629398
22450203.1111476,11494.2646966513
22558882.6924022,11525.1364388815
22667562.2736568,11555.8760434781
22776241.8549114,11586.4843569954
22884921.436166,11616.9622187714
22993601.0174206,11647.310461005
23102280.5986752,11677.5299088316
23210960.1799298,11707.6213803979
23319639.7611844,11737.5856869356
23428319.342439,11767.4236328344
23536998.9236936,11797.1360157141
23645678.5049482,11826.7236264955
23754358.0862028,11856.1872494707
23863037.6674574,11885.5276623723
23971717.248712,11914.7456364418
24080396.8299666,11943.8419364974
24189076.4112212,11972.8173210005
24297755.9924758,12001.6725421217
24406435.5737304,12030.4083458059
24515115.154985,12059.0254718365
24623794.7362396,12087.524653899
24732474.3174942,12115.9066196437
24841153.8987488,12144.1720907474
24949833.4800034,12172.321782975
25058513.061258,12200.3564062394
25167192.6425126,12228.2766646616
25275872.2237672,12256.0832566294
25384551.8050218,12283.7768748558
25493231.3862764,12311.3582064364
25601910.967531,12338.8279329063
25710590.5487856,12366.1867302963
25819270.1300402,12393.435269188
25927949.7112948,12420.5742147691
26036629.2925494,12447.6042268872
26145308.873804,12474.5259601034
26253988.4550586,12501.340063745
26362668.0363132,12528.0471819579
26471347.6175678,12554.6479537581
26580027.1988224,12581.1430130826
26688706.780077,12607.5329888398
26797386.3613316,12633.8185049594
26906065.9425862,12660.0001804412
27014745.5238408,12686.0786294041
27123425.1050954,12712.054461134
27232104.68635,12737.9282801312
27340784.2676046,12763.7006861571
27449463.8488592,12789.372274281
27558143.4301138,12814.9436349255
27666823.0113684,12840.4153539118
27775502.592623,12865.7880125048
27884182.1738776,12891.0621874569
27992861.7551322,12916.2384510518
28101541.3363868,12941.3173711479
28210220.9176414,12966.2995112209
28318900.498896,12991.1854304056
28427580.0801506,13015.9756835383
28536259.6614052,13040.6708211976
28644939.2426598,13065.2713897453
28753618.8239144,13089.7779313665
28862298.405169,13114.1909841098
28970977.9864236,13138.5110819263
29079657.5676782,13162.7387547088
29188337.1489328,13186.87452833
29297016.7301874,13210.918924681
29405696.311442,13234.8724617083
29514375.8926966,13258.7356534517
29623055.4739512,13282.5090100805
29731735.0552058,13306.19303793
29840414.6364604,13329.7882395376
29949094.217715,13353.2951136783
30057773.7989696,13376.7141553998
30166453.3802242,13400.045856057
30275132.9614788,13423.290703347
30383812.5427334,13446.4491813425
30492492.123988,13469.5217705254
30601171.7052426,13492.5089478207
30709851.2864972,13515.4111866284
30818530.8677518,13538.2289568568
30927210.4490064,13560.9627249543
31035890.030261,13583.612953941
31144569.6115156,13606.1801034407
31253249.1927702,13628.6646297112
31361928.7740248,13651.0669856759
31470608.3552794,13673.3876209535
31579287.936534,13695.6269818886
31687967.5177886,13717.7855115811
31796647.0990432,13739.8636499157
31905326.6802978,13761.8618335912
32014006.2615524,13783.7804961492
32122685.842807,13805.6200680023
32231365.4240616,13827.3809764627
32340045.0053162,13849.0636457699
32448724.5865708,13870.6684971182
32557404.1678254,13892.1959486841
32666083.74908,13913.646415653
32774763.3303346,13935.0203102462
32883442.9115892,13956.3180417475
32992122.4928438,13977.5400165285
33100802.0740984,13998.6866380754
33209481.655353,14019.758307014
33318161.2366076,14040.7554211351
33426840.8178622,14061.6783754196
33535520.3991168,14082.5275620634
33644199.9803714,14103.3033705015
33752879.561626,14124.0061874327
33861559.1428806,14144.6363968432
33970238.7241352,14165.1943800309
34078918.3053898,14185.680515628
34187597.8866444,14206.0951796252
34296277.467899,14226.4387453942
34404957.0491536,14246.7115837103
34513636.6304082,14266.9140627753
34622316.2116628,14287.0465482398
34730995.7929174,14307.109403225
34839675.374172,14327.1029883444
34948354.9554266,14347.0276617262
35057034.5366812,14366.8837790335
35165714.1179358,14386.6716934866
35274393.6991904,14406.3917558833
35383073.280445,14426.0443146195
35491752.8616996,14445.6297157104
35600432.4429542,14465.1483028101
35709112.0242088,14484.6004172322
35817791.6054634,14503.9863979693
35926471.186718,14523.3065817131
36035150.7679726,14542.5613028734
36143830.3492272,14561.7508935979
36252509.9304818,14580.875683791
36361189.5117364,14599.9360011328
36469869.092991,14618.9321710977
36578548.6742456,14637.8645169731
36687228.2555002,14656.7333598776
36795907.8367548,14675.5390187792
36904587.4180094,14694.2818105135
37013266.999264,14712.9620498009
37121946.5805186,14731.5800492649
37230626.1617732,14750.1361194491
37339305.7430278,14768.6305688347
37447985.3242824,14787.0637038573
37556664.905537,14805.4358289243
37665344.4867916,14823.7472464311
37774024.0680462,14841.9982567781
37882703.6493008,14860.189158387
37991383.2305554,14878.3202477171
38100062.81181,14896.3918192812
38208742.3930646,14914.404165662
38317421.9743192,14932.3575775272
38426101.5555738,14950.2523436458
38534781.1368284,14968.0887509034
38643460.718083,14985.8670843172
38752140.2993376,15003.5876270516
38860819.8805922,15021.2506604331
38969499.4618468,15038.8564639649
39078179.0431014,15056.4053153423
39186858.624356,15073.8974904664
39295538.2056106,15091.3332634595
39404217.7868652,15108.7129066788
39512897.3681198,15126.0366907307
39621576.9493744,15143.304884485
39730256.530629,15160.5177550886
39838936.1118836,15177.6755679795
39947615.6931382,15194.7785869003
40056295.2743928,15211.8270739117
40164974.8556474,15228.821289406
40273654.436902,15245.7614921202
40382334.0181566,15262.6479391494
40491013.5994112,15279.4808859594
40599693.1806658,15296.2605863999
40708372.7619204,15312.9872927172
40817052.343175,15329.6612555668
40925731.9244296,15346.282724026
41034411.5056842,15362.8519456059
41143091.0869388,15379.3691662646
41251770.6681934,15395.8346304182
41360450.249448,15412.2485809538
41469129.8307026,15428.611259241
41577809.4119572,15444.9229051438
41686488.9932118,15461.1837570324
41795168.5744664,15477.3940517946
41903848.155721,15493.5540248476
42012527.7369756,15509.6639101492
42121207.3182302,15525.7239402092
42229886.8994848,15541.7343461005
42338566.4807394,15557.6953574701
42447246.061994,15573.6072025503
42555925.6432486,15589.4701081694
42664605.2245032,15605.2842997627
42773284.8057578,15621.050001383
42881964.3870124,15636.7674357109
42990643.968267,15652.436824066
43099323.5495216,15668.0583864166
43208003.1307762,15683.6323413905
43316682.7120308,15699.1589062847
43425362.2932854,15714.6382970761
43534041.87454,15730.0707284308
43642721.4557946,15745.4564137149
43751401.0370492,15760.7955650035
43860080.6183038,15776.0883930908
43968760.1995584,15791.3351074999
44077439.780813,15806.5359164921
44186119.3620676,15821.6910270767
44294798.9433222,15836.8006450199
44403478.5245768,15851.8649748547
44512158.1058314,15866.8842198896
44620837.687086,15881.8585822182
44729517.2683406,15896.7882627278
44838196.8495952,15911.673461109
44946876.4308498,15926.5143758638
45055556.0121044,15941.3112043152
45164235.593359,15956.0641426155
45272915.1746136,15970.7733857551
45381594.7558682,15985.4391275708
45490274.3371228,16000.0615607551
45598953.9183774,16014.6408768637
45707633.499632,16029.1772663244
45816313.0808866,16043.6709184452
45924992.6621412,16058.1220214229
46033672.2433958,16072.5307623506
46142351.8246504,16086.8973272262
46251031.405905,16101.2219009604
46359710.9871596,16115.5046673846
46468390.5684142,16129.7458092584
46577070.1496688,16143.945508278
46685749.7309234,16158.1039450836
46794429.312178,16172.2212992671
46903108.8934326,16186.2977493796
47011788.4746872,16200.333472939
47120468.0559418,16214.3286464375
47229147.6371964,16228.2834453492
47337827.218451,16242.1980441369
47446506.7997056,16256.0726162599
47555186.3809602,16269.9073341808
47663865.9622148,16283.702369373
47772545.5434694,16297.4578923275
47881225.124724,16311.1740725602
47989904.7059786,16324.8510786185
48098584.2872332,16338.4890780885
48207263.8684878,16352.0882376019
48315943.4497424,16365.6487228425
48424623.030997,16379.1706985529
48533302.6122516,16392.6543285418
48641982.1935062,16406.0997756896
48750661.7747608,16419.507201956
48859341.3560154,16432.8767683858
48968020.93727,16446.2086351155
49076700.5185246,16459.50296138
49185380.0997792,16472.7599055183
49294059.6810338,16485.9796249806
49402739.2622884,16499.162276334
49511418.843543,16512.3080152687
49620098.4247976,16525.4169966042
49728778.0060522,16538.4893742956
49837457.5873068,16551.5253014392
49946137.1685614,16564.524930279
50054816.749816,16577.4884122121
50163496.3310706,16590.4158977949
50272175.9123252,16603.3075367488
50380855.4935798,16616.1634779662
50489535.0748344,16628.9838695157
50598214.656089,16641.7688586485
50706894.2373436,16654.5185918035
50815573.8185982,16667.2332146131
50924253.3998528,16679.9128719087
51032932.9811074,16692.5577077264
51141612.562362,16705.1678653119
51250292.1436166,16717.7434871265
51358971.7248712,16730.2847148524
51467651.3061258,16742.7916893975
51576330.8873804,16755.2645509013
51685010.468635,16767.7034387398
51793690.0498896,16780.1084915308
51902369.6311442,16792.4798471389
52011049.2123988,16804.8176426809
52119728.7936534,16817.1220145306
52228408.374908,16829.3930983238
52337087.9561626,16841.6310289636
52445767.5374172,16853.8359406249
52554447.1186718,16866.0079667599
52663126.6999264,16878.1472401023
52771806.281181,16890.2538926725
52880485.8624356,16902.3280557823
52989165.4436902,16914.3698600399
53097845.0249448,16926.379435354
53206524.6061994,16938.3569109392
53315204.187454,16950.3024153199
53423883.7687086,16962.2160763357
53532563.3499632,16974.0980211453
53641242.9312178,16985.9483762312
53749922.5124724,16997.7672674045
53858602.093727,17009.5548198088
53967281.6749816,17021.3111579252
54075961.2562362,17033.0364055762
54184640.8374908,17044.7306859304
54293320.4187454,17056.3941215066
54402000,17068.026834178
