"ResDensity","N_TraitValue"
0.00824,0.324437113639935
0.00976612,0.343004619766302
0.01129224,0.357953072883092
0.01281836,0.370246613225286
0.01434448,0.380534841526925
0.0158706,0.389271414939692
0.01739672,0.39678274625688
0.01892284,0.403309693372575
0.02044896,0.409033866098897
0.02197508,0.414094788603855
0.0235012,0.418601422795025
0.02502732,0.422640102045778
0.02655344,0.426280115461161
0.02807956,0.42957771622379
0.02960568,0.432579049570378
0.0311318,0.435322325517927
0.03265792,0.437839454251371
0.03418404,0.440157293073082
0.03571016,0.442298608454469
0.03723628,0.444282826344971
0.0387624,0.446126623185285
0.04028852,0.447844395732572
0.04181464,0.449448637730994
0.04334076,0.450950244286902
0.04486688,0.452358759635336
0.046393,0.453682580211545
0.04791912,0.454929122159322
0.04944524,0.45610496033616
0.05097136,0.457215944317618
0.05249748,0.45826729572193
0.0540236,0.45926369027238
0.05554972,0.460209327318622
0.05707584,0.4611079889974
0.05860196,0.461963090790354
0.06012808,0.46277772490389
0.0616542,0.46355469763256
0.06318032,0.464296561657473
0.06470644,0.465005644063083
0.06623256,0.465684070720238
0.06775868,0.466333787573672
0.0692848,0.466956579282962
0.07081092,0.46755408559301
0.07233704,0.468127815750258
0.07386316,0.468679161231527
0.07538928,0.469209407011466
0.0769154,0.469719741560696
0.07844152,0.470211265738393
0.07996764,0.470685000719349
0.08149376,0.471141895075647
0.08301988,0.471582831116295
0.084546,0.47200863057397
0.08607212,0.472420059716001
0.08759824,0.472817833946461
0.08912436,0.473202621957526
0.09065048,0.473575049480777
0.0921766,0.4739357026827
0.09370272,0.47428513124316
0.09522884,0.474623851150837
0.09675496,0.474952347245539
0.09828108,0.475271075533724
0.0998072,0.475580465300494
0.10133332,0.475880921038627
0.10285944,0.476172824212883
0.10438556,0.476456534875754
0.10591168,0.476732393149059
0.1074378,0.477000720584192
0.10896392,0.477261821412474
0.11049004,0.47751598369582
0.11201616,0.477763480386876
0.11354228,0.478004570306822
0.1150684,0.478239499048222
0.11659452,0.478468499809514
0.11812064,0.478691794167128
0.11964676,0.47890959279059
0.12117288,0.479122096105466
0.122699,0.479329494908534
0.12422512,0.479531970939151
0.12575124,0.479729697410412
0.12727736,0.479922839503364
0.12880348,0.480111554827234
0.1303296,0.480295993848378
0.13185572,0.48047630029039
0.13338184,0.48065261150762
0.13490796,0.480825058834127
0.13643408,0.480993767909947
0.1379602,0.481158858986364
0.13948632,0.481320447211754
0.14101244,0.481478642899424
0.14253856,0.481633551778753
0.14406468,0.481785275230845
0.1455908,0.481933910509791
0.14711692,0.482079550950553
0.14864304,0.482222286164415
0.15016916,0.482362202222842
0.15169528,0.482499381830566
0.1532214,0.482633904488599
0.15474752,0.482765846647877
0.15627364,0.48289528185414
0.15779976,0.483022280884631
0.15932588,0.483146911877157
0.160852,0.483269240451981
0.16237812,0.483389329827038
0.16390424,0.483507240926869
0.16543036,0.483623032485686
0.16695648,0.483736761144927
0.1684826,0.483848481545643
0.17000872,0.483958246416034
0.17153484,0.484066106654429
0.17306096,0.484172111407981
0.17458708,0.48427630814734
0.1761132,0.484378742737529
0.17763932,0.484479459505267
0.17916544,0.484578501302919
0.18069156,0.484675909569294
0.18221768,0.48477172438745
0.1837438,0.484865984539692
0.18526992,0.484958727559909
0.18679604,0.48504998978341
0.18832216,0.485139806394383
0.18984828,0.48522821147113
0.1913744,0.485315238029168
0.19290052,0.485400918062347
0.19442664,0.485485282582062
0.19595276,0.485568361654679
0.19747888,0.485650184437257
0.199005,0.485730779211672
0.20053112,0.485810173417203
0.20205724,0.485888393681683
0.20358336,0.485965465851273
0.20510948,0.486041415018938
0.2066356,0.486116265551682
0.20816172,0.486190041116614
0.20968784,0.486262764705898
0.21121396,0.486334458660646
0.21274008,0.486405144693794
0.2142662,0.48647484391203
0.21579232,0.486543576836807
0.21731844,0.486611363424486
0.21884456,0.486678223085652
0.22037068,0.48674417470365
0.2218968,0.48680923665236
0.22342292,0.486873426813267
0.22494904,0.486936762591844
0.22647516,0.486999260933289
0.22800128,0.487060938337636
0.2295274,0.48712181087428
0.23105352,0.487181894195939
0.23257964,0.487241203552063
0.23410576,0.487299753801749
0.23563188,0.487357559426142
0.237158,0.487414634540385
0.23868412,0.487470992905099
0.24021024,0.487526647937456
0.24173636,0.487581612721818
0.24326248,0.487635900019995
0.2447886,0.487689522281127
0.24631472,0.487742491651198
0.24784084,0.487794819982208
0.24936696,0.487846518841016
0.25089308,0.487897599517863
0.2524192,0.487948073034589
0.25394532,0.487997950152569
0.25547144,0.488047241380352
0.25699756,0.488095956981051
0.25852368,0.488144106979464
0.2600498,0.488191701168948
0.26157592,0.488238749118065
0.26310204,0.488285260176991
0.26462816,0.488331243483714
0.26615428,0.488376707970017
0.2676804,0.488421662367263
0.26920652,0.488466115211985
0.27073264,0.488510074851289
0.27225876,0.488553549448082
0.27378488,0.48859654698612
0.275311,0.488639075274903
0.27683712,0.488681141954397
0.27836324,0.488722754499613
0.27988936,0.488763920225036
0.28141548,0.488804646288907
0.2829416,0.488844939697376
0.28446772,0.48888480730852
0.28599384,0.488924255836232
0.28751996,0.488963291853993
0.28904608,0.489001921798522
0.2905722,0.489040151973315
0.29209832,0.489077988552071
0.29362444,0.489115437582023
0.29515056,0.489152504987151
0.29667668,0.489189196571313
0.2982028,0.48922551802127
0.29972892,0.489261474909626
0.30125504,0.48929707269768
0.30278116,0.489332316738188
0.30430728,0.489367212278046
0.3058334,0.489401764460899
0.30735952,0.489435978329662
0.30888564,0.48946985882898
0.31041176,0.489503410807603
0.31193788,0.489536639020707
0.313464,0.489569548132134
0.31499012,0.48960214271658
0.31651624,0.48963442726171
0.31804236,0.48966640617022
0.31956848,0.489698083761839
0.3210946,0.489729464275273
0.32262072,0.489760551870098
0.32414684,0.489791350628595
0.32567296,0.489821864557538
0.32719908,0.489852097589932
0.3287252,0.489882053586706
0.33025132,0.48991173633835
0.33177744,0.489941149566519
0.33330356,0.489970296925588
0.33482968,0.489999182004163
0.3363558,0.490027808326559
0.33788192,0.490056179354225
0.33940804,0.490084298487148
0.34093416,0.490112169065208
0.34246028,0.490139794369497
0.3439864,0.490167177623613
0.34551252,0.490194321994909
0.34703864,0.490221230595716
0.34856476,0.490247906484534
0.35009088,0.490274352667187
0.351617,0.490300572097957
0.35314312,0.490326567680681
0.35466924,0.490352342269824
0.35619536,0.490377898671522
0.35772148,0.490403239644605
0.3592476,0.490428367901584
0.36077372,0.490453286109625
0.36229984,0.490477996891485
0.36382596,0.490502502826443
0.36535208,0.490526806451185
0.3668782,0.490550910260689
0.36840432,0.490574816709076
0.36993044,0.490598528210441
0.37145656,0.490622047139666
0.37298268,0.490645375833217
0.3745088,0.490668516589911
0.37603492,0.490691471671679
0.37756104,0.490714243304294
0.37908716,0.4907368336781
0.38061328,0.490759244948707
0.3821394,0.49078147923768
0.38366552,0.490803538633207
0.38519164,0.490825425190756
0.38671776,0.490847140933707
0.38824388,0.490868687853984
0.38977,0.490890067912657
0.39129612,0.49091128304054
0.39282224,0.490932335138772
0.39434836,0.490953226079386
0.39587448,0.490973957705862
0.3974006,0.49099453183367
0.39892672,0.4910149502508
0.40045284,0.491035214718279
0.40197896,0.491055326970681
0.40350508,0.491075288716617
0.4050312,0.491095101639222
0.40655732,0.491114767396628
0.40808344,0.491134287622423
0.40960956,0.491153663926109
0.41113568,0.491172897893541
0.4126618,0.491191991087359
0.41418792,0.491210945047414
0.41571404,0.49122976129118
0.41724016,0.491248441314158
0.41876628,0.491266986590276
0.4202924,0.491285398572272
0.42181852,0.491303678692077
0.42334464,0.491321828361185
0.42487076,0.491339848971015
0.42639688,0.49135774189327
0.427923,0.49137550848028
0.42944912,0.491393150065347
0.43097524,0.491410667963078
0.43250136,0.49142806346971
0.43402748,0.49144533786343
0.4355536,0.491462492404688
0.43707972,0.491479528336505
0.43860584,0.491496446884772
0.44013196,0.491513249258544
0.44165808,0.49152993665033
0.4431842,0.491546510236372
0.44471032,0.491562971176922
0.44623644,0.491579320616515
0.44776256,0.491595559684234
0.44928868,0.491611689493968
0.4508148,0.491627711144665
0.45234092,0.491643625720588
0.45386704,0.491659434291553
0.45539316,0.491675137913174
0.45691928,0.491690737627093
0.4584454,0.491706234461214
0.45997152,0.491721629429927
0.46149764,0.491736923534331
0.46302376,0.491752117762448
0.46454988,0.49176721308944
0.466076,0.491782210477814
0.46760212,0.491797110877628
0.46912824,0.49181191522669
0.47065436,0.491826624450759
0.47218048,0.491841239463734
0.4737066,0.491855761167844
0.47523272,0.491870190453835
0.47675884,0.491884528201151
0.47828496,0.491898775278113
0.47981108,0.491912932542094
0.4813372,0.491927000839691
0.48286332,0.491940981006895
0.48438944,0.491954873869255
0.48591556,0.491968680242042
0.48744168,0.491982400930406
0.4889678,0.491996036729535
0.49049392,0.492009588424809
0.49202004,0.492023056791947
0.49354616,0.49203644259716
0.49507228,0.492049746597293
0.4965984,0.492062969539967
0.49812452,0.492076112163723
0.49965064,0.492089175198155
0.50117676,0.49210215936405
0.50270288,0.492115065373514
0.504229,0.492127893930108
0.50575512,0.492140645728973
0.50728124,0.492153321456957
0.50880736,0.492165921792738
0.51033348,0.492178447406942
0.5118596,0.492190898962269
0.51338572,0.492203277113601
0.51491184,0.492215582508124
0.51643796,0.492227815785438
0.51796408,0.492239977577668
0.5194902,0.492252068509572
0.52101632,0.492264089198651
0.52254244,0.492276040255248
0.52406856,0.49228792228266
0.52559468,0.492299735877232
0.5271208,0.492311481628459
0.52864692,0.492323160119087
0.53017304,0.492334771925206
0.53169916,0.492346317616345
0.53322528,0.492357797755567
0.5347514,0.492369212899559
0.53627752,0.492380563598721
0.53780364,0.492391850397259
0.53932976,0.492403073833265
0.54085588,0.49241423443881
0.542382,0.492425332740022
0.54390812,0.492436369257171
0.54543424,0.492447344504753
0.54696036,0.492458258991564
0.54848648,0.492469113220784
0.5500126,0.492479907690052
0.55153872,0.492490642891542
0.55306484,0.492501319312039
0.55459096,0.492511937433011
0.55611708,0.492522497730681
0.5576432,0.492533000676102
0.55916932,0.492543446735222
0.56069544,0.492553836368957
0.56222156,0.492564170033256
0.56374768,0.492574448179168
0.5652738,0.49258467125291
0.56679992,0.49259483969593
0.56832604,0.492604953944969
0.56985216,0.492615014432126
0.57137828,0.492625021584919
0.5729044,0.492634975826344
0.57443052,0.492644877574936
0.57595664,0.492654727244829
0.57748276,0.492664525245809
0.57900888,0.492674271983377
0.580535,0.492683967858801
0.58206112,0.492693613269171
0.58358724,0.492703208607454
0.58511336,0.49271275426255
0.58663948,0.492722250619339
0.5881656,0.492731698058738
0.58969172,0.492741096957749
0.59121784,0.49275044768951
0.59274396,0.492759750623343
0.59427008,0.492769006124807
0.5957962,0.49277821455574
0.59732232,0.49278737627431
0.59884844,0.492796491635059
0.60037456,0.492805560988953
0.60190068,0.492814584683422
0.6034268,0.492823563062406
0.60495292,0.492832496466401
0.60647904,0.4928413852325
0.60800516,0.492850229694434
0.60953128,0.492859030182618
0.6110574,0.492867787024187
0.61258352,0.49287650054304
0.61410964,0.492885171059881
0.61563576,0.492893798892254
0.61716188,0.492902384354584
0.618688,0.492910927758217
0.62021412,0.492919429411455
0.62174024,0.492927889619595
0.62326636,0.492936308684963
0.62479248,0.492944686906954
0.6263186,0.492953024582063
0.62784472,0.492961322003922
0.62937084,0.492969579463337
0.63089696,0.492977797248318
0.63242308,0.492985975644112
0.6339492,0.492994114933243
0.63547532,0.493002215395535
0.63700144,0.49301027730815
0.63852756,0.493018300945619
0.64005368,0.493026286579873
0.6415798,0.493034234480271
0.64310592,0.493042144913634
0.64463204,0.493050018144273
0.64615816,0.493057854434019
0.64768428,0.49306565404225
0.6492104,0.493073417225924
0.65073652,0.493081144239603
0.65226264,0.493088835335483
0.65378876,0.49309649076342
0.65531488,0.493104110770958
0.656841,0.493111695603358
0.65836712,0.493119245503618
0.65989324,0.493126760712506
0.66141936,0.493134241468581
0.66294548,0.493141688008221
0.6644716,0.493149100565643
0.66599772,0.493156479372936
0.66752384,0.493163824660078
0.66904996,0.493171136654961
0.67057608,0.493178415583419
0.6721022,0.493185661669245
0.67362832,0.493192875134219
0.67515444,0.493200056198127
0.67668056,0.493207205078787
0.67820668,0.493214321992067
0.6797328,0.493221407151911
0.68125892,0.493228460770355
0.68278504,0.493235483057554
0.68431116,0.4932424742218
0.68583728,0.493249434469542
0.6873634,0.493256364005406
0.68888952,0.493263263032218
0.69041564,0.493270131751021
0.69194176,0.493276970361096
0.69346788,0.49328377905998
0.694994,0.493290558043488
0.69652012,0.493297307505725
0.69804624,0.493304027639114
0.69957236,0.493310718634407
0.70109848,0.493317380680705
0.7026246,0.493324013965477
0.70415072,0.493330618674576
0.70567684,0.493337194992259
0.70720296,0.4933437431012
0.70872908,0.49335026318251
0.7102552,0.493356755415755
0.71178132,0.493363219978967
0.71330744,0.493369657048665
0.71483356,0.493376066799871
0.71635968,0.493382449406123
0.7178858,0.493388805039493
0.71941192,0.493395133870601
0.72093804,0.493401436068632
0.72246416,0.49340771180135
0.72399028,0.493413961235111
0.7255164,0.493420184534883
0.72704252,0.493426381864253
0.72856864,0.49343255338545
0.73009476,0.493438699259352
0.73162088,0.493444819645502
0.733147,0.493450914702124
0.73467312,0.493456984586135
0.73619924,0.493463029453158
0.73772536,0.493469049457536
0.73925148,0.493475044752345
0.7407776,0.493481015489407
0.74230372,0.493486961819302
0.74382984,0.493492883891382
0.74535596,0.493498781853784
0.74688208,0.49350465585344
0.7484082,0.49351050603609
0.74993432,0.493516332546296
0.75146044,0.493522135527452
0.75298656,0.493527915121796
0.75451268,0.493533671470421
0.7560388,0.493539404713288
0.75756492,0.493545114989238
0.75909104,0.493550802436
0.76061716,0.493556467190204
0.76214328,0.493562109387393
0.7636694,0.493567729162032
0.76519552,0.493573326647519
0.76672164,0.493578901976197
0.76824776,0.493584455279363
0.76977388,0.493589986687278
0.7713,0.493595496329179
