"ResDensity","N_TraitValue"
4,0.000492191192706836
4.056,0.000498452466548409
4.112,0.000504697967827468
4.168,0.000510927756067234
4.224,0.000517141890491793
4.28,0.000523340430027977
4.336,0.000529523433307223
4.392,0.000535690958667426
4.448,0.000541843064154771
4.504,0.000547979807525553
4.56,0.000554101246247989
4.616,0.000560207437504004
4.672,0.000566298438191022
4.728,0.000572374304923724
4.784,0.000578435094035806
4.84,0.00058448086158172
4.896,0.000590511663338402
4.952,0.000596527554806989
5.008,0.000602528591214516
5.064,0.000608514827515612
5.12,0.000614486318394175
5.176,0.000620443118265037
5.232,0.000626385281275618
5.288,0.000632312861307564
5.344,0.00063822591197838
5.4,0.000644124486643043
5.456,0.000650008638395606
5.512,0.000655878420070797
5.568,0.000661733884245592
5.624,0.000667575083240793
5.68,0.00067340206912258
5.736,0.000679214893704062
5.792,0.000685013608546809
5.848,0.000690798264962383
5.904,0.000696568914013843
5.96,0.000702325606517253
6.016,0.000708068393043176
6.072,0.000713797323918146
6.128,0.000719512449226147
6.184,0.000725213818810067
6.24,0.00073090148227315
6.296,0.000736575488980434
6.352,0.000742235888060176
6.408,0.000747882728405275
6.464,0.000753516058674677
6.52,0.000759135927294773
6.576,0.000764742382460785
6.632,0.000770335472138146
6.688,0.00077591524406387
6.744,0.000781481745747903
6.8,0.000787035024474479
6.856,0.000792575127303454
6.912,0.000798102101071638
6.968,0.000803615992394113
7.024,0.000809116847665544
7.08,0.000814604713061483
7.136,0.000820079634539657
7.192,0.000825541657841251
7.248,0.000830990828492187
7.304,0.000836427191804382
7.36,0.00084185079287701
7.416,0.000847261676597744
7.472,0.000852659887643998
7.528,0.000858045470484156
7.584,0.000863418469378791
7.64,0.00086877892838188
7.696,0.000874126891342006
7.752,0.000879462401903556
7.808,0.000884785503507907
7.864,0.000890096239394602
7.92,0.000895394652602528
7.976,0.00090068078597107
8.032,0.000905954682141274
8.088,0.000911216383556985
8.144,0.000916465932465994
8.2,0.000921703370921164
8.256,0.000926928740781551
8.312,0.000932142083713525
8.368,0.000937343441191873
8.424,0.0009425328545009
8.48,0.000947710364735523
8.536,0.000952876012802354
8.592,0.000958029839420775
8.648,0.000963171885124014
8.704,0.000968302190260201
8.76,0.00097342079499343
8.816,0.0009785277393048
8.872,0.000983623062993463
8.928,0.000988706805677653
8.984,0.000993779006795712
9.04,0.000998839705607116
9.096,0.00100388894119348
9.152,0.00100892675245958
9.208,0.00101395317813431
9.264,0.00101896825677175
9.32,0.00102397202675207
9.376,0.00102896452628255
9.432,0.00103394579339857
9.488,0.00103891586596453
9.544,0.00104387478167485
9.6,0.0010488225780549
9.656,0.00105375929246195
9.712,0.00105868496208611
9.768,0.00106359962395127
9.824,0.00106850331491604
9.88,0.00107339607167464
9.936,0.00107827793075783
9.992,0.00108314892853382
10.048,0.00108800910120919
10.104,0.00109285848482975
10.16,0.00109769711528147
10.216,0.00110252502829133
10.272,0.00110734225942823
10.328,0.00111214884410384
10.384,0.00111694481757348
10.44,0.00112173021493699
10.496,0.00112650507113957
10.552,0.00113126942097262
10.608,0.00113602329907462
10.664,0.00114076673993195
10.72,0.00114549977787972
10.776,0.0011502224471026
10.832,0.00115493478163566
10.888,0.00115963681536516
10.944,0.00116432858202937
11,0.00116901011521941
11.056,0.00117368144838
11.112,0.0011783426148103
11.168,0.00118299364766465
11.224,0.00118763457995343
11.28,0.00119226544454378
11.336,0.00119688627416039
11.392,0.00120149710138628
11.448,0.00120609795866356
11.504,0.00121068887829421
11.56,0.0012152698924408
11.616,0.00121984103312726
11.672,0.00122440233223964
11.728,0.00122895382152683
11.784,0.0012334955326013
11.84,0.00123802749693983
11.896,0.00124254974588427
11.952,0.00124706231064222
12.008,0.00125156522228774
12.064,0.00125605851176214
12.12,0.00126054220987458
12.176,0.00126501634730288
12.232,0.00126948095459412
12.288,0.00127393606216542
12.344,0.00127838170030459
12.4,0.00128281789917082
12.456,0.00128724468879534
12.512,0.00129166209908217
12.568,0.0012960701598087
12.624,0.00130046890062642
12.68,0.00130485835106157
12.736,0.00130923854051582
12.792,0.00131360949826686
12.848,0.00131797125346913
12.904,0.00132232383515444
12.96,0.0013266672722326
13.016,0.00133100159349206
13.072,0.00133532682760057
13.128,0.00133964300310581
13.184,0.00134395014843598
13.24,0.00134824829190047
13.296,0.00135253746169046
13.352,0.00135681768587953
13.408,0.00136108899242428
13.464,0.00136535140916495
13.52,0.001369604963826
13.576,0.00137384968401673
13.632,0.00137808559723188
13.688,0.0013823127308522
13.744,0.00138653111214506
13.8,0.00139074076826505
13.856,0.00139494172625452
13.912,0.0013991340130442
13.968,0.00140331765545375
14.024,0.00140749268019235
14.08,0.00141165911385925
14.136,0.00141581698294434
14.192,0.00141996631382874
14.248,0.0014241071327853
14.304,0.00142823946597923
14.36,0.00143236333946856
14.416,0.00143647877920478
14.472,0.00144058581103332
14.528,0.00144468446069411
14.584,0.00144877475382213
14.64,0.00145285671594794
14.696,0.00145693037249819
14.752,0.00146099574879617
14.808,0.00146505287006234
14.864,0.00146910176141481
14.92,0.00147314244786993
14.976,0.00147717495434272
15.032,0.00148119930564747
15.088,0.00148521552649817
15.144,0.00148922364150907
15.2,0.00149322367519515
15.256,0.00149721565197264
15.312,0.00150119959615952
15.368,0.00150517553197598
15.424,0.00150914348354496
15.48,0.00151310347489259
15.536,0.00151705552994873
15.592,0.00152099967254738
15.648,0.00152493592642722
15.704,0.00152886431523207
15.76,0.00153278486251134
15.816,0.00153669759172053
15.872,0.0015406025262217
15.928,0.0015444996892839
15.984,0.00154838910408365
16.04,0.00155227079370544
16.096,0.0015561447811421
16.152,0.00156001108929534
16.208,0.00156386974097616
16.264,0.00156772075890528
16.32,0.00157156416571365
16.376,0.00157539998394281
16.432,0.00157922823604541
16.488,0.0015830489443856
16.544,0.00158686213123946
16.6,0.00159066781879547
16.656,0.00159446602915491
16.712,0.00159825678433231
16.768,0.00160204010625587
16.824,0.00160581601676784
16.88,0.00160958453762502
16.936,0.0016133456904991
16.992,0.00161709949697714
17.048,0.00162084597856194
17.104,0.00162458515667246
17.16,0.00162831705264423
17.216,0.00163204168772977
17.272,0.00163575908309898
17.328,0.00163946925983954
17.384,0.00164317223895729
17.44,0.00164686804137668
17.496,0.00165055668794113
17.552,0.00165423819941338
17.608,0.00165791259647599
17.664,0.0016615798997316
17.72,0.00166524012970341
17.776,0.00166889330683553
17.832,0.00167253945149333
17.888,0.00167617858396387
17.944,0.00167981072445626
18,0.00168343589310201
18.056,0.00168705410995543
18.112,0.00169066539499398
18.168,0.00169426976811865
18.224,0.00169786724915435
18.28,0.0017014578578502
18.336,0.00170504161387997
18.392,0.00170861853684239
18.448,0.00171218864626154
18.504,0.00171575196158718
18.56,0.00171930850219511
18.616,0.00172285828738752
18.672,0.00172640133639337
18.728,0.00172993766836868
18.784,0.00173346730239691
18.84,0.00173699025748932
18.896,0.00174050655258527
18.952,0.00174401620655258
19.008,0.00174751923818787
19.064,0.0017510156662169
19.12,0.00175450550929489
19.176,0.00175798878600686
19.232,0.00176146551486795
19.288,0.00176493571432377
19.344,0.0017683994027507
19.4,0.00177185659845623
19.456,0.00177530731967928
19.512,0.00177875158459052
19.568,0.0017821894112927
19.624,0.00178562081782093
19.68,0.00178904582214304
19.736,0.00179246444215988
19.792,0.0017958766957056
19.848,0.00179928260054802
19.904,0.00180268217438889
19.96,0.0018060754348642
20.016,0.00180946239954451
20.072,0.00181284308593525
20.128,0.001816217511477
20.184,0.00181958569354579
20.24,0.00182294764945343
20.296,0.00182630339644779
20.352,0.00182965295171306
20.408,0.00183299633237011
20.464,0.00183633355547673
20.52,0.00183966463802793
20.576,0.00184298959695626
20.632,0.00184630844913204
20.688,0.0018496212113637
20.744,0.00185292790039804
20.8,0.0018562285329205
20.856,0.00185952312555546
20.912,0.00186281169486653
20.968,0.00186609425735678
21.024,0.00186937082946906
21.08,0.00187264142758628
21.136,0.00187590606803164
21.192,0.00187916476706893
21.248,0.00188241754090281
21.304,0.00188566440567904
21.36,0.0018889053774848
21.416,0.0018921404723489
21.472,0.0018953697062421
21.528,0.00189859309507732
21.584,0.00190181065470994
21.64,0.00190502240093803
21.696,0.00190822834950266
21.752,0.00191142851608807
21.808,0.00191462291632203
21.864,0.001917811565776
21.92,0.00192099447996544
21.976,0.00192417167435005
22.032,0.00192734316433403
22.088,0.00193050896526628
22.144,0.00193366909244071
22.2,0.00193682356109645
22.256,0.00193997238641811
22.312,0.00194311558353601
22.368,0.00194625316752645
22.424,0.0019493851534119
22.48,0.0019525115561613
22.536,0.00195563239069026
22.592,0.00195874767186129
22.648,0.00196185741448408
22.704,0.00196496163331569
22.76,0.00196806034306081
22.816,0.00197115355837199
22.872,0.00197424129384983
22.928,0.00197732356404329
22.984,0.00198040038344983
23.04,0.00198347176651572
23.096,0.00198653772763619
23.152,0.00198959828115572
23.208,0.00199265344136821
23.264,0.00199570322251724
23.32,0.00199874763879628
23.376,0.0020017867043489
23.432,0.002004820433269
23.488,0.00200784883960102
23.544,0.00201087193734019
23.6,0.00201388974043268
23.656,0.00201690226277588
23.712,0.00201990951821856
23.768,0.00202291152056114
23.824,0.00202590828355583
23.88,0.00202889982090691
23.936,0.0020318861462709
23.992,0.00203486727325677
24.048,0.00203784321542615
24.104,0.00204081398629354
24.16,0.00204377959932653
24.216,0.00204674006794596
24.272,0.00204969540552616
24.328,0.00205264562539514
24.384,0.00205559074083479
24.44,0.00205853076508107
24.496,0.00206146571132424
24.552,0.00206439559270901
24.608,0.00206732042233478
24.664,0.00207024021325581
24.72,0.00207315497848141
24.776,0.00207606473097615
24.832,0.00207896948366007
24.888,0.00208186924940881
24.944,0.00208476404105386
25,0.00208765387138272
25.056,0.0020905387531391
25.112,0.0020934186990231
25.168,0.00209629372169138
25.224,0.00209916383375741
25.28,0.00210202904779156
25.336,0.00210488937632135
25.392,0.00210774483183164
25.448,0.00211059542676474
25.504,0.00211344117352067
25.56,0.00211628208445731
25.616,0.00211911817189055
25.672,0.00212194944809451
25.728,0.00212477592530169
25.784,0.00212759761570319
25.84,0.00213041453144881
25.896,0.00213322668464728
25.952,0.00213603408736644
26.008,0.00213883675163337
26.064,0.0021416346894346
26.12,0.00214442791271624
26.176,0.00214721643338421
26.232,0.00215000026330435
26.288,0.00215277941430263
26.344,0.00215555389816528
26.4,0.00215832372663899
26.456,0.00216108891143107
26.512,0.00216384946420959
26.568,0.00216660539660358
26.624,0.00216935672020315
26.68,0.00217210344655971
26.736,0.00217484558718608
26.792,0.00217758315355666
26.848,0.00218031615710763
26.904,0.00218304460923705
26.96,0.00218576852130507
27.016,0.00218848790463406
27.072,0.00219120277050875
27.128,0.00219391313017645
27.184,0.00219661899484712
27.24,0.0021993203756936
27.296,0.00220201728385172
27.352,0.00220470973042047
27.408,0.00220739772646214
27.464,0.00221008128300249
27.52,0.00221276041103087
27.576,0.00221543512150042
27.632,0.00221810542532816
27.688,0.00222077133339518
27.744,0.00222343285654678
27.8,0.0022260900055926
27.856,0.00222874279130679
27.912,0.00223139122442814
27.968,0.00223403531566023
28.024,0.00223667507567157
28.08,0.00223931051509576
28.136,0.00224194164453159
28.192,0.00224456847454325
28.248,0.00224719101566041
28.304,0.00224980927837838
28.36,0.00225242327315826
28.416,0.0022550330104271
28.472,0.00225763850057796
28.528,0.00226023975397014
28.584,0.00226283678092926
28.64,0.00226542959174743
28.696,0.00226801819668334
28.752,0.00227060260596245
28.808,0.0022731828297771
28.864,0.00227575887828663
28.92,0.00227833076161753
28.976,0.00228089848986357
29.032,0.00228346207308595
29.088,0.00228602152131338
29.144,0.00228857684454227
29.2,0.00229112805273683
29.256,0.00229367515582919
29.312,0.00229621816371956
29.368,0.00229875708627633
29.424,0.0023012919333362
29.48,0.00230382271470434
29.536,0.00230634944015447
29.592,0.00230887211942902
29.648,0.00231139076223924
29.704,0.00231390537826532
29.76,0.00231641597715653
29.816,0.00231892256853133
29.872,0.0023214251619775
29.928,0.00232392376705227
29.984,0.00232641839328241
30.04,0.00232890905016439
30.096,0.00233139574716447
30.152,0.00233387849371885
30.208,0.00233635729923377
30.264,0.00233883217308561
30.32,0.00234130312462104
30.376,0.00234377016315715
30.432,0.00234623329798152
30.488,0.00234869253835236
30.544,0.00235114789349864
30.6,0.00235359937262018
30.656,0.00235604698488779
30.712,0.00235849073944335
30.768,0.00236093064539998
30.824,0.00236336671184209
30.88,0.00236579894782553
30.936,0.00236822736237769
30.992,0.00237065196449763
31.048,0.00237307276315615
31.104,0.00237548976729595
31.16,0.00237790298583171
31.216,0.00238031242765021
31.272,0.00238271810161043
31.328,0.00238512001654367
31.384,0.00238751818125364
31.44,0.0023899126045166
31.496,0.00239230329508143
31.552,0.00239469026166977
31.608,0.00239707351297609
31.664,0.00239945305766783
31.72,0.00240182890438549
31.776,0.00240420106174272
31.832,0.00240656953832646
31.888,0.00240893434269702
31.944,0.00241129548338816
32,0.00241365296890725
