"ResDensity","N_TraitValue"
1,0.000176044561602929
1.046,0.000183651580795337
1.092,0.000191218138461118
1.138,0.000198744556564639
1.184,0.000206231153663349
1.23,0.000213678244952724
1.276,0.000221086142310501
1.322,0.000228455154340219
1.368,0.000235785586414069
1.414,0.000243077740715083
1.46,0.000250331916278654
1.506,0.000257548409033413
1.552,0.000264727511841474
1.598,0.00027186951453805
1.644,0.000278974703970456
1.69,0.000286043364036518
1.736,0.000293075775722379
1.782,0.000300072217139737
1.828,0.000307032963562506
1.874,0.000313958287462919
1.92,0.000320848458547078
1.966,0.000327703743789973
2.012,0.000334524407469963
2.058,0.000341310711202732
2.104,0.000348062913974747
2.15,0.000354781272176199
2.196,0.000361466039633457
2.242,0.000368117467641034
2.288,0.00037473580499308
2.334,0.000381321298014397
2.38,0.000387874190591007
2.426,0.000394394724200252
2.472,0.000400883137940461
2.518,0.000407339668560176
2.564,0.000413764550486942
2.61,0.000420158015855686
2.656,0.000426520294536675
2.702,0.00043285161416306
2.748,0.00043915220015803
2.794,0.000445422275761565
2.84,0.000451662062056801
2.886,0.000457871777996016
2.932,0.000464051640426241
2.978,0.000470201864114502
3.024,0.0004763226617727
3.07,0.000482414244082132
3.116,0.000488476819717669
3.162,0.000494510595371578
3.208,0.000500515775777018
3.254,0.000506492563731194
3.3,0.000512441160118184
3.346,0.00051836176393145
3.392,0.000524254572296025
3.438,0.00053011978049039
3.484,0.000535957581968049
3.53,0.000541768168378793
3.576,0.00054755172958968
3.622,0.000553308453705707
3.668,0.000559038527090213
3.714,0.000564742134384982
3.76,0.000570419458530079
3.806,0.000576070680783414
3.852,0.000581695980740022
3.898,0.000587295536351099
3.944,0.00059286952394276
3.99,0.00059841811823455
4.036,0.0006039414923577
4.082,0.000609439817873133
4.128,0.000614913264789229
4.174,0.000620362001579348
4.22,0.000625786195199111
4.266,0.000631186011103461
4.312,0.000636561613263477
4.358,0.000641913164182981
4.404,0.000647240824914904
4.45,0.000652544755077449
4.496,0.00065782511287003
4.542,0.000663082055089001
4.588,0.000668315737143174
4.634,0.000673526313069137
4.68,0.000678713935546364
4.726,0.00068387875591213
4.772,0.000689020924176226
4.818,0.000694140589035481
4.864,0.000699237897888099
4.91,0.000704312996847801
4.956,0.000709366030757792
5.002,0.000714397143204532
5.048,0.000719406476531347
5.094,0.000724394171851843
5.14,0.000729360369063166
5.186,0.000734305206859076
5.232,0.000739228822742861
5.278,0.000744131353040083
5.324,0.000749012932911156
5.37,0.000753873696363776
5.416,0.000758713776265172
5.462,0.000763533304354224
5.508,0.000768332411253408
5.554,0.000773111226480599
5.6,0.000777869878460723
5.646,0.000782608494537262
5.692,0.000787327200983613
5.738,0.000792026123014303
5.784,0.000796705384796067
5.83,0.000801365109458784
5.876,0.000806005419106276
5.922,0.000810626434826977
5.968,0.000815228276704462
6.014,0.000819811063827852
6.06,0.000824374914302084
6.106,0.000828919945258062
6.152,0.00083344627286267
6.198,0.000837954012328676
6.244,0.000842443277924506
6.29,0.000846914182983897
6.336,0.000851366839915438
6.382,0.000855801360211987
6.428,0.00086021785445998
6.474,0.000864616432348622
6.52,0.000868997202678971
6.566,0.000873360273372903
6.612,0.000877705751481981
6.658,0.000882033743196207
6.704,0.000886344353852672
6.75,0.000890637687944103
6.796,0.000894913849127306
6.842,0.000899172940231507
6.888,0.0009034150632666
6.934,0.000907640319431281
6.98,0.000911848809121108
7.026,0.000916040631936442
7.072,0.000920215886690311
7.118,0.00092437467141617
7.164,0.000928517083375578
7.21,0.000932643219065778
7.256,0.000936753174227189
7.302,0.000940847043850814
7.348,0.000944924922185557
7.394,0.000948986902745454
7.44,0.000953033078316824
7.486,0.000957063540965333
7.532,0.000961078382042976
7.578,0.000965077692194983
7.624,0.000969061561366632
7.67,0.000973030078810004
7.716,0.000976983333090638
7.762,0.000980921412094123
7.808,0.000984844403032615
7.854,0.000988752392451268
7.9,0.000992645466234604
7.946,0.000996523709612799
7.992,0.00100038720716791
8.038,0.00100423604284002
8.084,0.00100807029993331
8.13,0.00101189006112209
8.176,0.00101569540845671
8.222,0.00101948642336947
8.268,0.00102326318668041
8.314,0.00102702577860303
8.36,0.00103077427875003
8.406,0.00103450876613887
8.452,0.00103822931919733
8.498,0.00104193601576903
8.544,0.00104562893311885
8.59,0.00104930814793825
8.636,0.00105297373635065
8.682,0.00105662577391665
8.728,0.0010602643356392
8.774,0.00106388949596876
8.82,0.00106750132880839
8.866,0.00107109990751873
8.912,0.00107468530492301
8.958,0.00107825759331194
9.004,0.00108181684444857
9.05,0.00108536312957309
9.096,0.00108889651940761
9.142,0.00109241708416082
9.188,0.00109592489353268
9.234,0.00109942001671901
9.28,0.001102902522416
9.326,0.00110637247882477
9.372,0.0011098299536558
9.418,0.0011132750141333
9.464,0.00111670772699963
9.51,0.00112012815851956
9.556,0.00112353637448454
9.602,0.00112693244021696
9.648,0.00113031642057426
9.694,0.00113368837995311
9.74,0.00113704838229347
9.786,0.00114039649108265
9.832,0.00114373276935927
9.878,0.00114705727971726
9.924,0.00115037008430977
9.97,0.001153671244853
10.016,0.00115696082263009
10.062,0.00116023887849488
10.108,0.00116350547287564
10.154,0.00116676066577886
10.2,0.00117000451679284
10.246,0.00117323708509136
10.292,0.00117645842943731
10.338,0.0011796686081862
10.384,0.00118286767928969
10.43,0.00118605570029912
10.476,0.00118923272836892
10.522,0.00119239882026003
10.568,0.00119555403234331
10.614,0.00119869842060285
10.66,0.00120183204063929
10.706,0.00120495494767312
10.752,0.00120806719654789
10.798,0.00121116884173344
10.844,0.00121425993732908
10.89,0.00121734053706674
10.936,0.00122041069431405
10.982,0.00122347046207746
11.028,0.00122651989300528
11.074,0.00122955903939067
11.12,0.0012325879531747
11.166,0.00123560668594921
11.212,0.00123861528895984
11.258,0.00124161381310885
11.304,0.00124460230895805
11.35,0.0012475808267316
11.396,0.00125054941631883
11.442,0.00125350812727705
11.488,0.0012564570088343
11.534,0.00125939610989206
11.58,0.00126232547902795
11.626,0.00126524516449846
11.672,0.00126815521424153
11.718,0.00127105567587922
11.764,0.00127394659672029
11.81,0.00127682802376278
11.856,0.00127970000369654
11.902,0.00128256258290578
11.948,0.00128541580747154
11.994,0.00128825972317419
12.04,0.00129109437549583
12.086,0.00129391980962279
12.132,0.00129673607044796
12.178,0.00129954320257319
12.224,0.00130234125031168
12.27,0.00130513025769026
12.316,0.00130791026845172
12.362,0.00131068132605712
12.408,0.00131344347368801
12.454,0.00131619675424871
12.5,0.00131894121036852
12.546,0.00132167688440389
12.592,0.00132440381844067
12.638,0.00132712205429619
12.684,0.00132983163352146
12.73,0.00133253259740323
12.776,0.00133522498696615
12.822,0.00133790884297478
12.868,0.00134058420593572
12.914,0.00134325111609957
12.96,0.00134590961346301
13.006,0.00134855973777079
13.052,0.00135120152851765
13.098,0.00135383502495039
13.144,0.00135646026606972
13.19,0.00135907729063221
13.236,0.00136168613715223
13.282,0.00136428684390381
13.328,0.0013668794489225
13.374,0.00136946399000726
13.42,0.00137204050472228
13.466,0.00137460903039878
13.512,0.00137716960413684
13.558,0.0013797222628072
13.604,0.00138226704305296
13.65,0.00138480398129143
13.696,0.00138733311371578
13.742,0.00138985447629683
13.788,0.00139236810478469
13.834,0.00139487403471053
13.88,0.00139737230138815
13.926,0.00139986293991575
13.972,0.0014023459851775
14.018,0.00140482147184518
14.064,0.00140728943437981
14.11,0.00140974990703325
14.156,0.00141220292384978
14.202,0.00141464851866764
14.248,0.00141708672512065
14.294,0.00141951757663969
14.34,0.00142194110645425
14.386,0.00142435734759397
14.432,0.0014267663328901
14.478,0.001429168094977
14.524,0.00143156266629364
14.57,0.00143395007908502
14.616,0.00143633036540364
14.662,0.00143870355711094
14.708,0.00144106968587869
14.754,0.00144342878319045
14.8,0.00144578088034292
14.846,0.00144812600844734
14.892,0.00145046419843087
14.938,0.00145279548103794
14.984,0.0014551198868316
15.03,0.00145743744619485
15.076,0.001459748189332
15.122,0.0014620521462699
15.168,0.00146434934685934
15.214,0.00146663982077626
15.26,0.00146892359752308
15.306,0.00147120070642994
15.352,0.00147347117665595
15.398,0.00147573503719046
15.444,0.00147799231685428
15.49,0.0014802430443009
15.536,0.00148248724801771
15.582,0.00148472495632719
15.628,0.00148695619738811
15.674,0.00148918099919672
15.72,0.00149139938958789
15.766,0.00149361139623633
15.812,0.00149581704665766
15.858,0.00149801636820963
15.904,0.00150020938809318
15.95,0.00150239613335363
15.996,0.00150457663088173
16.042,0.00150675090741482
16.088,0.00150891898953786
16.134,0.00151108090368458
16.18,0.00151323667613849
16.226,0.001515386333034
16.272,0.00151752990035743
16.318,0.00151966740394811
16.364,0.00152179886949937
16.41,0.00152392432255957
16.456,0.00152604378853317
16.502,0.00152815729268169
16.548,0.00153026486012475
16.594,0.00153236651584102
16.64,0.00153446228466928
16.686,0.0015365521913093
16.732,0.00153863626032291
16.778,0.00154071451613491
16.824,0.001542786983034
16.87,0.00154485368517379
16.916,0.00154691464657369
16.962,0.00154896989111987
17.008,0.00155101944256615
17.054,0.00155306332453495
17.1,0.00155510156051817
17.146,0.00155713417387811
17.192,0.00155916118784836
17.238,0.00156118262553466
17.284,0.0015631985099158
17.33,0.00156520886384452
17.376,0.00156721371004831
17.422,0.0015692130711303
17.468,0.00157120696957012
17.514,0.00157319542772472
17.56,0.00157517846782922
17.606,0.00157715611199775
17.652,0.00157912838222422
17.698,0.00158109530038321
17.744,0.00158305688823072
17.79,0.00158501316740499
17.836,0.00158696415942732
17.882,0.00158890988570281
17.928,0.0015908503675212
17.974,0.00159278562605758
18.02,0.00159471568237323
18.066,0.00159664055741633
18.112,0.00159856027202277
18.158,0.00160047484691682
18.204,0.00160238430271198
18.25,0.00160428865991164
18.296,0.00160618793890983
18.342,0.00160808215999198
18.388,0.00160997134333561
18.434,0.00161185550901106
18.48,0.0016137346769822
18.526,0.00161560886710712
18.572,0.00161747809913887
18.618,0.00161934239272609
18.664,0.00162120176741376
18.71,0.00162305624264386
18.756,0.00162490583775602
18.802,0.00162675057198825
18.848,0.00162859046447756
18.894,0.00163042553426062
18.94,0.00163225580027446
18.986,0.00163408128135709
19.032,0.00163590199624813
19.078,0.00163771796358949
19.124,0.001639529201926
19.17,0.001641335729706
19.216,0.00164313756528201
19.262,0.00164493472691134
19.308,0.00164672723275671
19.354,0.00164851510088684
19.4,0.00165029834927708
19.446,0.00165207699581001
19.492,0.00165385105827603
19.538,0.00165562055437396
19.584,0.00165738550171161
19.63,0.00165914591780639
19.676,0.00166090182008589
19.722,0.00166265322588843
19.768,0.00166440015246364
19.814,0.00166614261697304
19.86,0.0016678806364906
19.906,0.00166961422800326
19.952,0.00167134340841155
19.998,0.00167306819453008
20.044,0.00167478860308812
20.09,0.00167650465073011
20.136,0.00167821635401625
20.182,0.00167992372942297
20.228,0.00168162679334348
20.274,0.00168332556208834
20.32,0.0016850200518859
20.366,0.00168671027888289
20.412,0.00168839625914489
20.458,0.00169007800865683
20.504,0.00169175554332356
20.55,0.00169342887897028
20.596,0.00169509803134306
20.642,0.00169676301610936
20.688,0.00169842384885849
20.734,0.00170008054510209
20.78,0.00170173312027465
20.826,0.00170338158973396
20.872,0.00170502596876159
20.918,0.00170666627256339
20.964,0.00170830251626989
21.01,0.00170993471493686
21.056,0.00171156288354567
21.102,0.00171318703700386
21.148,0.00171480719014547
21.194,0.00171642335773161
21.24,0.00171803555445084
21.286,0.0017196437949196
21.332,0.00172124809368272
21.378,0.00172284846521382
21.424,0.00172444492391571
21.47,0.00172603748412088
21.516,0.00172762616009193
21.562,0.00172921096602192
21.608,0.00173079191603489
21.654,0.00173236902418621
21.7,0.00173394230446304
21.746,0.0017355117707847
21.792,0.00173707743700312
21.838,0.00173863931690324
21.884,0.00174019742420339
21.93,0.00174175177255572
21.976,0.00174330237554659
22.022,0.00174484924669695
22.068,0.00174639239946275
22.114,0.00174793184723534
22.16,0.00174946760334183
22.206,0.00175099968104549
22.252,0.00175252809354614
22.298,0.00175405285398051
22.344,0.00175557397542263
22.39,0.00175709147088419
22.436,0.00175860535331494
22.482,0.00176011563560302
22.528,0.00176162233057536
22.574,0.00176312545099801
22.62,0.00176462500957652
22.666,0.00176612101895633
22.712,0.00176761349172304
22.758,0.00176910244040285
22.804,0.00177058787746287
22.85,0.00177206981531147
22.896,0.00177354826629861
22.942,0.00177502324271623
22.988,0.00177649475679856
23.034,0.00177796282072243
23.08,0.00177942744660768
23.126,0.00178088864651741
23.172,0.00178234643245837
23.218,0.00178380081638128
23.264,0.00178525181018113
23.31,0.00178669942569753
23.356,0.001788143674715
23.402,0.00178958456896336
23.448,0.00179102212011795
23.494,0.00179245633980002
23.54,0.00179388723957703
23.586,0.00179531483096292
23.632,0.00179673912541847
23.678,0.00179816013435159
23.724,0.00179957786911759
23.77,0.00180099234101954
23.816,0.00180240356130854
23.862,0.00180381154118401
23.908,0.001805216291794
23.954,0.00180661782423549
24,0.00180801614955466
