"ResDensity","N_TraitValue"
0.01294,0.26802127279085
0.01445608,0.283681774299819
0.01597216,0.297777890587313
0.01748824,0.310532878964757
0.01900432,0.32212944374093
0.0205204,0.332718543940978
0.02203648,0.342426001046814
0.02355256,0.351357522228905
0.02506864,0.35960256531895
0.02658472,0.367237345576308
0.0281008,0.374327198636764
0.02961688,0.380928454933907
0.03113296,0.387089939502029
0.03264904,0.392854181693782
0.03416512,0.398258398226535
0.0356812,0.403335297608253
0.03719728,0.408113742694678
0.03871336,0.412619299734316
0.04022944,0.416874695959994
0.04174552,0.420900203019048
0.0432616,0.424713959895796
0.04477768,0.428332246180727
0.04629376,0.431769714371115
0.04780984,0.435039588194061
0.04932592,0.438153832612021
0.050842,0.441123300118369
0.05235808,0.443957857093215
0.05387416,0.446666493319743
0.05539024,0.449257417222414
0.05690632,0.45173813895261
0.0584224,0.454115543093166
0.05993848,0.456395952464189
0.06145456,0.458585184275414
0.06297064,0.460688599675177
0.06448672,0.462711147584528
0.0660028,0.464657403570984
0.06751888,0.466531604404678
0.06903496,0.468337678846211
0.07055104,0.47007927513705
0.07206712,0.471759785597285
0.0735832,0.473382368679724
0.07509928,0.474949968782004
0.07661536,0.4764653340782
0.07813144,0.47793103259711
0.07964752,0.479349466745116
0.0811636,0.480722886446378
0.08267968,0.482053401051551
0.08419576,0.483342990147586
0.08571184,0.484593513385151
0.08722792,0.485806719426251
0.088744,0.48698425410261
0.09026008,0.48812766786484
0.09177616,0.489238422593307
0.09329224,0.490317897833605
0.09480832,0.491367396512555
0.0963244,0.492388150184538
0.09784048,0.493381323852575
0.09935656,0.494348020403815
0.10087264,0.495289284694973
0.10238872,0.496206107319491
0.1039048,0.497099428085006
0.10542088,0.497970139226777
0.10693696,0.498819088380165
0.10845304,0.499647081332993
0.10996912,0.500454884576562
0.1114852,0.501243227672301
0.11300128,0.502012805449422
0.11451736,0.502764280047478
0.11603344,0.503498282816453
0.11754952,0.504215416085846
0.1190656,0.504916254813162
0.12058168,0.505601348121301
0.12209776,0.506271220733467
0.12361384,0.506926374313506
0.12512992,0.507567288718835
0.126646,0.508194423172565
0.12816208,0.508808217360823
0.12967816,0.509409092460783
0.13119424,0.509997452104459
0.13271032,0.510573683282898
0.1342264,0.511138157195025
0.13574248,0.511691230045052
0.13725856,0.512233243792054
0.13877464,0.512764526855028
0.14029072,0.513285394776478
0.1418068,0.513796150847366
0.14332288,0.514297086696001
0.14483896,0.514788482843295
0.14635504,0.515270609226591
0.14787112,0.515743725694123
0.1493872,0.516208082472011
0.15090328,0.516663920605561
0.15241936,0.517111472376489
0.15393544,0.517550961697604
0.15545152,0.517982604486348
0.1569676,0.518406609018508
0.15848368,0.518823176263312
0.15999976,0.519232500201047
0.16151584,0.519634768124255
0.16303192,0.520030160923475
0.164548,0.520418853358471
0.16606408,0.52080101431578
0.16758016,0.521176807053386
0.16909624,0.521546389433262
0.17061232,0.521909914142486
0.1721284,0.522267528903557
0.17364448,0.522619376674552
0.17516056,0.522965595839669
0.17667664,0.523306320390698
0.17819272,0.523641680099923
0.1797088,0.523971800684917
0.18122488,0.524296803965678
0.18274096,0.52461680801451
0.18425704,0.524931927299041
0.18577312,0.525242272818742
0.1872892,0.52554795223529
0.18880528,0.525849069997088
0.19032136,0.526145727458263
0.19183744,0.526438022992401
0.19335352,0.526726052101315
0.1948696,0.527009907519077
0.19638568,0.527289679311559
0.19790176,0.527565454971715
0.19941784,0.527837319510804
0.20093392,0.52810535554576
0.20245,0.528369643382898
0.20396608,0.528630261098132
0.20548216,0.528887284613873
0.20699824,0.52914078777277
0.20851432,0.529390842408439
0.2100304,0.529637518413326
0.21154648,0.529880883803837
0.21306256,0.530121004782865
0.21457864,0.530357945799832
0.21609472,0.53059176960836
0.2176108,0.530822537321679
0.21912688,0.531050308465886
0.22064296,0.531275141031127
0.22215904,0.531497091520828
0.22367512,0.531716214999031
0.2251912,0.531932565135938
0.22670728,0.53214619425174
0.22822336,0.532357153358795
0.22973944,0.532565492202244
0.23125552,0.532771259299111
0.2327716,0.532974501975976
0.23428768,0.53317526640526
0.23580376,0.533373597640199
0.23731984,0.533569539648546
0.23883592,0.53376313534507
0.240352,0.533954426622888
0.24186808,0.534143454383691
0.24338416,0.534330258566894
0.24490024,0.534514878177776
0.24641632,0.534697351314628
0.2479324,0.534877715194964
0.24944848,0.535056006180827
0.25096456,0.53523225980323
0.25248064,0.535406510785758
0.25399672,0.535578793067381
0.2555128,0.535749139824482
0.25702888,0.535917583492163
0.25854496,0.536084155784831
0.26006104,0.536248887716104
0.26157712,0.536411809618062
0.2630932,0.536572951159866
0.26460928,0.53673234136577
0.26612536,0.536890008632547
0.26764144,0.537045980746359
0.26915752,0.537200284899078
0.2706736,0.537352947704092
0.27218968,0.537503995211604
0.27370576,0.537653452923455
0.27522184,0.537801345807476
0.27673792,0.53794769831139
0.278254,0.53809253437629
0.27977008,0.53823587744969
0.28128616,0.538377750498184
0.28280224,0.538518176019711
0.28431832,0.538657176055444
0.2858344,0.538794772201335
0.28735048,0.538930985619286
0.28886656,0.53906583704801
0.29038264,0.539199346813553
0.29189872,0.539331534839504
0.2934148,0.539462420656915
0.29493088,0.539592023413912
0.29644696,0.53972036188504
0.29796304,0.539847454480327
0.29947912,0.539973319254088
0.3009952,0.540097973913475
0.30251128,0.540221435826782
0.30402736,0.540343722031513
0.30554344,0.540464849242215
0.30705952,0.540584833858103
0.3085756,0.540703691970453
0.31009168,0.540821439369799
0.31160776,0.540938091552928
0.31312384,0.541053663729679
0.31463992,0.54116817082955
0.316156,0.541281627508131
0.31767208,0.541394048153357
0.31918816,0.541505446891589
0.32070424,0.541615837593532
0.32222032,0.541725233879991
0.3237364,0.541833649127476
0.32525248,0.541941096473654
0.32676856,0.542047588822656
0.32828464,0.54215313885024
0.32980072,0.542257759008826
0.3313168,0.54236146153239
0.33283288,0.542464258441235
0.33434896,0.542566161546634
0.33586504,0.542667182455353
0.33738112,0.542767332574062
0.3388972,0.542866623113626
0.34041328,0.542965065093288
0.34192936,0.543062669344745
0.34344544,0.543159446516125
0.34496152,0.543255407075857
0.3464776,0.543350561316442
0.34799368,0.543444919358142
0.34950976,0.543538491152559
0.35102584,0.54363128648614
0.35254192,0.543723314983586
0.354058,0.54381458611118
0.35557408,0.543905109180035
0.35709016,0.543994893349257
0.35860624,0.544083947629038
0.36012232,0.544172280883669
0.3616384,0.544259901834479
0.36315448,0.544346819062708
0.36467056,0.544433041012308
0.36618664,0.544518575992678
0.36770272,0.544603432181332
0.3692188,0.544687617626508
0.37073488,0.544771140249707
0.37225096,0.544854007848184
0.37376704,0.544936228097374
0.37528312,0.545017808553255
0.3767992,0.545098756654672
0.37831528,0.545179079725592
0.37983136,0.545258784977314
0.38134744,0.54533787951063
0.38286352,0.545416370317931
0.3843796,0.545494264285267
0.38589568,0.545571568194364
0.38741176,0.545648288724591
0.38892784,0.545724432454882
0.39044392,0.545800005865617
0.39196,0.545875015340466
0.39347608,0.545949467168177
0.39499216,0.546023367544341
0.39650824,0.54609672257311
0.39802432,0.546169538268872
0.3995404,0.546241820557902
0.40105648,0.546313575279968
0.40257256,0.546384808189898
0.40408864,0.546455524959126
0.40560472,0.546525731177195
0.4071208,0.546595432353228
0.40863688,0.54666463391737
0.41015296,0.546733341222198
0.41166904,0.546801559544103
0.41318512,0.546869294084638
0.4147012,0.546936549971842
0.41621728,0.547003332261532
0.41773336,0.547069645938575
0.41924944,0.54713549591812
0.42076552,0.547200887046822
0.4222816,0.547265824104022
0.42379768,0.54733031180292
0.42531376,0.547394354791707
0.42682984,0.547457957654689
0.42834592,0.547521124913376
0.429862,0.547583861027558
0.43137808,0.547646170396348
0.43289416,0.547708057359219
0.43441024,0.547769526197002
0.43592632,0.547830581132881
0.4374424,0.547891226333356
0.43895848,0.547951465909192
0.44047456,0.548011303916348
0.44199064,0.548070744356886
0.44350672,0.548129791179866
0.4450228,0.548188448282216
0.44653888,0.548246719509595
0.44805496,0.54830460865723
0.44957104,0.54836211947074
0.45108712,0.548419255646945
0.4526032,0.548476020834656
0.45411928,0.548532418635457
0.45563536,0.548588452604461
0.45715144,0.548644126251058
0.45866752,0.54869944303965
0.4601836,0.54875440639037
0.46169968,0.548809019679784
0.46321576,0.548863286241583
0.46473184,0.548917209367264
0.46624792,0.548970792306792
0.467764,0.549024038269256
0.46928008,0.549076950423508
0.47079616,0.549129531898791
0.47231224,0.549181785785359
0.47382832,0.549233715135078
0.4753444,0.549285322962025
0.47686048,0.549336612243065
0.47837656,0.549387585918431
0.47989264,0.549438246892279
0.48140872,0.549488598033244
0.4829248,0.549538642174979
0.48444088,0.549588382116689
0.48595696,0.54963782062365
0.48747304,0.549686960427722
0.48898912,0.549735804227856
0.4905052,0.549784354690583
0.49202128,0.549832614450503
0.49353736,0.549880586110758
0.49505344,0.549928272243505
0.49656952,0.54997567539037
0.4980856,0.550022798062905
0.49960168,0.550069642743027
0.50111776,0.550116211883457
0.50263384,0.550162507908147
0.50414992,0.550208533212699
0.505666,0.550254290164782
0.50718208,0.550299781104533
0.50869816,0.550345008344961
0.51021424,0.550389974172336
0.51173032,0.550434680846573
0.5132464,0.550479130601615
0.51476248,0.550523325645802
0.51627856,0.550567268162237
0.51779464,0.550610960309146
0.51931072,0.550654404220231
0.5208268,0.550697602005018
0.52234288,0.550740555749197
0.52385896,0.550783267514961
0.52537504,0.55082573934133
0.52689112,0.550867973244482
0.5284072,0.550909971218068
0.52992328,0.550951735233529
0.53143936,0.550993267240399
0.53295544,0.551034569166614
0.53447152,0.551075642918808
0.5359876,0.551116490382606
0.53750368,0.551157113422914
0.53901976,0.551197513884199
0.54053584,0.551237693590775
0.54205192,0.551277654347072
0.543568,0.551317397937906
0.54508408,0.551356926128748
0.54660016,0.551396240665985
0.54811624,0.551435343277175
0.54963232,0.551474235671301
0.5511484,0.55151291953902
0.55266448,0.55155139655291
0.55418056,0.551589668367705
0.55569664,0.551627736620542
0.55721272,0.551665602931184
0.5587288,0.551703268902257
0.56024488,0.551740736119474
0.56176096,0.551778006151856
0.56327704,0.551815080551953
0.56479312,0.551851960856059
0.5663092,0.551888648584422
0.56782528,0.551925145241458
0.56934136,0.551961452315952
0.57085744,0.551997571281262
0.57237352,0.552033503595518
0.5738896,0.552069250701821
0.57540568,0.552104814028429
0.57692176,0.552140194988957
0.57843784,0.552175394982557
0.57995392,0.552210415394103
0.58147,0.552245257594378
0.58298608,0.552279922940246
0.58450216,0.552314412774834
0.58601824,0.5523487284277
0.58753432,0.552382871215009
0.5890504,0.552416842439698
0.59056648,0.552450643391642
0.59208256,0.552484275347819
0.59359864,0.55251773957247
0.59511472,0.552551037317256
0.5966308,0.552584169821416
0.59814688,0.552617138311919
0.59966296,0.552649944003618
0.60117904,0.552682588099397
0.60269512,0.552715071790317
0.6042112,0.552747396255765
0.60572728,0.552779562663593
0.60724336,0.55281157217026
0.60875944,0.552843425920971
0.61027552,0.552875125049813
0.6117916,0.552906670679888
0.61330768,0.55293806392345
0.61482376,0.552969305882031
0.61633984,0.553000397646574
0.61785592,0.553031340297555
0.619372,0.553062134905112
0.62088808,0.55309278252917
0.62240416,0.553123284219557
0.62392024,0.553153641016128
0.62543632,0.553183853948881
0.6269524,0.553213924038076
0.62846848,0.553243852294348
0.62998456,0.55327363971882
0.63150064,0.553303287303217
0.63301672,0.553332796029971
0.6345328,0.553362166872336
0.63604888,0.55339140079449
0.63756496,0.553420498751644
0.63908104,0.553449461690143
0.64059712,0.55347829054757
0.6421132,0.553506986252847
0.64362928,0.553535549726337
0.64514536,0.553563981879937
0.64666144,0.553592283617182
0.64817752,0.553620455833334
0.6496936,0.55364849941548
0.65120968,0.553676415242627
0.65272576,0.553704204185788
0.65424184,0.553731867108079
0.65575792,0.553759404864803
0.657274,0.553786818303542
0.65879008,0.553814108264243
0.66030616,0.553841275579301
0.66182224,0.553868321073648
0.66333832,0.553895245564834
0.6648544,0.55392204986311
0.66637048,0.553948734771507
0.66788656,0.553975301085921
0.66940264,0.554001749595187
0.67091872,0.554028081081163
0.6724348,0.5540542963188
0.67395088,0.554080396076222
0.67546696,0.554106381114803
0.67698304,0.554132252189236
0.67849912,0.554158010047609
0.6800152,0.55418365543148
0.68153128,0.554209189075939
0.68304736,0.55423461170969
0.68456344,0.554259924055112
0.68607952,0.554285126828329
0.6875956,0.554310220739279
0.68911168,0.554335206491782
0.69062776,0.554360084783602
0.69214384,0.554384856306514
0.69365992,0.554409521746369
0.695176,0.554434081783155
0.69669208,0.554458537091061
0.69820816,0.554482888338541
0.69972424,0.554507136188368
0.70124032,0.554531281297702
0.7027564,0.554555324318145
0.70427248,0.554579265895799
0.70578856,0.554603106671328
0.70730464,0.55462684728001
0.70882072,0.554650488351798
0.7103368,0.554674030511372
0.71185288,0.554697474378196
0.71336896,0.554720820566574
0.71488504,0.554744069685699
0.71640112,0.55476722233971
0.7179172,0.554790279127742
0.71943328,0.554813240643981
0.72094936,0.554836107477711
0.72246544,0.554858880213365
0.72398152,0.554881559430578
0.7254976,0.554904145704234
0.72701368,0.554926639604513
0.72852976,0.554949041696942
0.73004584,0.554971352542442
0.73156192,0.554993572697371
0.733078,0.555015702713575
0.73459408,0.555037743138433
0.73611016,0.555059694514898
0.73762624,0.555081557381546
0.73914232,0.55510333227262
0.7406584,0.555125019718069
0.74217448,0.555146620243598
0.74369056,0.555168134370702
0.74520664,0.555189562616715
0.74672272,0.555210905494851
0.7482388,0.555232163514239
0.74975488,0.55525333717997
0.75127096,0.555274426993133
0.75278704,0.555295433450857
0.75430312,0.555316357046349
0.7558192,0.555337198268932
0.75733528,0.555357957604085
0.75885136,0.555378635533478
0.76036744,0.555399232535011
0.76188352,0.555419749082852
0.7633996,0.555440185647471
0.76491568,0.555460542695675
0.76643176,0.555480820690649
0.76794784,0.555501020091985
0.76946392,0.555521141355721
0.77098,0.555541184934372
