"ResDensity","N_TraitValue"
1,6.77774683789901e-07
1.03,6.94161916016715e-07
1.06,7.10364934036716e-07
1.09,7.26386826706197e-07
1.12,7.42230614207757e-07
1.15,7.57899249948257e-07
1.18,7.73395622394178e-07
1.21,7.88722556846769e-07
1.24,8.03882817159291e-07
1.27,8.18879107398532e-07
1.3,8.33714073452712e-07
1.33,8.48390304587763e-07
1.36,8.62910334953923e-07
1.39,8.7727664504448e-07
1.42,8.91491663108428e-07
1.45,9.05557766518732e-07
1.48,9.19477283097806e-07
1.51,9.33252492401773e-07
1.54,9.46885626964991e-07
1.57,9.60378873506263e-07
1.6,9.73734374098106e-07
1.63,9.86954227300398e-07
1.66,1.00004048925965e-06
1.69,1.01299517477514e-06
1.72,1.025820258333e-06
1.75,1.03851767510949e-06
1.78,1.05108932194441e-06
1.81,1.06353705828573e-06
1.84,1.07586270710647e-06
1.87,1.08806805579468e-06
1.9,1.10015485701749e-06
1.93,1.11212482956019e-06
1.96,1.12397965914096e-06
1.99,1.13572099920229e-06
2.02,1.1473504716798e-06
2.05,1.15886966774911e-06
2.08,1.17028014855159e-06
2.11,1.18158344589971e-06
2.14,1.19278106296256e-06
2.17,1.2038744749322e-06
2.2,1.21486512967159e-06
2.23,1.22575444834449e-06
2.26,1.23654382602808e-06
2.29,1.24723463230882e-06
2.32,1.25782821186191e-06
2.35,1.26832588501522e-06
2.38,1.27872894829778e-06
2.41,1.28903867497365e-06
2.44,1.29925631556137e-06
2.47,1.30938309833966e-06
2.5,1.31942022983959e-06
2.53,1.32936889532381e-06
2.56,1.33923025925314e-06
2.59,1.3490054657409e-06
2.62,1.35869563899544e-06
2.65,1.36830188375114e-06
2.68,1.37782528568823e-06
2.71,1.38726691184185e-06
2.74,1.39662781100062e-06
2.77,1.40590901409494e-06
2.8,1.41511153457554e-06
2.83,1.42423636878235e-06
2.86,1.4332844963041e-06
2.89,1.4422568803289e-06
2.92,1.45115446798605e-06
2.95,1.45997819067928e-06
2.98,1.46872896441183e-06
3.01,1.47740769010342e-06
3.04,1.48601525389943e-06
3.07,1.49455252747256e-06
3.1,1.50302036831703e-06
3.13,1.51141962003578e-06
3.16,1.51975111262055e-06
3.19,1.52801566272534e-06
3.22,1.53621407393323e-06
3.25,1.54434713701686e-06
3.28,1.55241563019269e-06
3.31,1.56042031936922e-06
3.34,1.56836195838937e-06
3.37,1.57624128926712e-06
3.4,1.58405904241862e-06
3.43,1.59181593688793e-06
3.46,1.59951268056745e-06
3.49,1.60714997041331e-06
3.52,1.6147284926557e-06
3.55,1.62224892300447e-06
3.58,1.62971192684993e-06
3.61,1.6371181594591e-06
3.64,1.64446826616755e-06
3.67,1.65176288256676e-06
3.7,1.65900263468742e-06
3.73,1.66618813917848e-06
3.76,1.67332000348228e-06
3.79,1.68039882600566e-06
3.82,1.68742519628742e-06
3.85,1.69439969516193e-06
3.88,1.7013228949192e-06
3.91,1.70819535946145e-06
3.94,1.71501764445618e-06
3.97,1.72179029748594e-06
4,1.72851385819489e-06
4.03,1.73518885843207e-06
4.06,1.74181582239168e-06
4.09,1.74839526675033e-06
4.12,1.75492770080124e-06
4.15,1.76141362658576e-06
4.18,1.76785353902191e-06
4.21,1.77424792603031e-06
4.24,1.78059726865739e-06
4.27,1.78690204119605e-06
4.3,1.79316271130374e-06
4.33,1.79937974011812e-06
4.36,1.80555358237024e-06
4.39,1.81168468649547e-06
4.42,1.81777349474203e-06
4.45,1.82382044327737e-06
4.48,1.82982596229229e-06
4.51,1.83579047610297e-06
4.54,1.84171440325092e-06
4.57,1.84759815660087e-06
4.6,1.85344214343669e-06
4.63,1.85924676555538e-06
4.66,1.86501241935916e-06
4.69,1.87073949594568e-06
4.72,1.87642838119649e-06
4.75,1.88207945586371e-06
4.78,1.88769309565493e-06
4.81,1.89326967131654e-06
4.84,1.89880954871533e-06
4.87,1.90431308891846e-06
4.9,1.90978064827199e-06
4.93,1.91521257847772e-06
4.96,1.92060922666864e-06
4.99,1.92597093548287e-06
5.02,1.9312980431362e-06
5.05,1.93659088349315e-06
5.08,1.94184978613679e-06
5.11,1.94707507643712e-06
5.14,1.95226707561815e-06
5.17,1.95742610082378e-06
5.2,1.96255246518234e-06
5.23,1.96764647786996e-06
5.26,1.97270844417271e-06
5.29,1.97773866554761e-06
5.32,1.98273743968246e-06
5.35,1.98770506055458e-06
5.38,1.99264181848842e-06
5.41,1.99754800021215e-06
5.44,2.00242388891314e-06
5.47,2.00726976429249e-06
5.5,2.01208590261845e-06
5.53,2.01687257677901e-06
5.56,2.02163005633335e-06
5.59,2.02635860756252e-06
5.62,2.03105849351907e-06
5.65,2.03572997407586e-06
5.68,2.04037330597394e-06
5.71,2.04498874286962e-06
5.74,2.0495765353806e-06
5.77,2.0541369311314e-06
5.8,2.05867017479787e-06
5.83,2.06317650815096e-06
5.86,2.06765617009971e-06
5.89,2.07210939673347e-06
5.92,2.07653642136337e-06
5.95,2.08093747456307e-06
5.98,2.08531278420879e-06
6.01,2.08966257551864e-06
6.04,2.09398707109127e-06
6.07,2.09828649094386e-06
6.1,2.10256105254937e-06
6.13,2.10681097087329e-06
6.16,2.11103645840962e-06
6.19,2.11523772521631e-06
6.22,2.11941497895007e-06
6.25,2.12356842490057e-06
6.28,2.12769826602409e-06
6.31,2.13180470297655e-06
6.34,2.13588793414603e-06
6.37,2.13994815568474e-06
6.4,2.14398556154038e-06
6.43,2.14800034348706e-06
6.46,2.15199269115565e-06
6.49,2.15596279206364e-06
6.52,2.15991083164451e-06
6.55,2.16383699327657e-06
6.58,2.1677414583114e-06
6.61,2.17162440610173e-06
6.64,2.17548601402891e-06
6.67,2.17932645752997e-06
6.7,2.18314591012412e-06
6.73,2.18694454343891e-06
6.76,2.19072252723597e-06
6.79,2.19448002943624e-06
6.82,2.1982172161449e-06
6.85,2.20193425167582e-06
6.88,2.20563129857566e-06
6.91,2.20930851764754e-06
6.94,2.21296606797439e-06
6.97,2.21660410694185e-06
7,2.22022279026087e-06
7.03,2.22382227198994e-06
7.06,2.2274027045569e-06
7.09,2.23096423878054e-06
7.12,2.23450702389167e-06
7.15,2.23803120755408e-06
7.18,2.24153693588495e-06
7.21,2.24502435347514e-06
7.24,2.24849360340897e-06
7.27,2.25194482728388e-06
7.3,2.25537816522964e-06
7.33,2.25879375592735e-06
7.36,2.26219173662805e-06
7.39,2.26557224317121e-06
7.42,2.26893541000272e-06
7.45,2.2722813701928e-06
7.48,2.27561025545348e-06
7.51,2.27892219615597e-06
7.54,2.28221732134757e-06
7.57,2.28549575876855e-06
7.6,2.28875763486854e-06
7.63,2.29200307482289e-06
7.66,2.29523220254861e-06
7.69,2.29844514072019e-06
7.72,2.30164201078509e-06
7.75,2.3048229329791e-06
7.78,2.30798802634134e-06
7.81,2.31113740872919e-06
7.84,2.31427119683286e-06
7.87,2.31738950618981e-06
7.9,2.32049245119899e-06
7.93,2.32358014513478e-06
7.96,2.3266527001608e-06
7.99,2.3297102273435e-06
8.02,2.33275283666551e-06
8.05,2.33578063703886e-06
8.08,2.33879373631796e-06
8.11,2.34179224131242e-06
8.14,2.34477625779964e-06
8.17,2.34774589053728e-06
8.2,2.35070124327552e-06
8.23,2.35364241876911e-06
8.26,2.35656951878933e-06
8.29,2.35948264413567e-06
8.32,2.36238189464745e-06
8.35,2.36526736921519e-06
8.38,2.36813916579189e-06
8.41,2.37099738140407e-06
8.44,2.37384211216274e-06
8.47,2.37667345327416e-06
8.5,2.37949149905044e-06
8.53,2.38229634292003e-06
8.56,2.38508807743804e-06
8.59,2.38786679429646e-06
8.62,2.3906325843341e-06
8.65,2.39338553754661e-06
8.68,2.39612574309616e-06
8.71,2.39885328932107e-06
8.74,2.40156826374536e-06
8.77,2.40427075308804e-06
8.8,2.4069608432724e-06
8.83,2.40963861943509e-06
8.86,2.41230416593509e-06
8.89,2.41495756636261e-06
8.92,2.41759890354777e-06
8.95,2.42022825956929e-06
8.98,2.42284571576293e-06
9.01,2.42545135272989e-06
9.04,2.42804525034511e-06
9.07,2.43062748776542e-06
9.1,2.43319814343758e-06
9.13,2.43575729510622e-06
9.16,2.43830501982172e-06
9.19,2.44084139394789e-06
9.22,2.44336649316963e-06
9.25,2.44588039250043e-06
9.28,2.44838316628986e-06
9.31,2.45087488823082e-06
9.34,2.45335563136683e-06
9.37,2.45582546809915e-06
9.4,2.45828447019381e-06
9.43,2.46073270878859e-06
9.46,2.46317025439985e-06
9.49,2.46559717692933e-06
9.52,2.46801354567081e-06
9.55,2.47041942931669e-06
9.58,2.47281489596455e-06
9.61,2.47520001312355e-06
9.64,2.47757484772073e-06
9.67,2.47993946610735e-06
9.7,2.482293934065e-06
9.73,2.48463831681174e-06
9.76,2.48697267900811e-06
9.79,2.48929708476306e-06
9.82,2.49161159763986e-06
9.85,2.49391628066183e-06
9.88,2.49621119631814e-06
9.91,2.49849640656938e-06
9.94,2.50077197285319e-06
9.97,2.50303795608975e-06
10,2.50529441668719e-06
10.03,2.50754141454702e-06
10.06,2.50977900906937e-06
10.09,2.51200725915824e-06
10.12,2.5142262232267e-06
10.15,2.51643595920194e-06
10.18,2.51863652453038e-06
10.21,2.52082797618258e-06
10.24,2.5230103706582e-06
10.27,2.52518376399083e-06
10.3,2.5273482117528e-06
10.33,2.52950376905993e-06
10.36,2.53165049057618e-06
10.39,2.53378843051827e-06
10.42,2.53591764266029e-06
10.45,2.53803818033815e-06
10.48,2.54015009645406e-06
10.51,2.54225344348094e-06
10.54,2.54434827346676e-06
10.57,2.54643463803881e-06
10.6,2.54851258840797e-06
10.63,2.5505821753729e-06
10.66,2.55264344932414e-06
10.69,2.55469646024826e-06
10.72,2.55674125773184e-06
10.75,2.55877789096553e-06
10.78,2.56080640874791e-06
10.81,2.56282685948948e-06
10.84,2.56483929121643e-06
10.87,2.56684375157449e-06
10.9,2.5688402878327e-06
10.93,2.57082894688707e-06
10.96,2.57280977526432e-06
10.99,2.57478281912547e-06
11.02,2.57674812426941e-06
11.05,2.5787057361365e-06
11.08,2.58065569981202e-06
11.11,2.58259806002965e-06
11.14,2.58453286117488e-06
11.17,2.58646014728842e-06
11.2,2.58837996206953e-06
11.23,2.59029234887928e-06
11.26,2.59219735074389e-06
11.29,2.59409501035789e-06
11.32,2.59598537008734e-06
11.35,2.597868471973e-06
11.38,2.59974435773341e-06
11.41,2.60161306876798e-06
11.44,2.60347464616005e-06
11.47,2.60532913067991e-06
11.5,2.60717656278773e-06
11.53,2.60901698263655e-06
11.56,2.61085043007518e-06
11.59,2.61267694465104e-06
11.62,2.61449656561305e-06
11.65,2.61630933191443e-06
11.68,2.61811528221544e-06
11.71,2.6199144548862e-06
11.74,2.62170688800934e-06
11.77,2.62349261938273e-06
11.8,2.62527168652211e-06
11.83,2.62704412666373e-06
11.86,2.62880997676695e-06
11.89,2.63056927351682e-06
11.92,2.63232205332658e-06
11.95,2.63406835234022e-06
11.98,2.63580820643492e-06
12.01,2.63754165122356e-06
12.04,2.63926872205709e-06
12.07,2.64098945402699e-06
12.1,2.6427038819676e-06
12.13,2.64441204045849e-06
12.16,2.6461139638268e-06
12.19,2.64780968614951e-06
12.22,2.64949924125574e-06
12.25,2.65118266272899e-06
12.28,2.65285998390934e-06
12.31,2.65453123789571e-06
12.34,2.65619645754797e-06
12.37,2.65785567548916e-06
12.4,2.65950892410755e-06
12.43,2.6611562355588e-06
12.46,2.66279764176803e-06
12.49,2.66443317443189e-06
12.52,2.66606286502058e-06
12.55,2.66768674477986e-06
12.58,2.6693048447331e-06
12.61,2.67091719568321e-06
12.64,2.67252382821461e-06
12.67,2.67412477269514e-06
12.7,2.67572005927802e-06
12.73,2.6773097179037e-06
12.76,2.67889377830176e-06
12.79,2.68047226999276e-06
12.82,2.68204522229004e-06
12.85,2.68361266430159e-06
12.88,2.68517462493181e-06
12.91,2.68673113288328e-06
12.94,2.68828221665855e-06
12.97,2.68982790456186e-06
13,2.69136822470085e-06
13.03,2.69290320498829e-06
13.06,2.69443287314376e-06
13.09,2.69595725669529e-06
13.12,2.69747638298105e-06
13.15,2.69899027915096e-06
13.18,2.70049897216833e-06
13.21,2.70200248881143e-06
13.24,2.70350085567509e-06
13.27,2.70499409917229e-06
13.3,2.70648224553566e-06
13.33,2.70796532081907e-06
13.36,2.70944335089911e-06
13.39,2.71091636147664e-06
13.42,2.71238437807821e-06
13.45,2.71384742605762e-06
13.48,2.7153055305973e-06
13.51,2.71675871670982e-06
13.54,2.71820700923926e-06
13.57,2.7196504328627e-06
13.6,2.72108901209153e-06
13.63,2.72252277127292e-06
13.66,2.72395173459115e-06
13.69,2.72537592606897e-06
13.72,2.72679536956897e-06
13.75,2.72821008879489e-06
13.78,2.72962010729296e-06
13.81,2.73102544845317e-06
13.84,2.73242613551061e-06
13.87,2.73382219154672e-06
13.9,2.73521363949056e-06
13.93,2.73660050212007e-06
13.96,2.73798280206334e-06
13.99,2.73936056179979e-06
14.02,2.74073380366141e-06
14.05,2.74210254983398e-06
14.08,2.74346682235827e-06
14.11,2.74482664313117e-06
14.14,2.74618203390693e-06
14.17,2.74753301629829e-06
14.2,2.7488796117776e-06
14.23,2.75022184167802e-06
14.26,2.75155972719459e-06
14.29,2.75289328938537e-06
14.32,2.75422254917256e-06
14.35,2.75554752734356e-06
14.38,2.75686824455208e-06
14.41,2.75818472131918e-06
14.44,2.7594969780344e-06
14.47,2.76080503495673e-06
14.5,2.76210891221571e-06
14.53,2.76340862981245e-06
14.56,2.76470420762063e-06
14.59,2.76599566538755e-06
14.62,2.76728302273509e-06
14.65,2.76856629916074e-06
14.68,2.76984551403858e-06
14.71,2.77112068662023e-06
14.74,2.77239183603585e-06
14.77,2.77365898129505e-06
14.8,2.77492214128791e-06
14.83,2.77618133478584e-06
14.86,2.77743658044256e-06
14.89,2.77868789679499e-06
14.92,2.77993530226421e-06
14.95,2.7811788151563e-06
14.98,2.78241845366328e-06
15.01,2.78365423586401e-06
15.04,2.78488617972499e-06
15.07,2.78611430310134e-06
15.1,2.78733862373758e-06
15.13,2.78855915926851e-06
15.16,2.78977592722008e-06
15.19,2.79098894501017e-06
15.22,2.7921982299495e-06
15.25,2.79340379924239e-06
15.28,2.7946056699876e-06
15.31,2.79580385917915e-06
15.34,2.79699838370708e-06
15.37,2.7981892603583e-06
15.4,2.79937650581733e-06
15.43,2.80056013666711e-06
15.46,2.80174016938974e-06
15.49,2.80291662036728e-06
15.52,2.8040895058825e-06
15.55,2.80525884211959e-06
15.58,2.80642464516497e-06
15.61,2.80758693100798e-06
15.64,2.80874571554164e-06
15.67,2.80990101456333e-06
15.7,2.81105284377558e-06
15.73,2.8122012187867e-06
15.76,2.81334615511156e-06
15.79,2.81448766817224e-06
15.82,2.81562577329872e-06
15.85,2.8167604857296e-06
15.88,2.81789182061277e-06
15.91,2.81901979300605e-06
15.94,2.82014441787791e-06
15.97,2.8212657101081e-06
16,2.82238368448831e-06
