"ResDensity","N_TraitValue"
2,0.0412738266442806
2.046,0.0421909420760994
2.092,0.0431066605169318
2.138,0.0440209851562866
2.184,0.0449339191739709
2.23,0.0458454657401263
2.276,0.0467556280152661
2.322,0.0476644091503117
2.368,0.0485718122866289
2.414,0.049477840556064
2.46,0.05038249708098
2.506,0.0512857849742924
2.552,0.0521877073395051
2.598,0.0530882672707456
2.644,0.0539874678528004
2.69,0.0548853121611507
2.736,0.0557818032620069
2.782,0.0566769442123437
2.828,0.0575707380599352
2.874,0.0584631878433888
2.92,0.0593542965921801
2.966,0.0602440673266874
3.012,0.061132503058225
3.058,0.062019606789078
3.104,0.0629053815125357
3.15,0.0637898302129256
3.196,0.0646729558656463
3.242,0.0655547614372016
3.288,0.066435249885233
3.334,0.0673144241585535
3.38,0.0681922871971799
3.426,0.069068841932366
3.472,0.0699440912866349
3.518,0.0708180381738117
3.564,0.0716906854990557
3.61,0.0725620361588929
3.656,0.0734320930412474
3.702,0.074300859025474
3.748,0.0751683369823897
3.794,0.0760345297743051
3.84,0.0768994402550561
3.886,0.0777630712700354
3.932,0.0786254256562234
3.978,0.0794865062422192
4.024,0.0803463158482722
4.07,0.0812048572863118
4.116,0.0820621333599791
4.162,0.0829181468646568
4.208,0.0837729005874999
4.254,0.0846263973074654
4.3,0.0854786397953434
4.346,0.086329630813786
4.392,0.087179373117338
4.438,0.0880278694524662
4.484,0.0888751225575888
4.53,0.0897211351631056
4.576,0.0905659099914265
4.622,0.0914094497570012
4.668,0.092251757166348
4.714,0.0930928349180831
4.76,0.0939326857029491
4.806,0.0947713122038437
4.852,0.0956087170958485
4.898,0.0964449030462572
4.944,0.0972798727146041
4.99,0.0981136287526922
5.036,0.0989461738046213
5.082,0.099777510506816
5.128,0.100607641488053
5.174,0.101436569369491
5.22,0.102264296764693
5.266,0.103090826279662
5.312,0.10391616051286
5.358,0.10474030205524
5.404,0.105563253490273
5.45,0.106385017393973
5.496,0.107205596334925
5.542,0.108024992874312
5.588,0.108843209565942
5.634,0.109660248956271
5.68,0.110476113584436
5.726,0.111290805982276
5.772,0.112104328674358
5.818,0.112916684178007
5.864,0.11372787500333
5.91,0.114537903653241
5.956,0.115346772623486
6.002,0.116154484402672
6.048,0.11696104147229
6.094,0.117766446306741
6.14,0.11857070137336
6.186,0.119373809132445
6.232,0.120175772037276
6.278,0.120976592534148
6.324,0.121776273062388
6.37,0.122574816054383
6.416,0.123372223935608
6.462,0.124168499124644
6.508,0.124963644033208
6.554,0.125757661066173
6.6,0.126550552621598
6.646,0.127342321090745
6.692,0.128132968858108
6.738,0.128922498301437
6.784,0.129710911791757
6.83,0.130498211693398
6.876,0.131284400364015
6.922,0.132069480154613
6.968,0.132853453409567
7.014,0.13363632246665
7.06,0.134418089657056
7.106,0.135198757305419
7.152,0.135978327729838
7.198,0.136756803241903
7.244,0.137534186146713
7.29,0.138310478742902
7.336,0.139085683322661
7.382,0.139859802171759
7.428,0.140632837569568
7.474,0.141404791789083
7.52,0.142175667096947
7.566,0.142945465753469
7.612,0.143714190012652
7.658,0.144481842122208
7.704,0.145248424323586
7.75,0.14601393885199
7.796,0.146778387936403
7.842,0.147541773799608
7.888,0.148304098658208
7.934,0.14906536472265
7.98,0.149825574197244
8.026,0.150584729280185
8.072,0.151342832163577
8.118,0.152099885033448
8.164,0.152855890069779
8.21,0.153610849446516
8.256,0.154364765331599
8.302,0.155117639886978
8.348,0.155869475268633
8.394,0.1566202736266
8.44,0.157370037104984
8.486,0.158118767841986
8.532,0.158866467969921
8.578,0.159613139615235
8.624,0.160358784898531
8.67,0.161103405934585
8.716,0.161847004832366
8.762,0.162589583695059
8.808,0.163331144620082
8.854,0.164071689699106
8.9,0.164811221018075
8.946,0.165549740657228
8.992,0.166287250691115
9.038,0.167023753188617
9.084,0.167759250212967
9.13,0.168493743821769
9.176,0.169227236067015
9.222,0.169959728995107
9.268,0.170691224646874
9.314,0.171421725057592
9.36,0.172151232257003
9.406,0.172879748269332
9.452,0.173607275113308
9.498,0.174333814802183
9.544,0.175059369343746
9.59,0.175783940740348
9.636,0.176507530988916
9.682,0.177230142080971
9.728,0.177951776002651
9.774,0.178672434734723
9.82,0.179392120252606
9.866,0.180110834526387
9.912,0.180828579520838
9.958,0.181545357195437
10.004,0.182261169504381
10.05,0.18297601839661
10.096,0.18368990581582
10.142,0.18440283370048
10.188,0.185114803983854
10.234,0.185825818594016
10.28,0.186535879453865
10.326,0.187244988481149
10.372,0.187953147588473
10.418,0.188660358683324
10.464,0.189366623668085
10.51,0.190071944440052
10.556,0.190776322891453
10.602,0.19147976090946
10.648,0.192182260376212
10.694,0.192883823168827
10.74,0.193584451159423
10.786,0.194284146215129
10.832,0.194982910198109
10.878,0.19568074496557
10.924,0.196377652369786
10.97,0.19707363425811
11.016,0.197768692472991
11.062,0.198462828851993
11.108,0.199156045227807
11.154,0.19984834342827
11.2,0.20053972527638
11.246,0.201230192590311
11.292,0.201919747183433
11.338,0.202608390864322
11.384,0.203296125436782
11.43,0.203982952699853
11.476,0.204668874447837
11.522,0.205353892470303
11.568,0.20603800855211
11.614,0.206721224473419
11.66,0.207403542009711
11.706,0.208084962931798
11.752,0.208765489005844
11.798,0.209445121993375
11.844,0.210123863651299
11.89,0.210801715731915
11.936,0.211478679982936
11.982,0.212154758147498
12.028,0.212829951964175
12.074,0.213504263166999
12.12,0.214177693485468
12.166,0.214850244644568
12.212,0.215521918364782
12.258,0.216192716362105
12.304,0.216862640348064
12.35,0.217531692029726
12.396,0.218199873109717
12.442,0.218867185286233
12.488,0.219533630253059
12.534,0.220199209699578
12.58,0.220863925310789
12.626,0.221527778767319
12.672,0.22219077174544
12.718,0.222852905917079
12.764,0.223514182949837
12.81,0.224174604506997
12.856,0.224834172247545
12.902,0.225492887826178
12.948,0.226150752893319
12.994,0.226807769095135
13.04,0.227463938073545
13.086,0.228119261466236
13.132,0.228773740906679
13.178,0.229427378024139
13.224,0.23008017444369
13.27,0.230732131786228
13.316,0.231383251668486
13.362,0.232033535703045
13.408,0.232682985498349
13.454,0.233331602658718
13.5,0.233979388784361
13.546,0.234626345471389
13.592,0.235272474311826
13.638,0.235917776893629
13.684,0.236562254800692
13.73,0.237205909612865
13.776,0.237848742905966
13.822,0.238490756251791
13.868,0.23913195121813
13.914,0.23977232936878
13.96,0.240411892263553
14.006,0.241050641458294
14.052,0.241688578504892
14.098,0.242325704951292
14.144,0.242962022341506
14.19,0.243597532215629
14.236,0.244232236109849
14.282,0.24486613555646
14.328,0.245499232083874
14.374,0.246131527216634
14.42,0.246763022475425
14.466,0.247393719377088
14.512,0.248023619434631
14.558,0.24865272415724
14.604,0.249281035050294
14.65,0.249908553615375
14.696,0.250535281350278
14.742,0.251161219749029
14.788,0.25178637030189
14.834,0.252410734495375
14.88,0.253034313812261
14.926,0.253657109731599
14.972,0.254279123728726
15.018,0.254900357275276
15.064,0.255520811839194
15.11,0.256140488884745
15.156,0.256759389872526
15.202,0.257377516259479
15.248,0.257994869498901
15.294,0.258611451040455
15.34,0.259227262330183
15.386,0.259842304810515
15.432,0.260456579920283
15.478,0.261070089094732
15.524,0.261682833765526
15.57,0.262294815360767
15.616,0.262906035305001
15.662,0.263516495019229
15.708,0.264126195920923
15.754,0.264735139424029
15.8,0.265343326938984
15.846,0.265950759872727
15.892,0.266557439628705
15.938,0.267163367606888
15.984,0.267768545203778
16.03,0.268372973812423
16.076,0.268976654822421
16.122,0.269579589619937
16.168,0.270181779587711
16.214,0.270783226105067
16.26,0.271383930547929
16.306,0.271983894288825
16.352,0.272583118696899
16.398,0.273181605137928
16.444,0.273779354974321
16.49,0.274376369565139
16.536,0.2749726502661
16.582,0.275568198429594
16.628,0.276163015404686
16.674,0.276757102537132
16.72,0.277350461169389
16.766,0.277943092640623
16.812,0.278534998286718
16.858,0.279126179440289
16.904,0.279716637430692
16.95,0.28030637358403
16.996,0.280895389223167
17.042,0.281483685667738
17.088,0.282071264234156
17.134,0.282658126235622
17.18,0.283244272982137
17.226,0.283829705780513
17.272,0.284414425934377
17.318,0.284998434744185
17.364,0.285581733507233
17.41,0.286164323517661
17.456,0.286746206066469
17.502,0.287327382441521
17.548,0.287907853927559
17.594,0.288487621806209
17.64,0.289066687355993
17.686,0.289645051852336
17.732,0.290222716567578
17.778,0.290799682770981
17.824,0.29137595172874
17.87,0.291951524703991
17.916,0.292526402956821
17.962,0.293100587744276
18.008,0.293674080320373
18.054,0.294246881936106
18.1,0.294818993839457
18.146,0.295390417275403
18.192,0.295961153485929
18.238,0.296531203710031
18.284,0.297100569183732
18.33,0.297669251140084
18.376,0.298237250809183
18.422,0.298804569418174
18.468,0.299371208191261
18.514,0.299937168349715
18.56,0.300502451111885
18.606,0.301067057693203
18.652,0.301630989306198
18.698,0.3021942471605
18.744,0.30275683246285
18.79,0.303318746417109
18.836,0.303879990224268
18.882,0.304440565082453
18.928,0.305000472186936
18.974,0.305559712730145
19.02,0.306118287901668
19.066,0.306676198888266
19.112,0.307233446873879
19.158,0.307790033039633
19.204,0.308345958563852
19.25,0.308901224622064
19.296,0.309455832387009
19.342,0.31000978302865
19.388,0.310563077714176
19.434,0.311115717608017
19.48,0.311667703871845
19.526,0.312219037664588
19.572,0.312769720142436
19.618,0.313319752458848
19.664,0.31386913576456
19.71,0.314417871207596
19.756,0.314965959933273
19.802,0.315513403084209
19.848,0.316060201800335
19.894,0.316606357218895
19.94,0.317151870474464
19.986,0.317696742698946
20.032,0.318240975021588
20.078,0.318784568568988
20.124,0.319327524465099
20.17,0.319869843831238
20.216,0.320411527786096
20.262,0.320952577445744
20.308,0.32149299392364
20.354,0.322032778330637
20.4,0.322571931774992
20.446,0.323110455362373
20.492,0.323648350195865
20.538,0.324185617375979
20.584,0.324722258000659
20.63,0.325258273165291
20.676,0.325793663962708
20.722,0.326328431483197
20.768,0.326862576814512
20.814,0.327396101041873
20.86,0.327929005247981
20.906,0.32846129051302
20.952,0.328992957914666
20.998,0.329524008528097
21.044,0.330054443425996
21.09,0.33058426367856
21.136,0.331113470353508
21.182,0.331642064516086
21.228,0.332170047229077
21.274,0.332697419552807
21.32,0.33322418254515
21.366,0.333750337261539
21.412,0.334275884754969
21.458,0.334800826076006
21.504,0.335325162272796
21.55,0.335848894391067
21.596,0.336372023474142
21.642,0.336894550562941
21.688,0.337416476695988
21.734,0.337937802909424
21.78,0.338458530237005
21.826,0.338978659710115
21.872,0.339498192357772
21.918,0.340017129206633
21.964,0.340535471281001
22.01,0.341053219602833
22.056,0.341570375191747
22.102,0.342086939065026
22.148,0.342602912237628
22.194,0.343118295722189
22.24,0.343633090529033
22.286,0.344147297666179
22.332,0.344660918139343
22.378,0.345173952951949
22.424,0.345686403105134
22.47,0.346198269597753
22.516,0.346709553426389
22.562,0.347220255585356
22.608,0.347730377066708
22.654,0.348239918860243
22.7,0.348748881953513
22.746,0.349257267331825
22.792,0.349765075978253
22.838,0.35027230887364
22.884,0.350778966996607
22.93,0.351285051323559
22.976,0.35179056282869
23.022,0.352295502483989
23.068,0.352799871259249
23.114,0.353303670122071
23.16,0.353806900037868
23.206,0.354309561969877
23.252,0.354811656879161
23.298,0.355313185724614
23.344,0.355814149462973
23.39,0.356314549048816
23.436,0.356814385434574
23.482,0.357313659570536
23.528,0.357812372404854
23.574,0.358310524883549
23.62,0.358808117950516
23.666,0.359305152547534
23.712,0.359801629614267
23.758,0.360297550088272
23.804,0.360792914905008
23.85,0.361287724997835
23.896,0.361781981298025
23.942,0.362275684734769
23.988,0.362768836235177
24.034,0.363261436724289
24.08,0.363753487125079
24.126,0.364244988358461
24.172,0.364735941343294
24.218,0.365226346996387
24.264,0.365716206232508
24.31,0.366205519964387
24.356,0.366694289102722
24.402,0.367182514556186
24.448,0.367670197231429
24.494,0.36815733803309
24.54,0.368643937863795
24.586,0.369129997624169
24.632,0.369615518212838
24.678,0.370100500526436
24.724,0.370584945459608
24.77,0.371068853905021
24.816,0.371552226753362
24.862,0.37203506489335
24.908,0.372517369211739
24.954,0.372999140593323
25,0.373480379920939
