"ResDensity","N_TraitValue"
5,2.45774491118092e-05
5.11,2.49811394556064e-05
5.22,2.53804496230419e-05
5.33,2.57754505190305e-05
5.44,2.61662115263185e-05
5.55,2.65528005461128e-05
5.66,2.69352840374149e-05
5.77,2.7313727055109e-05
5.88,2.76881932868495e-05
5.99,2.80587450887907e-05
6.1,2.84254435202029e-05
6.21,2.87883483770136e-05
6.32,2.91475182243136e-05
6.43,2.95030104278637e-05
6.54,2.98548811846394e-05
6.65,3.02031855524463e-05
6.76,3.05479774786398e-05
6.87,3.08893098279804e-05
6.98,3.12272344096541e-05
7.09,3.15618020034884e-05
7.2,3.18930623853899e-05
7.31,3.22210643520324e-05
7.42,3.25458557448188e-05
7.53,3.28674834731437e-05
7.64,3.31859935369792e-05
7.75,3.3501431048807e-05
7.86,3.3813840254919e-05
7.97,3.41232645561071e-05
8.08,3.44297465277632e-05
8.19,3.4733327939408e-05
8.3,3.50340497736683e-05
8.41,3.53319522447206e-05
8.52,3.56270748162181e-05
8.63,3.59194562187182e-05
8.74,3.62091344666268e-05
8.85,3.64961468746751e-05
8.96,3.67805300739425e-05
9.07,3.70623200274425e-05
9.18,3.73415520452832e-05
9.29,3.76182607994173e-05
9.4,3.78924803379939e-05
9.51,3.81642440993246e-05
9.62,3.84335849254764e-05
9.73,3.8700535075502e-05
9.84,3.89651262383201e-05
9.95,3.92273895452552e-05
10.06,3.94873555822484e-05
10.17,3.9745054401748e-05
10.28,4.0000515534291e-05
10.39,4.02537679997839e-05
10.5,4.05048403184921e-05
10.61,4.07537605217471e-05
10.72,4.1000556162379e-05
10.83,4.12452543248835e-05
10.94,4.14878816353303e-05
11.05,4.17284642710214e-05
11.16,4.19670279699061e-05
11.27,4.220359803976e-05
11.38,4.24381993671347e-05
11.49,4.2670856426085e-05
11.6,4.29015932866802e-05
11.71,4.31304336233056e-05
11.82,4.33574007227595e-05
11.93,4.35825174921532e-05
12.04,4.38058064666175e-05
12.15,4.40272898168228e-05
12.26,4.4246989356318e-05
12.37,4.44649265486915e-05
12.48,4.46811225145617e-05
12.59,4.48955980384001e-05
12.7,4.51083735751922e-05
12.81,4.53194692569411e-05
12.92,4.55289048990166e-05
13.03,4.57367000063562e-05
13.14,4.59428737795207e-05
13.25,4.61474451206077e-05
13.36,4.63504326390294e-05
13.47,4.6551854657155e-05
13.58,4.67517292158243e-05
13.69,4.6950074079734e-05
13.8,4.71469067427014e-05
13.91,4.73422444328075e-05
14.02,4.75361041174235e-05
14.13,4.77285025081246e-05
14.24,4.79194560654913e-05
14.35,4.81089810038048e-05
14.46,4.8297093295636e-05
14.57,4.84838086763329e-05
14.68,4.86691426484087e-05
14.79,4.8853110485832e-05
14.9,4.90357272382232e-05
15.01,4.92170077349585e-05
15.12,4.93969665891842e-05
15.23,4.95756182017435e-05
15.34,4.97529767650179e-05
15.45,4.99290562666859e-05
15.56,5.01038704934e-05
15.67,5.02774330343855e-05
15.78,5.04497572849617e-05
15.89,5.06208564499881e-05
16,5.07907435472376e-05
16.11,5.09594314106983e-05
16.22,5.11269326938047e-05
16.33,5.12932598726028e-05
16.44,5.14584252488465e-05
16.55,5.16224409530319e-05
16.66,5.1785318947366e-05
16.77,5.19470710286758e-05
16.88,5.21077088312561e-05
16.99,5.22672438296592e-05
17.1,5.24256873414269e-05
17.21,5.25830505297673e-05
17.32,5.27393444061761e-05
17.43,5.28945798330058e-05
17.54,5.30487675259815e-05
17.65,5.32019180566672e-05
17.76,5.33540418548819e-05
17.87,5.35051492110671e-05
17.98,5.36552502786075e-05
18.09,5.38043550761049e-05
18.2,5.39524734896078e-05
18.31,5.40996152747959e-05
18.42,5.42457900591223e-05
18.53,5.43910073439132e-05
18.64,5.45352765064267e-05
18.75,5.46786068018713e-05
18.86,5.48210073653851e-05
18.97,5.49624872139765e-05
19.08,5.51030552484279e-05
19.19,5.52427202551619e-05
19.3,5.53814909080723e-05
19.41,5.55193757703198e-05
19.52,5.56563832960934e-05
19.63,5.57925218323383e-05
19.74,5.59277996204512e-05
19.85,5.6062224797943e-05
19.96,5.61958054000712e-05
20.07,5.63285493614403e-05
20.18,5.64604645175732e-05
20.29,5.65915586064533e-05
20.4,5.67218392700368e-05
20.51,5.68513140557383e-05
20.62,5.69799904178883e-05
20.73,5.71078757191633e-05
20.84,5.72349772319907e-05
20.95,5.73613021399272e-05
21.06,5.74868575390119e-05
21.17,5.76116504390956e-05
21.28,5.77356877651448e-05
21.39,5.78589763585232e-05
21.5,5.79815229782492e-05
21.61,5.81033343022312e-05
21.72,5.82244169284806e-05
21.83,5.83447773763034e-05
21.94,5.84644220874697e-05
22.05,5.85833574273637e-05
22.16,5.8701589686112e-05
22.27,5.88191250796927e-05
22.38,5.8935969751025e-05
22.49,5.90521297710391e-05
22.6,5.91676111397278e-05
22.71,5.92824197871796e-05
22.82,5.93965615745938e-05
22.93,5.9510042295278e-05
23.04,5.96228676756281e-05
23.15,5.97350433760916e-05
23.26,5.98465749921145e-05
23.37,5.99574680550713e-05
23.48,6.00677280331796e-05
23.59,6.0177360332399e-05
23.7,6.02863702973149e-05
23.81,6.03947632120061e-05
23.92,6.05025443008999e-05
24.03,6.06097187296103e-05
24.14,6.07162916057641e-05
24.25,6.08222679798119e-05
24.36,6.09276528458262e-05
24.47,6.10324511422855e-05
24.58,6.1136667752846e-05
24.69,6.12403075071005e-05
24.8,6.13433751813237e-05
24.91,6.14458754992068e-05
25.02,6.15478131325785e-05
25.13,6.16491927021152e-05
25.24,6.17500187780391e-05
25.35,6.18502958808048e-05
25.46,6.1950028481775e-05
25.57,6.20492210038854e-05
25.68,6.2147877822298e-05
25.79,6.22460032650449e-05
25.9,6.23436016136606e-05
26.01,6.24406771038055e-05
26.12,6.25372339258781e-05
26.23,6.26332762256183e-05
26.34,6.27288081047004e-05
26.45,6.28238336213173e-05
26.56,6.29183567907551e-05
26.67,6.30123815859586e-05
26.78,6.31059119380881e-05
26.89,6.31989517370669e-05
27,6.32915048321211e-05
27.11,6.33835750323102e-05
27.22,6.34751661070495e-05
27.33,6.35662817866248e-05
27.44,6.36569257626987e-05
27.55,6.37471016888091e-05
27.66,6.38368131808603e-05
27.77,6.39260638176063e-05
27.88,6.40148571411264e-05
27.99,6.4103196657294e-05
28.1,6.41910858362381e-05
28.21,6.42785281127977e-05
28.32,6.43655268869689e-05
28.43,6.4452085524346e-05
28.54,6.45382073565555e-05
28.65,6.46238956816832e-05
28.76,6.47091537646955e-05
28.87,6.47939848378542e-05
28.98,6.48783921011247e-05
29.09,6.49623787225783e-05
29.2,6.5045947838789e-05
29.31,6.51291025552236e-05
29.42,6.52118459466266e-05
29.53,6.5294181057399e-05
29.64,6.53761109019718e-05
29.75,6.54576384651738e-05
29.86,6.55387667025942e-05
29.97,6.56194985409397e-05
30.08,6.56998368783865e-05
30.19,6.57797845849269e-05
30.3,6.58593445027114e-05
30.41,6.59385194463853e-05
30.52,6.60173122034207e-05
30.63,6.60957255344434e-05
30.74,6.61737621735557e-05
30.85,6.6251424828654e-05
30.96,6.63287161817419e-05
31.07,6.64056388892391e-05
31.18,6.64821955822857e-05
31.29,6.65583888670421e-05
31.4,6.66342213249851e-05
31.51,6.67096955131988e-05
31.62,6.67848139646628e-05
31.73,6.68595791885348e-05
31.84,6.69339936704306e-05
31.95,6.70080598726992e-05
32.06,6.70817802346945e-05
32.17,6.71551571730432e-05
32.28,6.72281930819088e-05
32.39,6.73008903332517e-05
32.5,6.73732512770868e-05
32.61,6.74452782417356e-05
32.72,6.7516973534077e-05
32.83,6.75883394397928e-05
32.94,6.76593782236111e-05
33.05,6.77300921295456e-05
33.16,6.78004833811319e-05
33.27,6.78705541816608e-05
33.38,6.79403067144079e-05
33.49,6.80097431428605e-05
33.6,6.80788656109412e-05
33.71,6.81476762432288e-05
33.82,6.82161771451756e-05
33.93,6.82843704033225e-05
34.04,6.83522580855105e-05
34.15,6.84198422410902e-05
34.26,6.84871249011275e-05
34.37,6.85541080786074e-05
34.48,6.86207937686346e-05
34.59,6.86871839486317e-05
34.7,6.87532805785346e-05
34.81,6.88190856009852e-05
34.92,6.88846009415223e-05
35.03,6.89498285087686e-05
35.14,6.90147701946166e-05
35.25,6.90794278744115e-05
35.36,6.91438034071314e-05
35.47,6.92078986355657e-05
35.58,6.92717153864909e-05
35.69,6.93352554708444e-05
35.8,6.9398520683895e-05
35.91,6.94615128054131e-05
36.02,6.95242335998367e-05
36.13,6.95866848164366e-05
36.24,6.96488681894787e-05
36.35,6.97107854383851e-05
36.46,6.97724382678919e-05
36.57,6.98338283682061e-05
36.68,6.98949574151599e-05
36.79,6.99558270703632e-05
36.9,7.00164389813543e-05
37.01,7.00767947817484e-05
37.12,7.01368960913843e-05
37.23,7.01967445164694e-05
37.34,7.02563416497228e-05
37.45,7.03156890705168e-05
37.56,7.0374788345016e-05
37.67,7.04336410263153e-05
37.78,7.04922486545759e-05
37.89,7.05506127571598e-05
38,7.06087348487624e-05
38.11,7.06666164315432e-05
38.22,7.07242589952558e-05
38.33,7.07816640173754e-05
38.44,7.0838832963225e-05
38.55,7.08957672861001e-05
38.66,7.0952468427392e-05
38.77,7.10089378167093e-05
38.88,7.10651768719981e-05
38.99,7.11211869996605e-05
39.1,7.11769695946723e-05
39.21,7.12325260406983e-05
39.32,7.1287857710207e-05
39.43,7.13429659645836e-05
39.54,7.13978521542415e-05
39.65,7.14525176187328e-05
39.76,7.15069636868571e-05
39.87,7.15611916767692e-05
39.98,7.16152028960858e-05
40.09,7.16689986419901e-05
40.2,7.1722580201336e-05
40.31,7.17759488507504e-05
40.42,7.18291058567351e-05
40.53,7.18820524757665e-05
40.64,7.19347899543947e-05
40.75,7.19873195293416e-05
40.86,7.20396424275972e-05
40.97,7.20917598665155e-05
41.08,7.21436730539085e-05
41.19,7.219538318814e-05
41.3,7.22468914582172e-05
41.41,7.22981990438826e-05
41.52,7.23493071157032e-05
41.63,7.24002168351604e-05
41.74,7.24509293547372e-05
41.85,7.25014458180057e-05
41.96,7.25517673597128e-05
42.07,7.26018951058654e-05
42.18,7.26518301738141e-05
42.29,7.27015736723363e-05
42.4,7.27511267017186e-05
42.51,7.28004903538373e-05
42.62,7.28496657122392e-05
42.73,7.28986538522206e-05
42.84,7.29474558409056e-05
42.95,7.29960727373237e-05
43.06,7.30445055924865e-05
43.17,7.30927554494632e-05
43.28,7.31408233434559e-05
43.39,7.3188710301873e-05
43.5,7.3236417344403e-05
43.61,7.32839454830866e-05
43.72,7.33312957223881e-05
43.83,7.33784690592666e-05
43.94,7.34254664832456e-05
44.05,7.34722889764823e-05
44.16,7.35189375138363e-05
44.27,7.35654130629366e-05
44.38,7.36117165842492e-05
44.49,7.36578490311428e-05
44.6,7.37038113499545e-05
44.71,7.37496044800544e-05
44.82,7.37952293539095e-05
44.93,7.38406868971472e-05
45.04,7.38859780286177e-05
45.15,7.39311036604562e-05
45.26,7.39760646981436e-05
45.37,7.40208620405679e-05
45.48,7.40654965800831e-05
45.59,7.41099692025693e-05
45.7,7.41542807874908e-05
45.81,7.41984322079543e-05
45.92,7.42424243307661e-05
46.03,7.42862580164891e-05
46.14,7.43299341194986e-05
46.25,7.4373453488038e-05
46.36,7.44168169642736e-05
46.47,7.4460025384349e-05
46.58,7.45030795784388e-05
46.69,7.45459803708018e-05
46.8,7.45887285798336e-05
46.91,7.46313250181186e-05
47.02,7.46737704924817e-05
47.13,7.47160658040388e-05
47.24,7.47582117482475e-05
47.35,7.48002091149572e-05
47.46,7.48420586884578e-05
47.57,7.48837612475292e-05
47.68,7.49253175654891e-05
47.79,7.49667284102412e-05
47.9,7.5007994544322e-05
48.01,7.50491167249482e-05
48.12,7.50900957040626e-05
48.23,7.51309322283801e-05
48.34,7.5171627039433e-05
48.45,7.52121808736159e-05
48.56,7.525259446223e-05
48.67,7.52928685315274e-05
48.78,7.53330038027543e-05
48.89,7.5373000992194e-05
49,7.54128608112097e-05
49.11,7.54525839662868e-05
49.22,7.54921711590742e-05
49.33,7.55316230864261e-05
49.44,7.55709404404425e-05
49.55,7.56101239085099e-05
49.66,7.56491741733414e-05
49.77,7.56880919130159e-05
49.88,7.57268778010181e-05
49.99,7.57655325062767e-05
50.1,7.58040566932032e-05
50.21,7.58424510217298e-05
50.32,7.58807161473472e-05
50.43,7.59188527211418e-05
50.54,7.59568613898328e-05
50.65,7.59947427958084e-05
50.76,7.60324975771626e-05
50.87,7.60701263677303e-05
50.98,7.61076297971233e-05
51.09,7.61450084907652e-05
51.2,7.61822630699262e-05
51.31,7.62193941517576e-05
51.42,7.62564023493259e-05
51.53,7.62932882716461e-05
51.64,7.63300525237158e-05
51.75,7.63666957065478e-05
51.86,7.64032184172029e-05
51.97,7.64396212488227e-05
52.08,7.64759047906612e-05
52.19,7.65120696281168e-05
52.3,7.65481163427639e-05
52.41,7.6584045512384e-05
52.52,7.66198577109964e-05
52.63,7.66555535088892e-05
52.74,7.66911334726488e-05
52.85,7.6726598165191e-05
52.96,7.67619481457895e-05
53.07,7.67971839701063e-05
53.18,7.683230619022e-05
53.29,7.68673153546552e-05
53.4,7.69022120084108e-05
53.51,7.69369966929884e-05
53.62,7.69716699464202e-05
53.73,7.70062323032968e-05
53.84,7.70406842947947e-05
53.95,7.70750264487033e-05
54.06,7.71092592894523e-05
54.17,7.7143383338138e-05
54.28,7.71773991125498e-05
54.39,7.72113071271965e-05
54.5,7.72451078933322e-05
54.61,7.7278801918982e-05
54.72,7.73123897089674e-05
54.83,7.73458717649317e-05
54.94,7.73792485853646e-05
55.05,7.74125206656273e-05
55.16,7.74456884979768e-05
55.27,7.74787525715905e-05
55.38,7.75117133725896e-05
55.49,7.75445713840637e-05
55.6,7.75773270860937e-05
55.71,7.76099809557757e-05
55.82,7.7642533467244e-05
55.93,7.76749850916939e-05
56.04,7.77073362974045e-05
56.15,7.77395875497616e-05
56.26,7.77717393112793e-05
56.37,7.78037920416227e-05
56.48,7.78357461976297e-05
56.59,7.78676022333324e-05
56.7,7.78993605999789e-05
56.81,7.79310217460546e-05
56.92,7.79625861173032e-05
57.03,7.79940541567476e-05
57.14,7.80254263047108e-05
57.25,7.80567029988361e-05
57.36,7.80878846741079e-05
57.47,7.81189717628716e-05
57.58,7.81499646948535e-05
57.69,7.81808638971808e-05
57.8,7.82116697944011e-05
57.91,7.8242382808502e-05
58.02,7.82730033589301e-05
58.13,7.83035318626104e-05
58.24,7.83339687339649e-05
58.35,7.83643143849316e-05
58.46,7.83945692249832e-05
58.57,7.84247336611449e-05
58.68,7.84548080980136e-05
58.79,7.8484792937775e-05
58.9,7.85146885802223e-05
59.01,7.85444954227735e-05
59.12,7.85742138604893e-05
59.23,7.86038442860903e-05
59.34,7.86333870899745e-05
59.45,7.86628426602345e-05
59.56,7.86922113826741e-05
59.67,7.87214936408257e-05
59.78,7.87506898159664e-05
59.89,7.87798002871351e-05
60,7.88088254311487e-05
