"ResDensity","N_TraitValue"
0.0278,0.228149824131497
0.029938,0.238686788405304
0.032076,0.248639229400215
0.034214,0.258054472862269
0.036352,0.266974869843224
0.03849,0.275438433613235
0.040628,0.283479381163497
0.042766,0.291128595567271
0.044904,0.298414022372876
0.047042,0.305361010754367
0.04918,0.31199260819783
0.051318,0.318329815942564
0.053456,0.324391811142325
0.055594,0.33019614069762
0.057732,0.335758890885786
0.05987,0.341094836242559
0.062008,0.34621757059684
0.064146,0.35113962270567
0.066284,0.355872558560334
0.068422,0.360427072122266
0.07056,0.364813065987094
0.072698,0.369039723257484
0.074836,0.373115571722621
0.076974,0.377048541288259
0.079112,0.38084601547117
0.08125,0.384514877661592
0.083388,0.388061552763525
0.085526,0.391492044742829
0.087664,0.394811970544751
0.089802,0.398026590783935
0.09194,0.401140837559636
0.094078,0.40415933970547
0.096216,0.407086445745584
0.098354,0.409926244796681
0.100492,0.412682585627186
0.10263,0.415359094060374
0.104768,0.417959188886934
0.106906,0.42048609643381
0.109044,0.422942863919878
0.111182,0.425332371714685
0.11332,0.427657344603958
0.115458,0.429920362154506
0.117596,0.432123868261415
0.119734,0.434270179951821
0.121872,0.436361495511925
0.12401,0.438399901997189
0.126148,0.440387382179636
0.128286,0.442325820980875
0.130424,0.444217011434724
0.132562,0.446062660219072
0.1347,0.447864392792861
0.136838,0.449623758170684
0.138976,0.451342233364475
0.141114,0.453021227519066
0.143252,0.454662085765942
0.14539,0.45626609281735
0.147528,0.457834476320939
0.149666,0.459368409993346
0.151804,0.460869016549538
0.153942,0.462337370443267
0.15608,0.463774500432706
0.158218,0.465181391984133
0.160356,0.466558989525469
0.162494,0.467908198560497
0.164632,0.46922988765371
0.16677,0.470524890294932
0.168908,0.471794006652118
0.171046,0.473038005220081
0.173184,0.474257624372292
0.175322,0.475453573822324
0.17746,0.476626536001025
0.179598,0.477777167355042
0.181736,0.478906099571876
0.183874,0.480013940736271
0.186012,0.481101276422402
0.18815,0.482168670725966
0.190288,0.483216667240002
0.192426,0.48424578997799
0.194564,0.485256544247531
0.196702,0.486249417477645
0.19884,0.487224880002554
0.200978,0.488183385804593
0.203116,0.489125373218708
0.205254,0.490051265600847
0.207392,0.490961471962371
0.20953,0.491856387572504
0.211668,0.492736394530668
0.213806,0.493601862310447
0.215944,0.494453148276818
0.218082,0.495290598178154
0.22022,0.49611454661444
0.222358,0.496925317483011
0.224496,0.497723224403091
0.226634,0.498508571120264
0.228772,0.49928165189201
0.23091,0.500042751855305
0.233048,0.500792147377269
0.235186,0.501530106389754
0.237324,0.50225688870874
0.239462,0.50297274633931
0.2416,0.503677923766997
0.243738,0.50437265823617
0.245876,0.505057180016148
0.248014,0.50573171265567
0.250152,0.506396473226298
0.25229,0.507051672555317
0.254428,0.507697515448667
0.256566,0.508334200904378
0.258704,0.508961922317002
0.260842,0.509580867673464
0.26298,0.510191219740759
0.265118,0.510793156245882
0.267256,0.511386850048368
0.269394,0.511972469305794
0.271532,0.51255017763257
0.27367,0.513120134252338
0.275808,0.513682494144284
0.277946,0.51423740818363
0.280084,0.514785023276586
0.282222,0.515325482490012
0.28436,0.515858925176027
0.286498,0.516385487091802
0.288636,0.51690530051474
0.290774,0.517418494353261
0.292912,0.51792519425338
0.29505,0.518425522701261
0.297188,0.518919599121933
0.299326,0.519407539974322
0.301464,0.519889458842771
0.303602,0.520365466525184
0.30574,0.520835671117954
0.307878,0.521300178097802
0.310016,0.521759090400652
0.312154,0.522212508497685
0.314292,0.522660530468665
0.31643,0.523103252072675
0.318568,0.523540766816346
0.320706,0.523973166019699
0.322844,0.524400538879692
0.324982,0.524822972531559
0.32712,0.525240552108035
0.329258,0.525653360796558
0.331396,0.526061479894514
0.333534,0.526464988862608
0.335672,0.526863965376449
0.33781,0.527258485376391
0.339948,0.527648623115724
0.342086,0.528034451207264
0.344224,0.528416040668406
0.346362,0.528793460964704
0.3485,0.529166780052028
0.350638,0.529536064417353
0.352776,0.529901379118236
0.354914,0.530262787821025
0.357052,0.530620352837847
0.35919,0.530974135162425
0.361328,0.531324194504763
0.363466,0.531670589324743
0.365604,0.532013376864668
0.367742,0.5323526131808
0.36988,0.532688353173919
0.372018,0.533020650618942
0.374156,0.533349558193635
0.376294,0.533675127506456
0.378432,0.533997409123547
0.38057,0.534316452594914
0.382708,0.534632306479831
0.384846,0.53494501837147
0.386984,0.535254634920815
0.389122,0.535561201859857
0.39126,0.535864764024117
0.393398,0.536165365374502
0.395536,0.536463049018531
0.397674,0.536757857230941
0.399812,0.537049831473699
0.40195,0.537339012415448
0.404088,0.537625439950381
0.406226,0.537909153216597
0.408364,0.538190190613926
0.410502,0.538468589821251
0.41264,0.538744387813356
0.414778,0.539017620877288
0.416916,0.539288324628281
0.419054,0.539556534025226
0.421192,0.539822283385722
0.42333,0.540085606400717
0.425468,0.540346536148742
0.427606,0.540605105109767
0.429744,0.540861345178678
0.431882,0.541115287678391
0.43402,0.541366963372616
0.436158,0.541616402478284
0.438296,0.541863634677637
0.440434,0.542108689130007
0.442572,0.542351594483274
0.44471,0.542592378885039
0.446848,0.542831069993489
0.448986,0.543067694987994
0.451124,0.543302280579421
0.453262,0.543534853020186
0.4554,0.543765438114046
0.457538,0.543994061225648
0.459676,0.544220747289823
0.461814,0.544445520820658
0.463952,0.54466840592033
0.46609,0.544889426287721
0.468228,0.545108605226819
0.470366,0.545325965654911
0.472504,0.545541530110568
0.474642,0.545755320761438
0.47678,0.545967359411841
0.478918,0.546177667510189
0.481056,0.546386266156212
0.483194,0.54659317610802
0.485332,0.546798417788985
0.48747,0.547002011294463
0.489608,0.547203976398352
0.491746,0.547404332559497
0.493884,0.547603098927935
0.496022,0.547800294351002
0.49816,0.547995937379285
0.500298,0.548190046272444
0.502436,0.548382639004891
0.504574,0.548573733271336
0.506712,0.548763346492212
0.50885,0.548951495818966
0.510988,0.549138198139227
0.513126,0.549323470081865
0.515264,0.549507328021927
0.517402,0.549689788085457
0.51954,0.549870866154217
0.521678,0.55005057787029
0.523816,0.550228938640589
0.525954,0.550405963641256
0.528092,0.55058166782197
0.53023,0.550756065910152
0.532368,0.550929172415083
0.534506,0.551101001631927
0.536644,0.551271567645667
0.538782,0.55144088433495
0.54092,0.551608965375858
0.543058,0.551775824245583
0.545196,0.551941474226036
0.547334,0.552105928407365
0.549472,0.552269199691412
0.55161,0.552431300795075
0.553748,0.552592244253622
0.555886,0.552752042423913
0.558024,0.552910707487568
0.560162,0.553068251454062
0.5623,0.553224686163753
0.564438,0.553380023290849
0.566576,0.553534274346314
0.568714,0.553687450680709
0.570852,0.553839563486977
0.57299,0.553990623803173
0.575128,0.554140642515128
0.577266,0.554289630359067
0.579404,0.554437597924171
0.581542,0.554584555655086
0.58368,0.554730513854377
0.585818,0.554875482684941
0.587956,0.555019472172362
0.590094,0.555162492207223
0.592232,0.555304552547373
0.59437,0.555445662820143
0.596508,0.555585832524522
0.598646,0.55572507103329
0.600784,0.555863387595106
0.602922,0.556000791336555
0.60506,0.556137291264157
0.607198,0.556272896266334
0.609336,0.556407615115341
0.611474,0.556541456469153
0.613612,0.556674428873327
0.61575,0.556806540762815
0.617888,0.55693780046375
0.620026,0.557068216195195
0.622164,0.557197796070857
0.624302,0.557326548100772
0.62644,0.557454480192956
0.628578,0.557581600155021
0.630716,0.557707915695765
0.632854,0.557833434426731
0.634992,0.557958163863735
0.63713,0.558082111428368
0.639268,0.558205284449464
0.641406,0.55832769016455
0.643544,0.558449335721257
0.645682,0.558570228178718
0.64782,0.55869037450893
0.649958,0.558809781598094
0.652096,0.558928456247933
0.654234,0.559046405176979
0.656372,0.559163635021847
0.65851,0.559280152338476
0.660648,0.559395963603352
0.662786,0.559511075214706
0.664924,0.559625493493697
0.667062,0.559739224685564
0.6692,0.559852274960766
0.671338,0.559964650416097
0.673476,0.560076357075779
0.675614,0.560187400892544
0.677752,0.560297787748688
0.67989,0.560407523457108
0.682028,0.560516613762328
0.684166,0.560625064341497
0.686304,0.560732880805372
0.688442,0.560840068699293
0.69058,0.560946633504127
0.692718,0.561052580637204
0.694856,0.561157915453237
0.696994,0.561262643245222
0.699132,0.561366769245324
0.70127,0.561470298625753
0.703408,0.561573236499613
0.705546,0.56167558792175
0.707684,0.561777357889578
0.709822,0.561878551343889
0.71196,0.561979173169659
0.714098,0.562079228196826
0.716236,0.56217872120107
0.718374,0.562277656904569
0.720512,0.562376039976747
0.72265,0.56247387503501
0.724788,0.562571166645465
0.726926,0.562667919323633
0.729064,0.562764137535149
0.731202,0.562859825696445
0.73334,0.562954988175428
0.735478,0.563049629292145
0.737616,0.563143753319437
0.739754,0.56323736448358
0.741892,0.563330466964919
0.74403,0.563423064898492
0.746168,0.563515162374637
0.748306,0.5636067634396
0.750444,0.563697872096126
0.752582,0.563788492304038
0.75472,0.563878627980817
0.756858,0.563968283002162
0.758996,0.564057461202548
0.761134,0.564146166375769
0.763272,0.564234402275483
0.76541,0.564322172615734
0.767548,0.564409481071476
0.769686,0.564496331279089
0.771824,0.564582726836878
0.773962,0.564668671305574
0.7761,0.564754168208824
0.778238,0.564839221033668
0.780376,0.564923833231018
0.782514,0.56500800821612
0.784652,0.565091749369019
0.78679,0.565175060035007
0.788928,0.56525794352507
0.791066,0.565340403116327
0.793204,0.565422442052462
0.795342,0.565504063544147
0.79748,0.565585270769465
0.799618,0.565666066874318
0.801756,0.565746454972838
0.803894,0.565826438147783
0.806032,0.565906019450933
0.80817,0.565985201903477
0.810308,0.566063988496397
0.812446,0.566142382190845
0.814584,0.566220385918509
0.816722,0.566298002581985
0.81886,0.566375235055135
0.820998,0.566452086183438
0.823136,0.566528558784345
0.825274,0.56660465564762
0.827412,0.566680379535678
0.82955,0.566755733183924
0.831688,0.566830719301078
0.833826,0.566905340569501
0.835964,0.566979599645517
0.838102,0.567053499159724
0.84024,0.567127041717307
0.842378,0.567200229898346
0.844516,0.567273066258113
0.846654,0.567345553327375
0.848792,0.567417693612681
0.85093,0.567489489596657
0.853068,0.567560943738287
0.855206,0.567632058473194
0.857344,0.567702836213917
0.859482,0.567773279350187
0.86162,0.56784339024919
0.863758,0.567913171255837
0.865896,0.567982624693025
0.868034,0.56805175286189
0.870172,0.568120558042068
0.87231,0.568189042491941
0.874448,0.568257208448885
0.876586,0.568325058129516
0.878724,0.568392593729925
0.880862,0.568459817425921
0.883,0.568526731373262
0.885138,0.568593337707884
0.887276,0.568659638546129
0.889414,0.568725635984972
0.891552,0.568791332102238
0.89369,0.568856728956823
0.895828,0.568921828588909
0.897966,0.568986633020172
0.900104,0.569051144253997
0.902242,0.569115364275682
0.90438,0.56917929505264
0.906518,0.569242938534603
0.908656,0.569306296653819
0.910794,0.569369371325244
0.912932,0.569432164446742
0.91507,0.569494677899271
0.917208,0.569556913547069
0.919346,0.569618873237843
0.921484,0.569680558802952
0.923622,0.569741972057583
0.92576,0.569803114800935
0.927898,0.569863988816389
0.930036,0.569924595871688
0.932174,0.569984937719099
0.934312,0.570045016095591
0.93645,0.570104832722997
0.938588,0.570164389308177
0.940726,0.570223687543188
0.942864,0.570282729105432
0.945002,0.570341515657826
0.94714,0.570400048848952
0.949278,0.570458330313211
0.951416,0.570516361670977
0.953554,0.570574144528748
0.955692,0.570631680479291
0.95783,0.570688971101791
0.959968,0.570746017961995
0.962106,0.570802822612352
0.964244,0.57085938659216
0.966382,0.570915711427697
0.96852,0.570971798632367
0.970658,0.571027649706826
0.972796,0.571083266139125
0.974934,0.571138649404836
0.977072,0.571193800967184
0.97921,0.571248722277178
0.981348,0.571303414773736
0.983486,0.57135787988381
0.985624,0.571412119022513
0.987762,0.571466133593239
0.9899,0.571519924987786
0.992038,0.571573494586473
0.994176,0.571626843758262
0.996314,0.571679973860869
0.998452,0.571732886240884
1.00059,0.571785582233884
1.002728,0.571838063164543
1.004866,0.571890330346746
1.007004,0.571942385083695
1.009142,0.571994228668023
1.01128,0.572045862381893
1.013418,0.572097287497112
1.015556,0.572148505275229
1.017694,0.572199516967643
1.019832,0.572250323815701
1.02197,0.572300927050801
1.024108,0.572351327894491
1.026246,0.572401527558567
1.028384,0.572451527245169
1.030522,0.572501328146881
1.03266,0.572550931446821
1.034798,0.572600338318738
1.036936,0.572649549927101
1.039074,0.572698567427196
1.041212,0.57274739196521
1.04335,0.572796024678327
1.045488,0.57284446669481
1.047626,0.572892719134093
1.049764,0.572940783106864
1.051902,0.572988659715152
1.05404,0.573036350052411
1.056178,0.573083855203603
1.058316,0.57313117624528
1.060454,0.573178314245665
1.062592,0.573225270264736
1.06473,0.573272045354299
1.066868,0.573318640558071
1.069006,0.573365056911758
1.071144,0.573411295443128
1.073282,0.573457357172092
1.07542,0.573503243110773
1.077558,0.573548954263587
1.079696,0.57359449162731
1.081834,0.573639856191154
1.083972,0.573685048936837
1.08611,0.573730070838656
1.088248,0.573774922863554
1.090386,0.573819605971192
1.092524,0.573864121114016
1.094662,0.573908469237323
1.0968,0.573952651279333
