"ResDensity","N_TraitValue"
3,4.29918344177433e-05
3.234,4.55598503809353e-05
3.468,4.80422834610742e-05
3.702,5.04433417988247e-05
3.936,5.27669620960762e-05
4.17,5.50168311544728e-05
4.404,5.71964053950959e-05
4.638,5.93089285766731e-05
4.872,6.13574479033431e-05
5.106,6.33448286902e-05
5.34,6.52737677350545e-05
5.574,6.71468055276421e-05
5.808,6.89663374125125e-05
6.042,7.07346238087402e-05
6.276,7.24537995781395e-05
6.51,7.41258826236193e-05
6.744,7.5752781790491e-05
6.978,7.73363041357752e-05
7.212,7.88781616237102e-05
7.446,8.03799772996156e-05
7.68,8.1843290988919e-05
7.914,8.32695645634131e-05
8.148,8.46601868126044e-05
8.382,8.6016477954276e-05
8.616,8.73396938150602e-05
8.85,8.86310297088446e-05
9.084,8.9891624038191e-05
9.318,9.11225616415734e-05
9.552,9.23248769071205e-05
9.786,9.34995566716495e-05
10.02,9.46475429220644e-05
10.254,9.57697353146642e-05
10.488,9.68669935265202e-05
10.722,9.79401394518375e-05
10.956,9.89899592550962e-05
11.19,0.000100017205291749
11.424,0.000101022597906335
11.658,0.000102006827117048
11.892,0.00010297055419503
12.126,0.000103914413145985
12.36,0.000104839012101102
12.594,0.000105744934623684
12.828,0.000106632740937389
13.062,0.000107502969081515
13.296,0.000108356135998343
13.53,0.000109192738557134
13.764,0.000110013254519068
13.998,0.000110818143447042
14.232,0.000111607847563981
14.466,0.000112382792563025
14.7,0.000113143388372706
14.934,0.000113890029880016
15.168,0.000114623097614033
15.402,0.000115342958392606
15.636,0.000116049965934392
15.87,0.000116744461438405
16.104,0.000117426774133064
16.338,0.000118097221796596
16.572,0.000118756111250525
16.806,0.000119403738827864
17.04,0.000120040390817487
17.274,0.000120666343886117
17.508,0.000121281865479201
17.742,0.000121887214201921
17.976,0.000122482640181458
18.21,0.000123068385411595
18.444,0.000123644684080643
18.678,0.000124211762883627
18.912,0.000124769841319615
19.146,0.000125319131974987
19.38,0.000125859840793445
19.614,0.00012639216733345
19.848,0.000126916305013788
20.082,0.000127432441347885
20.316,0.000127940758167475
20.55,0.000128441431836176
20.784,0.000128934633453509
21.018,0.000129420529049841
21.252,0.00012989927977274
21.486,0.000130371042065159
21.72,0.000130835967835878
21.954,0.000131294204622594
22.188,0.000131745895748009
22.422,0.000132191180469294
22.656,0.000132630194121221
22.89,0.000133063068253305
23.124,0.000133489930761219
23.358,0.00013391090601278
23.592,0.00013432611496876
23.826,0.000134735675298755
24.06,0.000135139701492368
24.294,0.000135538304965913
24.528,0.000135931594164845
24.762,0.000136319674662127
24.996,0.000136702649252715
25.23,0.00013708061804433
25.464,0.000137453678544701
25.698,0.000137821925745432
25.932,0.000138185452202636
26.166,0.000138544348114493
26.4,0.000138898701395868
26.634,0.000139248597750099
26.868,0.000139594120738109
27.102,0.00013993535184493
27.336,0.000140272370543775
27.57,0.000140605254357739
27.804,0.000140934078919255
28.038,0.000141258918027378
28.272,0.000141579843703007
28.506,0.000141896926242114
28.74,0.000142210234267085
28.974,0.000142519834776223
29.208,0.000142825793191517
29.442,0.000143128173404727
29.676,0.000143427037821864
29.91,0.000143722447406132
30.144,0.000144014461719377
30.378,0.000144303138962131
30.612,0.00014458853601228
30.846,0.00014487070846242
31.08,0.000145149710655967
31.314,0.00014542559572204
31.548,0.000145698415609191
31.782,0.00014596822111802
32.016,0.000146235061932702
32.25,0.000146498986651496
32.484,0.000146760042816246
32.718,0.000147018276940933
32.952,0.000147273734539306
33.186,0.000147526460151619
33.42,0.000147776497370527
33.654,0.000148023888866146
33.888,0.000148268676410335
34.122,0.000148510900900205
34.356,0.000148750602380899
34.59,0.000148987820067663
34.824,0.00014922259236723
35.058,0.000149454956898556
35.292,0.00014968495051291
35.526,0.000149912609313359
35.76,0.00015013796867366
35.994,0.000150361063256585
36.228,0.000150581927031693
36.462,0.000150800593292573
36.696,0.000151017094673577
36.93,0.000151231463166054
37.164,0.000151443730134108
37.398,0.0001516539263299
37.632,0.000151862081908496
37.866,0.00015206822644229
38.1,0.000152272388935011
38.334,0.000152474597835325
38.568,0.000152674881050051
38.802,0.000152873265956999
39.036,0.000153069779417447
39.27,0.000153264447788267
39.504,0.000153457296933704
39.738,0.000153648352236838
39.972,0.000153837638610718
40.206,0.000154025180509194
40.44,0.000154211001937445
40.674,0.000154395126462224
40.908,0.000154577577221824
41.142,0.000154758376935766
41.376,0.000154937547914236
41.61,0.000155115112067255
41.844,0.000155291090913621
42.078,0.000155465505589592
42.312,0.000155638376857356
42.546,0.000155809725113265
42.78,0.000155979570395863
43.014,0.000156147932393693
43.248,0.000156314830452905
43.482,0.000156480283584672
43.716,0.000156644310472403
43.95,0.000156806929478781
44.184,0.000156968158652613
44.418,0.000157128015735507
44.652,0.000157286518168382
44.886,0.000157443683097813
45.12,0.00015759952738221
45.354,0.000157754067597849
45.588,0.000157907320044749
45.822,0.000158059300752403
46.056,0.000158210025485368
46.29,0.000158359509748716
46.524,0.000158507768793347
46.758,0.000158654817621183
46.992,0.000158800670990222
47.226,0.00015894534341948
47.46,0.000159088849193807
47.694,0.000159231202368586
47.928,0.000159372416774328
48.162,0.000159512506021148
48.396,0.000159651483503137
48.63,0.000159789362402633
48.864,0.000159926155694386
49.098,0.000160061876149634
49.332,0.000160196536340071
49.566,0.000160330148641733
49.8,0.00016046272523879
50.034,0.000160594278127247
50.268,0.000160724819118564
50.502,0.000160854359843191
50.736,0.000160982911754023
50.97,0.000161110486129774
51.204,0.000161237094078276
51.438,0.000161362746539705
51.672,0.000161487454289729
51.906,0.000161611227942591
52.14,0.000161734077954121
52.374,0.000161856014624676
52.608,0.000161977048102025
52.842,0.000162097188384161
53.076,0.000162216445322053
53.31,0.00016233482862234
53.544,0.000162452347849966
53.778,0.000162569012430754
54.012,0.000162684831653927
54.246,0.000162799814674574
54.48,0.000162913970516062
54.714,0.000163027308072395
54.948,0.000163139836110527
55.182,0.000163251563272621
55.416,0.00016336249807826
55.65,0.000163472648926617
55.884,0.000163582024098568
56.118,0.000163690631758775
56.352,0.000163798479957711
56.586,0.000163905576633654
56.82,0.000164011929614631
57.054,0.000164117546620331
57.288,0.000164222435263964
57.522,0.000164326603054099
57.756,0.000164430057396452
57.99,0.000164532805595639
58.224,0.000164634854856901
58.458,0.000164736212287781
58.692,0.000164836884899783
58.926,0.000164936879609979
59.16,0.000165036203242602
59.394,0.000165134862530592
59.628,0.000165232864117122
59.862,0.000165330214557087
60.096,0.000165426920318565
60.33,0.00016552298778425
60.564,0.000165618423252857
60.798,0.0001657132329405
61.032,0.000165807422982038
61.266,0.0001659009994324
61.5,0.000165993968267884
61.734,0.000166086335387427
61.968,0.000166178106613854
62.202,0.000166269287695101
62.436,0.000166359884305417
62.67,0.000166449902046538
62.904,0.000166539346448843
63.138,0.000166628222972487
63.372,0.000166716537008513
63.606,0.000166804293879939
63.84,0.000166891498842831
64.074,0.00016697815708735
64.308,0.000167064273738782
64.542,0.00016714985385855
64.776,0.000167234902445204
65.01,0.000167319424435394
65.244,0.000167403424704829
65.478,0.000167486908069208
65.712,0.000167569879285146
65.946,0.000167652343051075
66.18,0.00016773430400813
66.414,0.000167815766741023
66.648,0.000167896735778895
66.882,0.000167977215596154
67.116,0.000168057210613306
67.35,0.000168136725197755
67.584,0.000168215763664607
67.818,0.000168294330277442
68.052,0.000168372429249089
68.286,0.000168450064742372
68.52,0.000168527240870855
68.754,0.000168603961699563
68.988,0.000168680231245702
69.222,0.000168756053479355
69.456,0.000168831432324175
69.69,0.000168906371658058
69.924,0.00016898087531381
70.158,0.000169054947079801
70.392,0.000169128590700605
70.626,0.000169201809877635
70.86,0.000169274608269758
71.094,0.000169346989493909
71.328,0.000169418957125685
71.562,0.000169490514699941
71.796,0.000169561665711362
72.03,0.000169632413615034
72.264,0.000169702761827007
72.498,0.000169772713724838
72.732,0.000169842272648137
72.966,0.000169911441899097
73.2,0.000169980224743016
73.434,0.000170048624408811
73.668,0.000170116644089522
73.902,0.000170184286942813
74.136,0.000170251556091456
74.37,0.000170318454623814
74.604,0.000170384985594312
74.838,0.000170451152023905
75.072,0.000170516956900532
75.306,0.000170582403179567
75.54,0.000170647493784262
75.774,0.000170712231606181
76.008,0.000170776619505629
76.242,0.000170840660312074
76.476,0.00017090435682456
76.71,0.000170967711812115
76.944,0.000171030728014154
77.178,0.00017109340814087
77.412,0.000171155754873629
77.646,0.000171217770865344
77.88,0.00017127945874086
78.114,0.000171340821097317
78.348,0.000171401860504519
78.582,0.00017146257950529
78.816,0.000171522980615831
79.05,0.000171583066326062
79.284,0.00017164283909997
79.518,0.000171702301375939
79.752,0.000171761455567091
79.986,0.000171820304061602
80.22,0.000171878849223031
80.454,0.000171937093390633
80.688,0.000171995038879672
80.922,0.000172052687981728
81.156,0.000172110042964995
81.39,0.000172167106074585
81.624,0.000172223879532817
81.858,0.000172280365539505
82.092,0.000172336566272244
82.326,0.000172392483886691
82.56,0.000172448120516835
82.794,0.000172503478275276
83.028,0.000172558559253487
83.262,0.000172613365522078
83.496,0.000172667899131058
83.73,0.00017272216211009
83.964,0.00017277615646874
84.198,0.000172829884196727
84.432,0.000172883347264169
84.666,0.000172936547621822
84.9,0.000172989487201317
85.134,0.000173042167915394
85.368,0.000173094591658132
85.602,0.00017314676030518
85.836,0.000173198675713973
86.07,0.00017325033972396
86.304,0.000173301754156817
86.538,0.000173352920816662
86.772,0.000173403841490267
87.006,0.000173454517947264
87.24,0.000173504951940352
87.474,0.000173555145205498
87.708,0.000173605099462137
87.942,0.000173654816413368
88.176,0.000173704297746145
88.41,0.000173753545131474
88.644,0.000173802560224595
88.878,0.000173851344665168
89.112,0.000173899900077462
89.346,0.000173948228070527
89.58,0.000173996330238377
89.814,0.000174044208160164
90.048,0.000174091863400351
90.282,0.00017413929750888
90.516,0.000174186512021345
90.75,0.000174233508459153
90.984,0.000174280288329688
91.218,0.000174326853126477
91.452,0.000174373204329342
91.686,0.000174419343404562
91.92,0.000174465271805024
92.154,0.000174510990970379
92.388,0.000174556502327191
92.622,0.000174601807289082
92.856,0.000174646907256883
93.09,0.00017469180361878
93.324,0.000174736497750447
93.558,0.000174780991015198
93.792,0.000174825284764117
94.026,0.0001748693803362
94.26,0.000174913279058487
94.494,0.000174956982246197
94.728,0.000175000491202858
94.962,0.000175043807220437
95.196,0.000175086931579468
95.43,0.000175129865549178
95.664,0.000175172610387612
95.898,0.000175215167341756
96.132,0.000175257537647657
96.366,0.000175299722530543
96.6,0.000175341723204944
96.834,0.000175383540874803
97.068,0.000175425176733597
97.302,0.000175466631964446
97.536,0.000175507907740228
97.77,0.000175549005223686
98.004,0.000175589925567543
98.238,0.000175630669914604
98.472,0.000175671239397866
98.706,0.000175711635140621
98.94,0.00017575185825656
99.174,0.000175791909849878
99.408,0.000175831791015371
99.642,0.000175871502838537
99.876,0.000175911046395677
100.11,0.00017595042275399
100.344,0.000175989632971668
100.578,0.000176028678097993
100.812,0.000176067559173429
101.046,0.000176106277229717
101.28,0.000176144833289963
101.514,0.00017618322836873
101.748,0.000176221463472126
101.982,0.000176259539597892
102.216,0.000176297457735491
102.45,0.00017633521886619
102.684,0.000176372823963148
102.918,0.000176410273991497
103.152,0.000176447569908427
103.386,0.000176484712663265
103.62,0.000176521703197558
103.854,0.00017655854244515
104.088,0.000176595231332263
104.322,0.000176631770777573
104.556,0.000176668161692288
104.79,0.000176704404980222
105.024,0.000176740501537872
105.258,0.000176776452254491
105.492,0.000176812258012159
105.726,0.000176847919685857
105.96,0.000176883438143541
106.194,0.000176918814246208
106.428,0.000176954048847965
106.662,0.000176989142796103
106.896,0.00017702409693116
107.13,0.000177058912086992
107.364,0.000177093589090836
107.598,0.000177128128763375
107.832,0.000177162531918808
108.066,0.000177196799364909
108.3,0.00017723093190309
108.534,0.000177264930328467
108.768,0.000177298795429921
109.002,0.000177332527990156
109.236,0.000177366128785762
109.47,0.000177399598587274
109.704,0.000177432938159229
109.938,0.00017746614826023
110.172,0.000177499229642995
110.406,0.000177532183054422
110.64,0.000177565009235639
110.874,0.000177597708922064
111.108,0.000177630282843456
111.342,0.000177662731723974
111.576,0.000177695056282226
111.81,0.000177727257231325
112.044,0.000177759335278941
112.278,0.00017779129112735
112.512,0.00017782312547349
112.746,0.000177854839009009
112.98,0.000177886432420315
113.214,0.000177917906388625
113.448,0.000177949261590015
113.682,0.000177980498695471
113.916,0.000178011618370931
114.15,0.000178042621277336
114.384,0.000178073508070677
114.618,0.00017810427940204
114.852,0.000178134935917654
115.086,0.000178165478258931
115.32,0.000178195907062517
115.554,0.000178226222960333
115.788,0.000178256426579619
116.022,0.000178286518542977
116.256,0.000178316499468414
116.49,0.000178346369969387
116.724,0.000178376130654838
116.958,0.000178405782129245
117.192,0.000178435324992654
117.426,0.000178464759840724
117.66,0.000178494087264766
117.894,0.000178523307851785
118.128,0.000178552422184514
118.362,0.000178581430841457
118.596,0.000178610334396927
118.83,0.000178639133421081
119.064,0.000178667828479961
119.298,0.000178696420135528
119.532,0.000178724908945703
119.766,0.000178753295464396
120,0.000178781580241552
