"ResDensity","N_TraitValue"
2,2.14428629504972e-05
2.106,2.17704173545811e-05
2.212,2.20753138503684e-05
2.318,2.23598248162275e-05
2.424,2.26259285955146e-05
2.53,2.28753555647481e-05
2.636,2.31096258036177e-05
2.742,2.33300801002971e-05
2.848,2.35379056283205e-05
2.954,2.37341573336161e-05
3.06,2.39197758452005e-05
3.166,2.4095602551382e-05
3.272,2.42623923513639e-05
3.378,2.44208244899399e-05
3.484,2.45715118032532e-05
3.59,2.47150086409932e-05
3.696,2.48518176809279e-05
3.802,2.49823958123428e-05
3.908,2.51071592335011e-05
4.014,2.52264878829593e-05
4.12,2.53407293041332e-05
4.226,2.54502020259178e-05
4.332,2.55551985286159e-05
4.438,2.56559878533368e-05
4.544,2.57528179038811e-05
4.65,2.584591748258e-05
4.756,2.59354980952816e-05
4.862,2.60217555554612e-05
4.968,2.61048714130599e-05
5.074,2.61850142299952e-05
5.18,2.62623407212023e-05
5.286,2.63369967774595e-05
5.392,2.64091183840437e-05
5.498,2.64788324473869e-05
5.604,2.65462575403067e-05
5.71,2.66115045750155e-05
5.816,2.6674677411946e-05
5.922,2.6735873411421e-05
6.028,2.67951839343314e-05
6.134,2.68526947972388e-05
6.24,2.69084866866689e-05
6.346,2.69626355368033e-05
6.452,2.70152128742865e-05
6.558,2.70662861334419e-05
6.664,2.71159189448169e-05
6.77,2.71641713996533e-05
6.876,2.72111002925946e-05
6.982,2.72567593446914e-05
7.088,2.73011994085454e-05
7.194,2.73444686572393e-05
7.3,2.73866127585284e-05
7.406,2.74276750356175e-05
7.512,2.74676966157141e-05
7.618,2.75067165674274e-05
7.724,2.75447720279786e-05
7.83,2.75818983210941e-05
7.936,2.76181290663661e-05
8.042,2.76534962807949e-05
8.148,2.76880304731549e-05
8.254,2.77217607317718e-05
8.36,2.77547148062382e-05
8.466,2.77869191835542e-05
8.572,2.78183991591283e-05
8.678,2.78491789030414e-05
8.784,2.78792815219367e-05
8.89,2.79087291168703e-05
8.996,2.79375428374254e-05
9.102,2.79657429323696e-05
9.208,2.79933487971094e-05
9.314,2.80203790181769e-05
9.42,2.8046851414961e-05
9.526,2.8072783078883e-05
9.632,2.80981904101944e-05
9.738,2.81230891525656e-05
9.844,2.81474944256179e-05
9.95,2.81714207555404e-05
10.056,2.81948821039215e-05
10.162,2.82178918949162e-05
10.268,2.82404630408589e-05
10.374,2.82626079664263e-05
10.48,2.82843386314433e-05
10.586,2.83056665524211e-05
10.692,2.83266028229095e-05
10.798,2.8347158132737e-05
10.904,2.83673427862113e-05
11.01,2.83871667193428e-05
11.116,2.84066395161541e-05
11.222,2.84257704241294e-05
11.328,2.84445683688578e-05
11.434,2.84630419679188e-05
11.54,2.84811995440543e-05
11.646,2.84990491376716e-05
11.752,2.85165985187142e-05
11.858,2.85338551979399e-05
11.964,2.85508264376383e-05
12.07,2.85675192618214e-05
12.176,2.85839404659162e-05
12.282,2.86000966259887e-05
12.388,2.86159941075242e-05
12.494,2.86316390737896e-05
12.6,2.86470374938e-05
12.706,2.86621951499122e-05
12.812,2.86771176450638e-05
12.918,2.86918104096793e-05
13.024,2.87062787082582e-05
13.13,2.87205276456648e-05
13.236,2.8734562173133e-05
13.342,2.87483870940028e-05
13.448,2.87620070692013e-05
13.554,2.87754266224817e-05
13.66,2.8788650145433e-05
13.766,2.88016819022713e-05
13.872,2.88145260344248e-05
13.978,2.88271865649217e-05
14.084,2.88396674025912e-05
14.19,2.88519723460869e-05
14.296,2.88641050877423e-05
14.402,2.88760692172634e-05
14.508,2.8887868225271e-05
14.614,2.88995055066951e-05
14.72,2.8910984364032e-05
14.826,2.8922308010469e-05
14.932,2.89334795728829e-05
15.038,2.89445020947186e-05
15.144,2.89553785387538e-05
15.25,2.89661117897534e-05
15.356,2.89767046570209e-05
15.462,2.89871598768495e-05
15.568,2.89974801148791e-05
15.674,2.90076679683612e-05
15.78,2.9017725968339e-05
15.886,2.90276565817433e-05
15.992,2.90374622134097e-05
16.098,2.90471452080202e-05
16.204,2.90567078519724e-05
16.31,2.90661523751794e-05
16.416,2.90754809528032e-05
16.522,2.90846957069248e-05
16.628,2.90937987081539e-05
16.734,2.91027919771798e-05
16.84,2.91116774862666e-05
16.946,2.91204571606958e-05
17.052,2.91291328801563e-05
17.158,2.91377064800866e-05
17.264,2.91461797529689e-05
17.37,2.91545544495791e-05
17.476,2.91628322801918e-05
17.582,2.91710149157457e-05
17.688,2.91791039889676e-05
17.794,2.91871010954582e-05
17.9,2.91950077947422e-05
18.006,2.92028256112812e-05
18.112,2.92105560354543e-05
18.218,2.9218200524505e-05
18.324,2.92257605034572e-05
18.43,2.92332373660003e-05
18.536,2.92406324753463e-05
18.642,2.92479471650581e-05
18.748,2.92551827398512e-05
18.854,2.92623404763696e-05
18.96,2.92694216239367e-05
19.066,2.92764274052823e-05
19.172,2.92833590172464e-05
19.278,2.92902176314606e-05
19.384,2.92970043950089e-05
19.49,2.93037204310666e-05
19.596,2.93103668395204e-05
19.702,2.93169446975688e-05
19.808,2.93234550603039e-05
19.914,2.93298989612759e-05
20.02,2.93362774130399e-05
20.126,2.93425914076862e-05
20.232,2.93488419173551e-05
20.338,2.93550298947354e-05
20.444,2.93611562735491e-05
20.55,2.93672219690202e-05
20.656,2.93732278783313e-05
20.762,2.93791748810657e-05
20.868,2.93850638396366e-05
20.974,2.93908955997045e-05
21.08,2.93966709905815e-05
21.186,2.9402390825625e-05
21.292,2.94080559026191e-05
21.398,2.94136670041456e-05
21.504,2.94192248979448e-05
21.61,2.94247303372653e-05
21.716,2.94301840612041e-05
21.822,2.94355867950382e-05
21.928,2.94409392505452e-05
22.034,2.94462421263166e-05
22.14,2.94514961080612e-05
22.246,2.94567018689012e-05
22.352,2.94618600696593e-05
22.458,2.94669713591387e-05
22.564,2.94720363743946e-05
22.67,2.94770557409995e-05
22.776,2.94820300733004e-05
22.882,2.94869599746696e-05
22.988,2.94918460377485e-05
23.094,2.94966888446854e-05
23.2,2.95014889673665e-05
23.306,2.9506246967641e-05
23.412,2.95109633975405e-05
23.518,2.95156387994924e-05
23.624,2.95202737065278e-05
23.73,2.95248686424843e-05
23.836,2.95294241222032e-05
23.942,2.95339406517216e-05
24.048,2.95384187284603e-05
24.154,2.95428588414061e-05
24.26,2.95472614712896e-05
24.366,2.95516270907591e-05
24.472,2.95559561645497e-05
24.578,2.95602491496479e-05
24.684,2.95645064954527e-05
24.79,2.95687286439324e-05
24.896,2.95729160297774e-05
25.002,2.95770690805496e-05
25.108,2.95811882168277e-05
25.214,2.95852738523493e-05
25.32,2.95893263941497e-05
25.426,2.95933462426964e-05
25.532,2.95973337920218e-05
25.638,2.96012894298513e-05
25.744,2.96052135377296e-05
25.85,2.96091064911426e-05
25.956,2.9612968659638e-05
26.062,2.96168004069418e-05
26.168,2.96206020910723e-05
26.274,2.96243740644522e-05
26.38,2.96281166740169e-05
26.486,2.96318302613213e-05
26.592,2.96355151626435e-05
26.698,2.96391717090863e-05
26.804,2.96428002266765e-05
26.91,2.96464010364618e-05
27.016,2.96499744546052e-05
27.122,2.96535207924782e-05
27.228,2.96570403567503e-05
27.334,2.96605334494782e-05
27.44,2.9664000368192e-05
27.546,2.96674414059795e-05
27.652,2.96708568515688e-05
27.758,2.96742469894094e-05
27.864,2.96776120997507e-05
27.97,2.96809524587196e-05
28.076,2.9684268338396e-05
28.182,2.96875600068864e-05
28.288,2.96908277283963e-05
28.394,2.96940717633011e-05
28.5,2.96972923682149e-05
28.606,2.97004897960585e-05
28.712,2.97036642961255e-05
28.818,2.97068161141469e-05
28.924,2.97099454923548e-05
29.03,2.97130526695441e-05
29.136,2.97161378811338e-05
29.242,2.97192013592259e-05
29.348,2.9722243332664e-05
29.454,2.97252640270898e-05
29.56,2.97282636649995e-05
29.666,2.97312424657981e-05
29.772,2.9734200645853e-05
29.878,2.9737138418546e-05
29.984,2.97400559943254e-05
30.09,2.97429535807554e-05
30.196,2.97458313825659e-05
30.302,2.97486896017006e-05
30.408,2.97515284373639e-05
30.514,2.97543480860679e-05
30.62,2.97571487416768e-05
30.726,2.97599305954522e-05
30.832,2.97626938360962e-05
30.938,2.97654386497939e-05
31.044,2.97681652202558e-05
31.15,2.97708737287582e-05
31.256,2.97735643541838e-05
31.362,2.97762372730609e-05
31.468,2.97788926596018e-05
31.574,2.97815306857411e-05
31.68,2.97841515211724e-05
31.786,2.97867553333851e-05
31.892,2.97893422876996e-05
31.998,2.97919125473026e-05
32.104,2.97944662732815e-05
32.21,2.97970036246577e-05
32.316,2.97995247584199e-05
32.422,2.98020298295564e-05
32.528,2.98045189910868e-05
32.634,2.98069923940933e-05
32.74,2.98094501877511e-05
32.846,2.98118925193585e-05
32.952,2.98143195343662e-05
33.058,2.98167313764064e-05
33.164,2.98191281873211e-05
33.27,2.98215101071895e-05
33.376,2.98238772743559e-05
33.482,2.9826229825456e-05
33.588,2.98285678954434e-05
33.694,2.98308916176156e-05
33.8,2.98332011236388e-05
33.906,2.98354965435733e-05
34.012,2.98377780058976e-05
34.118,2.98400456375326e-05
34.224,2.98422995638648e-05
34.33,2.98445399087698e-05
34.436,2.98467667946349e-05
34.542,2.98489803423809e-05
34.648,2.98511806714849e-05
34.754,2.98533679000009e-05
34.86,2.98555421445815e-05
34.966,2.98577035204984e-05
35.072,2.98598521416628e-05
35.178,2.98619881206455e-05
35.284,2.98641115686962e-05
35.39,2.98662225957635e-05
35.496,2.98683213105133e-05
35.602,2.98704078203475e-05
35.708,2.98724822314226e-05
35.814,2.98745446486676e-05
35.92,2.98765951758014e-05
36.026,2.98786339153507e-05
36.132,2.98806609686666e-05
36.238,2.98826764359418e-05
36.344,2.98846804162268e-05
36.45,2.98866730074463e-05
36.556,2.9888654306415e-05
36.662,2.98906244088536e-05
36.768,2.98925834094037e-05
36.874,2.98945314016435e-05
36.98,2.98964684781022e-05
37.086,2.98983947302753e-05
37.192,2.99003102486382e-05
37.298,2.99022151226609e-05
37.404,2.99041094408219e-05
37.51,2.99059932906217e-05
37.616,2.99078667585965e-05
37.722,2.99097299303312e-05
37.828,2.99115828904726e-05
37.934,2.99134257227421e-05
38.04,2.99152585099486e-05
38.146,2.99170813340004e-05
38.252,2.9918894275918e-05
38.358,2.99206974158456e-05
38.464,2.99224908330631e-05
38.57,2.99242746059979e-05
38.676,2.99260488122359e-05
38.782,2.99278135285333e-05
38.888,2.99295688308272e-05
38.994,2.99313147942467e-05
39.1,2.99330514931235e-05
39.206,2.99347790010028e-05
39.312,2.99364973906531e-05
39.418,2.99382067340771e-05
39.524,2.9939907102521e-05
39.63,2.9941598566485e-05
39.736,2.9943281195733e-05
39.842,2.99449550593016e-05
39.948,2.99466202255105e-05
40.054,2.99482767619708e-05
40.16,2.99499247355948e-05
40.266,2.9951564212605e-05
40.372,2.99531952585425e-05
40.478,2.99548179382763e-05
40.584,2.99564323160114e-05
40.69,2.99580384552976e-05
40.796,2.99596364190377e-05
40.902,2.9961226269496e-05
41.008,2.99628080683057e-05
41.114,2.99643818764776e-05
41.22,2.99659477544077e-05
41.326,2.99675057618847e-05
41.432,2.99690559580977e-05
41.538,2.99705984016441e-05
41.644,2.99721331505364e-05
41.75,2.99736602622099e-05
41.856,2.99751797935295e-05
41.962,2.99766918007971e-05
42.068,2.99781963397584e-05
42.174,2.99796934656098e-05
42.28,2.9981183233005e-05
42.386,2.99826656960619e-05
42.492,2.99841409083689e-05
42.598,2.99856089229916e-05
42.704,2.99870697924789e-05
42.81,2.99885235688694e-05
42.916,2.99899703036977e-05
43.022,2.99914100480004e-05
43.128,2.9992842852322e-05
43.234,2.99942687667209e-05
43.34,2.99956878407751e-05
43.446,2.99971001235884e-05
43.552,2.99985056637954e-05
43.658,2.99999045095676e-05
43.764,3.00012967086187e-05
43.87,3.00026823082099e-05
43.976,3.00040613551556e-05
44.082,3.00054338958283e-05
44.188,3.00067999761642e-05
44.294,3.00081596416677e-05
44.4,3.00095129374171e-05
44.506,3.00108599080694e-05
44.612,3.0012200597865e-05
44.718,3.00135350506326e-05
44.824,3.00148633097942e-05
44.93,3.00161854183696e-05
45.036,3.00175014189811e-05
45.142,3.00188113538582e-05
45.248,3.00201152648419e-05
45.354,3.00214131933892e-05
45.46,3.00227051805777e-05
45.566,3.00239912671096e-05
45.672,3.00252714933165e-05
45.778,3.00265458991628e-05
45.884,3.00278145242509e-05
45.99,3.00290774078241e-05
46.096,3.00303345887719e-05
46.202,3.0031586105633e-05
46.308,3.00328319965997e-05
46.414,3.00340722995218e-05
46.52,3.00353070519101e-05
46.626,3.00365362909407e-05
46.732,3.00377600534582e-05
46.838,3.00389783759799e-05
46.944,3.0040191294699e-05
47.05,3.00413988454881e-05
47.156,3.00426010639035e-05
47.262,3.00437979851878e-05
47.368,3.00449896442739e-05
47.474,3.0046176075788e-05
47.58,3.00473573140533e-05
47.686,3.00485333930932e-05
47.792,3.00497043466346e-05
47.898,3.0050870208111e-05
48.004,3.00520310106655e-05
48.11,3.00531867871547e-05
48.216,3.00543375701509e-05
48.322,3.00554833919456e-05
48.428,3.00566242845527e-05
48.534,3.0057760279711e-05
48.64,3.00588914088874e-05
48.746,3.006001770328e-05
48.852,3.00611391938207e-05
48.958,3.0062255911178e-05
49.064,3.00633678857599e-05
49.17,3.00644751477168e-05
49.276,3.00655777269439e-05
49.382,3.00666756530843e-05
49.488,3.00677689555312e-05
49.594,3.00688576634309e-05
49.7,3.00699418056851e-05
49.806,3.00710214109539e-05
49.912,3.00720965076576e-05
50.018,3.00731671239799e-05
50.124,3.00742332878701e-05
50.23,3.00752950270454e-05
50.336,3.00763523689933e-05
50.442,3.00774053409745e-05
50.548,3.00784539700244e-05
50.654,3.0079498282956e-05
50.76,3.00805383063622e-05
50.866,3.00815740666176e-05
50.972,3.00826055898811e-05
51.078,3.00836329020982e-05
51.184,3.00846560290029e-05
51.29,3.00856749961198e-05
51.396,3.00866898287665e-05
51.502,3.00877005520555e-05
51.608,3.00887071908965e-05
51.714,3.0089709769998e-05
51.82,3.00907083138699e-05
51.926,3.00917028468249e-05
52.032,3.00926933929811e-05
52.138,3.00936799762634e-05
52.244,3.00946626204057e-05
52.35,3.00956413489527e-05
52.456,3.00966161852619e-05
52.562,3.00975871525055e-05
52.668,3.00985542736719e-05
52.774,3.00995175715678e-05
52.88,3.01004770688201e-05
52.986,3.01014327878773e-05
53.092,3.01023847510117e-05
53.198,3.01033329803205e-05
53.304,3.01042774977283e-05
53.41,3.01052183249882e-05
53.516,3.01061554836835e-05
53.622,3.01070889952299e-05
53.728,3.01080188808765e-05
53.834,3.01089451617075e-05
53.94,3.01098678586442e-05
54.046,3.01107869924463e-05
54.152,3.01117025837133e-05
54.258,3.01126146528864e-05
54.364,3.01135232202497e-05
54.47,3.01144283059319e-05
54.576,3.01153299299078e-05
54.682,3.01162281119995e-05
54.788,3.01171228718783e-05
54.894,3.01180142290656e-05
55,3.01189022029349e-05
