"ResDensity","N_TraitValue"
4,0.000324183128136837
4.024,0.000325099534640344
4.048,0.000326010178158404
4.072,0.000326915112882958
4.096,0.000327814392328618
4.12,0.000328708069343212
4.144,0.000329596196118136
4.168,0.00033047882419852
4.192,0.000331356004493196
4.216,0.000332227787284485
4.24,0.000333094222237811
4.264,0.000333955358411126
4.288,0.000334811244264174
4.312,0.000335661927667579
4.336,0.000336507455911772
4.36,0.000337347875715753
4.384,0.000338183233235695
4.408,0.000339013574073399
4.432,0.000339838943284584
4.456,0.000340659385387047
4.48,0.000341474944368656
4.504,0.000342285663695222
4.528,0.000343091586318212
4.552,0.000343892754682342
4.576,0.000344689210733023
4.6,0.000345480995923685
4.624,0.000346268151222967
4.648,0.000347050717121783
4.672,0.000347828733640269
4.696,0.000348602240334601
4.72,0.000349371276303697
4.744,0.000350135880195814
4.768,0.000350896090215012
4.792,0.000351651944127525
4.816,0.000352403479268012
4.84,0.000353150732545702
4.864,0.000353893740450443
4.888,0.000354632539058633
4.912,0.000355367164039066
4.936,0.000356097650658672
4.96,0.000356824033788156
4.984,0.000357546347907551
5.008,0.000358264627111672
5.032,0.000358978905115481
5.056,0.000359689215259364
5.08,0.000360395590514314
5.104,0.00036109806348704
5.128,0.000361796666424976
5.152,0.000362491431221222
5.176,0.000363182389419394
5.2,0.000363869572218399
5.224,0.000364553010477132
5.248,0.000365232734719092
5.272,0.000365908775136932
5.296,0.000366581161596924
5.32,0.000367249923643358
5.344,0.000367915090502873
5.368,0.000368576691088712
5.392,0.00036923475400491
5.416,0.00036988930755042
5.44,0.000370540379723168
5.464,0.000371187998224043
5.488,0.000371832190460831
5.512,0.000372472983552073
5.536,0.000373110404330881
5.56,0.000373744479348674
5.584,0.000374375234878871
5.608,0.000375002696920517
5.632,0.000375626891201857
5.656,0.000376247843183851
5.68,0.000376865578063636
5.704,0.000377480120777937
5.728,0.000378091496006417
5.752,0.000378699728174988
5.776,0.000379304841459058
5.8,0.000379906859786737
5.824,0.000380505806841991
5.848,0.000381101706067746
5.872,0.00038169458066895
5.896,0.000382284453615582
5.92,0.000382871347645619
5.944,0.00038345528526796
5.968,0.0003840362887653
5.992,0.000384614380196969
6.016,0.000385189581401718
6.04,0.000385761914000476
6.064,0.000386331399399052
6.088,0.00038689805879081
6.112,0.000387461913159295
6.136,0.00038802298328082
6.16,0.000388581289727026
6.184,0.000389136852867389
6.208,0.000389689692871699
6.232,0.000390239829712504
6.256,0.000390787283167512
6.28,0.000391332072821963
6.304,0.000391874218070961
6.328,0.000392413738121783
6.352,0.000392950651996138
6.376,0.00039348497853241
6.4,0.000394016736387858
6.424,0.000394545944040789
6.448,0.000395072619792695
6.472,0.000395596781770369
6.496,0.000396118447927978
6.52,0.000396637636049117
6.544,0.00039715436374883
6.568,0.000397668648475599
6.592,0.00039818050751331
6.616,0.000398689957983193
6.64,0.000399197016845723
6.664,0.000399701700902507
6.688,0.000400204026798143
6.712,0.000400704011022042
6.736,0.000401201669910239
6.76,0.000401697019647168
6.784,0.000402190076267419
6.808,0.000402680855657469
6.832,0.000403169373557382
6.856,0.000403655645562502
6.88,0.000404139687125102
6.904,0.00040462151355603
6.928,0.000405101140026316
6.952,0.000405578581568768
6.976,0.000406053853079544
7,0.000406526969319696
7.024,0.000406997944916704
7.048,0.00040746679436598
7.072,0.000407933532032357
7.096,0.000408398172151552
7.12,0.000408860728831621
7.144,0.000409321216054379
7.168,0.000409779647676814
7.192,0.000410236037432474
7.216,0.000410690398932842
7.24,0.000411142745668683
7.264,0.000411593091011387
7.288,0.00041204144821428
7.312,0.000412487830413928
7.336,0.000412932250631418
7.36,0.000413374721773627
7.384,0.000413815256634466
7.408,0.00041425386789612
7.432,0.000414690568130258
7.456,0.000415125369799242
7.48,0.000415558285257304
7.504,0.000415989326751723
7.528,0.000416418506423977
7.552,0.000416845836310881
7.576,0.000417271328345718
7.6,0.000417694994359343
7.624,0.000418116846081286
7.648,0.00041853689514083
7.672,0.00041895515306808
7.696,0.000419371631295022
7.72,0.000419786341156559
7.744,0.000420199293891542
7.768,0.000420610500643788
7.792,0.000421019972463077
7.816,0.000421427720306145
7.84,0.000421833755037661
7.864,0.000422238087431192
7.888,0.000422640728170155
7.912,0.000423041687848761
7.936,0.000423440976972937
7.96,0.000423838605961253
7.984,0.000424234585145821
8.008,0.000424628924773194
8.032,0.000425021635005247
8.056,0.000425412725920052
8.08,0.000425802207512739
8.104,0.000426190089696347
8.128,0.000426576382302669
8.152,0.000426961095083077
8.176,0.000427344237709344
8.2,0.000427725819774459
8.224,0.000428105850793421
8.248,0.000428484340204036
8.272,0.000428861297367694
8.296,0.000429236731570142
8.32,0.000429610652022248
8.344,0.000429983067860751
8.368,0.000430353988149008
8.392,0.000430723421877731
8.416,0.000431091377965708
8.44,0.000431457865260524
8.464,0.00043182289253927
8.488,0.000432186468509245
8.512,0.000432548601808644
8.536,0.000432909301007248
8.56,0.000433268574607095
8.584,0.000433626431043149
8.608,0.000433982878683965
8.632,0.000434337925832333
8.656,0.00043469158072593
8.68,0.000435043851537954
8.704,0.000435394746377753
8.728,0.000435744273291448
8.752,0.000436092440262548
8.776,0.00043643925521256
8.8,0.000436784726001585
8.824,0.000437128860428917
8.848,0.000437471666233626
8.872,0.00043781315109514
8.896,0.000438153322633819
8.92,0.000438492188411518
8.944,0.000438829755932154
8.968,0.000439166032642255
8.992,0.000439501025931507
9.016,0.000439834743133299
9.04,0.000440167191525255
9.064,0.000440498378329766
9.088,0.000440828310714508
9.112,0.000441156995792966
9.136,0.000441484440624938
9.16,0.000441810652217048
9.184,0.000442135637523238
9.208,0.000442459403445267
9.232,0.000442781956833201
9.256,0.000443103304485891
9.28,0.000443423453151454
9.304,0.000443742409527744
9.328,0.00044406018026282
9.352,0.00044437677195541
9.376,0.000444692191155362
9.4,0.000445006444364102
9.424,0.000445319538035075
9.448,0.000445631478574192
9.472,0.000445942272340263
9.496,0.000446251925645431
9.52,0.0004465604447556
9.544,0.000446867835890856
9.568,0.000447174105225883
9.592,0.000447479258890382
9.616,0.000447783302969477
9.64,0.000448086243504118
9.664,0.000448388086491482
9.688,0.000448688837885372
9.712,0.000448988503596603
9.736,0.000449287089493393
9.76,0.000449584601401745
9.784,0.000449881045105826
9.808,0.000450176426348342
9.832,0.000450470750830908
9.856,0.000450764024214417
9.88,0.000451056252119399
9.904,0.000451347440126385
9.928,0.000451637593776257
9.952,0.000451926718570606
9.976,0.000452214819972071
10,0.000452501903404692
10.024,0.000452787974254245
10.048,0.00045307303786858
10.072,0.000453357099557953
10.096,0.00045364016459536
10.12,0.000453922238216859
10.144,0.000454203325621892
10.168,0.000454483431973612
10.192,0.000454762562399188
10.216,0.000455040721990128
10.24,0.000455317915802583
10.264,0.000455594148857653
10.288,0.000455869426141693
10.312,0.000456143752606614
10.336,0.000456417133170173
10.36,0.000456689572716277
10.384,0.000456961076095264
10.408,0.000457231648124198
10.432,0.000457501293587151
10.456,0.000457770017235483
10.48,0.000458037823788126
10.504,0.000458304717931857
10.528,0.00045857070432157
10.552,0.00045883578758055
10.576,0.00045909997230074
10.6,0.000459363263043004
10.624,0.000459625664337392
10.648,0.000459887180683398
10.672,0.000460147816550219
10.696,0.000460407576377008
10.72,0.000460666464573126
10.744,0.000460924485518395
10.768,0.000461181643563338
10.792,0.00046143794302943
10.816,0.000461693388209337
10.84,0.000461947983367158
10.864,0.000462201732738657
10.888,0.000462454640531506
10.912,0.00046270671092551
10.936,0.000462957948072841
10.96,0.000463208356098267
10.984,0.000463457939099372
11.008,0.000463706701146789
11.032,0.000463954646284412
11.056,0.000464201778529621
11.08,0.000464448101873496
11.104,0.000464693620281032
11.128,0.000464938337691355
11.152,0.00046518225801793
11.176,0.000465425385148767
11.2,0.000465667722946633
11.224,0.000465909275249255
11.248,0.000466150045869518
11.272,0.000466390038595672
11.296,0.000466629257191528
11.32,0.000466867705396654
11.344,0.00046710538692657
11.368,0.000467342305472942
11.392,0.000467578464703774
11.416,0.000467813868263593
11.44,0.000468048519773642
11.464,0.000468282422832063
11.488,0.00046851558101408
11.512,0.000468747997872183
11.536,0.000468979676936307
11.56,0.000469210621714011
11.584,0.000469440835690657
11.608,0.000469670322329583
11.632,0.000469899085072277
11.656,0.000470127127338549
11.68,0.000470354452526703
11.704,0.000470581064013703
11.728,0.000470806965155345
11.752,0.000471032159286415
11.776,0.000471256649720862
11.8,0.000471480439751954
11.824,0.00047170353265244
11.848,0.000471925931674714
11.872,0.000472147640050967
11.896,0.000472368660993347
11.92,0.000472588997694114
11.944,0.000472808653325795
11.968,0.00047302763104133
11.992,0.000473245933974231
12.016,0.000473463565238727
12.04,0.000473680527929913
12.064,0.000473896825123895
12.088,0.000474112459877939
12.112,0.000474327435230612
12.136,0.000474541754201926
12.16,0.00047475541979348
12.184,0.000474968434988597
12.208,0.000475180802752468
12.232,0.000475392526032285
12.256,0.00047560360775738
12.28,0.000475814050839358
12.304,0.000476023858172233
12.328,0.00047623303263256
12.352,0.000476441577079565
12.376,0.000476649494355278
12.4,0.000476856787284659
12.424,0.000477063458675728
12.448,0.000477269511319693
12.472,0.000477474947991071
12.496,0.000477679771447818
12.52,0.000477883984431449
12.544,0.00047808758966716
12.568,0.000478290589863953
12.592,0.000478492987714752
12.616,0.000478694785896524
12.64,0.000478895987070396
12.664,0.000479096593881773
12.688,0.000479296608960456
12.712,0.00047949603492075
12.736,0.000479694874361586
12.76,0.00047989312986663
12.784,0.000480090804004393
12.808,0.000480287899328347
12.832,0.00048048441837703
12.856,0.000480680363674159
12.88,0.000480875737728733
12.904,0.000481070543035148
12.928,0.000481264782073293
12.952,0.000481458457308665
12.976,0.000481651571192466
13,0.000481844126161712
13.024,0.00048203612463933
13.048,0.000482227569034265
13.072,0.000482418461741577
13.096,0.000482608805142541
13.12,0.00048279860160475
13.144,0.000482987853482207
13.168,0.000483176563115429
13.192,0.000483364732831538
13.216,0.000483552364944358
13.24,0.000483739461754513
13.264,0.000483926025549517
13.288,0.000484112058603869
13.312,0.000484297563179145
13.336,0.000484482541524093
13.36,0.000484666995874715
13.384,0.000484850928454369
13.408,0.000485034341473847
13.432,0.000485217237131473
13.456,0.000485399617613185
13.48,0.000485581485092622
13.504,0.000485762841731215
13.528,0.000485943689678268
13.552,0.000486124031071045
13.576,0.000486303868034854
13.6,0.00048648320268313
13.624,0.000486662037117519
13.648,0.000486840373427957
13.672,0.000487018213692756
13.696,0.000487195559978681
13.72,0.000487372414341032
13.744,0.000487548778823723
13.768,0.000487724655459359
13.792,0.000487900046269317
13.816,0.000488074953263823
13.84,0.000488249378442025
13.864,0.000488423323792074
13.888,0.000488596791291199
13.912,0.000488769782905777
13.936,0.000488942300591412
13.96,0.00048911434629301
13.984,0.000489285921944847
14.008,0.000489457029470644
14.032,0.00048962767078364
14.056,0.000489797847786662
14.08,0.000489967562372195
14.104,0.000490136816422456
14.128,0.000490305611809457
14.152,0.00049047395039508
14.176,0.000490641834031143
14.2,0.000490809264559468
14.224,0.000490976243811948
14.248,0.000491142773610615
14.272,0.000491308855767704
14.296,0.000491474492085723
14.32,0.000491639684357512
14.344,0.000491804434366315
14.368,0.000491968743885838
14.392,0.000492132614680315
14.416,0.000492296048504572
14.44,0.000492459047104088
14.464,0.000492621612215059
14.488,0.000492783745564457
14.512,0.000492945448870095
14.536,0.000493106723840683
14.56,0.000493267572175891
14.584,0.000493427995566411
14.608,0.000493587995694009
14.632,0.000493747574231593
14.656,0.000493906732843262
14.68,0.000494065473184373
14.704,0.000494223796901591
14.728,0.000494381705632949
14.752,0.000494539201007904
14.776,0.000494696284647395
14.8,0.000494852958163896
14.824,0.000495009223161472
14.848,0.000495165081235833
14.872,0.00049532053397439
14.896,0.000495475582956309
14.92,0.000495630229752562
14.944,0.000495784475925983
14.968,0.000495938323031317
14.992,0.000496091772615277
15.016,0.000496244826216591
15.04,0.000496397485366058
15.064,0.000496549751586596
15.088,0.000496701626393291
15.112,0.000496853111293454
15.136,0.000497004207786662
15.16,0.000497154917364817
15.184,0.000497305241512185
15.208,0.000497455181705453
15.232,0.000497604739413774
15.256,0.000497753916098814
15.28,0.000497902713214801
15.304,0.000498051132208574
15.328,0.000498199174519624
15.352,0.000498346841580149
15.376,0.000498494134815092
15.4,0.000498641055642193
15.424,0.00049878760547203
15.448,0.000498933785708069
15.472,0.000499079597746703
15.496,0.000499225042977299
15.52,0.000499370122782246
15.544,0.000499514838536993
15.568,0.000499659191610095
15.592,0.000499803183363256
15.616,0.000499946815151372
15.64,0.000500090088322572
15.664,0.000500233004218263
15.688,0.000500375564173171
15.712,0.000500517769515379
15.736,0.000500659621566374
15.76,0.000500801121641083
15.784,0.000500942271047916
15.808,0.000501083071088808
15.832,0.000501223523059253
15.856,0.000501363628248351
15.88,0.000501503387938845
15.904,0.000501642803407155
15.928,0.000501781875923425
15.952,0.000501920606751556
15.976,0.000502058997149248
16,0.000502197048368033
