"ResDensity","N_TraitValue"
39.021,0.396475017927372
40.6913892,0.409239524696247
42.3617784,0.421746844759864
44.0321676,0.434004673513521
45.7025568,0.44602040237464
47.372946,0.45780113364538
49.0433352,0.469353694511681
50.7137244,0.480684650236685
52.3841136,0.491800316602146
54.0545028,0.502706771647337
55.724892,0.51340986675132
57.3952812,0.523915237101022
59.0656704,0.534228311584474
60.7360596,0.544354322145704
62.4064488,0.554298312635153
64.076838,0.564065147187067
65.7472272,0.573659518153111
67.4176164,0.583085953619378
69.0880056,0.592348824532097
70.7583948,0.601452351455612
72.428784,0.610400610984562
74.0991732,0.619197541830752
75.7695624,0.627846950603795
77.4399516,0.636352517303349
79.1103408,0.644717800539606
80.78073,0.652946242497589
82.4511192,0.661041173659796
84.1215084,0.669005817300821
85.7918976,0.676843293766678
87.4622868,0.684556624550776
89.132676,0.692148736177726
90.8030652,0.69962246390546
92.4734544,0.70698055525552
94.1438436,0.714225673380727
95.8142328,0.721360400278924
97.484622,0.728387239860922
99.1550112,0.735308620880322
100.8254004,0.742126899732403
102.4957896,0.748844363128853
104.1661788,0.755463230654738
105.836568,0.761985657213684
107.5069572,0.768413735366962
109.1773464,0.77474949757179
110.8477356,0.780994918323883
112.5181248,0.787151916209013
114.188514,0.793222355868029
115.8589032,0.79920804987959
117.5292924,0.805110760564586
119.1996816,0.810932201716037
120.8700708,0.816674040258019
122.54046,0.822337897837003
124.2108492,0.827925352348797
125.8812384,0.833437939404108
127.5516276,0.838877153735576
129.2220168,0.844244450549011
130.892406,0.849541246821367
132.5627952,0.854768922547918
134.2331844,0.859928821940915
135.9035736,0.865022254581923
137.5739628,0.870050496529918
139.244352,0.875014791387101
140.9147412,0.879916351324304
142.5851304,0.884756358067775
144.2555196,0.889535963849006
145.9259088,0.894256292319232
147.596298,0.898918439430107
149.2666872,0.903523474282022
150.9370764,0.908072439941427
152.6074656,0.912566354228492
154.2778548,0.917006210476328
155.948244,0.921392978262989
157.6186332,0.925727604117359
159.2890224,0.930011012200027
160.9594116,0.934244104960158
162.6298008,0.938427763769362
164.30019,0.942562849533476
165.9705792,0.946650203283166
167.6409684,0.950690646744192
169.3113576,0.954684982888148
170.9817468,0.958633996464459
172.652136,0.962538454514372
174.3225252,0.966399106867636
175.9929144,0.970216686622575
177.6633036,0.973991910610168
179.3336928,0.97772547984277
181.004082,0.981418079948071
182.6744712,0.985070381588832
184.3448604,0.988683040868966
186.0152496,0.99225669972646
187.6856388,0.995791986313644
189.356028,0.999289515365277
191.0264172,1.00274988855489
192.6968064,1.00617369483986
194.3671956,1.00956151079557
196.0375848,1.01291390093908
197.707974,1.01623141804278
199.3783632,1.01951460343817
201.0487524,1.02276398731037
202.7191416,1.02598008898354
204.3895308,1.02916341719756
206.05992,1.03231447037633
207.7303092,1.03543373688788
209.4006984,1.03852169529677
211.0710876,1.04157881460881
212.7414768,1.04460555450852
214.411866,1.04760236558958
216.0822552,1.05056968957846
217.7526444,1.05350795955146
219.4230336,1.05641760014539
221.0934228,1.05929902776221
222.763812,1.06215265076766
224.4342012,1.06497886968418
226.1045904,1.06777807737833
227.7749796,1.07055065924285
229.4453688,1.07329699337353
231.115758,1.07601745074109
232.7861472,1.07871239535827
234.4565364,1.08138218444215
236.1269256,1.08402716857203
237.7973148,1.08664769184287
239.467704,1.08924409201453
241.1380932,1.09181670065691
242.8084824,1.0943658432911
244.4788716,1.09689183952664
246.1492608,1.09939500319519
247.81965,1.10187564248045
249.4900392,1.10433406004465
251.1604284,1.10677055315167
252.8308176,1.10918541378688
254.5012068,1.11157892877375
256.171596,1.11395137988741
257.8419852,1.11630304396529
259.5123744,1.11863419301475
261.1827636,1.12094509431798
262.8531528,1.12323601053418
264.523542,1.12550719979903
266.1939312,1.12775891582171
267.8643204,1.12999140797935
269.5347096,1.1322049214091
271.2050988,1.13439969709784
272.875488,1.1365759719697
274.5458772,1.13873397897124
276.2162664,1.14087394715463
277.8866556,1.14299610175869
279.5570448,1.14510066428788
281.227434,1.14718785258942
282.8978232,1.1492578809284
284.5682124,1.1513109600612
286.2386016,1.15334729730691
287.9089908,1.1553670966172
289.57938,1.15737055864439
291.2497692,1.15935788080788
292.9201584,1.16132925735902
294.5905476,1.1632848794444
296.2609368,1.16522493516764
297.931326,1.16714960964968
299.6017152,1.16905908508769
301.2721044,1.17095354081256
302.9424936,1.17283315334503
304.6128828,1.17469809645054
306.283272,1.17654854119277
307.9536612,1.17838465598593
309.6240504,1.18020660664589
311.2944396,1.18201455644008
312.9648288,1.18380866613625
314.635218,1.18558909405015
316.3056072,1.18735599609207
317.9759964,1.18910952581239
319.6463856,1.19084983444604
321.3167748,1.19257707095596
322.987164,1.19429138207566
324.6575532,1.19599291235073
326.3279424,1.19768180417946
327.9983316,1.19935819785261
329.6687208,1.20102223159222
331.33911,1.20267404158962
333.0094992,1.20431376204258
334.6798884,1.20594152519164
336.3502776,1.20755746135569
338.0206668,1.20916169896674
339.691056,1.21075436460392
341.3614452,1.21233558302683
343.0318344,1.21390547720804
344.7022236,1.21546416836506
346.3726128,1.21701177599147
348.043002,1.21854841788747
349.7133912,1.22007421018982
351.3837804,1.22158926740103
353.0541696,1.22309370241804
354.7245588,1.22458762656029
356.394948,1.2260711495971
358.0653372,1.22754437977465
359.7357264,1.22900742384223
361.4061156,1.23046038707807
363.0765048,1.23190337331459
364.746894,1.23333648496312
366.4172832,1.23475982303812
368.0876724,1.23617348718096
369.7580616,1.23757757568311
371.4284508,1.23897218550897
373.09884,1.24035741231818
374.7692292,1.24173335048748
376.4396184,1.24310009313216
378.1100076,1.24445773212705
379.7803968,1.24580635812712
381.450786,1.24714606058766
383.1211752,1.24847692778404
384.7915644,1.24979904683113
386.4619536,1.25111250370229
388.1323428,1.252417383248
389.802732,1.25371376921414
391.4731212,1.25500174425993
393.1435104,1.25628138997545
394.8138996,1.25755278689891
396.4842888,1.25881601453353
398.154678,1.26007115136411
399.8250672,1.26131827487329
401.4954564,1.2625574615575
403.1658456,1.2637887869426
404.8362348,1.26501232559921
406.506624,1.26622815115778
408.1770132,1.26743633632335
409.8474024,1.26863695289005
411.5177916,1.26983007175533
413.1881808,1.27101576293389
414.85857,1.2721940955714
416.5289592,1.27336513795793
418.1993484,1.27452895754113
419.8697376,1.27568562093922
421.5401268,1.27683519395366
423.210516,1.27797774158166
424.8809052,1.27911332802841
426.5512944,1.28024201671908
428.2216836,1.28136387031072
429.8920728,1.28247895070375
431.562462,1.28358731905341
433.2328512,1.28468903578091
434.9032404,1.28578416058444
436.5736296,1.28687275244991
438.2440188,1.28795486966158
439.914408,1.28903056981245
441.5847972,1.29009990981447
443.2551864,1.29116294590857
444.9255756,1.29221973367456
446.5959648,1.29327032804077
448.266354,1.29431478329358
449.9367432,1.29535315308679
451.6071324,1.2963854904508
453.2775216,1.29741184780162
454.9479108,1.29843227694976
456.6183,1.29944682910893
458.2886892,1.30045555490463
459.9590784,1.30145850438257
461.6294676,1.30245572701693
463.2998568,1.3034472717185
464.970246,1.30443318684269
466.6406352,1.30541352019735
468.3110244,1.30638831905058
469.9814136,1.30735763013822
471.6518028,1.30832149967143
473.322192,1.30927997334393
474.9925812,1.3102330963393
476.6629704,1.31118091333803
478.3333596,1.31212346852455
480.0037488,1.31306080559404
481.674138,1.31399296775921
483.3445272,1.31491999775697
485.0149164,1.3158419378549
486.6853056,1.31675882985773
488.3556948,1.31767071511361
490.026084,1.31857763452038
491.6964732,1.31947962853164
493.3668624,1.32037673716278
495.0372516,1.3212689999969
496.7076408,1.32215645619063
498.37803,1.32303914447985
500.0484192,1.32391710318536
501.7188084,1.32479037021836
503.3891976,1.32565898308598
505.0595868,1.32652297889661
506.729976,1.32738239436518
508.4003652,1.32823726581837
510.0707544,1.32908762919974
511.7411436,1.32993352007476
513.4115328,1.33077497363577
515.081922,1.33161202470684
516.7523112,1.33244470774859
518.4227004,1.33327305686295
520.0930896,1.33409710579776
521.7634788,1.33491688795139
523.433868,1.33573243637722
525.1042572,1.33654378378814
526.7746464,1.33735096256086
528.4450356,1.33815400474025
530.1154248,1.33895294204359
531.785814,1.33974780586471
533.4562032,1.34053862727814
535.1265924,1.34132543704312
536.7969816,1.34210826560765
538.4673708,1.34288714311233
540.13776,1.34366209939432
541.8081492,1.34443316399107
543.4785384,1.34520036614415
545.1489276,1.34596373480287
546.8193168,1.34672329862798
548.489706,1.34747908599522
550.1600952,1.34823112499888
551.8304844,1.34897944345526
553.5008736,1.34972406890611
555.1712628,1.35046502862202
556.841652,1.35120234960573
558.5120412,1.35193605859541
560.1824304,1.35266618206791
561.8528196,1.35339274624193
563.5232088,1.35411577708116
565.193598,1.35483530029738
566.8639872,1.35555134135351
568.5343764,1.3562639254666
570.2047656,1.35697307761079
571.8751548,1.35767882252025
573.545544,1.35838118469203
575.2159332,1.35908018838892
576.8863224,1.35977585764221
578.5567116,1.36046821625449
580.2271008,1.3611572878023
581.89749,1.36184309563888
583.5678792,1.36252566289676
585.2382684,1.36320501249036
586.9086576,1.3638811671186
588.5790468,1.36455414926736
590.249436,1.36522398121203
591.9198252,1.36589068501994
593.5902144,1.3665542825528
595.2606036,1.36721479546906
596.9309928,1.36787224522631
598.601382,1.36852665308356
600.2717712,1.36917804010355
601.9421604,1.36982642715502
603.6125496,1.37047183491494
605.2829388,1.37111428387068
606.953328,1.37175379432219
608.6237172,1.37239038638415
610.2941064,1.3730240799881
611.9644956,1.37365489488444
613.6348848,1.37428285064458
615.305274,1.37490796666289
616.9756632,1.37553026215874
618.6460524,1.37614975617845
620.3164416,1.37676646759724
621.9868308,1.37738041512114
623.65722,1.3779916172889
625.3276092,1.37860009247383
626.9979984,1.37920585888564
628.6683876,1.37980893457231
630.3387768,1.3804093374218
632.009166,1.3810070851639
633.6795552,1.3816021953719
635.3499444,1.38219468546437
637.0203336,1.38278457270683
638.6907228,1.38337187421345
640.361112,1.38395660694867
642.0315012,1.38453878772886
643.7018904,1.38511843322394
645.3722796,1.38569555995893
647.0426688,1.38627018431558
648.713058,1.38684232253386
650.3834472,1.38741199071353
652.0538364,1.38797920481564
653.7242256,1.388543980664
655.3946148,1.38910633394669
657.065004,1.38966628021749
658.7353932,1.39022383489731
660.4057824,1.39077901327561
662.0761716,1.3913318305118
663.7465608,1.39188230163663
665.41695,1.39243044155354
667.0873392,1.39297626503998
668.7577284,1.3935197867488
670.4281176,1.39406102120951
672.0985068,1.39459998282959
673.768896,1.39513668589576
675.4392852,1.39567114457529
677.1096744,1.39620337291715
678.7800636,1.39673338485335
680.4504528,1.39726119420008
682.120842,1.39778681465893
683.7912312,1.39831025981809
685.4616204,1.39883154315353
687.1320096,1.3993506780301
688.8023988,1.39986767770274
690.472788,1.40038255531756
692.1431772,1.400895323913
693.8135664,1.40140599642087
695.4839556,1.40191458566749
697.1543448,1.40242110437474
698.824734,1.40292556516113
700.4951232,1.40342798054283
702.1655124,1.40392836293474
703.8359016,1.40442672465147
705.5062908,1.40492307790838
707.17668,1.40541743482257
708.8470692,1.40590980741386
710.5174584,1.40640020760577
712.1878476,1.4068886472265
713.8582368,1.40737513800983
715.528626,1.40785969159612
717.1990152,1.4083423195332
718.8694044,1.40882303327729
720.5397936,1.40930184419394
722.2101828,1.40977876355888
723.880572,1.41025380255892
725.5509612,1.41072697229285
727.2213504,1.41119828377227
728.8917396,1.41166774792246
730.5621288,1.41213537558324
732.232518,1.41260117750977
733.9029072,1.41306516437339
735.5732964,1.41352734676245
737.2436856,1.4139877351831
738.9140748,1.41444634006007
740.584464,1.4149031717375
742.2548532,1.41535824047968
743.9252424,1.41581155647183
745.5956316,1.41626312982087
747.2660208,1.41671297055617
748.93641,1.41716108863025
750.6067992,1.41760749391959
752.2771884,1.4180521962253
753.9475776,1.41849520527384
755.6179668,1.41893653071776
757.288356,1.41937618213637
758.9587452,1.41981416903645
760.6291344,1.42025050085293
762.2995236,1.42068518694957
763.9699128,1.42111823661963
765.640302,1.42154965908653
767.3106912,1.42197946350449
768.9810804,1.42240765895921
770.6514696,1.4228342544685
772.3218588,1.42325925898287
773.992248,1.42368268138624
775.6626372,1.42410453049647
777.3330264,1.42452481506604
779.0034156,1.42494354378261
780.6738048,1.42536072526966
782.344194,1.42577636808702
784.0145832,1.42619048073154
785.6849724,1.4266030716376
787.3553616,1.4270141491777
789.0257508,1.42742372166304
790.69614,1.42783179734408
792.3665292,1.42823838441107
794.0369184,1.42864349099464
795.7073076,1.42904712516629
797.3776968,1.42944929493897
799.048086,1.42985000826758
800.7184752,1.43024927304951
802.3888644,1.43064709712517
804.0592536,1.43104348827847
805.7296428,1.43143845423736
807.400032,1.43183200267431
809.0704212,1.43222414120683
810.7408104,1.43261487739794
812.4111996,1.43300421875665
814.0815888,1.43339217273848
815.751978,1.43377874674589
817.4223672,1.43416394812878
819.0927564,1.43454778418496
820.7631456,1.43493026216056
822.4335348,1.43531138925057
824.103924,1.43569117259921
825.7743132,1.43606961930044
827.4447024,1.43644673639835
829.1150916,1.43682253088763
830.7854808,1.437197009714
832.45587,1.43757017977462
834.1262592,1.43794204791853
835.7966484,1.43831262094705
837.4670376,1.43868190561424
839.1374268,1.43904990862724
840.807816,1.43941663664674
842.4782052,1.43978209628735
844.1485944,1.440146294118
845.8189836,1.44050923666234
847.4893728,1.44087093039913
849.159762,1.44123138176261
850.8301512,1.44159059714292
852.5005404,1.44194858288642
854.1709296,1.44230534529611
855.8413188,1.442660890632
857.511708,1.44301522511143
859.1820972,1.4433683549095
860.8524864,1.44372028615937
862.5228756,1.44407102495263
864.1932648,1.44442057733968
865.863654,1.44476894933005
867.5340432,1.44511614689274
869.2044324,1.44546217595659
870.8748216,1.4458070424106
872.5452108,1.44615075210423
874.2156,1.44649331084782
