"ResDensity","N_TraitValue"
44,2.94883420826035e-05
51.344,3.40456441310066e-05
58.688,3.85073909038491e-05
66.032,4.28765565551011e-05
73.376,4.71559930789147e-05
80.72,5.13484365178354e-05
88.064,5.54565127962196e-05
95.408,5.948274320499e-05
102.752,6.34295495618052e-05
110.096,6.72992590688318e-05
117.44,7.10941088885958e-05
124.784,7.48162504568183e-05
132.128,7.84677535497042e-05
139.472,8.20506101218431e-05
146.816,8.55667379296722e-05
154.16,8.90179839543533e-05
161.504,9.24061276368983e-05
168.848,9.57328839374495e-05
176.192,9.89999062297665e-05
183.536,0.000102208789041183
190.88,0.000105361070647576
198.224,0.000108458235532214
205.568,0.000111501716716748
212.912,0.00011449289797204
220.256,0.000117433115915975
227.6,0.000120323662004965
234.944,0.000123165784425356
242.288,0.000125960689890575
249.632,0.00012870954534944
256.976,0.000131413479610721
264.32,0.000134073584888705
271.664,0.0001366909182742
279.008,0.000139266503135158
286.352,0.000141801330450798
293.696,0.00014429636008289
301.04,0.000146752521987631
308.384,0.000149170717371323
315.728,0.000151551819792862
323.072,0.000153896676215889
330.416,0.00015620610801325
337.76,0.000158480911926274
345.104,0.000160721860981224
352.448,0.000162929705365126
359.792,0.000165105173263077
367.136,0.000167248971658979
374.48,0.000169361787101556
381.824,0.000171444286437402
389.168,0.000173497117512692
396.512,0.00017552090984512
403.856,0.000177516275267519
411.2,0.00017948380854455
418.544,0.000181424087963762
425.888,0.000183337675902266
433.232,0.00018522511937017
440.576,0.000187086950531906
447.92,0.000188923687206465
455.264,0.000190735833347544
462.608,0.000192523879504543
469.952,0.000194288303265277
477.296,0.000196029569681272
484.64,0.000197748131676414
491.984,0.000199444430439719
499.328,0.000201118895802942
506.672,0.000202771946603688
514.016,0.000204403991034693
521.36,0.000206015426979859
528.704,0.000207606642337655
536.048,0.000209178015332404
543.392,0.00021072991481401
550.736,0.000212262700546599
558.08,0.000213776723486574
565.424,0.000215272326050503
572.768,0.00021674984237331
580.112,0.000218209598557132
587.456,0.000219651912911277
594.8,0.000221077096183617
602.144,0.000222485451783791
609.488,0.000223877275998547
616.832,0.000225252858199547
624.176,0.000226612481043932
631.52,0.000227956420667957
638.864,0.000229284946873957
646.208,0.000230598323310915
653.552,0.000231896807648895
660.896,0.000233180651747569
668.24,0.000234450101819077
675.584,0.000235705398585441
682.928,0.000236946777430743
690.272,0.000238174468548265
697.616,0.000239388697082796
704.96,0.000240589683268276
712.304,0.000241777642560966
719.648,0.000242952785768303
726.992,0.000244115319173612
734.336,0.000245265444656823
741.68,0.000246403359811342
749.024,0.000247529258057219
756.368,0.000248643328750751
763.712,0.000249745757290653
771.056,0.000250836725220905
778.4,0.000251916410330424
785.744,0.00025298498674965
793.088,0.000254042625044164
800.432,0.000255089492305455
807.776,0.000256125752238921
815.12,0.000257151565249208
822.464,0.000258167088522985
829.808,0.000259172476109239
837.152,0.000260167878997175
844.496,0.000261153445191811
851.84,0.000262129319787342
859.184,0.000263095645038344
866.528,0.000264052560428908
873.872,0.000265000202739757
881.216,0.000265938706113423
888.56,0.00026686820211755
895.904,0.000267788819806378
903.248,0.000268700685780475
910.592,0.000269603924244781
917.936,0.000270498657064999
925.28,0.000271385003822411
932.624,0.000272263081867159
939.968,0.000273133006370031
947.312,0.000273994890372828
954.656,0.000274848844837325
962,0.000275694978692898
969.344,0.000276533398882845
976.688,0.000277364210409439
984.032,0.000278187516377773
991.376,0.000279003418038411
998.72,0.000279812014828901
1006.064,0.00028061340441417
1013.408,0.000281407682725852
1020.752,0.000282194944000568
1028.096,0.000282975280817199
1035.44,0.000283748784133178
1042.784,0.000284515543319832
1050.128,0.000285275646196805
1057.472,0.000286029179065593
1064.816,0.000286776226742202
1072.16,0.000287516872588974
1079.504,0.000288251198545602
1086.848,0.000288979285159343
1094.192,0.000289701211614475
1101.536,0.000290417055761004
1108.88,0.000291126894142649
1116.224,0.000291830802024125
1123.568,0.000292528853417751
1130.912,0.000293221121109386
1138.256,0.000293907676683731
1145.6,0.000294588590549006
1152.944,0.00029526393196102
1160.288,0.000295933769046651
1167.632,0.000296598168826757
1174.976,0.000297257197238531
1182.32,0.000297910919157313
1189.664,0.000298559398417882
1197.008,0.000299202697835231
1204.352,0.000299840879224856
1211.696,0.000300474003422553
1219.04,0.00030110213030375
1226.384,0.000301725318802387
1233.728,0.000302343626929344
1241.072,0.000302957111790444
1248.416,0.000303565829604038
1255.76,0.000304169835718173
1263.104,0.000304769184627373
1270.448,0.000305363929989023
1277.792,0.00030595412463939
1285.136,0.000306539820609264
1292.48,0.000307121069139251
1299.824,0.000307697920694717
1307.168,0.000308270424980394
1314.512,0.000308838630954656
1321.856,0.000309402586843477
1329.2,0.000309962340154072
1336.544,0.000310517937688245
1343.888,0.000311069425555424
1351.232,0.000311616849185426
1358.576,0.000312160253340926
1365.92,0.000312699682129663
1373.264,0.00031323517901637
1380.608,0.000313766786834453
1387.952,0.000314294547797409
1395.296,0.000314818503510003
1402.64,0.000315338694979198
1409.984,0.000315855162624856
1417.328,0.000316367946290207
1424.672,0.000316877085252093
1432.016,0.000317382618231
1439.36,0.000317884583400873
1446.704,0.000318383018398725
1454.048,0.000318877960334043
1461.392,0.000319369445798001
1468.736,0.000319857510872474
1476.08,0.000320342191138871
1483.424,0.00032082352168678
1490.768,0.00032130153712244
1498.112,0.00032177627157703
1505.456,0.000322247758714795
1512.8,0.000322716031741007
1520.144,0.000323181123409755
1527.488,0.000323643066031585
1534.832,0.000324101891480982
1542.176,0.000324557631203704
1549.52,0.00032501031622396
1556.864,0.000325459977151456
1564.208,0.000325906644188294
1571.552,0.000326350347135731
1578.896,0.00032679111540081
1586.24,0.000327228978002853
1593.584,0.000327663963579836
1600.928,0.000328096100394627
1608.272,0.000328525416341112
1615.616,0.000328951938950192
1622.96,0.000329375695395673
1630.304,0.000329796712500034
1637.648,0.000330215016740089
1644.992,0.000330630634252534
1652.336,0.000331043590839394
1659.68,0.000331453911973361
1667.024,0.000331861622803033
1674.368,0.000332266748158051
1681.712,0.000332669312554138
1689.056,0.000333069340198049
1696.4,0.000333466854992419
1703.744,0.000333861880540525
1711.088,0.000334254440150959
1718.432,0.000334644556842211
1725.776,0.000335032253347171
1733.12,0.00033541755211754
1740.464,0.000335800475328169
1747.808,0.000336181044881311
1755.152,0.000336559282410796
1762.496,0.000336935209286135
1769.84,0.000337308846616537
1777.184,0.000337680215254867
1784.528,0.000338049335801523
1791.872,0.000338416228608246
1799.216,0.000338780913781857
1806.56,0.000339143411187936
1813.904,0.000339503740454424
1821.248,0.00033986192097517
1828.592,0.000340217971913408
1835.936,0.000340571912205175
1843.28,0.000340923760562667
1850.624,0.00034127353547754
1857.968,0.000341621255224147
1865.312,0.00034196693786272
1872.656,0.000342310601242501
1880,0.000342652263004809
1887.344,0.000342991940586061
1894.688,0.000343329651220739
1902.032,0.000343665411944305
1909.376,0.000343999239596065
1916.72,0.000344331150821982
1924.064,0.000344661162077446
1931.408,0.000344989289629994
1938.752,0.000345315549561978
1946.096,0.000345639957773199
1953.44,0.000345962529983486
1960.784,0.000346283281735236
1968.128,0.000346602228395911
1975.472,0.00034691938516049
1982.816,0.000347234767053885
1990.16,0.000347548388933314
1997.504,0.000347860265490631
2004.848,0.000348170411254621
2012.192,0.000348478840593259
2019.536,0.000348785567715926
2026.88,0.000349090606675592
2034.224,0.000349393971370961
2041.568,0.000349695675548586
2048.912,0.000349995732804939
2056.256,0.000350294156588461
2063.6,0.000350590960201565
2070.944,0.000350886156802614
2078.288,0.00035117975940787
2085.632,0.0003514717808934
2092.976,0.000351762233996964
2100.32,0.000352051131319865
2107.664,0.000352338485328771
2115.008,0.00035262430835751
2122.352,0.000352908612608832
2129.696,0.000353191410156148
2137.04,0.000353472712945237
2144.384,0.000353752532795933
2151.728,0.000354030881403772
2159.072,0.000354307770341629
2166.416,0.00035458321106132
2173.76,0.000354857214895178
2181.104,0.000355129793057611
2188.448,0.000355400956646629
2195.792,0.000355670716645353
2203.136,0.000355939083923494
2210.48,0.000356206069238819
2217.824,0.000356471683238582
2225.168,0.000356735936460942
2232.512,0.000356998839336359
2239.856,0.000357260402188963
2247.2,0.000357520635237908
2254.544,0.0003577795485987
2261.888,0.00035803715228451
2269.232,0.000358293456207466
2276.576,0.00035854847017992
2283.92,0.000358802203915705
2291.264,0.000359054667031364
2298.608,0.00035930586904737
2305.952,0.000359555819389317
2313.296,0.000359804527389105
2320.64,0.000360052002286095
2327.984,0.000360298253228258
2335.328,0.000360543289273302
2342.672,0.000360787119389779
2350.016,0.000361029752458183
2357.36,0.000361271197272024
2364.704,0.000361511462538897
2372.048,0.000361750556881521
2379.392,0.000361988488838775
2386.736,0.000362225266866716
2394.08,0.000362460899339577
2401.424,0.000362695394550755
2408.768,0.000362928760713786
2416.112,0.000363161005963302
2423.456,0.000363392138355979
2430.8,0.000363622165871464
2438.144,0.000363851096413298
2445.488,0.000364078937809819
2452.832,0.000364305697815053
2460.176,0.000364531384109597
2467.52,0.000364756004301484
2474.864,0.000364979565927038
2482.208,0.000365202076451717
2489.552,0.000365423543270945
2496.896,0.00036564397371093
2504.24,0.000365863375029473
2511.584,0.000366081754416762
2518.928,0.000366299118996161
2526.272,0.000366515475824985
2533.616,0.000366730831895258
2540.96,0.000366945194134471
2548.304,0.000367158569406327
2555.648,0.000367370964511466
2562.992,0.000367582386188194
2570.336,0.000367792841113195
2577.68,0.000368002335902229
2585.024,0.000368210877110832
2592.368,0.000368418471234993
2599.712,0.000368625124711836
2607.056,0.000368830843920277
2614.4,0.000369035635181688
2621.744,0.00036923950476054
2629.088,0.000369442458865042
2636.432,0.000369644503647773
2643.776,0.000369845645206303
2651.12,0.000370045889583806
2658.464,0.000370245242769665
2665.808,0.00037044371070007
2673.152,0.000370641299258608
2680.496,0.000370838014276841
2687.84,0.000371033861534883
2695.184,0.000371228846761966
2702.528,0.000371422975636996
2709.872,0.000371616253789109
2717.216,0.000371808686798208
2724.56,0.000372000280195508
2731.904,0.00037219103946406
2739.248,0.000372380970039278
2746.592,0.000372570077309451
2753.936,0.000372758366616258
2761.28,0.000372945843255266
2768.624,0.000373132512476428
2775.968,0.000373318379484575
2783.312,0.000373503449439899
2790.656,0.000373687727458427
2798,0.000373871218612498
2805.344,0.000374053927931223
2812.688,0.000374235860400951
2820.032,0.000374417020965715
2827.376,0.000374597414527685
2834.72,0.000374777045947609
2842.064,0.00037495592004525
2849.408,0.000375134041599814
2856.752,0.000375311415350382
2864.096,0.000375488045996322
2871.44,0.000375663938197712
2878.784,0.000375839096575745
2886.128,0.000376013525713134
2893.472,0.000376187230154514
2900.816,0.000376360214406834
2908.16,0.00037653248293975
2915.504,0.000376704040186008
2922.848,0.000376874890541821
2930.192,0.000377045038367252
2937.536,0.000377214487986578
2944.88,0.000377383243688661
2952.224,0.000377551309727307
2959.568,0.000377718690321624
2966.912,0.000377885389656375
2974.256,0.00037805141188233
2981.6,0.000378216761116605
2988.944,0.000378381441443005
2996.288,0.000378545456912361
3003.632,0.000378708811542862
3010.976,0.000378871509320382
3018.32,0.000379033554198804
3025.664,0.000379194950100342
3033.008,0.000379355700915856
3040.352,0.000379515810505165
3047.696,0.000379675282697357
3055.04,0.000379834121291092
3062.384,0.000379992330054907
3069.728,0.000380149912727509
3077.072,0.000380306873018074
3084.416,0.000380463214606538
3091.76,0.000380618941143881
3099.104,0.000380774056252414
3106.448,0.00038092856352606
3113.792,0.000381082466530629
3121.136,0.000381235768804096
3128.48,0.000381388473856868
3135.824,0.000381540585172057
3143.168,0.000381692106205739
3150.512,0.000381843040387221
3157.856,0.000381993391119297
3165.2,0.000382143161778502
3172.544,0.000382292355715369
3179.888,0.000382440976254677
3187.232,0.000382589026695697
3194.576,0.000382736510312437
3201.92,0.000382883430353883
3209.264,0.000383029790044238
3216.608,0.000383175592583159
3223.952,0.000383320841145985
3231.296,0.000383465538883976
3238.64,0.000383609688924533
3245.984,0.000383753294371429
3253.328,0.000383896358305027
3260.672,0.000384038883782505
3268.016,0.000384180873838068
3275.36,0.000384322331483171
3282.704,0.000384463259706723
3290.048,0.000384603661475307
3297.392,0.000384743539733379
3304.736,0.00038488289740348
3312.08,0.000385021737386437
3319.424,0.000385160062561566
3326.768,0.00038529787578687
3334.112,0.000385435179899234
3341.456,0.000385571977714622
3348.8,0.000385708272028271
3356.144,0.000385844065614877
3363.488,0.000385979361228787
3370.832,0.000386114161604183
3378.176,0.000386248469455268
3385.52,0.000386382287476445
3392.864,0.000386515618342504
3400.208,0.00038664846470879
3407.552,0.000386780829211389
3414.896,0.000386912714467297
3422.24,0.000387044123074594
3429.584,0.000387175057612613
3436.928,0.000387305520642111
3444.272,0.000387435514705437
3451.616,0.000387565042326692
3458.96,0.000387694106011897
3466.304,0.000387822708249154
3473.648,0.000387950851508803
3480.992,0.000388078538243585
3488.336,0.000388205770888793
3495.68,0.000388332551862431
3503.024,0.000388458883565367
3510.368,0.00038858476838148
3517.712,0.000388710208677817
3525.056,0.000388835206804734
3532.4,0.00038895976509605
3539.744,0.000389083885869185
3547.088,0.000389207571425311
3554.432,0.000389330824049487
3561.776,0.000389453646010807
3569.12,0.000389576039562532
3576.464,0.000389698006942235
3583.808,0.000389819550371931
3591.152,0.000389940672058215
3598.496,0.000390061374192396
3605.84,0.000390181658950628
3613.184,0.000390301528494041
3620.528,0.000390420984968872
3627.872,0.000390540030506588
3635.216,0.000390658667224021
3642.56,0.000390776897223485
3649.904,0.000390894722592908
3657.248,0.000391012145405946
3664.592,0.000391129167722114
3671.936,0.000391245791586901
3679.28,0.000391362019031888
3686.624,0.000391477852074871
3693.968,0.000391593292719974
3701.312,0.000391708342957765
3708.656,0.000391823004765371
3716,0.000391937280106593
