"ResDensity","N_TraitValue"
0.33,4.50256865412284e-06
0.42934,5.39478134763696e-06
0.52868,6.15623665699078e-06
0.62802,6.81371661119426e-06
0.72736,7.38715661073463e-06
0.8267,7.89170186219743e-06
0.92604,8.33906461653317e-06
1.02538,8.73844468836022e-06
1.12472,9.09716885549467e-06
1.22406,9.42114444812028e-06
1.3234,9.71518721361505e-06
1.42274,9.98326231765782e-06
1.52208,1.02286641952401e-05
1.62142,1.04541526189468e-05
1.72076,1.06620569344797e-05
1.8201,1.08543568257406e-05
1.91944,1.10327455520354e-05
2.01878,1.11986799404243e-05
2.11812,1.13534202604996e-05
2.21746,1.14980622925289e-05
2.3168,1.16335633157237e-05
2.41614,1.17607633202534e-05
2.51548,1.18804024366733e-05
2.61482,1.19931353469946e-05
2.71416,1.20995432701143e-05
2.8135,1.22001439849313e-05
2.91284,1.22954002560202e-05
3.01218,1.23857269512014e-05
3.11152,1.2471497081966e-05
3.21086,1.25530469522557e-05
3.3102,1.26306805654658e-05
3.40954,1.27046734114245e-05
3.50888,1.2775275732789e-05
3.60822,1.28427153524751e-05
3.70756,1.29072001294406e-05
3.8069,1.2968920098589e-05
3.90624,1.30280493412041e-05
4.00558,1.3084747624688e-05
4.10492,1.31391618441315e-05
4.20426,1.31914272931052e-05
4.3036,1.32416687868184e-05
4.40294,1.32900016572743e-05
4.50228,1.33365326371257e-05
4.60162,1.33813606464855e-05
4.70096,1.34245774949028e-05
4.8003,1.34662685089842e-05
4.89964,1.35065130946925e-05
4.99898,1.35453852421176e-05
5.09832,1.35829539794711e-05
5.19766,1.36192837821663e-05
5.297,1.36544349420827e-05
5.39634,1.36884639014638e-05
5.49568,1.37214235553395e-05
5.59502,1.37533635258785e-05
5.69436,1.37843304116667e-05
5.7937,1.38143680145431e-05
5.89304,1.38435175463165e-05
5.99238,1.38718178174148e-05
6.09172,1.38993054092815e-05
6.19106,1.39260148321313e-05
6.2904,1.39519786694944e-05
6.38974,1.3977227710823e-05
6.48908,1.40017910732935e-05
6.58842,1.40256963138193e-05
6.68776,1.40489695321792e-05
6.7871,1.4071635466072e-05
6.88644,1.40937175788265e-05
6.98578,1.41152381404204e-05
7.08512,1.41362183023952e-05
7.18446,1.41566781671977e-05
7.2838,1.41766368524259e-05
7.38314,1.41961125504111e-05
7.48248,1.42151225835254e-05
7.58182,1.42336834555695e-05
7.68116,1.42518108995603e-05
7.7805,1.42695199222091e-05
7.87984,1.42868248453557e-05
7.97918,1.43037393445974e-05
8.07852,1.43202764853325e-05
8.17786,1.43364487564189e-05
8.2772,1.43522681016281e-05
8.37654,1.43677459490629e-05
8.47588,1.43828932386897e-05
8.57522,1.43977204481264e-05
8.67456,1.44122376168111e-05
8.7739,1.44264543686719e-05
8.87324,1.44403799334028e-05
8.97258,1.44540231664458e-05
9.07192,1.44673925677699e-05
9.17126,1.44804962995303e-05
9.2706,1.44933422026857e-05
9.36994,1.4505937812644e-05
9.46928,1.4518290374002e-05
9.56862,1.45304068544407e-05
9.66796,1.45422939578305e-05
9.7673,1.45539581366002e-05
9.86664,1.45654056034157e-05
9.96598,1.4576642342214e-05
10.06532,1.45876741186335e-05
10.16466,1.45985064898789e-05
10.264,1.46091448140553e-05
10.36334,1.46195942590057e-05
10.46268,1.46298598106821e-05
10.56202,1.46399462810776e-05
10.66136,1.46498583157478e-05
10.7607,1.46596004009451e-05
10.86004,1.46691768703892e-05
10.95938,1.46785919116946e-05
11.05872,1.46878495724769e-05
11.15806,1.46969537661545e-05
11.2574,1.47059082774645e-05
11.35674,1.47147167677086e-05
11.45608,1.47233827797448e-05
11.55542,1.47319097427384e-05
11.65476,1.47403009766863e-05
11.7541,1.4748559696727e-05
11.85344,1.47566890172479e-05
11.95278,1.47646919558011e-05
12.05212,1.47725714368383e-05
12.15146,1.47803302952733e-05
12.2508,1.47879712798831e-05
12.35014,1.47954970565544e-05
12.44948,1.48029102113853e-05
12.54882,1.48102132536475e-05
12.64816,1.48174086186185e-05
12.7475,1.48244986702891e-05
12.84684,1.48314857039528e-05
12.94618,1.48383719486832e-05
13.04552,1.48451595697051e-05
13.14486,1.48518506706641e-05
13.2442,1.48584472958007e-05
13.34354,1.4864951432032e-05
13.44288,1.48713650109475e-05
13.54222,1.48776899107211e-05
13.64156,1.48839279579454e-05
13.7409,1.48900809293899e-05
13.84024,1.48961505536886e-05
13.93958,1.49021385129588e-05
14.03892,1.49080464443557e-05
14.13826,1.49138759415642e-05
14.2376,1.49196285562326e-05
14.33694,1.49253057993495e-05
14.43628,1.49309091425667e-05
14.53562,1.49364400194711e-05
14.63496,1.49418998268076e-05
14.7343,1.49472899256552e-05
14.83364,1.49526116425578e-05
14.93298,1.49578662706128e-05
15.03232,1.49630550705189e-05
15.13166,1.4968179271584e-05
15.231,1.49732400726965e-05
15.33034,1.49782386432603e-05
15.42968,1.49831761240959e-05
15.52902,1.49880536283079e-05
15.62836,1.49928722421222e-05
15.7277,1.4997633025692e-05
15.82704,1.50023370138756e-05
15.92638,1.50069852169864e-05
16.02572,1.50115786215162e-05
16.12506,1.50161181908333e-05
16.2244,1.50206048658557e-05
16.32374,1.5025039565702e-05
16.42308,1.50294231883183e-05
16.52242,1.50337566110849e-05
16.62176,1.50380406914014e-05
16.7211,1.50422762672526e-05
16.82044,1.50464641577547e-05
16.91978,1.50506051636832e-05
17.01912,1.50547000679839e-05
17.11846,1.5058749636266e-05
17.2178,1.50627546172793e-05
17.31714,1.50667157433761e-05
17.41648,1.50706337309572e-05
17.51582,1.50745092809039e-05
17.61516,1.50783430789964e-05
17.7145,1.5082135796318e-05
17.81384,1.50858880896464e-05
17.91318,1.50896006018337e-05
18.01252,1.50932739621729e-05
18.11186,1.50969087867534e-05
18.2112,1.51005056788063e-05
18.31054,1.5104065229037e-05
18.40988,1.51075880159496e-05
18.50922,1.51110746061598e-05
18.60856,1.51145255546988e-05
18.7079,1.5117941405308e-05
18.80724,1.51213226907242e-05
18.90658,1.51246699329573e-05
19.00592,1.51279836435583e-05
19.10526,1.51312643238802e-05
19.2046,1.51345124653308e-05
19.30394,1.51377285496181e-05
19.40328,1.51409130489886e-05
19.50262,1.51440664264582e-05
19.60196,1.51471891360368e-05
19.7013,1.51502816229462e-05
19.80064,1.51533443238316e-05
19.89998,1.51563776669673e-05
19.99932,1.51593820724562e-05
20.09866,1.51623579524239e-05
20.198,1.51653057112069e-05
20.29734,1.5168225745536e-05
20.39668,1.51711184447142e-05
20.49602,1.51739841907899e-05
20.59536,1.51768233587247e-05
20.6947,1.51796363165573e-05
20.79404,1.51824234255625e-05
20.89338,1.51851850404057e-05
20.99272,1.51879215092936e-05
21.09206,1.51906331741203e-05
21.1914,1.51933203706098e-05
21.29074,1.51959834284549e-05
21.39008,1.51986226714513e-05
21.48942,1.52012384176296e-05
21.58876,1.52038309793826e-05
21.6881,1.52064006635898e-05
21.78744,1.52089477717386e-05
21.88678,1.5211472600042e-05
21.98612,1.52139754395535e-05
22.08546,1.52164565762792e-05
22.1848,1.52189162912864e-05
22.28414,1.52213548608099e-05
22.38348,1.52237725563553e-05
22.48282,1.52261696448001e-05
22.58216,1.52285463884915e-05
22.6815,1.52309030453424e-05
22.78084,1.52332398689245e-05
22.88018,1.52355571085593e-05
22.97952,1.5237855009407e-05
23.07886,1.52401338125526e-05
23.1782,1.52423937550906e-05
23.27754,1.52446350702067e-05
23.37688,1.52468579872587e-05
23.47622,1.52490627318542e-05
23.57556,1.52512495259271e-05
23.6749,1.52534185878121e-05
23.77424,1.52555701323174e-05
23.87358,1.52577043707955e-05
23.97292,1.52598215112125e-05
24.07226,1.52619217582157e-05
24.1716,1.52640053131993e-05
24.27094,1.52660723743692e-05
24.37028,1.52681231368053e-05
24.46962,1.52701577925235e-05
24.56896,1.5272176530535e-05
24.6683,1.52741795369054e-05
24.76764,1.52761669948114e-05
24.86698,1.5278139084597e-05
24.96632,1.52800959838279e-05
25.06566,1.52820378673447e-05
25.165,1.52839649073151e-05
25.26434,1.52858772732849e-05
25.36368,1.52877751322273e-05
25.46302,1.52896586485921e-05
25.56236,1.52915279843526e-05
25.6617,1.52933832990526e-05
25.76104,1.52952247498513e-05
25.86038,1.5297052491568e-05
25.95972,1.52988666767253e-05
26.05906,1.53006674555916e-05
26.1584,1.53024549762227e-05
26.25774,1.53042293845022e-05
26.35708,1.53059908241813e-05
26.45642,1.53077394369174e-05
26.55576,1.53094753623126e-05
26.6551,1.53111987379503e-05
26.75444,1.53129096994317e-05
26.85378,1.53146083804116e-05
26.95312,1.5316294912633e-05
27.05246,1.53179694259612e-05
27.1518,1.53196320484169e-05
27.25114,1.53212829062094e-05
27.35048,1.53229221237681e-05
27.44982,1.53245498237736e-05
27.54916,1.53261661271889e-05
27.6485,1.53277711532889e-05
27.74784,1.53293650196898e-05
27.84718,1.5330947842378e-05
27.94652,1.5332519735738e-05
28.04586,1.53340808125804e-05
28.1452,1.53356311841682e-05
28.24454,1.53371709602438e-05
28.34388,1.53387002490547e-05
28.44322,1.5340219157379e-05
28.54256,1.53417277905499e-05
28.6419,1.53432262524804e-05
28.74124,1.53447146456871e-05
28.84058,1.53461930713133e-05
28.93992,1.53476616291524e-05
29.03926,1.534912041767e-05
29.1386,1.53505695340259e-05
29.23794,1.53520090740957e-05
29.33728,1.53534391324924e-05
29.43662,1.53548598025862e-05
29.53596,1.53562711765258e-05
29.6353,1.53576733452577e-05
29.73464,1.53590663985459e-05
29.83398,1.53604504249912e-05
29.93332,1.53618255120496e-05
30.03266,1.53631917460514e-05
30.132,1.53645492122184e-05
30.23134,1.53658979946823e-05
30.33068,1.5367238176502e-05
30.43002,1.53685698396802e-05
30.52936,1.53698930651806e-05
30.6287,1.5371207932944e-05
30.72804,1.53725145219048e-05
30.82738,1.53738129100063e-05
30.92672,1.53751031742165e-05
31.02606,1.53763853905432e-05
31.1254,1.5377659634049e-05
31.22474,1.5378925978866e-05
31.32408,1.538018449821e-05
31.42342,1.53814352643947e-05
31.52276,1.53826783488455e-05
31.6221,1.53839138221133e-05
31.72144,1.53851417538876e-05
31.82078,1.53863622130096e-05
31.92012,1.53875752674855e-05
32.01946,1.53887809844984e-05
32.1188,1.53899794304213e-05
32.21814,1.53911706708292e-05
32.31748,1.53923547705106e-05
32.41682,1.539353179348e-05
32.51616,1.53947018029886e-05
32.6155,1.53958648615363e-05
32.71484,1.53970210308827e-05
32.81418,1.53981703720577e-05
32.91352,1.53993129453724e-05
33.01286,1.540044881043e-05
33.1122,1.54015780261355e-05
33.21154,1.54027006507066e-05
33.31088,1.54038167416831e-05
33.41022,1.54049263559371e-05
33.50956,1.54060295496826e-05
33.6089,1.54071263784847e-05
33.70824,1.54082168972696e-05
33.80758,1.54093011603328e-05
33.90692,1.54103792213492e-05
34.00626,1.54114511333809e-05
34.1056,1.54125169488868e-05
34.20494,1.54135767197305e-05
34.30428,1.54146304971892e-05
34.40362,1.54156783319617e-05
34.50296,1.54167202741764e-05
34.6023,1.54177563733998e-05
34.70164,1.54187866786437e-05
34.80098,1.54198112383735e-05
34.90032,1.54208301005156e-05
34.99966,1.54218433124645e-05
35.099,1.5422850921091e-05
35.19834,1.54238529727484e-05
35.29768,1.54248495132806e-05
35.39702,1.54258405880282e-05
35.49636,1.54268262418361e-05
35.5957,1.54278065190598e-05
35.69504,1.54287814635723e-05
35.79438,1.54297511187704e-05
35.89372,1.54307155275815e-05
35.99306,1.54316747324697e-05
36.0924,1.54326287754418e-05
36.19174,1.54335776980541e-05
36.29108,1.54345215414177e-05
36.39042,1.54354603462049e-05
36.48976,1.54363941526549e-05
36.5891,1.54373230005796e-05
36.68844,1.54382469293692e-05
36.78778,1.54391659779978e-05
36.88712,1.54400801850286e-05
36.98646,1.54409895886201e-05
37.0858,1.54418942265303e-05
37.18514,1.54427941361229e-05
37.28448,1.54436893543717e-05
37.38382,1.54445799178664e-05
37.48316,1.54454658628169e-05
37.5825,1.54463472250586e-05
37.68184,1.5447224040057e-05
37.78118,1.54480963429128e-05
37.88052,1.54489641683661e-05
37.97986,1.54498275508016e-05
38.0792,1.54506865242525e-05
38.17854,1.54515411224055e-05
38.27788,1.5452391378605e-05
38.37722,1.54532373258573e-05
38.47656,1.54540789968351e-05
38.5759,1.54549164238815e-05
38.67524,1.54557496390145e-05
38.77458,1.54565786739306e-05
38.87392,1.54574035600091e-05
38.97326,1.54582243283161e-05
39.0726,1.54590410096083e-05
39.17194,1.54598536343367e-05
39.27128,1.54606622326507e-05
39.37062,1.54614668344016e-05
39.46996,1.54622674691464e-05
39.5693,1.54630641661513e-05
39.66864,1.54638569543954e-05
39.76798,1.54646458625741e-05
39.86732,1.54654309191025e-05
39.96666,1.54662121521191e-05
40.066,1.54669895894888e-05
40.16534,1.54677632588066e-05
40.26468,1.54685331874005e-05
40.36402,1.54692994023349e-05
40.46336,1.54700619304137e-05
40.5627,1.54708207981836e-05
40.66204,1.54715760319369e-05
40.76138,1.54723276577149e-05
40.86072,1.54730757013104e-05
40.96006,1.54738201882711e-05
41.0594,1.54745611439023e-05
41.15874,1.54752985932699e-05
41.25808,1.54760325612029e-05
41.35742,1.54767630722968e-05
41.45676,1.54774901509155e-05
41.5561,1.54782138211948e-05
41.65544,1.54789341070447e-05
41.75478,1.5479651032152e-05
41.85412,1.54803646199831e-05
41.95346,1.54810748937862e-05
42.0528,1.54817818765942e-05
42.15214,1.54824855912273e-05
42.25148,1.54831860602947e-05
42.35082,1.5483883306198e-05
42.45016,1.54845773511328e-05
42.5495,1.54852682170915e-05
42.64884,1.54859559258655e-05
42.74818,1.54866404990475e-05
42.84752,1.54873219580336e-05
42.94686,1.54880003240259e-05
43.0462,1.54886756180343e-05
43.14554,1.54893478608789e-05
43.24488,1.54900170731921e-05
43.34422,1.54906832754206e-05
43.44356,1.54913464878278e-05
43.5429,1.54920067304954e-05
43.64224,1.54926640233257e-05
43.74158,1.54933183860436e-05
43.84092,1.54939698381986e-05
43.94026,1.54946183991666e-05
44.0396,1.54952640881518e-05
44.13894,1.54959069241889e-05
44.23828,1.54965469261446e-05
44.33762,1.54971841127196e-05
44.43696,1.54978185024507e-05
44.5363,1.54984501137119e-05
44.63564,1.54990789647169e-05
44.73498,1.54997050735206e-05
44.83432,1.55003284580205e-05
44.93366,1.5500949135959e-05
45.033,1.55015671249244e-05
45.13234,1.55021824423534e-05
45.23168,1.55027951055319e-05
45.33102,1.55034051315971e-05
45.43036,1.5504012537539e-05
45.5297,1.5504617340202e-05
45.62904,1.55052195562864e-05
45.72838,1.55058192023499e-05
45.82772,1.55064162948093e-05
45.92706,1.55070108499417e-05
46.0264,1.55076028838863e-05
46.12574,1.55081924126456e-05
46.22508,1.55087794520872e-05
46.32442,1.55093640179446e-05
46.42376,1.55099461258194e-05
46.5231,1.55105257911819e-05
46.62244,1.5511103029373e-05
46.72178,1.55116778556056e-05
46.82112,1.55122502849653e-05
46.92046,1.55128203324125e-05
47.0198,1.55133880127833e-05
47.11914,1.55139533407908e-05
47.21848,1.55145163310263e-05
47.31782,1.55150769979609e-05
47.41716,1.55156353559463e-05
47.5165,1.55161914192163e-05
47.61584,1.55167452018881e-05
47.71518,1.55172967179632e-05
47.81452,1.55178459813286e-05
47.91386,1.55183930057584e-05
48.0132,1.55189378049142e-05
48.11254,1.55194803923472e-05
48.21188,1.55200207814984e-05
48.31122,1.55205589857002e-05
48.41056,1.55210950181775e-05
48.5099,1.55216288920486e-05
48.60924,1.55221606203264e-05
48.70858,1.55226902159193e-05
48.80792,1.55232176916325e-05
48.90726,1.5523743060169e-05
49.0066,1.55242663341301e-05
49.10594,1.55247875260173e-05
49.20528,1.55253066482324e-05
49.30462,1.55258237130792e-05
49.40396,1.5526338732764e-05
49.5033,1.55268517193969e-05
49.60264,1.55273626849923e-05
49.70198,1.55278716414704e-05
49.80132,1.55283786006577e-05
49.90066,1.5528883574288e-05
50,1.55293865740036e-05
