"ResDensity","N_TraitValue"
0.5,0.0389301217722334
0.699,0.0449276388900883
0.898,0.0491430666983968
1.097,0.0522679520857603
1.296,0.0546770140064298
1.495,0.0565909385430466
1.694,0.0581481497361502
1.893,0.0594398717545552
2.092,0.0605286664439894
2.291,0.0614588705012931
2.49,0.0622627815086063
2.689,0.0629644845192225
2.888,0.0635823063598984
3.087,0.0641304394153578
3.286,0.0646200452714248
3.485,0.0650600227493124
3.684,0.0654575536529098
3.883,0.0658184978326517
4.082,0.0661476839690896
4.281,0.0664491268361708
4.48,0.0667261918539181
4.679,0.0669817212702499
4.878,0.0672181320200947
5.077,0.0674374924111918
5.276,0.0676415827952501
5.475,0.0678319439950384
5.674,0.0680099162764096
5.873,0.0681766709510953
6.072,0.0683332361862944
6.271,0.0684805182232892
6.47,0.0686193189303994
6.669,0.0687503504084096
6.868,0.0688742472101957
7.067,0.0689915766171754
7.266,0.0691028473237807
7.465,0.0692085168104365
7.664,0.0693089976304365
7.863,0.0694046627929033
8.062,0.0694958503899066
8.261,0.0695828675887281
8.46,0.069665994088622
8.659,0.0697454851240398
8.858,0.0698215740822573
9.057,0.0698944747919533
9.256,0.0699643835300064
9.455,0.0700314807861732
9.654,0.0700959328190561
9.853,0.0701578930316016
10.052,0.0702175031900882
10.251,0.0702748945069922
10.45,0.0703301886051415
10.649,0.0703834983780696
10.848,0.0704349287593745
11.047,0.0704845774121198
11.246,0.0705325353478045
11.445,0.0705788874831576
11.644,0.0706237131419229
11.843,0.070667086507873
12.042,0.0707090770344932
12.241,0.0707497498160959
12.44,0.0707891659245354
12.639,0.0708273827151878
12.838,0.0708644541054179
13.037,0.0709004308283793
13.236,0.0709353606646571
13.435,0.0709692886539802
13.634,0.0710022572889734
13.833,0.0710343066927034
14.032,0.0710654747815776
14.231,0.0710957974149873
14.43,0.0711253085329355
14.629,0.0711540402827616
14.828,0.071182023135956
15.027,0.0712092859959587
15.226,0.0712358562977417
15.425,0.0712617600998985
15.624,0.0712870221698887
15.823,0.071311666063025
16.022,0.0713357141957316
16.221,0.071359187913553
16.42,0.0713821075543472
16.619,0.0714044925070558
16.818,0.0714263612664087
17.017,0.0714477314838876
17.216,0.0714686200152431
17.415,0.0714890429648342
17.614,0.0715090157270368
17.813,0.0715285530249421
18.012,0.0715476689465524
18.211,0.0715663769786594
18.41,0.0715846900385766
18.609,0.071602620503883
18.808,0.0716201802403221
19.007,0.0716373806279874
19.206,0.0716542325859176
19.405,0.0716707465952112
19.604,0.0716869327207647
19.803,0.0717028006317287
20.002,0.071718359620769
20.201,0.071733618622214
20.4,0.0717485862291622
20.599,0.0717632707096187
20.798,0.0717776800217251
20.997,0.0717918218281409
21.196,0.0718057035096306
21.395,0.0718193321779095
21.594,0.0718327146877918
21.793,0.0718458576486873
21.992,0.0718587674354858
22.191,0.0718714501988676
22.39,0.0718839118750743
22.589,0.0718961581951737
22.788,0.0719081946938478
22.987,0.0719200267177335
23.186,0.0719316594333413
23.385,0.0719430978345778
23.584,0.0719543467498936
23.783,0.0719654108490797
23.982,0.0719762946497306
24.181,0.0719870025233954
24.38,0.0719975387014316
24.579,0.0720079072805803
24.778,0.0720181122282775
24.977,0.0720281573877156
25.176,0.0720380464826691
25.375,0.072047783122097
25.574,0.0720573708045345
25.773,0.0720668129222838
25.972,0.0720761127654163
26.171,0.0720852735255943
26.37,0.0720942982997239
26.569,0.0721031900934448
26.768,0.0721119518244683
26.967,0.0721205863257689
27.166,0.0721290963486386
27.365,0.0721374845656097
27.564,0.0721457535732529
27.763,0.0721539058948574
27.962,0.0721619439829975
28.161,0.0721698702219931
28.36,0.0721776869302673
28.559,0.0721853963626077
28.758,0.0721930007123342
28.957,0.0722005021133803
29.156,0.0722079026422886
29.355,0.072215204320128
29.554,0.0722224091143333
29.753,0.0722295189404733
29.952,0.0722365356639477
30.151,0.0722434611016201
30.35,0.0722502970233852
30.549,0.0722570451536777
30.748,0.0722637071729221
30.947,0.0722702847189279
31.146,0.0722767793882321
31.345,0.072283192737391
31.544,0.0722895262842237
31.743,0.0722957815090103
31.942,0.0723019598556447
32.141,0.0723080627327461
32.34,0.0723140915147294
32.539,0.0723200475428375
32.738,0.0723259321261357
32.937,0.0723317465424713
33.136,0.0723374920393981
33.335,0.0723431698350695
33.534,0.0723487811190989
33.733,0.0723543270533911
33.932,0.0723598087729442
34.131,0.0723652273866238
34.33,0.0723705839779111
34.529,0.0723758796056249
34.728,0.0723811153046197
34.927,0.0723862920864594
35.126,0.072391410940069
35.325,0.0723964728323649
35.524,0.0724014787088629
35.723,0.0724064294942678
35.922,0.0724113260930422
36.121,0.072416169389958
36.32,0.0724209602506287
36.519,0.0724256995220258
36.718,0.0724303880329774
36.917,0.0724350265946517
37.116,0.0724396160010251
37.315,0.0724441570293348
37.514,0.0724486504405176
37.713,0.0724530969796357
37.912,0.0724574973762876
38.111,0.0724618523450078
38.31,0.0724661625856535
38.509,0.0724704287837793
38.708,0.072474651611001
38.907,0.0724788317253479
39.106,0.0724829697716047
39.305,0.0724870663816429
39.504,0.0724911221747426
39.703,0.0724951377579049
39.902,0.0724991137261539
40.101,0.0725030506628315
40.3,0.0725069491398823
40.499,0.0725108097181305
40.698,0.0725146329475493
40.897,0.0725184193675214
41.096,0.0725221695070934
41.295,0.0725258838852217
41.494,0.0725295630110123
41.693,0.0725332073839531
41.892,0.0725368174941399
42.091,0.0725403938224966
42.29,0.0725439368409884
42.489,0.0725474470128292
42.688,0.0725509247926843
42.887,0.0725543706268658
43.086,0.0725577849535241
43.285,0.0725611682028334
43.484,0.0725645207971726
43.683,0.0725678431513008
43.882,0.0725711356725286
44.081,0.0725743987608843
44.28,0.0725776328092761
44.479,0.0725808382036499
44.678,0.0725840153231426
44.877,0.0725871645402318
45.076,0.0725902862208812
45.275,0.0725933807246825
45.474,0.0725964484049935
45.673,0.0725994896090725
45.872,0.0726025046782093
46.071,0.0726054939478532
46.27,0.0726084577477368
46.469,0.0726113964019981
46.668,0.0726143102292978
46.867,0.0726171995429351
47.066,0.0726200646509598
47.265,0.0726229058562817
47.464,0.0726257234567774
47.663,0.0726285177453945
47.862,0.072631289010253
48.061,0.0726340375347446
48.26,0.0726367635976289
48.459,0.0726394674731279
48.658,0.072642149431018
48.857,0.0726448097367195
49.056,0.0726474486513845
49.255,0.072650066431982
49.454,0.0726526633313816
49.653,0.0726552395984347
49.852,0.0726577954780541
50.051,0.0726603312112917
50.25,0.0726628470354141
50.449,0.0726653431839769
50.648,0.0726678198868966
50.847,0.0726702773705214
51.046,0.0726727158577001
51.245,0.0726751355678497
51.444,0.0726775367170208
51.643,0.0726799195179623
51.842,0.0726822841801839
52.041,0.0726846309100178
52.24,0.0726869599106785
52.439,0.0726892713823217
52.638,0.0726915655221012
52.837,0.0726938425242254
53.036,0.0726961025800122
53.235,0.0726983458779418
53.434,0.0727005726037102
53.633,0.0727027829402795
53.832,0.0727049770679285
54.031,0.0727071551643016
54.23,0.0727093174044569
54.429,0.0727114639609125
54.628,0.0727135950036935
54.827,0.0727157107003756
55.026,0.0727178112161302
55.225,0.0727198967137663
55.424,0.0727219673537736
55.623,0.0727240232943628
55.822,0.0727260646915066
56.021,0.0727280916989785
56.22,0.072730104468392
56.419,0.0727321031492381
56.618,0.0727340878889221
56.817,0.0727360588328003
57.016,0.0727380161242154
57.215,0.0727399599045308
57.414,0.0727418903131651
57.613,0.0727438074876254
57.812,0.0727457115635398
58.011,0.0727476026746894
58.21,0.0727494809530395
58.409,0.0727513465287707
58.608,0.0727531995303086
58.807,0.0727550400843536
59.006,0.0727568683159093
59.205,0.0727586843483113
59.404,0.0727604883032547
59.603,0.0727622803008211
59.802,0.0727640604595058
60.001,0.0727658288962433
60.2,0.0727675857264333
60.399,0.0727693310639655
60.598,0.0727710650212447
60.797,0.0727727877092145
60.996,0.0727744992373808
61.195,0.0727761997138358
61.394,0.0727778892452798
61.593,0.0727795679370443
61.792,0.0727812358931132
61.991,0.072782893216145
62.19,0.0727845400074932
62.389,0.0727861763672274
62.588,0.0727878023941534
62.787,0.072789418185833
62.986,0.0727910238386038
63.185,0.0727926194475982
63.384,0.0727942051067617
63.583,0.0727957809088724
63.782,0.0727973469455581
63.981,0.0727989033073147
64.18,0.072800450083523
64.379,0.0728019873624667
64.578,0.0728035152313483
64.777,0.0728050337763061
64.976,0.0728065430824304
65.175,0.072808043233779
65.374,0.0728095343133933
65.573,0.0728110164033133
65.772,0.0728124895845928
65.971,0.0728139539373139
66.17,0.0728154095406021
66.369,0.0728168564726397
66.568,0.0728182948106807
66.767,0.0728197246310639
66.966,0.0728211460092267
67.165,0.0728225590197183
67.364,0.0728239637362127
67.563,0.0728253602315217
67.762,0.0728267485776069
67.961,0.0728281288455929
68.16,0.0728295011057789
68.359,0.0728308654276508
68.558,0.0728322218798926
68.757,0.0728335705303987
68.956,0.0728349114462842
69.155,0.0728362446938972
69.354,0.0728375703388285
69.553,0.0728388884459234
69.752,0.0728401990792917
69.951,0.0728415023023182
70.15,0.0728427981776731
70.349,0.0728440867673217
70.548,0.0728453681325347
70.747,0.0728466423338976
70.946,0.0728479094313203
71.145,0.0728491694840467
71.344,0.0728504225506635
71.543,0.0728516686891098
71.742,0.0728529079566857
71.941,0.0728541404100612
72.14,0.0728553661052846
72.339,0.0728565850977915
72.538,0.0728577974424125
72.737,0.0728590031933823
72.936,0.0728602024043466
73.135,0.0728613951283714
73.334,0.0728625814179495
73.533,0.0728637613250094
73.732,0.072864934900922
73.931,0.0728661021965085
74.13,0.0728672632620475
74.329,0.0728684181472826
74.528,0.0728695669014288
74.727,0.0728707095731805
74.926,0.0728718462107174
75.125,0.0728729768617117
75.324,0.072874101573335
75.523,0.0728752203922644
75.722,0.0728763333646892
75.921,0.0728774405363173
76.12,0.0728785419523813
76.319,0.0728796376576447
76.518,0.0728807276964082
76.717,0.0728818121125153
76.916,0.0728828909493584
77.115,0.0728839642498846
77.314,0.0728850320566013
77.513,0.0728860944115817
77.712,0.0728871513564708
77.911,0.0728882029324902
78.11,0.0728892491804441
78.309,0.0728902901407239
78.508,0.0728913258533141
78.707,0.0728923563577967
78.906,0.0728933816933571
79.105,0.0728944018987881
79.304,0.0728954170124956
79.503,0.072896427072503
79.702,0.072897432116456
79.901,0.0728984321816273
80.1,0.0728994273049214
80.299,0.0729004175228788
80.498,0.0729014028716806
80.697,0.0729023833871533
80.896,0.0729033591047723
81.095,0.072904330059667
81.294,0.0729052962866246
81.493,0.0729062578200942
81.692,0.0729072146941914
81.891,0.0729081669427015
82.09,0.0729091145990843
82.289,0.0729100576964776
82.488,0.0729109962677009
82.687,0.0729119303452597
82.886,0.0729128599613488
83.085,0.0729137851478564
83.284,0.0729147059363673
83.483,0.072915622358167
83.682,0.0729165344442445
83.881,0.0729174422252969
84.08,0.0729183457317316
84.279,0.0729192449936707
84.478,0.0729201400409538
84.677,0.0729210309031414
84.876,0.0729219176095184
85.075,0.072922800189097
85.274,0.0729236786706198
85.473,0.0729245530825633
85.672,0.0729254234531408
85.871,0.0729262898103053
86.07,0.0729271521817527
86.269,0.0729280105949246
86.468,0.0729288650770112
86.667,0.0729297156549543
86.866,0.07293056235545
87.065,0.0729314052049518
87.264,0.0729322442296728
87.463,0.0729330794555889
87.662,0.0729339109084413
87.861,0.0729347386137391
88.06,0.072935562596762
88.259,0.0729363828825629
88.458,0.0729371994959703
88.657,0.0729380124615908
88.856,0.0729388218038119
89.055,0.0729396275468039
89.254,0.0729404297145229
89.453,0.0729412283307126
89.652,0.0729420234189071
89.851,0.0729428150024331
90.05,0.0729436031044117
90.249,0.0729443877477616
90.448,0.0729451689552004
90.647,0.0729459467492473
90.846,0.0729467211522252
91.045,0.0729474921862626
91.244,0.0729482598732962
91.443,0.0729490242350722
91.642,0.0729497852931493
91.841,0.0729505430688999
92.04,0.0729512975835125
92.239,0.0729520488579939
92.438,0.0729527969131704
92.637,0.0729535417696906
92.836,0.0729542834480267
93.035,0.0729550219684767
93.234,0.0729557573511658
93.433,0.0729564896160489
93.632,0.072957218782912
93.831,0.0729579448713738
94.03,0.072958667900888
94.229,0.0729593878907445
94.428,0.0729601048600715
94.627,0.0729608188278369
94.826,0.0729615298128502
95.025,0.0729622378337642
95.224,0.0729629429090761
95.423,0.07296364505713
95.622,0.0729643442961177
95.821,0.0729650406440805
96.02,0.0729657341189112
96.219,0.0729664247383548
96.418,0.0729671125200107
96.617,0.0729677974813341
96.816,0.072968479639637
97.015,0.0729691590120903
97.214,0.0729698356157247
97.413,0.0729705094674326
97.612,0.0729711805839691
97.811,0.0729718489819536
98.01,0.0729725146778712
98.209,0.0729731776880738
98.408,0.0729738380287819
98.607,0.0729744957160853
98.806,0.0729751507659451
99.005,0.0729758031941944
99.204,0.0729764530165399
99.403,0.0729771002485631
99.602,0.0729777449057216
99.801,0.07297838700335
100,0.0729790265566616
