"ResDensity","N_TraitValue"
5,5.12395030810176e-05
5.15,5.27285727293071e-05
5.3,5.42149297410102e-05
5.45,5.5698581521792e-05
5.6,5.71795354503852e-05
5.75,5.8657798878712e-05
5.9,6.01333791320058e-05
6.05,6.16062835089323e-05
6.2,6.30765192817098e-05
6.35,6.45440936962289e-05
6.5,6.60090139721716e-05
6.65,6.74712873031293e-05
6.8,6.89309208567212e-05
6.95,7.03879217747108e-05
7.1,7.18422971731229e-05
7.25,7.3294054142359e-05
7.4,7.47431997473128e-05
7.55,7.61897410274846e-05
7.7,7.76336849970957e-05
7.85,7.90750386452011e-05
8,8.0513808935803e-05
8.15,8.19500028079624e-05
8.3,8.33836271759108e-05
8.45,8.48146889291615e-05
8.6,8.62431949326193e-05
8.75,8.76691520266909e-05
8.9,8.90925670273939e-05
9.05,9.05134467264651e-05
9.2,9.19317978914689e-05
9.35,9.33476272659045e-05
9.5,9.4760941569313e-05
9.65,9.61717474973835e-05
9.8,9.7580051722059e-05
9.95,9.89858608916413e-05
10.1,0.000100389181630896
10.25,0.000101790020541157
10.4,0.000103188384200427
10.55,0.000104584279163486
10.7,0.000105977711961989
10.85,0.000107368689104569
11,0.000108757217076939
11.15,0.000110143302341994
11.3,0.000111526951339909
11.45,0.000112908170488237
11.6,0.000114286966182016
11.75,0.000115663344793858
11.9,0.000117037312674055
12.05,0.000118408876150669
12.2,0.000119778041529639
12.35,0.000121144815094868
12.5,0.000122509203108325
12.65,0.000123871211810138
12.8,0.000125230847418692
12.95,0.000126588116130719
13.1,0.000127943024121397
13.25,0.000129295577544441
13.4,0.000130645782532194
13.55,0.000131993645195728
13.7,0.000133339171624924
13.85,0.000134682367888575
14,0.00013602324003447
14.15,0.000137361794089489
14.3,0.00013869803605969
14.45,0.000140031971930402
14.6,0.000141363607666309
14.75,0.000142692949211548
14.9,0.000144020002489789
15.05,0.000145344773404325
15.2,0.000146667267838164
15.35,0.000147987491654109
15.5,0.000149305450694852
15.65,0.000150621150783053
15.8,0.000151934597721431
15.95,0.000153245797292849
16.1,0.000154554755260395
16.25,0.000155861477367469
16.4,0.000157165969337869
16.55,0.000158468236875871
16.7,0.000159768285666313
16.85,0.000161066121374679
17,0.000162361749647181
17.15,0.00016365517611084
17.3,0.000164946406373569
17.45,0.000166235446024251
17.6,0.000167522300632824
17.75,0.000168806975750356
17.9,0.00017008947690913
18.05,0.000171369809622721
18.2,0.000172647979386074
18.35,0.000173923991675584
18.5,0.000175197851949176
18.65,0.000176469565646376
18.8,0.000177739138188399
18.95,0.000179006574978215
19.1,0.000180271881400635
19.25,0.00018153506282238
19.4,0.000182796124592162
19.55,0.000184055072040757
19.7,0.00018531191048108
19.85,0.000186566645208261
20,0.000187819281499719
20.15,0.000189069824615234
20.3,0.000190318279797024
20.45,0.000191564652269816
20.6,0.00019280894724092
20.75,0.000194051169900299
20.9,0.000195291325420646
21.05,0.000196529418957451
21.2,0.000197765455649075
21.35,0.00019899944061682
21.5,0.000200231378965001
21.65,0.000201461275781014
21.8,0.00020268913613541
21.95,0.00020391496508196
22.1,0.000205138767657728
22.25,0.000206360548883138
22.4,0.000207580313762043
22.55,0.000208798067281794
22.7,0.000210013814413308
22.85,0.000211227560111134
23,0.000212439309313522
23.15,0.000213649066942491
23.3,0.000214856837903891
23.45,0.000216062627087475
23.6,0.000217266439366961
23.75,0.000218468279600099
23.9,0.000219668152628739
24.05,0.000220866063278889
24.2,0.000222062016360789
24.35,0.000223256016668965
24.5,0.000224448068982304
24.65,0.000225638178064109
24.8,0.000226826348662167
24.95,0.000228012585508811
25.1,0.000229196893320982
25.25,0.000230379276800292
25.4,0.000231559740633088
25.55,0.000232738289490512
25.7,0.000233914928028561
25.85,0.000235089660888154
26,0.000236262492695186
26.15,0.000237433428060593
26.3,0.000238602471580413
26.45,0.000239769627835843
26.6,0.0002409349013933
26.75,0.000242098296804484
26.9,0.000243259818606431
27.05,0.000244419471321576
27.2,0.000245577259457812
27.35,0.000246733187508547
27.5,0.000247887259952762
27.65,0.00024903948125507
27.8,0.000250189855865773
27.95,0.000251338388220918
28.1,0.000252485082742357
28.25,0.0002536299438378
28.4,0.000254772975900875
28.55,0.000255914183311183
28.7,0.000257053570434351
28.85,0.000258191141622094
29,0.000259326901212264
29.15,0.000260460853528908
29.3,0.000261593002882324
29.45,0.000262723353569114
29.6,0.000263851909872237
29.75,0.000264978676061066
29.9,0.000266103656391442
30.05,0.000267226855105723
30.2,0.000268348276432843
30.35,0.000269467924588362
30.5,0.00027058580377452
30.65,0.000271701918180286
30.8,0.000272816271981417
30.95,0.000273928869340504
31.1,0.000275039714407028
31.25,0.000276148811317408
31.4,0.000277256164195055
31.55,0.000278361777150423
31.7,0.000279465654281057
31.85,0.000280567799671647
32,0.000281668217394078
32.15,0.000282766911507477
32.3,0.000283863886058268
32.45,0.000284959145080215
32.6,0.00028605269259448
32.75,0.000287144532609663
32.9,0.000288234669121859
33.05,0.0002893231061147
33.2,0.000290409847559409
33.35,0.000291494897414845
33.5,0.000292578259627554
33.65,0.000293659938131812
33.8,0.000294739936849677
33.95,0.000295818259691035
34.1,0.000296894910553648
34.25,0.000297969893323198
34.4,0.000299043211873338
34.55,0.000300114870065735
34.7,0.000301184871750119
34.85,0.000302253220764327
35,0.000303319920934348
35.15,0.000304384976074374
35.3,0.000305448389986839
35.45,0.000306510166462468
35.6,0.000307570309280322
35.75,0.00030862882220784
35.9,0.000309685709000887
36.05,0.000310740973403797
36.2,0.000311794619149416
36.35,0.000312846649959149
36.5,0.000313897069543002
36.65,0.000314945881599622
36.8,0.00031599308981635
36.95,0.000317038697869253
37.1,0.000318082709423175
37.25,0.000319125128131778
37.4,0.000320165957637581
37.55,0.000321205201572006
37.7,0.000322242863555421
37.85,0.00032327894719718
38,0.000324313456095663
38.15,0.000325346393838322
38.3,0.000326377764001721
38.45,0.000327407570151575
38.6,0.000328435815842793
38.75,0.000329462504619521
38.9,0.000330487640015176
39.05,0.000331511225552496
39.2,0.000332533264743571
39.35,0.00033355376108989
39.5,0.000334572718082378
39.65,0.000335590139201436
39.8,0.000336606027916981
39.95,0.000337620387688485
40.1,0.000338633221965015
40.25,0.000339644534185271
40.4,0.000340654327777627
40.55,0.000341662606160168
40.7,0.000342669372740727
40.85,0.000343674630916927
41,0.000344678384076218
41.15,0.000345680635595914
41.3,0.00034668138884323
41.45,0.000347680647175324
41.6,0.00034867841393933
41.75,0.000349674692472396
41.9,0.000350669486101725
42.05,0.000351662798144608
42.2,0.000352654631908461
42.35,0.000353644990690865
42.5,0.000354633877779599
42.65,0.000355621296452678
42.8,0.00035660724997839
42.95,0.000357591741615331
43.1,0.000358574774612439
43.25,0.000359556352209035
43.4,0.000360536477634852
43.55,0.000361515154110077
43.7,0.00036249238484538
43.85,0.000363468173041954
44,0.000364442521891548
44.15,0.000365415434576501
44.3,0.000366386914269778
44.45,0.000367356964135005
44.6,0.000368325587326501
44.75,0.000369292786989314
44.9,0.000370258566259254
45.05,0.000371222928262929
45.2,0.000372185876117776
45.35,0.000373147412932096
45.5,0.000374107541805088
45.65,0.000375066265826881
45.8,0.000376023588078567
45.95,0.000376979511632236
46.1,0.000377934039551007
46.25,0.000378887174889062
46.4,0.000379838920691676
46.55,0.000380789279995253
46.7,0.000381738255827356
46.85,0.000382685851206741
47,0.000383632069143385
47.15,0.000384576912638524
47.3,0.000385520384684678
47.45,0.000386462488265688
47.6,0.000387403226356746
47.75,0.000388342601924424
47.9,0.000389280617926707
48.05,0.000390217277313026
48.2,0.000391152583024285
48.35,0.000392086537992894
48.5,0.000393019145142799
48.65,0.000393950407389514
48.8,0.000394880327640149
48.95,0.000395808908793442
49.1,0.000396736153739789
49.25,0.000397662065361272
49.4,0.000398586646531692
49.55,0.000399509900116597
49.7,0.00040043182897331
49.85,0.000401352435950963
50,0.000402271723890522
50.15,0.000403189695624817
50.3,0.000404106353978574
50.45,0.00040502170176844
50.6,0.000405935741803014
50.75,0.000406848476882877
50.9,0.000407759909800617
51.05,0.000408670043340861
51.2,0.000409578880280301
51.35,0.000410486423387724
51.5,0.000411392675424039
51.65,0.000412297639142304
51.8,0.000413201317287757
51.95,0.00041410371259784
52.1,0.00041500482780223
52.25,0.000415904665622865
52.4,0.000416803228773971
52.55,0.00041770051996209
52.7,0.000418596541886105
52.85,0.000419491297237273
53,0.000420384788699243
53.15,0.000421277018948093
53.3,0.000422167990652347
53.45,0.000423057706473008
53.6,0.000423946169063583
53.75,0.000424833381070109
53.9,0.000425719345131177
54.05,0.000426604063877963
54.2,0.00042748753993425
54.35,0.000428369775916456
54.5,0.000429250774433658
54.65,0.000430130538087621
54.8,0.000431009069472821
54.95,0.000431886371176468
55.1,0.000432762445778538
55.25,0.000433637295851794
55.4,0.000434510923961811
55.55,0.000435383332667002
55.7,0.000436254524518643
55.85,0.0004371245020609
56,0.000437993267830847
56.15,0.000438860824358499
56.3,0.000439727174166833
56.45,0.000440592319771809
56.6,0.000441456263682401
56.75,0.000442319008400615
56.9,0.000443180556421519
57.05,0.000444040910233262
57.2,0.000444900072317101
57.35,0.000445758045147423
57.5,0.00044661483119177
57.65,0.000447470432910863
57.8,0.000448324852758623
57.95,0.000449178093182199
58.1,0.000450030156621987
58.25,0.000450881045511654
58.4,0.000451730762278164
58.55,0.000452579309341799
58.7,0.000453426689116182
58.85,0.000454272904008298
59,0.000455117956418521
59.15,0.000455961848740635
59.3,0.000456804583361855
59.45,0.00045764616266285
59.6,0.000458486589017767
59.75,0.000459325864794253
59.9,0.000460163992353476
60.05,0.000461000974050146
60.2,0.000461836812232543
60.35,0.00046267150924253
60.5,0.000463505067415583
60.65,0.000464337489080809
60.8,0.000465168776560966
60.95,0.000465998932172489
61.1,0.000466827958225508
61.25,0.000467655857023872
61.4,0.000468482630865168
61.55,0.000469308282040742
61.7,0.000470132812835725
61.85,0.000470956225529047
62,0.000471778522393463
62.15,0.000472599705695572
62.3,0.00047341977769584
62.45,0.000474238740648616
62.6,0.000475056596802158
62.75,0.000475873348398651
62.9,0.000476688997674225
63.05,0.000477503546858983
63.2,0.000478316998177012
63.35,0.00047912935384641
63.5,0.000479940616079304
63.65,0.000480750787081867
63.8,0.000481559869054345
63.95,0.000482367864191071
64.1,0.000483174774680485
64.25,0.000483980602705159
64.4,0.000484785350441811
64.55,0.000485589020061325
64.7,0.000486391613728777
64.85,0.000487193133603444
65,0.000487993581838834
65.15,0.000488792960582698
65.3,0.000489591271977051
65.45,0.000490388518158192
65.6,0.000491184701256725
65.75,0.000491979823397572
65.9,0.0004927738867
66.05,0.00049356689327763
66.2,0.000494358845238465
66.35,0.000495149744684906
66.5,0.000495939593713765
66.65,0.000496728394416292
66.8,0.000497516148878188
66.95,0.000498302859179624
67.1,0.000499088527395261
67.25,0.000499873155594269
67.4,0.00050065674584034
67.55,0.000501439300191712
67.7,0.000502220820701185
67.85,0.000503001309416138
68,0.000503780768378547
68.15,0.000504559199625003
68.3,0.000505336605186732
68.45,0.000506112987089609
68.6,0.000506888347354178
68.75,0.000507662687995668
68.9,0.000508436011024012
69.05,0.000509208318443865
69.2,0.000509979612254617
69.35,0.000510749894450416
69.5,0.000511519167020181
69.65,0.000512287431947621
69.8,0.000513054691211252
69.95,0.000513820946784412
70.1,0.000514586200635282
70.25,0.000515350454726898
70.4,0.000516113711017172
70.55,0.000516875971458906
70.7,0.00051763723799981
70.85,0.000518397512582517
71,0.000519156797144602
71.15,0.000519915093618596
71.3,0.000520672403932005
71.45,0.000521428730007323
71.6,0.000522184073762052
71.75,0.000522938437108714
71.9,0.000523691821954872
72.05,0.000524444230203142
72.2,0.000525195663751211
72.35,0.000525946124491851
72.5,0.000526695614312939
72.65,0.000527444135097469
72.8,0.000528191688723568
72.95,0.000528938277064515
73.1,0.000529683901988752
73.25,0.000530428565359904
73.4,0.00053117226903679
73.55,0.000531915014873443
73.7,0.000532656804719123
73.85,0.000533397640418332
74,0.00053413752381083
74.15,0.000534876456731652
74.3,0.000535614441011118
74.45,0.000536351478474854
74.6,0.000537087570943805
74.75,0.000537822720234247
74.9,0.000538556928157807
75.05,0.000539290196521473
75.2,0.000540022527127614
75.35,0.00054075392177399
75.5,0.000541484382253768
75.65,0.00054221391035554
75.8,0.000542942507863332
75.95,0.000543670176556623
76.1,0.000544396918210358
76.25,0.000545122734594961
76.4,0.000545847627476354
76.55,0.000546571598615964
76.7,0.000547294649770744
76.85,0.000548016782693183
77,0.000548737999131323
77.15,0.000549458300828772
77.3,0.000550177689524715
77.45,0.000550896166953936
77.6,0.000551613734846821
77.75,0.000552330394929382
77.9,0.000553046148923264
78.05,0.000553760998545764
78.2,0.000554474945509839
78.35,0.000555187991524125
78.5,0.000555900138292946
78.65,0.000556611387516333
78.8,0.000557321740890033
78.95,0.000558031200105523
79.1,0.000558739766850026
79.25,0.000559447442806522
79.4,0.000560154229653761
79.55,0.000560860129066279
79.7,0.00056156514271441
79.85,0.000562269272264297
80,0.000562972519377907
