"ResDensity","N_TraitValue"
20.8256,0.0493040806973082
22.1888782,0.0514082127991172
23.5521564,0.0534242349246461
24.9154346,0.0553575679480518
26.2787128,0.0572131969949961
27.641991,0.0589957143638096
29.0052692,0.0607093574713949
30.3685474,0.0623580424839475
31.7318256,0.0639453941943532
33.0951038,0.0654747726260368
34.458382,0.0669492967742072
35.8216602,0.0683718658375224
37.1849384,0.0697451782443075
38.5482166,0.0710717487360483
39.9114948,0.0723539237357184
41.274773,0.0735938951985342
42.6380512,0.0747937131171371
44.0013294,0.0759552968312813
45.3646076,0.0770804452732709
46.7278858,0.0781708462641831
48.091164,0.0792280849619132
49.4544422,0.080253651549977
50.8177204,0.0812489482455011
52.1809986,0.0822152956957087
53.5442768,0.0831539388242612
54.907555,0.0840660521818773
56.2708332,0.084952744849585
57.6341114,0.0858150649376464
58.9973896,0.0866540037185241
60.3606678,0.0874704994281566
61.723946,0.0882654407661877
63.0872242,0.0890396701226031
64.4505024,0.0897939865554038
65.8137806,0.0905291485414412
67.1770588,0.0912458765203232
68.540337,0.0919448552493265
69.9036152,0.0926267359854951
71.2668934,0.0932921385095425
72.6301716,0.0939416530047777
73.9934498,0.0945758418030277
75.356728,0.0951952410084135
76.7200062,0.0958003620088328
78.0832844,0.0963916928841072
79.4465626,0.0969696997189436
80.8098408,0.0975348278281314
82.173119,0.098087502900746
83.5363972,0.098628132069536
84.8996754,0.0991571049111399
86.2629536,0.0996747943822977
87.6262318,0.100181557696784
88.98951,0.100677737147395
90.3527882,0.10116366087697
91.7160664,0.101639643602085
93.0793446,0.102105987292787
94.4426228,0.102562981811446
95.805901,0.103010905513558
97.1691792,0.103450025813136
98.5324574,0.103880599715077
99.8957356,0.104302874316755
101.2590138,0.10471708728088
102.622292,0.105123467281531
103.9855702,0.105522234425129
105.3488484,0.105913600647961
106.7121266,0.106297770091779
108.0754048,0.10667493945887
109.438683,0.107045298347886
110.8019612,0.107409029571649
112.1652394,0.107766309458041
113.5285176,0.108117308135031
114.8917958,0.108462189800796
116.255074,0.108801112979841
117.6183522,0.109134230765958
118.9816304,0.109461691052809
120.3449086,0.109783636752858
121.7081868,0.110100206005332
123.071465,0.110411532373854
124.4347432,0.110717745034332
125.7980214,0.111018968953673
127.1612996,0.111315325059821
128.5245778,0.111606930403632
129.887856,0.111893898313011
131.2511342,0.112176338539768
132.6144124,0.112454357399564
133.9776906,0.112728057905345
135.3409688,0.1129975398946
136.704247,0.113262900150787
138.0675252,0.113524232519222
139.4308034,0.113781628017737
140.7940816,0.114035174942367
142.1573598,0.114284958968338
143.520638,0.114531063246591
144.8839162,0.114773568496067
146.2471944,0.115012553091979
147.6104726,0.115248093150259
148.9737508,0.115480262608388
150.337029,0.115709133302777
151.7003072,0.115934775042869
153.0635854,0.116157255682136
154.4268636,0.116376641186101
155.7901418,0.116592995697553
157.15342,0.116806381599068
158.5166982,0.117016859572979
159.8799764,0.117224488658906
161.2432546,0.117429326308976
162.6065328,0.117631428440815
163.969811,0.117830849488447
165.3330892,0.118027642451169
166.6963674,0.118221858940512
168.0596456,0.118413549225371
169.4229238,0.118602762275376
170.786202,0.118789545802605
172.1494802,0.118973946301692
173.5127584,0.119156009088413
174.8760366,0.11933577833681
176.2393148,0.119513297114926
177.602593,0.119688607419204
178.9658712,0.119861750207608
180.3291494,0.120032765431525
181.6924276,0.120201692066501
183.0557058,0.120368568141849
184.418984,0.120533430769199
185.7822622,0.120696316170005
187.1455404,0.12085725970208
188.5088186,0.121016295885184
189.8720968,0.121173458425705
191.235375,0.121328780240477
192.5986532,0.121482293479763
193.9619314,0.121634029549441
195.3252096,0.121784019132424
196.6884878,0.121932292209345
198.051766,0.122078878078531
199.4150442,0.122223805375312
200.7783224,0.122367102090658
202.1416006,0.122508795589214
203.5048788,0.122648912626709
204.868157,0.12278747936681
206.2314352,0.1229245213974
207.5947134,0.123060063746338
208.9579916,0.123194130896688
210.3212698,0.123326746801473
211.684548,0.12345793489793
213.0478262,0.123587718121329
214.4111044,0.123716118918333
215.7743826,0.123843159259944
217.1376608,0.123968860654035
218.500939,0.124093244157491
219.8642172,0.124216330387963
221.2274954,0.124338139535266
222.5907736,0.124458691372419
223.9540518,0.124578005266343
225.31733,0.124696100188232
226.6806082,0.124812994723616
228.0438864,0.124928707082101
229.4071646,0.125043255106837
230.7704428,0.125156656283681
232.133721,0.125268927750102
233.4969992,0.125380086303811
234.8602774,0.125490148411139
236.2235556,0.125599130215171
237.5868338,0.12570704754364
238.950112,0.125813915916584
240.3133902,0.125919750553795
241.6766684,0.126024566382038
243.0399466,0.126128378042073
244.4032248,0.126231199895471
245.766503,0.126333046031237
247.1297812,0.126433930272249
248.4930594,0.126533866181505
249.8563376,0.126632867068211
251.2196158,0.126730945993681
252.582894,0.126828115777087
253.9461722,0.126924389001044
255.3094504,0.127019778017038
256.6727286,0.127114294950713
258.0360068,0.127207951707007
259.399285,0.127300759975151
260.7625632,0.127392731233533
262.1258414,0.12748387675443
263.4891196,0.127574207608613
264.8523978,0.127663734669833
266.215676,0.127752468619179
267.5789542,0.12784041994933
268.9422324,0.127927598968691
270.3055106,0.128014015805419
271.6687888,0.128099680411346
273.032067,0.128184602565801
274.3953452,0.128268791879328
275.7586234,0.128352257797318
277.1219016,0.128435009603534
278.4851798,0.128517056423557
279.848458,0.128598407228144
281.2117362,0.128679070836492
282.5750144,0.128759055919426
283.9382926,0.12883837100251
285.3015708,0.128917024469074
286.664849,0.128995024563166
288.0281272,0.129072379392436
289.3914054,0.129149096930943
290.7546836,0.129225185021895
292.1179618,0.129300651380324
293.48124,0.129375503595693
294.8445182,0.129449749134437
296.2077964,0.129523395342453
297.5710746,0.129596449447515
298.9343528,0.129668918561644
300.297631,0.129740809683413
301.6609092,0.129812129700202
303.0241874,0.129882885390398
304.3874656,0.12995308342554
305.7507438,0.130022730372416
307.114022,0.130091832695116
308.4773002,0.130160396757025
309.8405784,0.130228428822781
311.2038566,0.130295935060182
312.5671348,0.130362921542047
313.930413,0.130429394248044
315.2936912,0.130495359066462
316.6569694,0.130560821795954
318.0202476,0.130625788147236
319.3835258,0.130690263744745
320.746804,0.130754254128265
322.1100822,0.130817764754514
323.4733604,0.130880800998693
324.8366386,0.130943368156002
326.1999168,0.131005471443126
327.563195,0.131067115999683
328.9264732,0.131128306889642
330.2897514,0.131189049102708
331.6530296,0.131249347555683
333.0163078,0.131309207093788
334.379586,0.131368632491962
335.7428642,0.131427628456136
337.1061424,0.131486199624466
338.4694206,0.131544350568559
339.8326988,0.131602085794657
341.195977,0.131659409744798
342.5592552,0.131716326797964
343.9225334,0.131772841271188
345.2858116,0.131828957420648
346.6490898,0.13188467944274
348.012368,0.131940011475117
349.3756462,0.131994957597716
350.7389244,0.132049521833762
352.1022026,0.132103708150752
353.4654808,0.132157520461409
354.828759,0.132210962624632
356.1920372,0.132264038446415
357.5553154,0.132316751680749
358.9185936,0.13236910603051
360.2818718,0.132421105148326
361.64515,0.132472752637422
363.0084282,0.132524052052459
364.3717064,0.132575006900346
365.7349846,0.132625620641036
367.0982628,0.132675896688317
368.461541,0.132725838410573
369.8248192,0.132775449131537
371.1880974,0.132824732131032
372.5513756,0.132873690645691
373.9146538,0.132922327869666
375.277932,0.132970646955322
376.6412102,0.13301865101392
378.0044884,0.133066343116284
379.3677666,0.133113726293454
380.7310448,0.13316080353733
382.094323,0.133207577801303
383.4576012,0.13325405200087
384.8208794,0.133300229014241
386.1841576,0.133346111682932
387.5474358,0.13339170281235
388.910714,0.133437005172364
390.2739922,0.133482021497864
391.6372704,0.133526754489316
393.0005486,0.133571206813296
394.3638268,0.133615381103025
395.727105,0.133659279958885
397.0903832,0.133702905948933
398.4536614,0.133746261609399
399.8169396,0.133789349445179
401.1802178,0.133832171930315
402.543496,0.133874731508473
403.9067742,0.133917030593405
405.2700524,0.133959071569403
406.6333306,0.134000856791752
407.9966088,0.134042388587167
409.359887,0.134083669254225
410.7231652,0.13412470106379
412.0864434,0.134165486259427
413.4497216,0.134206027057816
414.8129998,0.134246325649146
416.176278,0.134286384197518
417.5395562,0.134326204841326
418.9028344,0.13436578969364
420.2661126,0.134405140842579
421.6293908,0.134444260351679
422.992669,0.134483150260255
424.3559472,0.13452181258375
425.7192254,0.134560249314091
427.0825036,0.134598462420024
428.4457818,0.134636453847455
429.80906,0.134674225519778
431.1723382,0.134711779338199
432.5356164,0.134749117182057
433.8988946,0.134786240909137
435.2621728,0.134823152355977
436.625451,0.134859853338172
437.9887292,0.13489634565067
439.3520074,0.134932631068068
440.7152856,0.134968711344896
442.0785638,0.135004588215901
443.441842,0.135040263396327
444.8051202,0.135075738582186
446.1683984,0.135111015450527
447.5316766,0.135146095659701
448.8949548,0.135180980849621
450.258233,0.135215672642018
451.6215112,0.135250172640689
452.9847894,0.135284482431749
454.3480676,0.135318603583871
455.7113458,0.135352537648527
457.074624,0.135386286160218
458.4379022,0.135419850636715
459.8011804,0.135453232579276
461.1644586,0.135486433472877
462.5277368,0.13551945478643
463.891015,0.135552297972998
465.2542932,0.135584964470012
466.6175714,0.135617455699475
467.9808496,0.135649773068175
469.3441278,0.135681917967882
470.707406,0.135713891775553
472.0706842,0.135745695853525
473.4339624,0.135777331549708
474.7972406,0.135808800197781
476.1605188,0.135840103117371
477.523797,0.135871241614245
478.8870752,0.135902216980488
480.2503534,0.135933030494682
481.6136316,0.13596368342208
482.9769098,0.135994177014786
484.340188,0.136024512511916
485.7034662,0.136054691139775
487.0667444,0.136084714112014
488.4300226,0.136114582629798
489.7933008,0.136144297881967
491.156579,0.136173861045189
492.5198572,0.136203273284119
493.8831354,0.136232535751549
495.2464136,0.136261649588564
496.6096918,0.136290615924683
497.97297,0.136319435878011
499.3362482,0.13634811055538
500.6995264,0.136376641052492
502.0628046,0.136405028454057
503.4260828,0.136433273833932
504.789361,0.136461378255255
506.1526392,0.136489342770582
507.5159174,0.136517168422011
508.8791956,0.136544856241321
510.2424738,0.136572407250091
511.605752,0.136599822459831
512.9690302,0.136627102872103
514.3323084,0.136654249478645
515.6955866,0.136681263261489
517.0588648,0.136708145193083
518.422143,0.136734896236403
519.7854212,0.136761517345071
521.1486994,0.136788009463467
522.5119776,0.136814373526842
523.8752558,0.136840610461428
525.238534,0.136866721184545
526.6018122,0.136892706604708
527.9650904,0.136918567621735
529.3283686,0.136944305126847
530.6916468,0.136969920002774
532.054925,0.136995413123852
533.4182032,0.137020785356128
534.7814814,0.137046037557453
536.1447596,0.137071170577579
537.5080378,0.137096185258259
538.871316,0.137121082433336
540.2345942,0.137145862928837
541.5978724,0.137170527563066
542.9611506,0.137195077146692
544.3244288,0.137219512482839
545.687707,0.137243834367174
547.0509852,0.137268043587992
548.4142634,0.137292140926301
549.7775416,0.137316127155909
551.1408198,0.137340003043502
552.504098,0.13736376934873
553.8673762,0.137387426824285
555.2306544,0.137410976215983
556.5939326,0.137434418262839
557.9572108,0.137457753697147
559.320489,0.137480983244554
560.6837672,0.137504107624137
562.0470454,0.137527127548479
563.4103236,0.137550043723736
564.7736018,0.137572856849717
566.13688,0.137595567619948
567.5001582,0.137618176721747
568.8634364,0.137640684836293
570.2267146,0.137663092638692
571.5899928,0.137685400798046
572.953271,0.13770760997752
574.3165492,0.137729720834407
575.6798274,0.137751734020193
577.0431056,0.137773650180621
578.4063838,0.137795469955754
579.769662,0.137817193980037
581.1329402,0.137838822882361
582.4962184,0.137860357286119
583.8594966,0.13788179780927
585.2227748,0.137903145064397
586.586053,0.137924399658765
587.9493312,0.137945562194376
589.3126094,0.137966633268032
590.6758876,0.137987613471386
592.0391658,0.138008503390998
593.402444,0.138029303608391
594.7657222,0.138050014700107
596.1290004,0.138070637237755
597.4922786,0.138091171788066
598.8555568,0.138111618912947
600.218835,0.138131979169531
601.5821132,0.138152253110224
602.9453914,0.138172441282763
604.3086696,0.138192544230255
605.6719478,0.138212562491236
607.035226,0.138232496599711
608.3985042,0.138252347085206
609.7617824,0.138272114472814
611.1250606,0.138291799283239
612.4883388,0.138311402032847
613.851617,0.138330923233703
615.2148952,0.138350363393625
616.5781734,0.138369723016222
617.9414516,0.138389002600937
619.3047298,0.138408202643094
620.668008,0.138427323633937
622.0312862,0.138446366060674
623.3945644,0.138465330406517
624.7578426,0.138484217150725
626.1211208,0.138503026768639
627.484399,0.138521759731731
628.8476772,0.138540416507632
630.2109554,0.138558997560183
631.5742336,0.138577503349462
632.9375118,0.138595934331832
634.30079,0.138614290959971
635.6640682,0.138632573682912
637.0273464,0.138650782946082
638.3906246,0.138668919191333
639.7539028,0.138686982856981
641.117181,0.138704974377843
642.4804592,0.138722894185267
643.8437374,0.138740742707171
645.2070156,0.138758520368074
646.5702938,0.138776227589131
647.933572,0.138793864788167
649.2968502,0.138811432379708
650.6601284,0.138828930775015
652.0234066,0.138846360382117
653.3866848,0.138863721605838
654.749963,0.138881014847834
656.1132412,0.138898240506621
657.4765194,0.138915398977607
658.8397976,0.13893249065312
660.2030758,0.13894951592244
661.566354,0.138966475171829
662.9296322,0.138983368784557
664.2929104,0.139000197140935
665.6561886,0.139016960618341
667.0194668,0.139033659591248
668.382745,0.139050294431253
669.7460232,0.139066865507104
671.1093014,0.139083373184729
672.4725796,0.13909981782726
673.8358578,0.13911619979506
675.199136,0.139132519445753
676.5624142,0.139148777134246
677.9256924,0.139164973212755
679.2889706,0.139181108030833
680.6522488,0.139197181935394
682.015527,0.139213195270736
683.3788052,0.139229148378568
684.7420834,0.139245041598033
686.1053616,0.139260875265734
687.4686398,0.139276649715754
688.831918,0.139292365279684
690.1951962,0.139308022286641
691.5584744,0.139323621063298
692.9217526,0.139339161933898
694.2850308,0.139354645220284
695.648309,0.139370071241919
697.0115872,0.139385440315905
698.3748654,0.139400752757009
699.7381436,0.139416008877681
701.1014218,0.139431208988078
702.4647,0.139446353396082
