"ResDensity","N_TraitValue"
6,0.0344887753294935
7.588,0.0430035398863869
9.176,0.0512821843477497
10.764,0.0593343960468824
12.352,0.0671693395415822
13.94,0.0747956914090947
15.528,0.0822216722985106
17.116,0.0894550764895332
18.704,0.0965032991810554
20.292,0.103373361710391
21.88,0.110071934883949
23.468,0.116605360582321
25.056,0.122979671786855
26.644,0.129200611160664
28.232,0.135273648304344
29.82,0.141203995795393
31.408,0.146996624110191
32.996,0.152656275518322
34.584,0.158187477030871
36.172,0.163594552477002
37.76,0.168881633776519
39.348,0.174052671470183
40.936,0.179111444564179
42.524,0.184061569740295
44.112,0.18890650997897
45.7,0.193649582638446
47.288,0.198293967029594
48.876,0.202842711522809
50.464,0.207298740220306
52.052,0.211664859224555
53.64,0.215943762531054
55.228,0.22013803757147
56.816,0.224250170431099
58.404,0.228282550762752
59.992,0.232237476417493
61.58,0.23611715781106
63.168,0.239923722043418
64.756,0.243659216787578
66.344,0.247325613962606
67.932,0.250924813204683
69.52,0.25445864514904
71.108,0.257928874534687
72.696,0.261337203142998
74.284,0.26468527258044
75.872,0.267974666914987
77.46,0.271206915175141
79.048,0.274383493719824
80.636,0.277505828486861
82.224,0.280575297127256
83.812,0.283593231031967
85.4,0.286560917257446
86.988,0.289479600355791
88.576,0.292350484114986
90.164,0.295174733214329
91.752,0.297953474799844
93.34,0.300687799984143
94.928,0.303378765274936
96.516,0.306027393936118
98.104,0.308634677285119
99.692,0.31120157592996
101.28,0.313729020949278
102.868,0.31621791501835
104.456,0.31866913348398
106.044,0.321083525390944
107.632,0.323461914462511
109.22,0.325805100037429
110.808,0.328113857965609
112.396,0.330388941464617
113.984,0.332631081938961
115.572,0.334840989764042
117.16,0.337019355036539
118.748,0.33916684829289
120.336,0.341284121197437
121.924,0.343371807201732
123.512,0.345430522176379
125.1,0.347460865016773
126.688,0.349463418223949
128.276,0.351438748461752
129.864,0.353387407091436
131.452,0.355309930684752
133.04,0.357206841516528
134.628,0.359078648037698
136.216,0.360925845329666
137.804,0.36274891554087
139.392,0.364548328306352
140.98,0.366324541151099
142.568,0.368077999877875
144.156,0.369809138940257
145.744,0.371518381801507
147.332,0.373206141279908
148.92,0.374872819881174
150.508,0.376518810118468
152.096,0.37814449482058
153.684,0.379750247428776
155.272,0.381336432282786
156.86,0.382903404896404
158.448,0.384451512223134
160.036,0.3859810929123
161.624,0.387492477556014
163.212,0.388985988927379
164.8,0.390461942210301
166.388,0.39192064522123
167.976,0.393362398623183
169.564,0.394787496132343
171.152,0.396196224717538
172.74,0.397588864792893
174.328,0.398965690403908
175.916,0.400326969407243
177.504,0.401672963644442
179.092,0.403003929109833
180.68,0.404320116112849
182.268,0.405621769434955
183.856,0.406909128481419
185.444,0.408182427428102
187.032,0.409441895363466
188.62,0.410687756425984
190.208,0.411920229937113
191.796,0.41313953053001
193.384,0.414345868274137
194.972,0.415539448795918
196.56,0.416720473395583
198.148,0.417889139160352
199.736,0.419045639074073
201.324,0.420190162123461
202.912,0.421322893401055
204.5,0.422444014205005
206.088,0.423553702135803
207.676,0.424652131190081
209.264,0.425739471851554
210.852,0.426815891179238
212.44,0.427881552893007
214.028,0.428936617456612
215.616,0.429981242158227
217.204,0.431015581188615
218.792,0.432039785717007
220.38,0.433054003964745
221.968,0.434058381276798
223.556,0.435053060191194
225.144,0.436038180506456
226.732,0.437013879347102
228.32,0.437980291227275
229.908,0.438937548112565
231.496,0.43988577948008
233.084,0.440825112376829
234.672,0.441755671476467
236.26,0.442677579134459
237.848,0.443590955441709
239.436,0.444495918276712
241.024,0.445392583356266
242.612,0.446281064284803
244.2,0.447161472602366
245.788,0.448033917831289
247.376,0.44889850752162
248.964,0.449755347295314
250.552,0.450604540889249
252.14,0.451446190197096
253.728,0.452280395310071
255.316,0.45310725455662
256.904,0.453926864541052
258.492,0.454739320181167
260.08,0.455544714744897
261.668,0.456343139885999
263.256,0.457134685678827
264.844,0.457919440652205
266.432,0.458697491822434
268.02,0.459468924725458
269.608,0.460233823448209
271.196,0.460992270659163
272.784,0.461744347638123
274.372,0.462490134305258
275.96,0.463229709249411
277.548,0.463963149755708
279.136,0.464690531832481
280.724,0.465411930237525
282.312,0.466127418503712
283.9,0.466837068963974
285.488,0.467540952775686
287.076,0.468239139944445
288.664,0.468931699347282
290.252,0.469618698755314
291.84,0.47030020485585
293.428,0.470976283273969
295.016,0.471646998593591
296.604,0.472312414378037
298.192,0.472972593190113
299.78,0.473627596611719
301.368,0.474277485262998
302.956,0.474922318821035
304.544,0.47556215603813
306.132,0.476197054759638
307.72,0.476827071941406
309.308,0.477452263666802
310.896,0.478072685163358
312.484,0.478688390819036
314.072,0.479299434198119
315.66,0.479905868056744
317.248,0.480507744358091
318.836,0.481105114287217
320.424,0.481698028265575
322.012,0.482286535965195
323.6,0.482870686322562
325.188,0.483450527552173
326.776,0.484026107159809
328.364,0.484597471955508
329.952,0.485164668066252
331.54,0.485727740948387
333.128,0.48628673539976
334.716,0.486841695571605
336.304,0.487392664980166
337.892,0.48793968651807
339.48,0.488482802465461
341.068,0.489022054500893
342.656,0.489557483711989
344.244,0.490089130605881
345.832,0.490617035119424
347.42,0.491141236629193
349.008,0.491661773961281
350.596,0.492178685400879
352.184,0.492692008701666
353.772,0.493201781094998
355.36,0.493708039298915
356.948,0.49421081952695
358.536,0.494710157496771
360.124,0.495206088438634
361.712,0.495698647103672
363.3,0.496187867772012
364.888,0.496673784260727
366.476,0.497156429931629
368.064,0.497635837698902
369.652,0.49811204003659
371.24,0.498585068985924
372.828,0.499054956162512
374.416,0.49952173276338
376.004,0.499985429573881
377.592,0.500446076974458
379.18,0.500903704947282
380.768,0.501358343082759
382.356,0.501810020585903
383.944,0.502258766282595
385.532,0.502704608625711
387.12,0.503147575701139
388.708,0.503587695233676
390.296,0.504024994592812
391.884,0.504459500798404
393.472,0.50489124052624
395.06,0.5053202401135
396.648,0.505746525564111
398.236,0.506170122554002
399.824,0.506591056436257
401.412,0.507009352246176
403,0.507425034706236
404.588,0.507838128230966
406.176,0.508248656931721
407.764,0.508656644621377
409.352,0.509062114818936
410.94,0.509465090754045
412.528,0.509865595371428
414.116,0.510263651335248
415.704,0.510659281033377
417.292,0.511052506581596
418.88,0.511443349827715
420.468,0.51183183235562
422.056,0.512217975489245
423.644,0.512601800296476
425.232,0.51298332759298
426.82,0.513362577945971
428.408,0.513739571677903
429.996,0.514114328870101
431.584,0.514486869366329
433.172,0.51485721277629
434.76,0.515225378479067
436.348,0.515591385626505
437.936,0.515955253146528
439.524,0.51631699974641
441.112,0.51667664391597
442.7,0.517034203930734
444.288,0.51738969785502
445.876,0.517743143544989
447.464,0.518094558651627
449.052,0.518443960623691
450.64,0.518791366710592
452.228,0.519136793965234
453.816,0.519480259246806
455.404,0.519821779223525
456.992,0.520161370375331
458.58,0.520499048996537
460.168,0.520834831198439
461.756,0.521168732911876
463.344,0.521500769889748
464.932,0.521830957709496
466.52,0.522159311775536
468.108,0.522485847321659
469.696,0.522810579413379
471.284,0.523133522950259
472.872,0.523454692668182
474.46,0.523774103141599
476.048,0.524091768785729
477.636,0.524407703858729
479.224,0.524721922463829
480.812,0.525034438551426
482.4,0.525345265921157
483.988,0.525654418223919
485.576,0.525961908963877
487.164,0.526267751500427
488.752,0.526571959050128
490.34,0.52687454468861
491.928,0.527175521352446
493.516,0.527474901840995
495.104,0.527772698818216
496.692,0.528068924814456
498.28,0.528363592228205
499.868,0.528656713327828
501.456,0.528948300253265
503.044,0.52923836501771
504.632,0.529526919509259
506.22,0.529813975492534
507.808,0.530099544610283
509.396,0.530383638384953
510.984,0.530666268220242
512.572,0.530947445402621
514.16,0.53122718110284
515.748,0.531505486377405
517.336,0.531782372170036
518.924,0.532057849313103
520.512,0.532331928529033
522.1,0.532604620431709
523.688,0.532875935527834
525.276,0.533145884218283
526.864,0.533414476799431
528.452,0.533681723464466
530.04,0.53394763430467
531.628,0.5342122193107
533.216,0.534475488373829
534.804,0.534737451287187
536.392,0.53499811774697
537.98,0.535257497353638
539.568,0.535515599613094
541.156,0.535772433937845
542.744,0.536028009648145
544.332,0.536282335973127
545.92,0.536535422051906
547.508,0.536787276934681
549.096,0.537037909583811
550.684,0.537287328874878
552.272,0.537535543597734
553.86,0.537782562457535
555.448,0.53802839407576
557.036,0.538273046991209
558.624,0.538516529660997
560.212,0.538758850461525
561.8,0.539000017689444
563.388,0.539240039562599
564.976,0.539478924220962
566.564,0.539716679727555
568.152,0.539953314069355
569.74,0.540188835158189
571.328,0.540423250831617
572.916,0.540656568853799
574.504,0.540888796916354
576.092,0.541119942639205
577.68,0.541350013571411
579.268,0.541579017191991
580.856,0.541806960910733
582.444,0.542033852068995
584.032,0.542259697940489
585.62,0.542484505732064
587.208,0.542708282584468
588.796,0.542931035573107
590.384,0.543152771708787
591.972,0.543373497938454
593.56,0.543593221145918
595.148,0.543811948152566
596.736,0.544029685718073
598.324,0.544246440541092
599.912,0.544462219259947
601.5,0.544677028453308
603.088,0.544890874640857
604.676,0.545103764283953
606.264,0.545315703786279
607.852,0.545526699494486
609.44,0.545736757698825
611.028,0.545945884633771
612.616,0.546154086478645
614.204,0.546361369358217
615.792,0.54656773934331
617.38,0.546773202451389
618.968,0.546977764647152
620.556,0.5471814318431
622.144,0.547384209900113
623.732,0.547586104628009
625.32,0.547787121786097
626.908,0.547987267083729
628.496,0.548186546180838
630.084,0.548384964688473
631.672,0.548582528169323
633.26,0.548779242138238
634.848,0.548975112062746
636.436,0.549170143363552
638.024,0.549364341415045
639.612,0.549557711545788
641.2,0.549750259039008
642.788,0.549941989133072
644.376,0.550132907021968
645.964,0.550323017855772
647.552,0.55051232674111
649.14,0.550700838741614
650.728,0.550888558878379
652.316,0.551075492130402
653.904,0.551261643435027
655.492,0.551447017688379
657.08,0.551631619745789
658.668,0.551815454422225
660.256,0.551998526492705
661.844,0.552180840692713
663.432,0.552362401718605
665.02,0.552543214228017
666.608,0.552723282840257
668.196,0.552902612136705
669.784,0.553081206661194
671.372,0.553259070920401
672.96,0.553436209384223
674.548,0.553612626486149
676.136,0.553788326623635
677.724,0.553963314158465
679.312,0.554137593417114
680.9,0.554311168691106
682.488,0.55448404423736
684.076,0.554656224278548
685.664,0.55482771300343
687.252,0.554998514567197
688.84,0.555168633091808
690.428,0.55533807266632
692.016,0.555506837347213
693.604,0.555674931158721
695.192,0.555842358093145
696.78,0.556009122111171
698.368,0.556175227142184
699.956,0.556340677084575
701.544,0.556505475806045
703.132,0.556669627143911
704.72,0.556833134905397
706.308,0.556996002867935
707.896,0.557158234779451
709.484,0.557319834358655
711.072,0.557480805295324
712.66,0.557641151250584
714.248,0.557800875857188
715.836,0.557959982719785
717.424,0.558118475415202
719.012,0.558276357492699
720.6,0.558433632474244
722.188,0.558590303854771
723.776,0.558746375102438
725.364,0.558901849658886
726.952,0.559056730939487
728.54,0.559211022333601
730.128,0.559364727204815
731.716,0.559517848891197
733.304,0.559670390705527
734.892,0.559822355935547
736.48,0.559973747844186
738.068,0.560124569669803
739.656,0.560274824626414
741.244,0.560424515903917
742.832,0.560573646668325
744.42,0.560722220061983
746.008,0.560870239203792
747.596,0.561017707189426
749.184,0.561164627091547
750.772,0.561311001960021
752.36,0.561456834822128
753.948,0.561602128682768
755.536,0.561746886524671
757.124,0.561891111308599
758.712,0.56203480597355
760.3,0.562177973436956
761.888,0.562320616594878
763.476,0.562462738322207
765.064,0.562604341472853
766.652,0.562745428879938
768.24,0.562886003355981
769.828,0.563026067693092
771.416,0.563165624663151
773.004,0.563304677017991
774.592,0.563443227489584
776.18,0.563581278790213
777.768,0.563718833612656
779.356,0.563855894630354
780.944,0.56399246449759
782.532,0.564128545849658
784.12,0.56426414130303
785.708,0.564399253455531
787.296,0.564533884886496
788.884,0.56466803815694
790.472,0.564801715809719
792.06,0.564934920369689
793.648,0.565067654343868
795.236,0.56519992022159
796.824,0.565331720474665
798.412,0.565463057557526
800,0.56559393390739
