"ResDensity","N_TraitValue"
25,0.00697752630652534
26.95,0.00742779557246948
28.9,0.00786695226188661
30.85,0.00829540274522675
32.8,0.00871353381773213
34.75,0.0091217138641043
36.7,0.0095202939409959
38.65,0.00990960878401311
40.6,0.0102899777452996
42.55,0.0106617056672217
44.5,0.0110250836971788
46.45,0.0113803900481156
48.4,0.011727890708911
50.35,0.0120678401084575
52.3,0.012400481736913
54.25,0.0127260487273148
56.2,0.0130447644004745
58.15,0.0133568427758303
60.1,0.0136624890507126
62.05,0.0139619000502784
64,0.0142552646501863
65.95,0.0145427641739222
67.9,0.0148245727665287
69.85,0.0151008577463598
71.8,0.0153717799363517
73.75,0.0156374939761894
75.7,0.015898148616641
77.65,0.016153886997238
79.6,0.0164048469083903
81.55,0.0166511610389435
83.5,0.0168929572101154
85.45,0.0171303585966749
87.4,0.0173634839361709
89.35,0.0175924477269558
91.3,0.0178173604156971
93.25,0.0180383285750249
95.2,0.0182554550719125
97.15,0.018468839227351
99.1,0.0186785769678382
101.05,0.018884760969167
103,0.0190874807929663
104.95,0.0192868230164169
106.9,0.0194828713555375
108.85,0.0196757067824089
110.8,0.0198654076366822
112.75,0.0200520497316925
114.7,0.0202357064554814
116.65,0.0204164488670095
118.6,0.0205943457878259
120.55,0.0207694638894405
122.5,0.0209418677766349
124.45,0.0211116200669291
126.4,0.0212787814664085
128.35,0.0214434108421071
130.3,0.021605565291124
132.25,0.021765300206648
134.2,0.0219226693410474
136.15,0.0220777248661774
138.1,0.0222305174310476
140.05,0.0223810962169818
142,0.0225295089903987
143.95,0.0226758021533303
145.9,0.0228200207917916
147.85,0.0229622087221067
149.8,0.023102408535292
151.75,0.0232406616395906
153.7,0.0233770083012465
155.65,0.0235114876836045
157.6,0.023644137884614
159.55,0.0237749959728128
161.5,0.0239040980218624
163.45,0.0240314791437022
165.4,0.0241571735203868
167.35,0.0242812144346665
169.3,0.0244036342993691
171.25,0.0245244646856372
173.2,0.024643736350073
175.15,0.0247614792608385
177.1,0.0248777226227597
179.05,0.0249924949014764
181,0.0251058238466819
182.95,0.0252177365144908
184.9,0.0253282592889741
186.85,0.0254374179028957
188.8,0.0255452374576874
190.75,0.0256517424426918
192.7,0.0257569567537062
194.65,0.0258609037108568
196.6,0.0259636060758301
198.55,0.0260650860684896
200.5,0.0261653653829025
202.45,0.0262644652028006
204.4,0.0263624062164993
206.35,0.0264592086312961
208.3,0.0265548921873698
210.25,0.0266494761712003
212.2,0.0267429794285291
214.15,0.0268354203768771
216.1,0.0269268170176389
218.05,0.0270171869477694
220,0.0271065473710781
221.95,0.0271949151091481
223.9,0.0272823066118923
225.85,0.0273687379677622
227.8,0.0274542249136216
229.75,0.0275387828442988
231.7,0.027622426821829
233.65,0.0277051715843983
235.6,0.0277870315550014
237.55,0.0278680208498221
239.5,0.0279481532863491
241.45,0.0280274423912341
243.4,0.0281059014079042
245.35,0.0281835433039362
247.3,0.0282603807782013
249.25,0.0283364262677895
251.2,0.02841169195472
253.15,0.0284861897724477
255.1,0.02855993141217
257.05,0.0286329283289439
259,0.0287051917476173
260.95,0.0287767326685838
262.9,0.0288475618733648
264.85,0.0289176899300261
266.8,0.0289871271984345
268.75,0.0290558838353597
270.7,0.0291239697994273
272.65,0.0291913948559267
274.6,0.0292581685814806
276.55,0.0293243003685794
278.5,0.0293897994299852
280.45,0.0294546748030108
282.4,0.0295189353536759
284.35,0.0295825897807468
286.3,0.0296456466196615
288.25,0.0297081142463455
290.2,0.0297700008809202
292.15,0.0298313145913094
294.1,0.0298920632967452
296.05,0.0299522547711779
298,0.0300118966465923
299.95,0.0300709964162336
301.9,0.030129561437746
303.85,0.0301875989362259
305.8,0.0302451160071937
307.75,0.0303021196194854
309.7,0.0303586166180672
311.65,0.0304146137267758
313.6,0.0304701175509862
315.55,0.0305251345802083
317.5,0.0305796711906173
319.45,0.0306337336475163
321.4,0.0306873281077361
323.35,0.0307404606219727
325.3,0.0307931371370641
327.25,0.0308453634982096
329.2,0.0308971454511314
331.15,0.0309484886441825
333.1,0.0309993986304
335.05,0.0310498808695077
337,0.0310999407298675
338.95,0.0311495834903828
340.9,0.031198814342354
342.85,0.0312476383912884
344.8,0.0312960606586649
346.75,0.0313440860836559
348.7,0.0313917195248069
350.65,0.0314389657616744
352.6,0.0314858294964253
354.55,0.0315323153553965
356.5,0.0315784278906177
358.45,0.0316241715812969
360.4,0.0316695508352711
362.35,0.0317145699904223
364.3,0.0317592333160595
366.25,0.0318035450142683
368.2,0.0318475092212293
370.15,0.0318911300085046
372.1,0.0319344113842952
374.05,0.0319773572946684
376,0.0320199716247572
377.95,0.0320622581999322
379.9,0.032104220786946
381.85,0.0321458630950518
383.8,0.0321871887770965
385.75,0.0322282014305887
387.7,0.0322689045987426
389.65,0.0323093017714988
391.6,0.0323493963865214
393.55,0.0323891918301733
395.5,0.0324286914384696
397.45,0.03246789849801
399.4,0.0325068162468901
401.35,0.0325454478755933
403.3,0.0325837965278622
405.25,0.0326218653015519
407.2,0.0326596572494637
409.15,0.0326971753801617
411.1,0.0327344226587709
413.05,0.0327714020077584
415,0.0328081163076977
416.95,0.0328445683980171
418.9,0.0328807610777312
420.85,0.0329166971061575
422.8,0.0329523792036179
424.75,0.0329878100521251
426.7,0.0330229922960542
428.65,0.0330579285428012
430.6,0.0330926213634268
432.55,0.0331270732932871
434.5,0.0331612868326515
436.45,0.0331952644473073
438.4,0.0332290085691523
440.35,0.0332625215967748
442.3,0.0332958058960223
444.25,0.0333288638005579
446.2,0.0333616976124059
448.15,0.033394309602486
450.1,0.0334267020111373
452.05,0.0334588770486308
454,0.0334908368956725
455.95,0.033522583703896
457.9,0.0335541195963452
459.85,0.0335854466679479
461.8,0.0336165669859795
463.75,0.0336474825905177
465.7,0.0336781954948884
467.65,0.033708707686103
469.6,0.0337390211252864
471.55,0.0337691377480975
473.5,0.0337990594651414
475.45,0.0338287881623731
477.4,0.0338583257014938
479.35,0.0338876739203397
481.3,0.0339168346332632
483.25,0.0339458096315067
485.2,0.0339746006835692
487.15,0.0340032095355665
489.1,0.0340316379115839
491.05,0.0340598875140228
493,0.0340879600239404
494.95,0.0341158571013829
496.9,0.0341435803857134
498.85,0.0341711314959323
500.8,0.034198512030993
502.75,0.0342257235701109
504.7,0.0342527676730673
506.65,0.0342796458805072
508.6,0.034306359714232
510.55,0.0343329106774867
512.5,0.0343593002552417
514.45,0.0343855299144702
516.4,0.0344116011044192
518.35,0.0344375152568772
520.3,0.0344632737864358
522.25,0.0344888780907475
524.2,0.0345143295507781
526.15,0.0345396295310553
528.1,0.0345647793799123
530.05,0.0345897804297276
532,0.0346146339971602
533.95,0.0346393413833807
535.9,0.0346639038742982
537.85,0.0346883227407838
539.8,0.0347125992388896
541.75,0.0347367346100639
543.7,0.034760730081363
545.65,0.0347845868656592
547.6,0.0348083061618451
549.55,0.0348318891550343
551.5,0.034855337016759
553.45,0.0348786509051639
555.4,0.0349018319651968
557.35,0.0349248813287963
559.3,0.0349478001150757
561.25,0.0349705894305044
563.2,0.0349932503690858
565.15,0.0350157840125325
567.1,0.0350381914304384
569.05,0.0350604736804477
571,0.0350826318084217
572.95,0.035104666848602
574.9,0.035126579823772
576.85,0.0351483717454146
578.8,0.035170043613868
580.75,0.0351915964184788
582.7,0.0352130311377528
584.65,0.0352343487395026
586.6,0.0352555501809937
588.55,0.0352766364090874
590.5,0.0352976083603822
592.45,0.035318466961352
594.4,0.0353392131284831
596.35,0.0353598477684079
598.3,0.0353803717780371
600.25,0.0354007860446899
602.2,0.0354210914462217
604.15,0.0354412888511499
606.1,0.0354613791187778
608.05,0.0354813630993165
610,0.0355012416340047
611.95,0.0355210155552269
613.9,0.0355406856866295
615.85,0.0355602528432352
617.8,0.0355797178315556
619.75,0.0355990814497018
621.7,0.0356183444874938
623.65,0.0356375077265677
625.6,0.0356565719404814
627.55,0.0356755378948189
629.5,0.0356944063472926
631.45,0.035713178047844
633.4,0.0357318537387436
635.35,0.0357504341546883
637.3,0.035768920022898
639.25,0.0357873120632102
641.2,0.0358056109881738
643.15,0.0358238175031406
645.1,0.0358419323063567
647.05,0.035859956089051
649,0.0358778895355236
650.95,0.035895733323232
652.9,0.035913488122877
654.85,0.0359311545984861
656.8,0.0359487334074968
658.75,0.0359662252008378
660.7,0.0359836306230094
662.65,0.0360009503121629
664.6,0.0360181849001784
666.55,0.0360353350127416
668.5,0.0360524012694195
670.45,0.0360693842837354
672.4,0.0360862846632418
674.35,0.0361031030095933
676.3,0.036119839918618
678.25,0.0361364959803875
680.2,0.0361530717792866
682.15,0.0361695678940816
684.1,0.0361859848979873
686.05,0.0362023233587342
688,0.0362185838386328
689.95,0.0362347668946393
691.9,0.0362508730784183
693.85,0.0362669029364058
695.8,0.0362828570098713
697.75,0.0362987358349782
699.7,0.0363145399428442
701.65,0.0363302698596003
703.6,0.0363459261064495
705.55,0.036361509199724
707.5,0.0363770196509423
709.45,0.0363924579668648
711.4,0.0364078246495495
713.35,0.0364231201964057
715.3,0.0364383451002485
717.25,0.0364534998493512
719.2,0.0364685849274974
721.15,0.036483600814033
723.1,0.0364985479839165
725.05,0.0365134269077694
727,0.0365282380519252
728.95,0.0365429818784787
730.9,0.0365576588453334
732.85,0.0365722694062494
734.8,0.0365868140108901
736.75,0.0366012931048679
738.7,0.0366157071297903
740.65,0.0366300565233045
742.6,0.0366443417191417
744.55,0.0366585631471607
746.5,0.0366727212333914
748.45,0.0366868164000768
750.4,0.0367008490657154
752.35,0.0367148196451026
754.3,0.0367287285493713
756.25,0.0367425761860324
758.2,0.0367563629590146
760.15,0.0367700892687037
762.1,0.0367837555119812
764.05,0.0367973620822629
766,0.0368109093695362
767.95,0.0368243977603977
769.9,0.0368378276380898
771.85,0.036851199382537
773.8,0.036864513370382
775.75,0.0368777699750206
777.7,0.036890969566637
779.65,0.0369041125122381
781.6,0.0369171991756874
783.55,0.0369302299177389
785.5,0.0369432050960699
787.45,0.036956125065314
789.4,0.0369689901770931
791.35,0.0369818007800498
793.3,0.0369945572198783
795.25,0.0370072598393559
797.2,0.0370199089783736
799.15,0.0370325049739663
801.1,0.037045048160343
803.05,0.037057538868916
805,0.0370699774283305
806.95,0.037082364164493
808.9,0.0370946994006001
810.85,0.0371069834571664
812.8,0.0371192166520525
814.75,0.037131399300492
816.7,0.037143531715119
818.65,0.0371556142059947
820.6,0.0371676470806338
822.55,0.0371796306440305
824.5,0.0371915651986843
826.45,0.0372034510446257
828.4,0.037215288479441
830.35,0.0372270777982973
832.3,0.0372388192939672
834.25,0.0372505132568525
836.2,0.0372621599750088
838.15,0.0372737597341687
840.1,0.0372853128177654
842.05,0.0372968195069557
844,0.0373082800806426
845.95,0.0373196948154985
847.9,0.0373310639859864
849.85,0.0373423878643831
851.8,0.0373536667207999
853.75,0.0373649008232047
855.7,0.0373760904374431
857.65,0.0373872358272593
859.6,0.0373983372543166
861.55,0.0374093949782184
863.5,0.037420409256528
865.45,0.0374313803447887
867.4,0.0374423084965439
869.35,0.0374531939633559
871.3,0.037464036994826
873.25,0.037474837838613
875.2,0.0374855967404524
877.15,0.0374963139441749
879.1,0.0375069896917249
881.05,0.0375176242231784
883,0.0375282177767614
884.95,0.0375387705888676
886.9,0.0375492828940759
888.85,0.0375597549251675
890.8,0.0375701869131437
892.75,0.0375805790872425
894.7,0.0375909316749553
896.65,0.0376012449020438
898.6,0.0376115189925562
900.55,0.0376217541688436
902.5,0.0376319506515757
904.45,0.037642108659757
906.4,0.0376522284107425
908.35,0.0376623101202529
910.3,0.03767235400239
912.25,0.0376823602696524
914.2,0.0376923291329494
916.15,0.037702260801617
918.1,0.0377121554834318
920.05,0.0377220133846257
922,0.0377318347099002
923.95,0.0377416196624406
925.9,0.0377513684439301
927.85,0.0377610812545636
929.8,0.0377707582930611
931.75,0.0377803997566819
933.7,0.0377900058412372
935.65,0.0377995767411043
937.6,0.0378091126492387
939.55,0.0378186137571879
941.5,0.0378280802551036
943.45,0.0378375123317551
945.4,0.0378469101745409
947.35,0.037856273969502
949.3,0.0378656039013337
951.25,0.0378749001533977
953.2,0.0378841629077347
955.15,0.0378933923450752
957.1,0.0379025886448525
959.05,0.0379117519852135
961,0.0379208825430302
962.95,0.0379299804939117
964.9,0.0379390460122148
966.85,0.0379480792710556
968.8,0.0379570804423201
970.75,0.0379660496966756
972.7,0.037974987203581
974.65,0.0379838931312978
976.6,0.0379927676469006
978.55,0.0380016109162872
980.5,0.0380104231041897
982.45,0.0380192043741838
984.4,0.0380279548886998
986.35,0.0380366748090319
988.3,0.0380453642953485
990.25,0.038054023506702
992.2,0.0380626526010383
994.15,0.0380712517352065
996.1,0.0380798210649687
998.05,0.0380883607450088
1000,0.0380968709289422
