"ResDensity","N_TraitValue"
1,0.000138206039659471
1.046,0.000143996900928773
1.092,0.000149742544877981
1.138,0.00015544349905933
1.184,0.000161100282850216
1.23,0.000166713407610933
1.276,0.000172283376838764
1.322,0.000177810686318537
1.368,0.000183295824269737
1.414,0.000188739271490253
1.46,0.000194141501496875
1.506,0.000199502980662597
1.552,0.000204824168350835
1.598,0.000210105517046625
1.644,0.000215347472484887
1.69,0.000220550473775826
1.736,0.000225714953527556
1.782,0.000230841337966
1.828,0.000235930047052158
1.874,0.000240981494596785
1.92,0.000245996088372571
1.966,0.000250974230223872
2.012,0.00025591631617405
2.058,0.000260822736530498
2.104,0.000265693875987393
2.15,0.000270530113726246
2.196,0.00027533182351429
2.242,0.000280099373800779
2.288,0.000284833127811229
2.334,0.00028953344363967
2.38,0.000294200674338941
2.426,0.000298835168009097
2.472,0.000303437267883948
2.518,0.000308007312415806
2.564,0.000312545635358448
2.61,0.000317052565848376
2.656,0.000321528428484384
2.702,0.000325973543405491
2.748,0.000330388226367271
2.794,0.000334772788816621
2.84,0.000339127537965007
2.886,0.000343452776860216
2.932,0.000347748804456655
2.978,0.000352015915684234
3.024,0.000356254401515862
3.07,0.000360464549033585
3.116,0.000364646641493405
3.162,0.000368800958388808
3.208,0.000372927775513031
3.254,0.000377027365020091
3.3,0.000381099995484619
3.346,0.000385145931960507
3.392,0.000389165436038417
3.438,0.000393158765902158
3.484,0.000397126176383964
3.53,0.000401067919018711
3.576,0.000404984242097072
3.622,0.00040887539071765
3.668,0.000412741606838118
3.714,0.000416583129325364
3.76,0.000420400194004692
3.806,0.000424193033708079
3.852,0.000427961878321516
3.898,0.000431706954831456
3.944,0.000435428487370386
3.99,0.000439126697261538
4.036,0.000442801803062771
4.082,0.000446454020609618
4.128,0.000450083563057552
4.174,0.000453690640923445
4.22,0.000457275462126278
4.266,0.000460838232027087
4.312,0.000464379153468182
4.358,0.000467898426811643
4.404,0.000471396249977111
4.45,0.000474872818478897
4.496,0.000478328325462404
4.542,0.000481762961739903
4.588,0.000485176915825655
4.634,0.000488570373970399
4.68,0.000491943520195225
4.726,0.00049529653632484
4.772,0.000498629602020238
4.818,0.00050194289481079
4.864,0.000505236590125763
4.91,0.000508510861325287
4.956,0.000511765879730766
5.002,0.000515001814654763
5.048,0.000518218833430356
5.094,0.000521417101439982
5.14,0.000524596782143781
5.186,0.00052775803710744
5.232,0.000530901026029563
5.278,0.000534025906768561
5.324,0.000537132835369082
5.37,0.000540221966087987
5.416,0.00054329345141988
5.462,0.0005463474421222
5.508,0.000549384087239889
5.554,0.000552403534129639
5.6,0.000555405928483725
5.646,0.000558391414353446
5.692,0.000561360134172155
5.738,0.000564312228777917
5.784,0.000567247837435777
5.83,0.000570167097859665
5.876,0.000573070146233925
5.922,0.000575957117234499
5.968,0.000578828144049748
6.014,0.000581683358400938
6.06,0.000584522890562383
6.106,0.000587346869381261
6.152,0.000590155422297102
6.198,0.000592948675360956
6.244,0.000595726753254258
6.29,0.000598489779307373
6.336,0.000601237875517851
6.382,0.000603971162568382
6.428,0.00060668975984446
6.474,0.00060939378545177
6.52,0.000612083356233289
6.566,0.000614758587786115
6.612,0.00061741959447803
6.658,0.0006200664894638
6.704,0.000622699384701211
6.75,0.000625318390966854
6.796,0.000627923617871669
6.842,0.000630515173876226
6.888,0.000633093166305785
6.934,0.00063565770136511
6.98,0.000638208884153052
7.026,0.000640746818676909
7.072,0.000643271607866557
7.118,0.000645783353588368
7.164,0.000648282156658912
7.21,0.00065076811685844
7.256,0.00065324133294417
7.302,0.000655701902663365
7.348,0.000658149922766209
7.394,0.000660585489018489
7.44,0.00066300869621408
7.486,0.000665419638187249
7.532,0.000667818407824763
7.578,0.000670205097077821
7.624,0.0006725797969738
7.67,0.000674942597627831
7.716,0.000677293588254196
7.762,0.000679632857177558
7.808,0.000681960491844023
7.854,0.000684276578832034
7.9,0.000686581203863107
7.946,0.000688874451812409
7.992,0.000691156406719174
8.038,0.000693427151796972
8.084,0.000695686769443822
8.13,0.00069793534125216
8.176,0.00070017294801866
8.222,0.000702399669753909
8.268,0.000704615585691949
8.314,0.000706820774299671
8.36,0.000709015313286077
8.406,0.000711199279611412
8.452,0.000713372749496155
8.498,0.000715535798429893
8.544,0.000717688501180054
8.59,0.000719830931800527
8.636,0.000721963163640151
8.682,0.000724085269351087
8.728,0.00072619732089707
8.774,0.000728299389561543
8.82,0.000730391545955676
8.866,0.000732473860026277
8.912,0.000734546401063581
8.958,0.00073660923770894
9.004,0.000738662437962399
9.05,0.00074070606919017
9.096,0.000742740198131998
9.142,0.000744764890908428
9.188,0.000746780213027967
9.234,0.000748786229394151
9.28,0.000750783004312514
9.326,0.000752770601497455
9.372,0.000754749084079021
9.418,0.000756718514609584
9.464,0.000758678955070439
9.51,0.000760630466878306
9.556,0.000762573110891738
9.602,0.000764506947417454
9.648,0.000766432036216577
9.694,0.00076834843651079
9.74,0.000770256206988409
9.786,0.000772155405810373
9.832,0.000774046090616158
9.878,0.000775928318529603
9.924,0.000777802146164669
9.97,0.00077966762963111
10.016,0.000781524824540076
10.062,0.00078337378600964
10.108,0.000785214568670249
10.154,0.000787047226670105
10.2,0.000788871813680477
10.246,0.000790688382900934
10.292,0.000792496987064525
10.338,0.000794297678442872
10.384,0.000796090508851212
10.43,0.000797875529653368
10.476,0.000799652791766648
10.522,0.000801422345666693
10.568,0.00080318424139225
10.614,0.000804938528549895
10.66,0.000806685256318683
10.706,0.000808424473454745
10.752,0.000810156228295828
10.798,0.000811880568765768
10.844,0.000813597542378915
10.89,0.000815307196244495
10.936,0.000817009577070918
10.982,0.000818704731170037
11.028,0.000820392704461339
11.074,0.000822073542476099
11.12,0.000823747290361469
11.166,0.000825413992884523
11.212,0.000827073694436248
11.258,0.000828726439035485
11.304,0.000830372270332818
11.35,0.000832011231614422
11.396,0.000833643365805852
11.442,0.000835268715475797
11.488,0.000836887322839774
11.534,0.00083849922976379
11.58,0.000840104477767945
11.626,0.000841703108030004
11.672,0.000843295161388909
11.718,0.000844880678348267
11.764,0.000846459699079777
11.81,0.000848032263426626
11.856,0.000849598410906841
11.902,0.000851158180716596
11.948,0.000852711611733486
11.994,0.000854258742519756
12.04,0.000855799611325488
12.086,0.000857334256091758
12.132,0.000858862714453751
12.178,0.000860385023743832
12.224,0.000861901220994589
12.27,0.000863411342941838
12.316,0.000864915426027586
12.362,0.000866413506402962
12.408,0.00086790561993112
12.454,0.000869391802190093
12.5,0.000870872088475624
12.546,0.000872346513803962
12.592,0.000873815112914621
12.638,0.000875277920273108
12.684,0.000876734970073619
12.73,0.000878186296241707
12.776,0.000879631932436911
12.822,0.000881071912055359
12.868,0.000882506268232342
12.914,0.000883935033844853
12.96,0.000885358241514099
13.006,0.000886775923607987
13.052,0.000888188112243573
13.098,0.000889594839289491
13.144,0.00089099613636835
13.19,0.000892392034859101
13.236,0.000893782565899382
13.282,0.000895167760387831
13.328,0.000896547648986377
13.374,0.000897922262122502
13.42,0.000899291629991476
13.466,0.000900655782558567
13.512,0.000902014749561232
13.558,0.000903368560511271
13.604,0.00090471724469697
13.65,0.000906060831185207
13.696,0.000907399348823545
13.742,0.000908732826242293
13.788,0.000910061291856551
13.834,0.000911384773868225
13.88,0.000912703300268024
13.926,0.000914016898837434
13.972,0.000915325597150668
14.018,0.000916629422576595
14.064,0.000917928402280652
14.11,0.000919222563226724
14.156,0.000920511932179016
14.202,0.000921796535703894
14.248,0.00092307640017171
14.294,0.00092435155175861
14.34,0.000925622016448314
14.386,0.000926887820033884
14.432,0.000928148988119467
14.478,0.000929405546122024
14.524,0.000930657519273037
14.57,0.000931904932620195
14.616,0.000933147811029069
14.662,0.000934386179184759
14.708,0.000935620061593533
14.754,0.000936849482584443
14.8,0.000938074466310919
14.846,0.000939295036752356
14.892,0.00094051121771568
14.938,0.000941723032836888
14.984,0.000942930505582589
15.03,0.000944133659251509
15.076,0.000945332516975999
15.122,0.00094652710172351
15.168,0.000947717436298065
15.214,0.000948903543341707
15.26,0.000950085445335934
15.306,0.000951263164603122
15.352,0.000952436723307931
15.398,0.000953606143458691
15.444,0.000954771446908781
15.49,0.000955932655357991
15.536,0.000957089790353867
15.582,0.000958242873293044
15.628,0.000959391925422566
15.674,0.000960536967841191
15.72,0.000961678021500681
15.766,0.000962815107207081
15.812,0.000963948245621983
15.858,0.000965077457263777
15.904,0.000966202762508894
15.95,0.000967324181593023
15.996,0.000968441734612332
16.042,0.000969555441524665
16.088,0.000970665322150729
16.134,0.000971771396175273
16.18,0.000972873683148249
16.226,0.000973972202485965
16.272,0.000975066973472226
16.318,0.000976158015259459
16.364,0.000977245346869834
16.41,0.000978328987196368
16.456,0.000979408955004017
16.502,0.000980485268930763
16.548,0.000981557947488685
16.594,0.000982627009065017
16.64,0.000983692471923202
16.686,0.000984754354203934
16.732,0.000985812673926182
16.778,0.000986867448988212
16.824,0.000987918697168599
16.87,0.00098896643612722
16.916,0.000990010683406248
16.962,0.000991051456431127
17.008,0.000992088772511544
17.054,0.000993122648842388
17.1,0.000994153102504701
17.146,0.000995180150466616
17.192,0.000996203809584289
17.238,0.000997224096602827
17.284,0.00099824102815719
17.33,0.000999254620773106
17.376,0.00100026489086796
17.422,0.00100127185475168
17.468,0.00100227552862762
17.514,0.00100327592859342
17.56,0.00100427307064188
17.606,0.0010052669706618
17.652,0.00100625764443883
17.698,0.00100724510765631
17.744,0.00100822937589607
17.79,0.0010092104646393
17.836,0.00101018838926732
17.882,0.00101116316506239
17.928,0.00101213480720852
17.974,0.00101310333079226
18.02,0.00101406875080345
18.066,0.00101503108213605
18.112,0.00101599033958883
18.158,0.00101694653786621
18.204,0.00101789969157893
18.25,0.00101884981524488
18.296,0.00101979692328976
18.342,0.00102074103004785
18.388,0.00102168214976274
18.434,0.00102262029658802
18.48,0.001023555484588
18.526,0.00102448772773841
18.572,0.00102541703992713
18.618,0.00102634343495482
18.664,0.00102726692653564
18.71,0.00102818752829793
18.756,0.00102910525378486
18.802,0.00103002011645511
18.848,0.00103093212968353
18.894,0.00103184130676177
18.94,0.00103274766089895
18.986,0.00103365120522229
19.032,0.00103455195277774
19.078,0.00103544991653061
19.124,0.0010363451093662
19.17,0.00103723754409042
19.216,0.00103812723343036
19.262,0.00103901419003495
19.308,0.00103989842647553
19.354,0.00104077995524645
19.4,0.00104165878876566
19.446,0.00104253493937528
19.492,0.00104340841934219
19.538,0.00104427924085863
19.584,0.00104514741604269
19.63,0.00104601295693896
19.676,0.00104687587551902
19.722,0.00104773618368205
19.768,0.00104859389325532
19.814,0.00104944901599476
19.86,0.00105030156358552
19.906,0.00105115154764244
19.952,0.00105199897971065
19.998,0.00105284387126604
20.044,0.0010536862337158
20.09,0.00105452607839892
20.136,0.00105536341658673
20.182,0.00105619825948335
20.228,0.00105703061822627
20.274,0.00105786050388674
20.32,0.00105868792747037
20.366,0.00105951289991752
20.412,0.00106033543210386
20.458,0.0010611555348408
20.504,0.00106197321887599
20.55,0.00106278849489376
20.596,0.00106360137351561
20.642,0.00106441186530068
20.688,0.00106521998074617
20.734,0.00106602573028783
20.78,0.00106682912430038
20.826,0.00106763017309799
20.872,0.00106842888693468
20.918,0.00106922527600479
20.964,0.00107001935044341
21.01,0.00107081112032678
21.056,0.00107160059567275
21.102,0.0010723877864412
21.148,0.00107317270253443
21.194,0.00107395535379762
21.24,0.00107473575001919
21.286,0.00107551390093126
21.332,0.00107628981621
21.378,0.00107706350547609
21.424,0.00107783497829506
21.47,0.00107860424417774
21.516,0.00107937131258061
21.562,0.00108013619290619
21.608,0.00108089889450345
21.654,0.00108165942666817
21.7,0.00108241779864332
21.746,0.00108317401961944
21.792,0.00108392809873501
21.838,0.00108468004507682
21.884,0.00108542986768034
21.93,0.00108617757553003
21.976,0.00108692317755981
22.022,0.00108766668265329
22.068,0.00108840809964422
22.114,0.00108914743731678
22.16,0.00108988470440595
22.206,0.00109061990959786
22.252,0.00109135306153012
22.298,0.00109208416879217
22.344,0.00109281323992558
22.39,0.00109354028342445
22.436,0.00109426530773566
22.482,0.00109498832125927
22.528,0.00109570933234877
22.574,0.0010964283493115
22.62,0.00109714538040885
22.666,0.00109786043385669
22.712,0.0010985735178256
22.758,0.00109928464044123
22.804,0.00109999380978458
22.85,0.00110070103389232
22.896,0.0011014063207571
22.942,0.00110210967832783
22.988,0.00110281111451001
23.034,0.00110351063716598
23.08,0.00110420825411528
23.126,0.00110490397313486
23.172,0.00110559780195944
23.218,0.00110628974828176
23.264,0.00110697981975287
23.31,0.00110766802398242
23.356,0.00110835436853892
23.402,0.00110903886095006
23.448,0.00110972150870293
23.494,0.00111040231924433
23.54,0.00111108129998103
23.586,0.00111175845828003
23.632,0.00111243380146887
23.678,0.00111310733683582
23.724,0.00111377907163019
23.77,0.0011144490130626
23.816,0.00111511716830521
23.862,0.00111578354449199
23.908,0.00111644814871896
23.954,0.00111711098804445
24,0.00111777206948938
