"ResDensity","N_TraitValue"
10,0.000114325694319632
10.1,0.000115274550851109
10.2,0.000116220217813933
10.3,0.000117162711263659
10.4,0.00011810204714826
10.5,0.000119038241309031
10.6,0.000119971309481477
10.7,0.000120901267296196
10.8,0.00012182813027975
10.9,0.00012275191385553
11,0.000123672633344614
11.1,0.000124590303966608
11.2,0.000125504940840491
11.3,0.000126416558985442
11.4,0.000127325173321662
11.5,0.00012823079867119
11.6,0.000129133449758706
11.7,0.000130033141212333
11.8,0.000130929887564423
11.9,0.000131823703252342
12,0.000132714602619244
12.1,0.00013360259991484
12.2,0.000134487709296153
12.3,0.000135369944828276
12.4,0.000136249320485114
12.5,0.000137125850150122
12.6,0.000137999547617037
12.7,0.000138870426590599
12.8,0.00013973850068727
12.9,0.000140603783435942
13,0.000141466288278643
13.1,0.000142326028571227
13.2,0.000143183017584069
13.3,0.000144037268502748
13.4,0.000144888794428717
13.5,0.000145737608379979
13.6,0.000146583723291749
13.7,0.00014742715201711
13.8,0.000148267907327662
13.9,0.000149106001914172
14,0.000149941448387207
14.1,0.000150774259277771
14.2,0.000151604447037928
14.3,0.000152432024041424
14.4,0.000153257002584302
14.5,0.000154079394885511
14.6,0.00015489921308751
14.7,0.000155716469256863
14.8,0.000156531175384833
14.9,0.000157343343387968
15,0.000158152985108684
15.1,0.000158960112315836
15.2,0.000159764736705293
15.3,0.0001605668699005
15.4,0.00016136652345304
15.5,0.000162163708843185
15.6,0.000162958437480448
15.7,0.00016375072070413
15.8,0.000164540569783851
15.9,0.000165327995920094
16,0.000166113010244728
16.1,0.000166895623821535
16.2,0.000167675847646729
16.3,0.000168453692649471
16.4,0.00016922916969238
16.5,0.000170002289572039
16.6,0.000170773063019496
16.7,0.000171541500700756
16.8,0.000172307613217282
16.9,0.000173071411106474
17,0.000173832904842156
17.1,0.000174592104835056
17.2,0.000175349021433276
17.3,0.000176103664922768
17.4,0.000176856045527793
17.5,0.000177606173411392
17.6,0.000178354058675832
17.7,0.000179099711363069
17.8,0.000179843141455195
17.9,0.000180584358874881
18,0.000181323373485819
18.1,0.000182060195093164
18.2,0.00018279483344396
18.3,0.000183527298227577
18.4,0.000184257599076134
18.5,0.000184985745564919
18.6,0.000185711747212812
18.7,0.000186435613482696
18.8,0.000187157353781871
18.9,0.000187876977462458
19,0.000188594493821809
19.1,0.0001893099121029
19.2,0.000190023241494732
19.3,0.000190734491132724
19.4,0.000191443670099105
19.5,0.000192150787423296
19.6,0.000192855852082296
19.7,0.000193558873001062
19.8,0.000194259859052885
19.9,0.000194958819059763
20,0.000195655761792773
20.1,0.000196350695972434
20.2,0.000197043630269075
20.3,0.000197734573303193
20.4,0.000198423533645812
20.5,0.000199110519818836
20.6,0.000199795540295401
20.7,0.000200478603500222
20.8,0.000201159717809943
20.9,0.000201838891553473
21,0.00020251613301233
21.1,0.000203191450420976
21.2,0.000203864851967151
21.3,0.000204536345792205
21.4,0.000205205939991422
21.5,0.000205873642614352
21.6,0.000206539461665127
21.7,0.000207203405102785
21.8,0.000207865480841586
21.9,0.000208525696751325
22,0.000209184060657646
22.1,0.000209840580342352
22.2,0.000210495263543706
22.3,0.000211148117956743
22.4,0.000211799151233564
22.5,0.000212448370983641
22.6,0.00021309578477411
22.7,0.000213741400130065
22.8,0.000214385224534852
22.9,0.000215027265430355
23,0.000215667530217286
23.1,0.000216306026255466
23.2,0.00021694276086411
23.3,0.000217577741322105
23.4,0.000218210974868287
23.5,0.000218842468701718
23.6,0.000219472229981956
23.7,0.000220100265829328
23.8,0.000220726583325199
23.9,0.000221351189512234
24,0.000221974091394667
24.1,0.00022259529593856
24.2,0.000223214810072061
24.3,0.000223832640685666
24.4,0.000224448794632472
24.5,0.00022506327872843
24.6,0.000225676099752598
24.7,0.000226287264447386
24.8,0.000226896779518811
24.9,0.000227504651636734
25,0.00022811088743511
25.1,0.000228715493512223
25.2,0.000229318476430933
25.3,0.000229919842718905
25.4,0.000230519598868851
25.5,0.000231117751338762
25.6,0.000231714306552139
25.7,0.00023230927089822
25.8,0.000232902650732216
25.9,0.00023349445237553
26,0.000234084682115984
26.1,0.000234673346208043
26.2,0.000235260450873033
26.3,0.000235846002299363
26.4,0.000236430006642741
26.5,0.00023701247002639
26.6,0.000237593398541262
26.7,0.00023817279824625
26.8,0.000238750675168399
26.9,0.000239327035303115
27,0.000239901884614374
27.1,0.000240475229034922
27.2,0.000241047074466486
27.3,0.000241617426779974
27.4,0.000242186291815673
27.5,0.000242753675383454
27.6,0.000243319583262963
27.7,0.000243884021203824
27.8,0.00024444699492583
27.9,0.000245008510119134
28,0.000245568572444447
28.1,0.000246127187533224
28.2,0.000246684360987852
28.3,0.00024724009838184
28.4,0.000247794405260003
28.5,0.000248347287138648
28.6,0.000248898749505755
28.7,0.000249448797821159
28.8,0.000249997437516734
28.9,0.000250544673996564
29,0.000251090512637129
29.1,0.000251634958787474
29.2,0.00025217801776939
29.3,0.000252719694877581
29.4,0.000253259995379842
29.5,0.000253798924517225
29.6,0.000254336487504212
29.7,0.000254872689528882
29.8,0.000255407535753076
29.9,0.000255941031312564
30,0.000256473181317213
30.1,0.000257003990851142
30.2,0.000257533464972894
30.3,0.000258061608715586
30.4,0.000258588427087079
30.5,0.000259113925070126
30.6,0.000259638107622539
30.7,0.000260160979677338
30.8,0.000260682546142907
30.9,0.00026120281190315
31,0.000261721781817641
31.1,0.000262239460721777
31.2,0.000262755853426928
31.3,0.000263270964720584
31.4,0.000263784799366504
31.5,0.000264297362104866
31.6,0.000264808657652408
31.7,0.000265318690702575
31.8,0.000265827465925663
31.9,0.00026633498796896
32,0.000266841261456888
32.1,0.000267346290991147
32.2,0.000267850081150846
32.3,0.000268352636492652
32.4,0.000268853961550919
32.5,0.000269354060837829
32.6,0.000269852938843523
32.7,0.000270350600036241
32.8,0.000270847048862453
32.9,0.000271342289746989
33,0.000271836327093172
33.1,0.000272329165282952
33.2,0.00027282080867703
33.3,0.00027331126161499
33.4,0.000273800528415426
33.5,0.000274288613376068
33.6,0.00027477552077391
33.7,0.00027526125486533
33.8,0.000275745819886221
33.9,0.000276229220052109
34,0.000276711459558277
34.1,0.000277192542579886
34.2,0.000277672473272094
34.3,0.000278151255770181
34.4,0.000278628894189661
34.5,0.000279105392626404
34.6,0.000279580755156751
34.7,0.000280054985837634
34.8,0.000280528088706684
34.9,0.000281000067782356
35,0.000281470927064032
35.1,0.000281940670532143
35.2,0.000282409302148273
35.3,0.000282876825855279
35.4,0.000283343245577394
35.5,0.00028380856522034
35.6,0.000284272788671439
35.7,0.000284735919799718
35.8,0.000285197962456017
35.9,0.000285658920473097
36,0.000286118797665747
36.1,0.000286577597830883
36.2,0.000287035324747663
36.3,0.000287491982177581
36.4,0.000287947573864575
36.5,0.000288402103535128
36.6,0.00028885557489837
36.7,0.000289307991646179
36.8,0.000289759357453281
36.9,0.000290209675977348
37,0.000290658950859101
37.1,0.000291107185722402
37.2,0.000291554384174356
37.3,0.000292000549805409
37.4,0.000292445686189438
37.5,0.000292889796883851
37.6,0.000293332885429683
37.7,0.000293774955351686
37.8,0.000294216010158423
37.9,0.000294656053342366
38,0.000295095088379981
38.1,0.000295533118731824
38.2,0.000295970147842631
38.3,0.000296406179141409
38.4,0.000296841216041524
38.5,0.00029727526194079
38.6,0.00029770832022156
38.7,0.000298140394250812
38.8,0.000298571487380235
38.9,0.000299001602946318
39,0.000299430744270437
39.1,0.000299858914658935
39.2,0.000300286117403215
39.3,0.000300712355779817
39.4,0.000301137633050505
39.5,0.000301561952462351
39.6,0.000301985317247815
39.7,0.000302407730624832
39.8,0.000302829195796885
39.9,0.000303249715953097
40,0.000303669294268301
40.1,0.000304087933903127
40.2,0.000304505638004077
40.3,0.000304922409703609
40.4,0.000305338252120208
40.5,0.000305753168358471
40.6,0.000306167161509178
40.7,0.000306580234649376
40.8,0.000306992390842447
40.9,0.00030740363313819
41,0.000307813964572893
41.1,0.000308223388169409
41.2,0.00030863190693723
41.3,0.000309039523872562
41.4,0.000309446241958394
41.5,0.000309852064164576
41.6,0.000310256993447889
41.7,0.000310661032752116
41.8,0.000311064185008114
41.9,0.000311466453133885
42,0.000311867840034647
42.1,0.000312268348602904
42.2,0.000312667981718513
42.3,0.000313066742248755
42.4,0.000313464633048406
42.5,0.0003138616569598
42.6,0.0003142578168129
42.7,0.000314653115425365
42.8,0.000315047555602614
42.9,0.000315441140137899
43,0.000315833871812361
43.1,0.000316225753395107
43.2,0.000316616787643265
43.3,0.000317006977302053
43.4,0.000317396325104846
43.5,0.000317784833773234
43.6,0.000318172506017089
43.7,0.000318559344534629
43.8,0.000318945352012477
43.9,0.000319330531125725
44,0.000319714884537998
44.1,0.00032009841490151
44.2,0.000320481124857132
44.3,0.000320863017034447
44.4,0.000321244094051812
44.5,0.000321624358516417
44.6,0.000322003813024349
44.7,0.000322382460160645
44.8,0.000322760302499352
44.9,0.000323137342603589
45,0.000323513583025602
45.1,0.000323889026306822
45.2,0.000324263674977921
45.3,0.000324637531558873
45.4,0.000325010598559004
45.5,0.000325382878477054
45.6,0.000325754373801232
45.7,0.000326125087009268
45.8,0.00032649502056847
45.9,0.00032686417693578
46,0.000327232558557827
46.1,0.00032760016787098
46.2,0.000327967007301406
46.3,0.000328333079265117
46.4,0.000328698386168029
46.5,0.000329062930406011
46.6,0.000329426714364938
46.7,0.000329789740420746
46.8,0.000330152010939478
46.9,0.000330513528277341
47,0.000330874294780754
47.1,0.0003312343127864
47.2,0.000331593584621276
47.3,0.000331952112602743
47.4,0.000332309899038575
47.5,0.000332666946227011
47.6,0.000333023256456802
47.7,0.00033337883200726
47.8,0.000333733675148309
47.9,0.00033408778814053
48,0.000334441173235211
48.1,0.000334793832674394
48.2,0.000335145768690923
48.3,0.000335496983508491
48.4,0.000335847479341684
48.5,0.000336197258396035
48.6,0.000336546322868061
48.7,0.000336894674945316
48.8,0.000337242316806433
48.9,0.00033758925062117
49,0.000337935478550457
49.1,0.000338281002746439
49.2,0.000338625825352521
49.3,0.000338969948503411
49.4,0.000339313374325169
49.5,0.000339656104935243
49.6,0.00033999814244252
49.7,0.000340339488947365
49.8,0.000340680146541665
49.9,0.000341020117308871
50,0.000341359403324042
50.1,0.000341698006653887
50.2,0.000342035929356805
50.3,0.00034237317348293
50.4,0.000342709741074168
50.5,0.000343045634164244
50.6,0.000343380854778737
50.7,0.000343715404935125
50.8,0.000344049286642823
50.9,0.000344382501903225
51,0.000344715052709742
51.1,0.000345046941047845
51.2,0.000345378168895101
51.3,0.000345708738221213
51.4,0.000346038650988062
51.5,0.000346367909149741
51.6,0.000346696514652597
51.7,0.000347024469435271
51.8,0.000347351775428729
51.9,0.000347678434556309
52,0.000348004448733752
52.1,0.00034832981986924
52.2,0.000348654549863439
52.3,0.000348978640609528
52.4,0.000349302093993242
52.5,0.000349624911892906
52.6,0.000349947096179471
52.7,0.00035026864871655
52.8,0.000350589571360457
52.9,0.000350909865960238
53,0.00035122953435771
53.1,0.000351548578387495
53.2,0.000351866999877057
53.3,0.000352184800646732
53.4,0.000352501982509768
53.5,0.000352818547272358
53.6,0.000353134496733671
53.7,0.000353449832685892
53.8,0.000353764556914251
53.9,0.000354078671197057
54,0.000354392177305735
54.1,0.000354705077004857
54.2,0.000355017372052174
54.3,0.000355329064198651
54.4,0.000355640155188498
54.5,0.000355950646759205
54.6,0.000356260540641571
54.7,0.000356569838559739
54.8,0.000356878542231227
54.9,0.000357186653366959
55,0.000357494173671297
55.1,0.000357801104842074
55.2,0.000358107448570623
55.3,0.000358413206541809
55.4,0.000358718380434061
55.5,0.000359022971919401
55.6,0.000359326982663473
55.7,0.00035963041432558
55.8,0.000359933268558706
55.9,0.000360235547009551
56,0.00036053725131856
56.1,0.000360838383119951
56.2,0.000361138944041748
56.3,0.000361438935705806
56.4,0.000361738359727842
56.5,0.000362037217717467
56.6,0.000362335511278209
56.7,0.000362633242007546
56.8,0.000362930411496935
56.9,0.000363227021331836
57,0.000363523073091744
57.1,0.000363818568350216
57.2,0.0003641135086749
57.3,0.000364407895627558
57.4,0.000364701730764102
57.5,0.000364995015634611
57.6,0.000365287751783368
57.7,0.000365579940748882
57.8,0.000365871584063914
57.9,0.000366162683255508
58,0.000366453239845012
58.1,0.000366743255348112
58.2,0.000367032731274851
58.3,0.000367321669129659
58.4,0.000367610070411379
58.5,0.000367897936613292
58.6,0.000368185269223143
58.7,0.000368472069723167
58.8,0.000368758339590113
58.9,0.000369044080295272
59,0.0003693292933045
59.1,0.000369613980078245
59.2,0.000369898142071568
59.3,0.000370181780734174
59.4,0.00037046489751043
59.5,0.000370747493839395
59.6,0.000371029571154842
59.7,0.000371311130885279
59.8,0.000371592174453982
59.9,0.000371872703279008
60,0.000372152718773228
