"ResDensity","N_TraitValue"
0.11,0.136129252951101
0.11162,0.13715957316534
0.11324,0.138175458045716
0.11486,0.139177208851874
0.11648,0.140165118518483
0.1181,0.141139471940826
0.11972,0.142100546248712
0.12134,0.143048611069271
0.12296,0.143983928779142
0.12458,0.144906754746565
0.1262,0.145817337563826
0.12782,0.146715919270522
0.12944,0.147602735568051
0.13106,0.148478016025733
0.13268,0.149341984278937
0.1343,0.150194858219579
0.13592,0.151036850179328
0.13754,0.151868167105837
0.13916,0.152689010732326
0.14078,0.15349957774078
0.1424,0.154300059919073
0.14402,0.155090644312246
0.14564,0.155871513368222
0.14726,0.156642845078173
0.14888,0.157404813111779
0.1505,0.158157586947594
0.15212,0.158901331998708
0.15374,0.159636209733935
0.15536,0.160362377794669
0.15698,0.161079990107631
0.1586,0.161789196993637
0.16022,0.162490145272579
0.16184,0.16318297836475
0.16346,0.163867836388678
0.16508,0.164544856255594
0.1667,0.165214171760682
0.16832,0.165875913671221
0.16994,0.166530209811766
0.17156,0.167177185146459
0.17318,0.167816961858591
0.1748,0.168449659427536
0.17642,0.16907539470313
0.17804,0.169694281977616
0.17966,0.170306433055241
0.18128,0.170911957319589
0.1829,0.171510961798737
0.18452,0.172103551228326
0.18614,0.172689828112609
0.18776,0.173269892783561
0.18938,0.173843843458116
0.191,0.174411776293614
0.19262,0.174973785441502
0.19424,0.175529963099367
0.19586,0.176080399561361
0.19748,0.176625183267068
0.1991,0.177164400848874
0.20072,0.177698137177896
0.20234,0.178226475408513
0.20396,0.178749497021555
0.20558,0.179267281866192
0.2072,0.179779908200577
0.20882,0.180287452731274
0.21044,0.180789990651522
0.21206,0.181287595678371
0.21368,0.181780340088733
0.2153,0.182268294754379
0.21692,0.182751529175915
0.21854,0.183230111515792
0.22016,0.18370410863035
0.22178,0.184173586100956
0.2234,0.184638608264253
0.22502,0.185099238241549
0.22664,0.185555537967383
0.22826,0.186007568217281
0.22988,0.186455388634747
0.2315,0.186899057757493
0.23312,0.187338633042948
0.23474,0.187774170893068
0.23636,0.188205726678455
0.23798,0.188633354761826
0.2396,0.189057108520845
0.24122,0.189477040370328
0.24284,0.189893201783859
0.24446,0.190305643314826
0.24608,0.190714414616885
0.2477,0.191119564463895
0.24932,0.191521140769315
0.25094,0.191919190605092
0.25256,0.192313760220057
0.25418,0.192704895057837
0.2558,0.193092639774305
0.25742,0.193477038254571
0.25904,0.193858133629543
0.26066,0.194235968292062
0.26228,0.194610583912615
0.2639,0.194982021454665
0.26552,0.195350321189573
0.26714,0.195715522711161
0.26876,0.196077664949898
0.27038,0.196436786186733
0.272,0.196792924066587
0.27362,0.197146115611509
0.27524,0.197496397233499
0.27686,0.19784380474703
0.27848,0.198188373381249
0.2801,0.198530137791889
0.28172,0.198869132072887
0.28334,0.199205389767722
0.28496,0.19953894388048
0.28658,0.199869826886654
0.2882,0.20019807074368
0.28982,0.200523706901231
0.29144,0.20084676631126
0.29306,0.201167279437804
0.29468,0.201485276266568
0.2963,0.201800786314267
0.29792,0.202113838637767
0.29954,0.202424461843003
0.30116,0.202732684093691
0.30278,0.203038533119841
0.3044,0.203342036226075
0.30602,0.203643220299754
0.30764,0.203942111818912
0.30926,0.204238736860023
0.31088,0.204533121105582
0.3125,0.204825289851517
0.31412,0.205115268014433
0.31574,0.205403080138701
0.31736,0.205688750403378
0.31898,0.205972302628982
0.3206,0.20625376028411
0.32222,0.206533146491916
0.32384,0.206810484036443
0.32546,0.207085795368814
0.32708,0.207359102613294
0.3287,0.207630427573216
0.33032,0.207899791736778
0.33194,0.208167216282717
0.33356,0.208432722085859
0.33518,0.208696329722553
0.3368,0.208958059475984
0.33842,0.209217931341376
0.34004,0.209475965031086
0.34166,0.209732179979588
0.34328,0.20998659534835
0.3449,0.210239230030614
0.34652,0.21049010265607
0.34814,0.210739231595441
0.34976,0.210986634964959
0.35138,0.211232330630765
0.353,0.211476336213202
0.35462,0.211718669091036
0.35624,0.211959346405574
0.35786,0.212198385064711
0.35948,0.212435801746886
0.3611,0.212671612904965
0.36272,0.212905834770039
0.36434,0.213138483355148
0.36596,0.213369574458932
0.36758,0.213599123669207
0.3692,0.213827146366469
0.37082,0.21405365772733
0.37244,0.214278672727886
0.37406,0.214502206147015
0.37568,0.214724272569616
0.3773,0.214944886389779
0.37892,0.215164061813895
0.38054,0.215381812863709
0.38216,0.215598153379305
0.38378,0.215813097022043
0.3854,0.21602665727743
0.38702,0.216238847457946
0.38864,0.216449680705806
0.39026,0.216659169995674
0.39188,0.216867328137328
0.3935,0.217074167778265
0.39512,0.217279701406268
0.39674,0.217483941351917
0.39836,0.217686899791056
0.39998,0.21788858874721
0.4016,0.218089020093962
0.40322,0.218288205557283
0.40484,0.218486156717818
0.40646,0.218682885013131
0.40808,0.218878401739905
0.4097,0.219072718056109
0.41132,0.21926584498312
0.41294,0.219457793407802
0.41456,0.219648574084557
0.41618,0.219838197637332
0.4178,0.22002667456159
0.41942,0.220214015226247
0.42104,0.220400229875575
0.42266,0.220585328631067
0.42428,0.220769321493272
0.4259,0.220952218343598
0.42752,0.221134028946076
0.42914,0.221314762949104
0.43076,0.221494429887147
0.43238,0.221673039182421
0.434,0.221850600146533
0.43562,0.222027121982104
0.43724,0.222202613784358
0.43886,0.222377084542683
0.44048,0.222550543142165
0.4421,0.222722998365102
0.44372,0.222894458892477
0.44534,0.223064933305425
0.44696,0.223234430086654
0.44858,0.223402957621861
0.4502,0.223570524201111
0.45182,0.223737138020195
0.45344,0.22390280718197
0.45506,0.224067539697669
0.45668,0.224231343488194
0.4583,0.224394226385386
0.45992,0.224556196133273
0.46154,0.224717260389297
0.46316,0.224877426725521
0.46478,0.225036702629813
0.4664,0.225195095507019
0.46802,0.225352612680104
0.46964,0.225509261391285
0.47126,0.22566504880314
0.47288,0.225819981999698
0.4745,0.225974067987514
0.47612,0.226127313696725
0.47774,0.22627972598209
0.47936,0.226431311624011
0.48098,0.226582077329538
0.4826,0.22673202973336
0.48422,0.226881175398777
0.48584,0.227029520818657
0.48746,0.227177072416381
0.48908,0.227323836546765
0.4907,0.227469819496978
0.49232,0.227615027487438
0.49394,0.227759466672692
0.49556,0.227903143142292
0.49718,0.228046062921643
0.4988,0.228188231972853
0.50042,0.228329656195558
0.50204,0.228470341427737
0.50366,0.228610293446519
0.50528,0.228749517968971
0.5069,0.228888020652877
0.50852,0.229025807097506
0.51014,0.229162882844364
0.51176,0.22929925337794
0.51338,0.229434924126433
0.515,0.229569900462477
0.51662,0.229704187703847
0.51824,0.229837791114161
0.51986,0.229970715903562
0.52148,0.230102967229401
0.5231,0.230234550196901
0.52472,0.230365469859814
0.52634,0.230495731221068
0.52796,0.230625339233407
0.52958,0.230754298800015
0.5312,0.230882614775135
0.53282,0.231010291964682
0.53444,0.231137335126838
0.53606,0.231263748972644
0.53768,0.231389538166585
0.5393,0.231514707327163
0.54092,0.231639261027459
0.54254,0.231763203795694
0.54416,0.231886540115775
0.54578,0.232009274427838
0.5474,0.23213141112878
0.54902,0.232252954572783
0.55064,0.23237390907183
0.55226,0.232494278896221
0.55388,0.23261406827507
0.5555,0.232733281396801
0.55712,0.232851922409639
0.55874,0.232969995422087
0.56036,0.233087504503405
0.56198,0.233204453684073
0.5636,0.233320846956256
0.56522,0.233436688274254
0.56684,0.233551981554952
0.56846,0.233666730678264
0.57008,0.233780939487564
0.5717,0.233894611790115
0.57332,0.234007751357497
0.57494,0.234120361926019
0.57656,0.234232447197133
0.57818,0.234344010837839
0.5798,0.234455056481083
0.58142,0.234565587726157
0.58304,0.234675608139079
0.58466,0.234785121252985
0.58628,0.234894130568503
0.5879,0.235002639554127
0.58952,0.235110651646582
0.59114,0.235218170251193
0.59276,0.235325198742237
0.59438,0.2354317404633
0.596,0.235537798727621
0.59762,0.235643376818441
0.59924,0.235748477989335
0.60086,0.235853105464555
0.60248,0.23595726243935
0.6041,0.236060952080297
0.60572,0.236164177525624
0.60734,0.236266941885519
0.60896,0.23636924824245
0.61058,0.236471099651468
0.6122,0.236572499140516
0.61382,0.236673449710722
0.61544,0.236773954336704
0.61706,0.236874015966853
0.61868,0.23697363752363
0.6203,0.237072821903842
0.62192,0.237171571978931
0.62354,0.237269890595246
0.62516,0.237367780574315
0.62678,0.237465244713122
0.6284,0.237562285784366
0.63002,0.237658906536727
0.63164,0.237755109695128
0.63326,0.237850897960986
0.63488,0.237946274012468
0.6365,0.238041240504741
0.63812,0.238135800070216
0.63974,0.238229955318795
0.64136,0.238323708838106
0.64298,0.238417063193746
0.6446,0.238510020929508
0.64622,0.238602584567621
0.64784,0.238694756608969
0.64946,0.238786539533321
0.65108,0.238877935799554
0.6527,0.238968947845872
0.65432,0.239059578090019
0.65594,0.239149828929498
0.65756,0.239239702741783
0.65918,0.23932920188452
0.6608,0.239418328695744
0.66242,0.239507085494074
0.66404,0.239595474578918
0.66566,0.239683498230671
0.66728,0.239771158710911
0.6689,0.239858458262592
0.67052,0.239945399110236
0.67214,0.240031983460122
0.67376,0.240118213500474
0.67538,0.240204091401641
0.677,0.240289619316284
0.67862,0.240374799379553
0.68024,0.240459633709266
0.68186,0.240544124406083
0.68348,0.240628273553681
0.6851,0.240712083218925
0.68672,0.240795555452036
0.68834,0.24087869228676
0.68996,0.240961495740533
0.69158,0.241043967814641
0.6932,0.241126110494385
0.69482,0.241207925749239
0.69644,0.241289415533008
0.69806,0.241370581783981
0.69968,0.24145142642509
0.7013,0.241531951364054
0.70292,0.241612158493537
0.70454,0.241692049691292
0.70616,0.241771626820308
0.70778,0.241850891728954
0.7094,0.241929846251124
0.71102,0.24200849220638
0.71264,0.242086831400087
0.71426,0.242164865623553
0.71588,0.242242596654168
0.7175,0.242320026255536
0.71912,0.242397156177611
0.72074,0.242473988156826
0.72236,0.242550523916224
0.72398,0.242626765165589
0.7256,0.24270271360157
0.72722,0.242778370907811
0.72884,0.24285373875507
0.73046,0.242928818801349
0.73208,0.243003612692008
0.7337,0.24307812205989
0.73532,0.243152348525438
0.73694,0.243226293696816
0.73856,0.243299959170018
0.74018,0.24337334652899
0.7418,0.243446457345739
0.74342,0.243519293180448
0.74504,0.243591855581586
0.74666,0.243664146086015
0.74828,0.243736166219105
0.7499,0.243807917494834
0.75152,0.243879401415899
0.75314,0.243950619473819
0.75476,0.244021573149039
0.75638,0.244092263911032
0.758,0.244162693218404
0.75962,0.244232862518987
0.76124,0.244302773249946
0.76286,0.244372426837873
0.76448,0.244441824698884
0.7661,0.244510968238716
0.76772,0.244579858852821
0.76934,0.244648497926464
0.77096,0.244716886834808
0.77258,0.244785026943012
0.7742,0.244852919606321
0.77582,0.244920566170154
0.77744,0.244987967970194
0.77906,0.245055126332475
0.78068,0.245122042573471
0.7823,0.24518871800018
0.78392,0.24525515391021
0.78554,0.245321351591862
0.78716,0.245387312324216
0.78878,0.245453037377211
0.7904,0.245518528011725
0.79202,0.245583785479662
0.79364,0.245648811024024
0.79526,0.245713605878994
0.79688,0.245778171270015
0.7985,0.245842508413865
0.80012,0.245906618518734
0.80174,0.245970502784301
0.80336,0.246034162401805
0.80498,0.246097598554124
0.8066,0.246160812415847
0.80822,0.246223805153343
0.80984,0.246286577924836
0.81146,0.246349131880476
0.81308,0.246411468162408
0.8147,0.246473587904841
0.81632,0.24653549223412
0.81794,0.246597182268791
0.81956,0.246658659119667
0.82118,0.2467199238899
0.8228,0.246780977675043
0.82442,0.246841821563115
0.82604,0.246902456634668
0.82766,0.246962883962849
0.82928,0.247023104613465
0.8309,0.247083119645044
0.83252,0.247142930108899
0.83414,0.247202537049186
0.83576,0.247261941502969
0.83738,0.247321144500277
0.839,0.247380147064165
0.84062,0.247438950210771
0.84224,0.24749755494938
0.84386,0.247555962282473
0.84548,0.247614173205791
0.8471,0.24767218870839
0.84872,0.247730009772694
0.85034,0.247787637374556
0.85196,0.247845072483307
0.85358,0.247902316061813
0.8552,0.247959369066533
0.85682,0.248016232447562
0.85844,0.248072907148695
0.86006,0.248129394107473
0.86168,0.248185694255233
0.8633,0.248241808517164
0.86492,0.248297737812358
0.86654,0.248353483053854
0.86816,0.248409045148693
0.86978,0.248464424997967
0.8714,0.248519623496865
0.87302,0.248574641534722
0.87464,0.24862947999507
0.87626,0.248684139755681
0.87788,0.248738621688615
0.8795,0.248792926660268
0.88112,0.248847055531418
0.88274,0.248901009157267
0.88436,0.248954788387489
0.88598,0.249008394066276
0.8876,0.249061827032378
0.88922,0.24911508811915
0.89084,0.249168178154593
0.89246,0.249221097961399
0.89408,0.249273848356994
0.8957,0.249326430153577
0.89732,0.249378844158164
0.89894,0.249431091172628
0.90056,0.249483171993742
0.90218,0.249535087413217
0.9038,0.249586838217744
0.90542,0.249638425189032
0.90704,0.249689849103849
0.90866,0.24974111073406
0.91028,0.249792210846667
0.9119,0.249843150203846
0.91352,0.249893929562982
0.91514,0.249944549676715
0.91676,0.249995011292967
0.91838,0.250045315154985
0.92,0.250095462001379
