"ResDensity","N_TraitValue"
0.2453,0.202293072178834
0.2568268,0.210002700294359
0.2683536,0.217582658680815
0.2798804,0.225036191466833
0.2914072,0.232366435458863
0.302934,0.239576424542803
0.3144608,0.246669093870769
0.3259876,0.253647283845127
0.3375144,0.260513743911163
0.3490412,0.267271136169017
0.360568,0.273922038814864
0.3720948,0.28046894942067
0.3836216,0.286914288061299
0.3951484,0.293260400297199
0.4066752,0.299509560020381
0.418202,0.305663972170941
0.4297288,0.311725775330969
0.4412556,0.317697044202216
0.4527824,0.323579791973585
0.4643092,0.329375972584101
0.475836,0.335087482886706
0.4873628,0.34071616471792
0.4988896,0.346263806878109
0.5104164,0.351732147026822
0.5219432,0.357122873497436
0.53347,0.36243762703507
0.5449968,0.367678002461539
0.5565236,0.372845550270891
0.5680504,0.377941778158879
0.5795772,0.382968152489544
0.591104,0.3879260997019
0.6026308,0.39281700765956
0.6141576,0.397642226945971
0.6256844,0.402403072107829
0.6372112,0.407100822849036
0.648738,0.411736725177519
0.6602648,0.416311992507033
0.6717916,0.420827806716028
0.6833184,0.425285319165491
0.6948452,0.429685651677623
0.706372,0.434029897477099
0.7178988,0.438319122096551
0.7294256,0.44255436424788
0.7409524,0.446736636660855
0.7524792,0.450866926890465
0.764006,0.454946198094334
0.7755328,0.458975389781515
0.7870596,0.462955418533871
0.7985864,0.466887178701209
0.8101132,0.470771543071279
0.82164,0.474609363515682
0.8331668,0.478401471612703
0.8446936,0.482148679248023
0.8562204,0.485851779194205
0.8677472,0.489511545669854
0.879274,0.493128734879249
0.8908008,0.496704085533255
0.9023276,0.500238319352262
0.9138544,0.503732141551871
0.9253812,0.507186241312018
0.936908,0.510601292230182
0.9484348,0.513977952759314
0.9599616,0.517316866631075
0.9714884,0.520618663264962
0.9830152,0.523883958163865
0.994542,0.527113353296577
1.0060688,0.530307437467755
1.0175956,0.533466786675815
1.0291224,0.536591964459207
1.0406492,0.539683522231527
1.052176,0.542741999605857
1.0637028,0.54576792470876
1.0752296,0.548761814484295
1.0867564,0.551724174988433
1.0982832,0.554655501674215
1.10981,0.557556279668
1.1213368,0.560426984037113
1.1328636,0.563268080049221
1.1443904,0.566080023423718
1.1559172,0.568863260575414
1.167444,0.571618228850796
1.1789708,0.574345356757131
1.1904976,0.577045064184652
1.2020244,0.579717762622082
1.2135512,0.582363855365716
1.225078,0.584983737722297
1.2366048,0.587577797205881
1.2481316,0.590146413728925
1.2596584,0.592689959787766
1.2711852,0.595208800642703
1.282712,0.597703294492856
1.2942388,0.600173792645976
1.3057656,0.602620639683382
1.3172924,0.605044173620179
1.3288192,0.607444726060924
1.340346,0.609822622350877
1.3518728,0.612178181722997
1.3633996,0.61451171744081
1.3749264,0.61682353693729
1.3864532,0.619113941949883
1.39798,0.62138322865179
1.4095068,0.623631687779642
1.4210336,0.625859604757671
1.4325604,0.628067259818495
1.4440872,0.630254928120623
1.455614,0.632422879862783
1.4671408,0.634571380395167
1.4786676,0.636700690327708
1.4901944,0.638811065635452
1.5017212,0.640902757761146
1.513248,0.642976013715104
1.5247748,0.645031076172449
1.5363016,0.647068183567802
1.5478284,0.649087570187504
1.5593552,0.651089466259439
1.570882,0.653074098040537
1.5824088,0.655041687902013
1.5939356,0.656992454412434
1.6054624,0.658926612418653
1.6169892,0.660844373124688
1.628516,0.662745944168605
1.6400428,0.664631529697462
1.6515696,0.666501330440365
1.6630964,0.668355543779707
1.6746232,0.670194363820623
1.68615,0.67201798145873
1.6976768,0.673826584446187
1.7092036,0.675620357456137
1.7207304,0.677399482145565
1.7322572,0.679164137216624
1.743784,0.680914498476468
1.7553108,0.682650738895647
1.7668376,0.68437302866508
1.7783644,0.68608153525167
1.7898912,0.687776423452586
1.801418,0.689457855448255
1.8129448,0.691125990854088
1.8244716,0.692780986770998
1.8359984,0.694422997834714
1.8475252,0.696052176263951
1.859052,0.697668671907446
1.8705788,0.699272632289904
1.8821056,0.700864202656882
1.8936324,0.70244352601863
1.9051592,0.70401074319293
1.916686,0.705565992846948
1.9282128,0.707109411538136
1.9397396,0.708641133754206
1.9512664,0.710161291952184
1.9627932,0.711670016596606
1.97432,0.713167436196834
1.9858468,0.714653677343548
1.9973736,0.716128864744423
2.0089004,0.717593121259006
2.0204272,0.719046567932831
2.031954,0.720489324030773
2.0434808,0.721921507069668
2.0550076,0.723343232850229
2.0665344,0.724754615488252
2.0780612,0.726155767445153
2.089588,0.72754679955784
2.1011148,0.728927821067935
2.1126416,0.730298939650382
2.1241684,0.731660261441422
2.1356952,0.733011891065987
2.147222,0.734353931664504
2.1587488,0.735686484919129
2.1702756,0.737009651079428
2.1818024,0.738323528987524
2.1933292,0.739628216102703
2.204856,0.740923808525516
2.2163828,0.742210401021376
2.2279096,0.743488087043663
2.2394364,0.744756958756353
2.2509632,0.746017107056177
2.26249,0.747268621594331
2.2740168,0.748511590797735
2.2855436,0.74974610188986
2.2970704,0.750972240911132
2.3085972,0.752190092738922
2.320124,0.753399741107131
2.3316508,0.754601268625384
2.3431776,0.755794756797832
2.3547044,0.756980286041585
2.3662312,0.758157935704775
2.377758,0.759327784084257
2.3892848,0.760489908442963
2.4008116,0.761644385026914
2.4123384,0.76279128908189
2.4238652,0.763930694869786
2.435392,0.765062675684636
2.4469188,0.766187303868331
2.4584456,0.767304650826029
2.4699724,0.768414787041269
2.4814992,0.769517782090792
2.493026,0.770613704659079
2.5045528,0.771702622552603
2.5160796,0.772784602713821
2.5276064,0.773859711234886
2.5391332,0.774928013371111
2.55066,0.775989573554165
2.5621868,0.777044455405034
2.5737136,0.778092721746727
2.5852404,0.779134434616748
2.5967672,0.780169655279335
2.608294,0.781198444237474
2.6198208,0.782220861244681
2.6313476,0.783236965316572
2.6428744,0.784246814742222
2.6544012,0.785250467095309
2.665928,0.786247979245054
2.6774548,0.787239407366966
2.6889816,0.788224806953385
2.7005084,0.789204232823837
2.7120352,0.790177739135199
2.723562,0.791145379391683
2.7350888,0.792107206454637
2.7466156,0.793063272552172
2.7581424,0.794013629288615
2.7696692,0.794958327653795
2.781196,0.795897418032161
2.7927228,0.796830950211741
2.8042496,0.797758973392941
2.8157764,0.79868153619719
2.8273032,0.799598686675426
2.83883,0.800510472316446
2.8503568,0.801416940055099
2.8618836,0.802318136280338
2.8734104,0.803214106843139
2.8849372,0.804104897064268
2.896464,0.804990551741935
2.9079908,0.805871115159294
2.9195176,0.806746631091826
2.9310444,0.807617142814598
2.9425712,0.808482693109388
2.954098,0.809343324271696
2.9656248,0.810199078117632
2.9771516,0.811049995990692
2.9886784,0.811896118768411
3.0002052,0.812737486868915
3.011732,0.813574140257351
3.0232588,0.814406118452221
3.0347856,0.815233460531598
3.0463124,0.816056205139251
3.0578392,0.816874390490656
3.069366,0.817688054378916
3.0808928,0.818497234180582
3.0924196,0.81930196686137
3.1039464,0.820102288981798
3.1154732,0.820898236702718
3.127,0.821689845790764
3.1385268,0.822477151623706
3.1500536,0.823260189195728
3.1615804,0.824038993122604
3.1731072,0.824813597646807
3.184634,0.825584036642522
3.1961608,0.826350343620585
3.2076876,0.827112551733346
3.2192144,0.827870693779443
3.2307412,0.828624802208514
3.242268,0.82937490912582
3.2537948,0.830121046296807
3.2653216,0.830863245151585
3.2768484,0.831601536789346
3.2883752,0.832335951982705
3.299902,0.833066521181976
3.3114288,0.833793274519382
3.3229556,0.834516241813194
3.3344824,0.835235452571814
3.3460092,0.835950935997786
3.357536,0.836662720991752
3.3690628,0.83737083615634
3.3805896,0.838075309799997
3.3921164,0.838776169940761
3.4036432,0.839473444309977
3.41517,0.840167160355953
3.4266968,0.84085734524756
3.4382236,0.841544025877785
3.4497504,0.842227228867216
3.4612772,0.842906980567489
3.472804,0.843583307064673
3.4843308,0.844256234182606
3.4958576,0.844925787486184
3.5073844,0.845591992284599
3.5189112,0.846254873634524
3.530438,0.846914456343258
3.5419648,0.847570764971822
3.5534916,0.848223823838002
3.5650184,0.848873657019358
3.5765452,0.849520288356181
3.588072,0.850163741454408
3.5995988,0.850804039688496
3.6111256,0.851441206204252
3.6226524,0.852075263921618
3.6341792,0.852706235537429
3.645706,0.853334143528109
3.6572328,0.853959010152351
3.6687596,0.85458085745374
3.6802864,0.855199707263347
3.6918132,0.855815581202287
3.70334,0.856428500684231
3.7148668,0.857038486917893
3.7263936,0.857645560909475
3.7379204,0.858249743465076
3.7494472,0.858851055193074
3.760974,0.859449516506463
3.7725008,0.860045147625166
3.7840276,0.860637968578316
3.7955544,0.861227999206494
3.8070812,0.861815259163946
3.818608,0.862399767920767
3.8301348,0.862981544765049
3.8416616,0.863560608805006
3.8531884,0.864136978971065
3.8647152,0.864710674017927
3.876242,0.865281712526604
3.8877688,0.865850112906425
3.8992956,0.86641589339701
3.9108224,0.866979072070228
3.9223492,0.867539666832115
3.933876,0.868097695424775
3.9454028,0.868653175428251
3.9569296,0.869206124262373
3.9684564,0.869756559188573
3.9799832,0.870304497311689
3.99151,0.870849955581732
4.0030368,0.871392950795634
4.0145636,0.871933499598976
4.0260904,0.872471618487683
4.0376172,0.873007323809706
4.049144,0.873540631766679
4.0606708,0.874071558415547
4.0721976,0.874600119670182
4.0837244,0.875126331302973
4.0952512,0.87565020894639
4.106778,0.876171768094538
4.1183048,0.876691024104683
4.1298316,0.877207992198756
4.1413584,0.877722687464843
4.1528852,0.878235124858655
4.164412,0.878745319204972
4.1759388,0.879253285199077
4.1874656,0.879759037408163
4.1989924,0.880262590272729
4.2105192,0.880763958107952
4.222046,0.881263155105044
4.2335728,0.881760195332592
4.2450996,0.88225509273788
4.2566264,0.88274786114819
4.2681532,0.883238514272095
4.27968,0.883727065700727
4.2912068,0.88421352890903
4.3027336,0.884697917257006
4.3142604,0.88518024399093
4.3257872,0.885660522244562
4.337314,0.886138765040339
4.3488408,0.886614985290549
4.3603676,0.887089195798499
4.3718944,0.887561409259654
4.3834212,0.888031638262778
4.394948,0.888499895291049
4.4064748,0.888966192723162
4.4180016,0.889430542834423
4.4295284,0.889892957797826
4.4410552,0.890353449685114
4.452582,0.890812030467832
4.4641088,0.891268712018364
4.4756356,0.891723506110957
4.4871624,0.892176424422732
4.4986892,0.892627478534686
4.510216,0.893076679932678
4.5217428,0.893524040008402
4.5332696,0.893969570060352
4.5447964,0.894413281294773
4.5563232,0.894855184826602
4.56785,0.895295291680392
4.5793768,0.895733612791232
4.5909036,0.896170159005652
4.6024304,0.896604941082518
4.6139572,0.897037969693916
4.625484,0.897469255426024
4.6370108,0.897898808779974
4.6485376,0.898326640172709
4.6600644,0.898752759937818
4.6715912,0.899177178326375
4.683118,0.899599905507756
4.6946448,0.900020951570454
4.7061716,0.900440326522879
4.7176984,0.900858040294154
4.7292252,0.901274102734897
4.740752,0.901688523617996
4.7522788,0.902101312639371
4.7638056,0.902512479418738
4.7753324,0.902922033500346
4.7868592,0.903329984353725
4.798386,0.903736341374408
4.8099128,0.904141113884658
4.8214396,0.904544311134179
4.8329664,0.904945942300818
4.8444932,0.905346016491266
4.85602,0.905744542741744
4.8675468,0.906141530018681
4.8790736,0.906536987219392
4.8906004,0.906930923172738
4.9021272,0.907323346639784
4.913654,0.907714266314449
4.9251808,0.908103690824149
4.9367076,0.908491628730431
4.9482344,0.908878088529599
4.9597612,0.909263078653337
4.971288,0.909646607469318
4.9828148,0.910028683281817
4.9943416,0.910409314332303
5.0058684,0.910788508800035
5.0173952,0.91116627480265
5.028922,0.911542620396738
5.0404488,0.911917553578418
5.0519756,0.912291082283902
5.0635024,0.912663214390056
5.0750292,0.913033957714955
5.086556,0.913403320018429
5.0980828,0.913771309002604
5.1096096,0.914137932312437
5.1211364,0.914503197536249
5.1326632,0.914867112206244
5.14419,0.915229683799029
5.1557168,0.915590919736126
5.1672436,0.91595082738448
5.1787704,0.916309414056953
5.1902972,0.91666668701283
5.201824,0.917022653458299
5.2133508,0.917377320546942
5.2248776,0.91773069538021
5.2364044,0.918082785007901
5.2479312,0.918433596428624
5.259458,0.918783136590266
5.2709848,0.919131412390453
5.2825116,0.919478430676996
5.2940384,0.919824198248348
5.3055652,0.920168721854044
5.317092,0.920512008195138
5.3286188,0.920854063924645
5.3401456,0.921194895647961
5.3516724,0.921534509923296
5.3631992,0.921872913262092
5.374726,0.922210112129437
5.3862528,0.92254611294448
5.3977796,0.922880922080836
5.4093064,0.923214545866993
5.4208332,0.923546990586704
5.43236,0.923878262479387
5.4438868,0.924208367740513
5.4554136,0.924537312521994
5.4669404,0.924865102932562
5.4784672,0.925191745038152
5.489994,0.925517244862271
5.5015208,0.925841608386371
5.5130476,0.926164841550216
5.5245744,0.926486950252242
5.5361012,0.926807940349919
5.547628,0.927127817660103
5.5591548,0.927446587959391
5.5706816,0.927764256984463
5.5822084,0.928080830432433
5.5937352,0.928396313961184
5.605262,0.928710713189709
5.6167888,0.929024033698442
5.6283156,0.929336281029589
5.6398424,0.929647460687454
5.6513692,0.929957578138766
5.662896,0.930266638812994
5.6744228,0.930574648102667
5.6859496,0.930881611363687
5.6974764,0.931187533915639
5.7090032,0.931492421042099
5.72053,0.931796277990938
5.7320568,0.932099109974623
5.7435836,0.932400922170515
5.7551104,0.932701719721163
5.7666372,0.933001507734599
5.778164,0.933300291284623
5.7896908,0.933598075411093
5.8012176,0.933894865120207
5.8127444,0.934190665384784
5.8242712,0.934485481144538
5.835798,0.934779317306361
5.8473248,0.935072178744585
5.8588516,0.935364070301263
5.8703784,0.935654996786423
5.8819052,0.935944962978346
5.893432,0.936233973623814
5.9049588,0.93652203343838
5.9164856,0.93680914710662
5.9280124,0.937095319282384
5.9395392,0.937380554589053
5.951066,0.937664857619785
5.9625928,0.937948232937761
5.9741196,0.938230685076432
5.9856464,0.938512218539758
5.9971732,0.938792837802447
6.0087,0.939072547310196
