"ResDensity","N_TraitValue"
11.11,1.41310791736114e-05
11.31,1.42189169024321e-05
11.51,1.43047440332826e-05
11.71,1.43886288186353e-05
11.91,1.44706364562973e-05
12.11,1.45508292584103e-05
12.31,1.46292668093535e-05
12.51,1.47060061133901e-05
12.71,1.47811017328267e-05
12.91,1.48546059173887e-05
13.11,1.49265687254569e-05
13.31,1.49970381377562e-05
13.51,1.50660601640393e-05
13.71,1.51336789432633e-05
13.91,1.51999368377179e-05
14.11,1.52648745215277e-05
14.31,1.5328531063915e-05
14.51,1.53909440075841e-05
14.71,1.54521494425553e-05
14.91,1.55121820757548e-05
15.11,1.55710752966419e-05
15.31,1.5628861239135e-05
15.51,1.56855708400768e-05
15.71,1.57412338944631e-05
15.91,1.57958791076413e-05
16.11,1.58495341446719e-05
16.31,1.59022256770305e-05
16.51,1.59539794268167e-05
16.71,1.60048202086225e-05
16.91,1.60547719692053e-05
17.11,1.61038578250971e-05
17.31,1.61521000982749e-05
17.51,1.61995203500075e-05
17.71,1.62461394129869e-05
17.91,1.62919774218451e-05
18.11,1.63370538421487e-05
18.31,1.63813874979613e-05
18.51,1.6424996598054e-05
18.71,1.64678987608414e-05
18.91,1.65101110381142e-05
19.11,1.65516499376372e-05
19.31,1.65925314446726e-05
19.51,1.66327710424914e-05
19.71,1.66723837319246e-05
19.91,1.67113840500083e-05
20.11,1.6749786087771e-05
20.31,1.6787603507208e-05
20.51,1.68248495574867e-05
20.71,1.68615370904229e-05
20.91,1.68976785752658e-05
21.11,1.69332861128283e-05
21.31,1.69683714489949e-05
21.51,1.70029459876399e-05
21.71,1.70370208029858e-05
21.91,1.70706066514295e-05
22.11,1.71037139828622e-05
22.31,1.71363529515104e-05
22.51,1.71685334263189e-05
22.71,1.72002650008994e-05
22.91,1.72315570030663e-05
23.11,1.72624185039782e-05
23.31,1.72928583269049e-05
23.51,1.73228850556378e-05
23.71,1.73525070425601e-05
23.91,1.7381732416392e-05
24.11,1.74105690896283e-05
24.31,1.74390247656802e-05
24.51,1.74671069457359e-05
24.71,1.74948229353534e-05
24.91,1.75221798507965e-05
25.11,1.75491846251264e-05
25.31,1.75758440140595e-05
25.51,1.7602164601602e-05
25.71,1.76281528054705e-05
25.91,1.76538148823095e-05
26.11,1.76791569327128e-05
26.31,1.77041849060586e-05
26.51,1.77289046051658e-05
26.71,1.77533216907796e-05
26.91,1.77774416858929e-05
27.11,1.78012699799113e-05
27.31,1.78248118326677e-05
27.51,1.7848072378293e-05
27.71,1.7871056628949e-05
27.91,1.78937694784288e-05
28.11,1.7916215705631e-05
28.31,1.79383999779111e-05
28.51,1.79603268543178e-05
28.71,1.79820007887159e-05
28.91,1.80034261328024e-05
29.11,1.80246071390199e-05
29.31,1.80455479633695e-05
29.51,1.806625266813e-05
29.71,1.80867252244848e-05
29.91,1.81069695150611e-05
30.11,1.81269893363848e-05
30.31,1.8146788401254e-05
30.51,1.81663703410345e-05
30.71,1.81857387078802e-05
30.91,1.82048969768812e-05
31.11,1.82238485481423e-05
31.31,1.82425967487951e-05
31.51,1.82611448349446e-05
31.71,1.82794959935549e-05
31.91,1.82976533442747e-05
32.11,1.8315619941205e-05
32.31,1.83333987746119e-05
32.51,1.83509927725856e-05
32.71,1.83684048026482e-05
32.91,1.83856376733115e-05
33.11,1.84026941355873e-05
33.31,1.84195768844514e-05
33.51,1.84362885602634e-05
33.71,1.84528317501428e-05
33.91,1.84692089893046e-05
34.11,1.84854227623542e-05
34.31,1.85014755045442e-05
34.51,1.85173696029937e-05
34.71,1.85331073978716e-05
34.91,1.85486911835452e-05
35.11,1.85641232096955e-05
35.31,1.85794056823995e-05
35.51,1.8594540765182e-05
35.71,1.8609530580036e-05
35.91,1.86243772084152e-05
36.11,1.86390826921971e-05
36.31,1.86536490346192e-05
36.51,1.86680782011887e-05
36.71,1.86823721205668e-05
36.91,1.86965326854279e-05
37.11,1.87105617532953e-05
37.31,1.8724461147353e-05
37.51,1.87382326572361e-05
37.71,1.87518780397985e-05
37.91,1.87653990198605e-05
38.11,1.87787972909352e-05
38.31,1.87920745159358e-05
38.51,1.88052323278635e-05
38.71,1.88182723304773e-05
38.91,1.88311960989454e-05
39.11,1.88440051804796e-05
39.31,1.88567010949526e-05
39.51,1.88692853354995e-05
39.71,1.88817593691031e-05
39.91,1.88941246371637e-05
40.11,1.89063825560547e-05
40.31,1.89185345176632e-05
40.51,1.89305818899169e-05
40.71,1.89425260172977e-05
40.91,1.89543682213413e-05
41.11,1.89661098011253e-05
41.31,1.89777520337438e-05
41.51,1.89892961747706e-05
41.71,1.90007434587105e-05
41.91,1.90120950994398e-05
42.11,1.90233522906346e-05
42.31,1.90345162061902e-05
42.51,1.90455880006282e-05
42.71,1.90565688094954e-05
42.91,1.90674597497513e-05
43.11,1.90782619201474e-05
43.31,1.90889764015964e-05
43.51,1.90996042575329e-05
43.71,1.91101465342651e-05
43.91,1.91206042613185e-05
44.11,1.91309784517705e-05
44.31,1.91412701025783e-05
44.51,1.91514801948977e-05
44.71,1.91616096943951e-05
44.91,1.91716595515518e-05
45.11,1.91816307019618e-05
45.31,1.91915240666216e-05
45.51,1.9201340552214e-05
45.71,1.92110810513852e-05
45.91,1.92207464430151e-05
46.11,1.92303375924819e-05
46.31,1.92398553519205e-05
46.51,1.92493005604744e-05
46.71,1.92586740445428e-05
46.91,1.92679766180214e-05
47.11,1.9277209082538e-05
47.31,1.92863722276828e-05
47.51,1.92954668312337e-05
47.71,1.93044936593758e-05
47.91,1.93134534669174e-05
48.11,1.93223469974996e-05
48.31,1.93311749838027e-05
48.51,1.93399381477467e-05
48.71,1.93486372006891e-05
48.91,1.93572728436162e-05
49.11,1.93658457673325e-05
49.31,1.9374356652644e-05
49.51,1.93828061705393e-05
49.71,1.9391194982365e-05
49.91,1.93995237399991e-05
50.11,1.94077930860195e-05
50.31,1.94160036538689e-05
50.51,1.94241560680174e-05
50.71,1.943225094412e-05
50.91,1.9440288889172e-05
51.11,1.94482705016608e-05
51.31,1.94561963717142e-05
51.51,1.94640670812459e-05
51.71,1.9471883204098e-05
51.91,1.94796453061805e-05
52.11,1.94873539456077e-05
52.31,1.94950096728322e-05
52.51,1.95026130307757e-05
52.71,1.95101645549577e-05
52.91,1.95176647736207e-05
53.11,1.95251142078538e-05
53.31,1.95325133717134e-05
53.51,1.95398627723411e-05
53.71,1.95471629100798e-05
53.91,1.95544142785874e-05
54.11,1.95616173649478e-05
54.31,1.95687726497799e-05
54.51,1.9575880607345e-05
54.71,1.95829417056511e-05
54.91,1.95899564065556e-05
55.11,1.95969251658666e-05
55.31,1.96038484334408e-05
55.51,1.9610726653281e-05
55.71,1.96175602636307e-05
55.91,1.96243496970669e-05
56.11,1.96310953805922e-05
56.31,1.96377977357235e-05
56.51,1.96444571785801e-05
56.71,1.96510741199701e-05
56.91,1.96576489654743e-05
57.11,1.96641821155295e-05
57.31,1.96706739655098e-05
57.51,1.96771249058062e-05
57.71,1.96835353219047e-05
57.91,1.96899055944636e-05
58.11,1.96962360993884e-05
58.31,1.97025272079057e-05
58.51,1.97087792866362e-05
58.71,1.97149926976656e-05
58.91,1.97211677986146e-05
59.11,1.97273049427073e-05
59.31,1.9733404478839e-05
59.51,1.97394667516419e-05
59.71,1.97454921015502e-05
59.91,1.97514808648637e-05
60.11,1.97574333738106e-05
60.31,1.97633499566088e-05
60.51,1.97692309375261e-05
60.71,1.97750766369396e-05
60.91,1.9780887371394e-05
61.11,1.97866634536584e-05
61.31,1.97924051927827e-05
61.51,1.97981128941526e-05
61.71,1.98037868595438e-05
61.91,1.98094273871751e-05
62.11,1.98150347717607e-05
62.31,1.98206093045616e-05
62.51,1.98261512734361e-05
62.71,1.98316609628888e-05
62.91,1.98371386541201e-05
63.11,1.98425846250736e-05
63.31,1.98479991504828e-05
63.51,1.98533825019182e-05
63.71,1.98587349478317e-05
63.91,1.9864056753602e-05
64.11,1.98693481815779e-05
64.31,1.98746094911217e-05
64.51,1.98798409386519e-05
64.71,1.98850427776839e-05
64.91,1.98902152588719e-05
65.11,1.98953586300489e-05
65.31,1.99004731362659e-05
65.51,1.99055590198313e-05
65.71,1.99106165203489e-05
65.91,1.99156458747556e-05
66.11,1.99206473173585e-05
66.31,1.99256210798711e-05
66.51,1.99305673914491e-05
66.71,1.99354864787259e-05
66.91,1.99403785658468e-05
67.11,1.99452438745033e-05
67.31,1.99500826239665e-05
67.51,1.995489503112e-05
67.71,1.99596813104926e-05
67.91,1.99644416742896e-05
68.11,1.99691763324248e-05
68.31,1.99738854925509e-05
68.51,1.99785693600902e-05
68.71,1.9983228138264e-05
68.91,1.99878620281225e-05
69.11,1.99924712285736e-05
69.31,1.99970559364109e-05
69.51,2.00016163463424e-05
69.71,2.00061526510177e-05
69.91,2.0010665041055e-05
70.11,2.00151537050681e-05
70.31,2.00196188296926e-05
70.51,2.00240605996115e-05
70.71,2.00284791975812e-05
70.91,2.0032874804456e-05
71.11,2.00372475992129e-05
71.31,2.00415977589765e-05
71.51,2.00459254590419e-05
71.71,2.00502308728991e-05
71.91,2.00545141722558e-05
72.11,2.00587755270601e-05
72.31,2.00630151055235e-05
72.51,2.00672330741423e-05
72.71,2.00714295977202e-05
72.91,2.0075604839389e-05
73.11,2.00797589606304e-05
73.31,2.00838921212963e-05
73.51,2.00880044796296e-05
73.71,2.00920961922843e-05
73.91,2.00961674143454e-05
74.11,2.01002182993485e-05
74.31,2.01042489992992e-05
74.51,2.01082596646919e-05
74.71,2.01122504445286e-05
74.91,2.01162214863375e-05
75.11,2.01201729361912e-05
75.31,2.01241049387242e-05
75.51,2.01280176371511e-05
75.71,2.01319111732835e-05
75.91,2.01357856875475e-05
76.11,2.01396413190004e-05
76.31,2.01434782053474e-05
76.51,2.01472964829579e-05
76.71,2.01510962868819e-05
76.91,2.01548777508656e-05
77.11,2.01586410073672e-05
77.31,2.01623861875726e-05
77.51,2.01661134214102e-05
77.71,2.01698228375664e-05
77.91,2.01735145635001e-05
78.11,2.01771887254574e-05
78.31,2.01808454484859e-05
78.51,2.01844848564492e-05
78.71,2.01881070720403e-05
78.91,2.01917122167961e-05
79.11,2.01953004111103e-05
79.31,2.01988717742474e-05
79.51,2.02024264243555e-05
79.71,2.02059644784795e-05
79.91,2.0209486052574e-05
80.11,2.02129912615159e-05
80.31,2.02164802191167e-05
80.51,2.02199530381351e-05
80.71,2.02234098302892e-05
80.91,2.02268507062681e-05
81.11,2.02302757757442e-05
81.31,2.02336851473843e-05
81.51,2.02370789288615e-05
81.71,2.02404572268666e-05
81.91,2.02438201471188e-05
82.11,2.02471677943774e-05
82.31,2.02505002724519e-05
82.51,2.02538176842135e-05
82.71,2.02571201316051e-05
82.91,2.02604077156521e-05
83.11,2.02636805364724e-05
83.31,2.02669386932869e-05
83.51,2.02701822844294e-05
83.71,2.02734114073563e-05
83.91,2.02766261586566e-05
84.11,2.02798266340613e-05
84.31,2.02830129284534e-05
84.51,2.02861851358765e-05
84.71,2.02893433495447e-05
84.91,2.02924876618516e-05
85.11,2.02956181643791e-05
85.31,2.02987349479063e-05
85.51,2.03018381024185e-05
85.71,2.03049277171158e-05
85.91,2.03080038804215e-05
86.11,2.03110666799908e-05
86.31,2.03141162027186e-05
86.51,2.03171525347484e-05
86.71,2.03201757614799e-05
86.91,2.03231859675773e-05
87.11,2.03261832369771e-05
87.31,2.03291676528958e-05
87.51,2.03321392978377e-05
87.71,2.03350982536025e-05
87.91,2.0338044601293e-05
88.11,2.03409784213221e-05
88.31,2.03438997934203e-05
88.51,2.03468087966431e-05
88.71,2.03497055093779e-05
88.91,2.03525900093512e-05
89.11,2.03554623736354e-05
89.31,2.03583226786558e-05
89.51,2.03611710001972e-05
89.71,2.03640074134109e-05
89.91,2.0366831992821e-05
90.11,2.03696448123311e-05
90.31,2.03724459452305e-05
90.51,2.03752354642012e-05
90.71,2.03780134413233e-05
90.91,2.03807799480819e-05
91.11,2.0383535055373e-05
91.31,2.03862788335093e-05
91.51,2.03890113522266e-05
91.71,2.03917326806897e-05
91.91,2.03944428874978e-05
92.11,2.03971420406907e-05
92.31,2.03998302077541e-05
92.51,2.04025074556257e-05
92.71,2.04051738507005e-05
92.91,2.04078294588361e-05
93.11,2.04104743453585e-05
93.31,2.04131085750671e-05
93.51,2.04157322122405e-05
93.71,2.04183453206409e-05
93.91,2.04209479635203e-05
94.11,2.04235402036246e-05
94.31,2.04261221031994e-05
94.51,2.04286937239946e-05
94.71,2.04312551272694e-05
94.91,2.04338063737971e-05
95.11,2.04363475238702e-05
95.31,2.04388786373048e-05
95.51,2.04413997734454e-05
95.71,2.04439109911695e-05
95.91,2.04464123488925e-05
96.11,2.04489039045717e-05
96.31,2.04513857157113e-05
96.51,2.04538578393663e-05
96.71,2.04563203321474e-05
96.91,2.0458773250225e-05
97.11,2.04612166493335e-05
97.31,2.04636505847755e-05
97.51,2.04660751114262e-05
97.71,2.04684902837372e-05
97.91,2.04708961557409e-05
98.11,2.04732927810543e-05
98.31,2.04756802128829e-05
98.51,2.04780585040251e-05
98.71,2.04804277068754e-05
98.91,2.04827878734289e-05
99.11,2.04851390552848e-05
99.31,2.04874813036502e-05
99.51,2.04898146693435e-05
99.71,2.04921392027989e-05
99.91,2.04944549540691e-05
100.11,2.04967619728295e-05
100.31,2.04990603083815e-05
100.51,2.05013500096561e-05
100.71,2.05036311252174e-05
100.91,2.05059037032659e-05
101.11,2.05081677916419e-05
101.31,2.05104234378292e-05
101.51,2.05126706889578e-05
101.71,2.05149095918078e-05
101.91,2.05171401928122e-05
102.11,2.05193625380606e-05
102.31,2.05215766733016e-05
102.51,2.05237826439468e-05
102.71,2.05259804950732e-05
102.91,2.05281702714269e-05
103.11,2.05303520174257e-05
103.31,2.05325257771619e-05
103.51,2.05346915944061e-05
103.71,2.05368495126093e-05
103.91,2.05389995749062e-05
104.11,2.0541141824118e-05
104.31,2.05432763027553e-05
104.51,2.05454030530209e-05
104.71,2.05475221168124e-05
104.91,2.05496335357251e-05
105.11,2.0551737351055e-05
105.31,2.05538336038008e-05
105.51,2.05559223346673e-05
105.71,2.05580035840674e-05
105.91,2.05600773921254e-05
106.11,2.05621437986788e-05
106.31,2.05642028432815e-05
106.51,2.05662545652059e-05
106.71,2.05682990034458e-05
106.91,2.05703361967184e-05
107.11,2.0572366183467e-05
107.31,2.05743890018635e-05
107.51,2.05764046898106e-05
107.71,2.05784132849444e-05
107.91,2.05804148246364e-05
108.11,2.05824093459961e-05
108.31,2.05843968858733e-05
108.51,2.05863774808601e-05
108.71,2.05883511672934e-05
108.91,2.05903179812572e-05
109.11,2.05922779585845e-05
109.31,2.05942311348595e-05
109.51,2.059617754542e-05
109.71,2.05981172253596e-05
109.91,2.06000502095292e-05
110.11,2.06019765325399e-05
110.31,2.06038962287645e-05
110.51,2.06058093323396e-05
110.71,2.06077158771679e-05
110.91,2.060961589692e-05
111.11,2.06115094250365e-05
