"ResDensity","N_TraitValue"
3,0.000876917078608139
3.616,0.00104962213735978
4.232,0.00121994018192492
4.848,0.00138792036023672
5.464,0.00155361048016978
6.08,0.00171705705490322
6.696,0.0018783053464533
7.312,0.00203739940746139
7.928,0.00219438212131821
8.544,0.00234929524070107
9.16,0.00250217942459697
9.776,0.00265307427388045
10.392,0.0028020183655116
11.008,0.00294904928541622
11.624,0.00309420366010713
12.24,0.00323751718710228
12.856,0.00337902466419301
13.472,0.00351876001761261
14.088,0.00365675632915324
14.704,0.00379304586227663
15.32,0.00392766008726199
15.936,0.0040606297054321
16.552,0.00419198467249692
17.168,0.00432175422105201
17.784,0.00444996688226704
18.4,0.00457665050679848
19.016,0.00470183228495846
19.632,0.00482553876617056
20.248,0.00494779587774173
20.864,0.00506862894297831
21.48,0.00518806269867258
22.096,0.0053061213119854
22.712,0.00542282839674894
23.328,0.00553820702921278
23.944,0.00565227976325525
24.56,0.00576506864508132
25.176,0.00587659522742685
25.792,0.0059868805832887
26.408,0.00609594531919887
27.024,0.00620380958806039
27.64,0.00631049310156162
28.256,0.00641601514218514
28.872,0.00652039457482646
29.488,0.00662364985803743
30.104,0.00672579905490825
30.72,0.00682685984360164
31.336,0.00692684952755217
31.952,0.00702578504534281
32.568,0.00712368298027095
33.184,0.00722055956961486
33.8,0.00731643071361173
34.416,0.00741131198415756
35.032,0.00750521863323896
35.648,0.00759816560110647
36.264,0.00769016752419857
36.88,0.00778123874282515
37.496,0.00787139330861907
38.112,0.00796064499176374
38.728,0.00804900728800471
39.344,0.00813649342545267
39.96,0.00822311637118502
40.576,0.00830888883765311
41.192,0.00839382328890158
41.808,0.00847793194660635
42.424,0.0085612267959373
43.04,0.00864371959125163
43.656,0.00872542186162355
44.272,0.00880634491621569
44.888,0.00888649984949766
45.504,0.00896589754631658
46.12,0.00904454868682471
46.736,0.00912246375126864
47.352,0.00919965302464465
47.968,0.00927612660122464
48.584,0.00935189438895668
49.2,0.00942696611374433
49.816,0.00950135132360849
50.432,0.00957505939273569
51.048,0.00964809952541625
51.664,0.00972048075987586
52.28,0.00979221197200399
52.896,0.00986330187898226
53.512,0.00993375904281589
54.128,0.0100035918737714
54.744,0.010072808633723
55.36,0.0101414174394115
55.976,0.0102094262656168
56.592,0.0102768429482482
57.208,0.010343675187354
57.824,0.0104099305500535
58.44,0.0104756164733929
59.056,0.0105407402671283
59.672,0.0106053091164377
60.288,0.010669330084563
60.904,0.0107328101153863
61.52,0.0107957560359405
62.136,0.0108581745588565
62.752,0.0109200722847502
63.368,0.0109814557045484
63.984,0.0110423312017588
64.6,0.0111027050546825
65.216,0.0111625834385723
65.832,0.0112219724277388
66.448,0.0112808779976041
67.064,0.0113393060267064
67.68,0.0113972622986551
68.296,0.0114547525040398
68.912,0.0115117822422925
69.528,0.0115683570235059
70.144,0.0116244822702081
70.76,0.0116801633190949
71.376,0.0117354054227216
71.992,0.0117902137511547
72.608,0.0118445933935848
73.224,0.011898549359902
73.84,0.0119520865822342
74.456,0.0120052099164506
75.072,0.0120579241436292
75.688,0.0121102339714917
76.304,0.0121621440358049
76.92,0.01221365890175
77.536,0.0122647830652611
78.152,0.0123155209543334
78.768,0.0123658769303014
79.384,0.0124158552890886
80,0.0124654602624294
80.616,0.0125146960190634
81.232,0.0125635666659034
81.848,0.012612076249177
82.464,0.0126602287555438
83.08,0.0127080281131873
83.696,0.0127554781928831
84.312,0.0128025828090441
84.928,0.0128493457207424
85.544,0.0128957706327092
86.16,0.0129418611963137
86.776,0.0129876210105198
87.392,0.0130330536228233
88.008,0.0130781625301686
88.624,0.0131229511798459
89.24,0.0131674229703692
89.856,0.0132115812523365
90.472,0.0132554293292706
91.088,0.0132989704584436
91.704,0.0133422078516829
92.32,0.0133851446761614
92.936,0.0134277840551708
93.552,0.0134701290688787
94.168,0.0135121827550707
94.784,0.0135539481098764
95.4,0.0135954280884815
96.016,0.0136366256058243
96.632,0.0136775435372789
97.248,0.0137181847193242
97.864,0.0137585519501989
98.48,0.0137986479905445
99.096,0.0138384755640339
99.712,0.0138780373579887
100.328,0.0139173360239831
100.944,0.0139563741784371
101.56,0.0139951544031962
102.176,0.0140336792461015
102.792,0.0140719512215472
103.408,0.0141099728110277
104.024,0.0141477464636741
104.64,0.0141852745967799
105.256,0.0142225595963167
105.872,0.0142596038174402
106.488,0.0142964095849855
107.104,0.0143329791939541
107.72,0.0143693149099903
108.336,0.0144054189698498
108.952,0.0144412935818581
109.568,0.014476940926361
110.184,0.0145123631561664
110.8,0.0145475623969776
111.416,0.0145825407478185
112.032,0.0146173002814509
112.648,0.0146518430447839
113.264,0.014686171059276
113.88,0.0147202863213288
114.496,0.0147541908026747
115.112,0.0147878864507563
115.728,0.0148213751890997
116.344,0.0148546589176801
116.96,0.0148877395132813
117.576,0.0149206188298488
118.192,0.0149532986988356
118.808,0.0149857809295424
119.424,0.0150180673094519
120.04,0.0150501596045564
120.656,0.0150820595596796
121.272,0.0151137688987933
121.888,0.0151452893253276
122.504,0.015176622522476
123.12,0.0152077701534951
123.736,0.0152387338619992
124.352,0.0152695152722486
124.968,0.0153001159894345
125.584,0.0153305375999575
126.2,0.0153607816717019
126.816,0.0153908497543053
127.432,0.0154207433794228
128.048,0.0154504640609873
128.664,0.0154800132954655
129.28,0.0155093925621081
129.896,0.0155386033231978
130.512,0.015567647024291
131.128,0.0155965250944568
131.744,0.015625238946511
132.36,0.0156537899772469
132.976,0.0156821795676615
133.592,0.0157104090831784
134.208,0.0157384798738663
134.824,0.015766393274655
135.44,0.0157941506055461
136.056,0.0158217531718217
136.672,0.0158492022642488
137.288,0.0158764991592805
137.904,0.015903645119254
138.52,0.015930641392585
139.136,0.0159574892139591
139.752,0.0159841898045204
140.368,0.016010744372056
140.984,0.0160371541111787
141.6,0.0160634202035058
142.216,0.0160895438178356
142.832,0.0161155261103205
143.448,0.0161413682246376
144.064,0.0161670712921569
144.68,0.0161926364321058
145.296,0.0162180647517319
145.912,0.0162433573464632
146.528,0.0162685153000644
147.144,0.0162935396847929
147.76,0.0163184315615502
148.376,0.0163431919800324
148.992,0.0163678219788775
149.608,0.0163923225858105
150.224,0.0164166948177868
150.84,0.0164409396811325
151.456,0.016465058171683
152.072,0.0164890512749196
152.688,0.0165129199661033
153.304,0.0165366652104072
153.92,0.0165602879630466
154.536,0.0165837891694072
155.152,0.0166071697651707
155.768,0.0166304306764397
156.384,0.0166535728198595
157,0.0166765971027386
157.616,0.0166995044231674
158.232,0.0167222956701348
158.848,0.0167449717236434
159.464,0.0167675334548226
160.08,0.0167899817260401
160.696,0.0168123173910121
161.312,0.0168345412949111
161.928,0.016856654274473
162.544,0.0168786571581015
163.16,0.0169005507659722
163.776,0.0169223359101339
164.392,0.0169440133946094
165.008,0.0169655840154945
165.624,0.016987048561055
166.24,0.0170084078118231
166.856,0.017029662540692
167.472,0.0170508135130088
168.088,0.0170718614866668
168.704,0.0170928072121957
169.32,0.0171136514328509
169.936,0.0171343948847017
170.552,0.0171550382967174
171.168,0.0171755823908532
171.784,0.0171960278821339
172.4,0.0172163754787373
173.016,0.0172366258820757
173.632,0.0172567797868766
174.248,0.0172768378812622
174.864,0.0172968008468275
175.48,0.0173166693587176
176.096,0.017336444085704
176.712,0.0173561256902594
177.328,0.0173757148286318
177.944,0.0173952121509175
178.56,0.0174146183011327
179.176,0.0174339339172848
179.792,0.0174531596314423
180.408,0.0174722960698032
181.024,0.0174913438527638
181.64,0.0175103035949851
182.256,0.0175291759054592
182.872,0.0175479613875744
183.488,0.0175666606391798
184.104,0.0175852742526482
184.72,0.0176038028149391
185.336,0.0176222469076603
185.952,0.0176406071071284
186.568,0.0176588839844294
187.184,0.0176770781054777
187.8,0.0176951900310741
188.416,0.0177132203169641
189.032,0.0177311695138943
189.648,0.0177490381676685
190.264,0.0177668268192031
190.88,0.0177845360045819
191.496,0.0178021662551097
192.112,0.0178197180973652
192.728,0.017837192053254
193.344,0.0178545886400599
193.96,0.0178719083704962
194.576,0.0178891517527559
195.192,0.0179063192905614
195.808,0.0179234114832136
196.424,0.0179404288256405
197.04,0.0179573718084446
197.656,0.0179742409179503
198.272,0.0179910366362503
198.888,0.0180077594412517
199.504,0.0180244098067213
200.12,0.01804098820233
200.736,0.0180574950936974
201.352,0.0180739309424352
201.968,0.0180902962061903
202.584,0.018106591338687
203.2,0.0181228167897695
203.816,0.0181389730054427
204.432,0.0181550604279134
205.048,0.0181710794956305
205.664,0.018187030643325
206.28,0.0182029143020491
206.896,0.0182187308992154
207.512,0.0182344808586347
208.128,0.0182501646005544
208.744,0.0182657825416953
209.36,0.0182813350952892
209.976,0.0182968226711147
210.592,0.0183122456755337
211.208,0.0183276045115264
211.824,0.0183428995787271
212.44,0.0183581312734581
213.056,0.0183732999887646
213.672,0.018388406114448
214.288,0.0184034500370996
214.904,0.0184184321401334
215.52,0.018433352803819
216.136,0.0184482124053131
216.752,0.0184630113186922
217.368,0.018477749914983
217.984,0.0184924285621943
218.6,0.018507047625347
219.216,0.0185216074665047
219.832,0.0185361084448035
220.448,0.0185505509164814
221.064,0.0185649352349077
221.68,0.0185792617506116
222.296,0.0185935308113109
222.912,0.0186077427619399
223.528,0.0186218979446773
224.144,0.0186359966989737
224.76,0.0186500393615789
225.376,0.0186640262665681
225.992,0.0186779577453691
226.608,0.0186918341267882
227.224,0.0187056557370359
227.84,0.0187194228997526
228.456,0.0187331359360341
229.072,0.0187467951644561
229.688,0.0187604009010993
230.304,0.0187739534595734
230.92,0.0187874531510414
231.536,0.0188009002842437
232.152,0.018814295165521
232.768,0.0188276380988381
233.384,0.0188409293858065
234,0.0188541693257075
234.616,0.0188673582155144
235.232,0.0188804963499148
235.848,0.0188935840213326
236.464,0.0189066215199496
237.08,0.0189196091337269
237.696,0.0189325471484262
238.312,0.0189454358476309
238.928,0.0189582755127664
239.544,0.018971066423121
240.16,0.0189838088558661
240.776,0.0189965030860758
241.392,0.0190091493867473
242.008,0.0190217480288201
242.624,0.0190342992811953
243.24,0.0190468034107549
243.856,0.0190592606823809
244.472,0.0190716713589735
245.088,0.0190840357014699
245.704,0.0190963539688628
246.32,0.019108626418218
246.936,0.0191208533046926
247.552,0.0191330348815526
248.168,0.0191451714001904
248.784,0.0191572631101422
249.4,0.0191693102591048
250.016,0.0191813130929529
250.632,0.0191932718557555
251.248,0.0192051867897926
251.864,0.0192170581355715
252.48,0.0192288861318432
253.096,0.019240671015618
253.712,0.0192524130221818
254.328,0.0192641123851113
254.944,0.0192757693362898
255.56,0.0192873841059224
256.176,0.0192989569225513
256.792,0.0193104880130704
257.408,0.0193219776027407
258.024,0.0193334259152045
258.64,0.0193448331725001
259.256,0.0193561995950762
259.872,0.0193675254018059
260.488,0.019378810810001
261.104,0.0193900560354257
261.72,0.0194012612923106
262.336,0.0194124267933658
262.952,0.0194235527497951
263.568,0.0194346393713087
264.184,0.0194456868661365
264.8,0.0194566954410414
265.416,0.0194676653013321
266.032,0.0194785966508754
266.648,0.0194894896921096
267.264,0.0195003446260565
267.88,0.0195111616523339
268.496,0.0195219409691677
269.112,0.0195326827734042
269.728,0.0195433872605221
270.344,0.0195540546246442
270.96,0.0195646850585491
271.576,0.019575278753683
272.192,0.0195858359001712
272.808,0.0195963566868293
273.424,0.0196068413011743
274.04,0.0196172899294365
274.656,0.0196277027565695
275.272,0.019638079966262
275.888,0.0196484217409478
276.504,0.0196587282618174
277.12,0.0196689997088278
277.736,0.0196792362607132
278.352,0.0196894380949957
278.968,0.019699605387995
279.584,0.0197097383148391
280.2,0.0197198370494739
280.816,0.0197299017646736
281.432,0.0197399326320501
282.048,0.0197499298220631
282.664,0.0197598935040295
283.28,0.0197698238461333
283.896,0.0197797210154346
284.512,0.0197895851778793
285.128,0.0197994164983084
285.744,0.0198092151404669
286.36,0.0198189812670132
286.976,0.0198287150395279
287.592,0.0198384166185228
288.208,0.0198480861634498
288.824,0.0198577238327092
289.44,0.019867329783659
290.056,0.019876904172623
290.672,0.0198864471548997
291.288,0.0198959588847699
291.904,0.0199054395155061
292.52,0.0199148891993797
293.136,0.01992430808767
293.752,0.0199336963306716
294.368,0.019943054077703
294.984,0.0199523814771138
295.6,0.0199616786762934
296.216,0.019970945821678
296.832,0.0199801830587586
297.448,0.0199893905320888
298.064,0.0199985683852921
298.68,0.0200077167610692
299.296,0.020016835801206
299.912,0.0200259256465802
300.528,0.020034986437169
301.144,0.0200440183120562
301.76,0.0200530214094395
302.376,0.0200619958666369
302.992,0.0200709418200946
303.608,0.020079859405393
304.224,0.0200887487572544
304.84,0.0200976100095491
305.456,0.0201064432953025
306.072,0.0201152487467017
306.688,0.0201240264951019
307.304,0.0201327766710332
307.92,0.020141499404207
308.536,0.0201501948235222
309.152,0.0201588630570717
309.768,0.020167504232149
310.384,0.0201761184752538
311,0.0201847059120986
