"ResDensity","N_TraitValue"
6,7.1086037055106e-06
6.228,7.37537787858282e-06
6.456,7.64190972661198e-06
6.684,7.90819957962311e-06
6.912,8.17424776704222e-06
7.14,8.44005461769765e-06
7.368,8.70562045982147e-06
7.596,8.97094562105078e-06
7.824,9.23603042842909e-06
8.052,9.50087520840762e-06
8.28,9.76548028684671e-06
8.508,1.00298459890171e-05
8.736,1.02939726396013e-05
8.964,1.05578605626948e-05
9.192,1.08215100818077e-05
9.42,1.10849215198657e-05
9.648,1.13480951992114e-05
9.876,1.1611031441606e-05
10.104,1.18737305682304e-05
10.332,1.21361928996862e-05
10.56,1.23984187559975e-05
10.788,1.26604084566119e-05
11.016,1.2922162320402e-05
11.244,1.31836806656664e-05
11.472,1.34449638101313e-05
11.7,1.37060120709516e-05
11.928,1.39668257647123e-05
12.156,1.42274052074295e-05
12.384,1.44877507145522e-05
12.612,1.47478626009631e-05
12.84,1.500774118098e-05
13.068,1.52673867683571e-05
13.296,1.55267996762865e-05
13.524,1.57859802173988e-05
13.752,1.60449287037652e-05
13.98,1.63036454468981e-05
14.208,1.65621307577525e-05
14.436,1.68203849467276e-05
14.664,1.70784083236676e-05
14.892,1.7336201197863e-05
15.12,1.75937638780522e-05
15.348,1.78510966724223e-05
15.576,1.81081998886105e-05
15.804,1.83650738337055e-05
16.032,1.86217188142483e-05
16.26,1.88781351362338e-05
16.488,1.9134323105112e-05
16.716,1.9390283025789e-05
16.944,1.96460152026282e-05
17.172,1.99015199394518e-05
17.4,2.01567975395417e-05
17.628,2.04118483056409e-05
17.856,2.06666725399545e-05
18.084,2.09212705441512e-05
18.312,2.11756426193642e-05
18.54,2.14297890661924e-05
18.768,2.16837101847018e-05
18.996,2.19374062744266e-05
19.224,2.219087763437e-05
19.452,2.24441245630062e-05
19.68,2.26971473582807e-05
19.908,2.2949946317612e-05
20.136,2.32025217378926e-05
20.364,2.34548739154902e-05
20.592,2.37070031462487e-05
20.82,2.39589097254896e-05
21.048,2.4210593948013e-05
21.276,2.44620561080989e-05
21.504,2.47132964995082e-05
21.732,2.49643154154837e-05
21.96,2.52151131487516e-05
22.188,2.54656899915225e-05
22.416,2.57160462354924e-05
22.644,2.59661821718438e-05
22.872,2.62160980912473e-05
23.1,2.64657942838621e-05
23.328,2.67152710393376e-05
23.556,2.6964528646814e-05
23.784,2.72135673949242e-05
24.012,2.74623875717941e-05
24.24,2.77109894650443e-05
24.468,2.79593733617908e-05
24.696,2.82075395486463e-05
24.924,2.84554883117214e-05
25.152,2.87032199366255e-05
25.38,2.8950734708468e-05
25.608,2.91980329118595e-05
25.836,2.94451148309125e-05
26.064,2.96919807492429e-05
26.292,2.9938630949971e-05
26.52,3.01850657157224e-05
26.748,3.04312853286293e-05
26.976,3.06772900703314e-05
27.204,3.09230802219771e-05
27.432,3.11686560642246e-05
27.66,3.14140178772426e-05
27.888,3.16591659407121e-05
28.116,3.19041005338265e-05
28.344,3.21488219352937e-05
28.572,3.23933304233362e-05
28.8,3.26376262756929e-05
29.028,3.28817097696196e-05
29.256,3.31255811818905e-05
29.484,3.33692407887989e-05
29.712,3.36126888661585e-05
29.94,3.38559256893041e-05
30.168,3.40989515330932e-05
30.396,3.43417666719063e-05
30.624,3.45843713796486e-05
30.852,3.48267659297508e-05
31.08,3.50689505951698e-05
31.308,3.53109256483902e-05
31.536,3.55526913614251e-05
31.764,3.57942480058172e-05
31.992,3.60355958526397e-05
32.22,3.62767351724974e-05
32.448,3.65176662355276e-05
32.676,3.67583893114015e-05
32.904,3.69989046693245e-05
33.132,3.72392125780379e-05
33.36,3.74793133058194e-05
33.588,3.77192071204846e-05
33.816,3.79588942893874e-05
34.044,3.81983750794215e-05
34.272,3.8437649757021e-05
34.5,3.86767185881619e-05
34.728,3.89155818383623e-05
34.956,3.91542397726843e-05
35.184,3.93926926557343e-05
35.412,3.96309407516641e-05
35.64,3.98689843241723e-05
35.868,4.01068236365046e-05
36.096,4.03444589514553e-05
36.324,4.05818905313682e-05
36.552,4.08191186381371e-05
36.78,4.10561435332076e-05
37.008,4.12929654775772e-05
37.236,4.15295847317968e-05
37.464,4.17660015559714e-05
37.692,4.20022162097613e-05
37.92,4.22382289523826e-05
38.148,4.24740400426089e-05
38.376,4.27096497387713e-05
38.604,4.29450582987603e-05
38.832,4.31802659800258e-05
39.06,4.34152730395789e-05
39.288,4.36500797339923e-05
39.516,4.38846863194013e-05
39.744,4.4119093051505e-05
39.972,4.43533001855668e-05
40.2,4.45873079764159e-05
40.428,4.48211166784475e-05
40.656,4.50547265456245e-05
40.884,4.52881378314778e-05
41.112,4.55213507891075e-05
41.34,4.57543656711837e-05
41.568,4.59871827299476e-05
41.796,4.62198022172124e-05
42.024,4.64522243843637e-05
42.252,4.66844494823612e-05
42.48,4.6916477761739e-05
42.708,4.71483094726067e-05
42.936,4.73799448646506e-05
43.164,4.76113841871338e-05
43.392,4.7842627688898e-05
43.62,4.80736756183638e-05
43.848,4.83045282235318e-05
44.076,4.85351857519837e-05
44.304,4.87656484508825e-05
44.532,4.89959165669743e-05
44.76,4.92259903465883e-05
44.988,4.94558700356384e-05
45.216,4.96855558796236e-05
45.444,4.99150481236292e-05
45.672,5.01443470123273e-05
45.9,5.03734527899781e-05
46.128,5.06023657004303e-05
46.356,5.08310859871226e-05
46.584,5.10596138930837e-05
46.812,5.1287949660934e-05
47.04,5.15160935328859e-05
47.268,5.17440457507451e-05
47.496,5.19718065559109e-05
47.724,5.21993761893776e-05
47.952,5.2426754891735e-05
48.18,5.26539429031693e-05
48.408,5.28809404634641e-05
48.636,5.31077478120012e-05
48.864,5.33343651877613e-05
49.092,5.3560792829325e-05
49.32,5.37870309748734e-05
49.548,5.40130798621893e-05
49.776,5.42389397286577e-05
50.004,5.44646108112668e-05
50.232,5.4690093346609e-05
50.46,5.49153875708811e-05
50.688,5.51404937198859e-05
50.916,5.53654120290325e-05
51.144,5.55901427333374e-05
51.372,5.58146860674252e-05
51.6,5.60390422655292e-05
51.828,5.62632115614927e-05
52.056,5.64871941887695e-05
52.284,5.67109903804247e-05
52.512,5.69346003691355e-05
52.74,5.71580243871923e-05
52.968,5.73812626664992e-05
53.196,5.76043154385747e-05
53.424,5.78271829345528e-05
53.652,5.80498653851838e-05
53.88,5.82723630208349e-05
54.108,5.84946760714909e-05
54.336,5.87168047667555e-05
54.564,5.89387493358515e-05
54.792,5.91605100076219e-05
55.02,5.93820870105306e-05
55.248,5.96034805726633e-05
55.476,5.98246909217283e-05
55.704,6.00457182850568e-05
55.932,6.02665628896045e-05
56.16,6.04872249619516e-05
56.388,6.07077047283042e-05
56.616,6.09280024144944e-05
56.844,6.11481182459818e-05
57.072,6.13680524478538e-05
57.3,6.15878052448265e-05
57.528,6.18073768612454e-05
57.756,6.20267675210863e-05
57.984,6.22459774479559e-05
58.212,6.24650068650927e-05
58.44,6.26838559953676e-05
58.668,6.29025250612849e-05
58.896,6.31210142849829e-05
59.124,6.33393238882345e-05
59.352,6.35574540924482e-05
59.58,6.37754051186688e-05
59.808,6.39931771875781e-05
60.036,6.42107705194956e-05
60.264,6.44281853343792e-05
60.492,6.46454218518263e-05
60.72,6.48624802910741e-05
60.948,6.50793608710004e-05
61.176,6.52960638101247e-05
61.404,6.55125893266085e-05
61.632,6.57289376382563e-05
61.86,6.59451089625161e-05
62.088,6.61611035164805e-05
62.316,6.63769215168871e-05
62.544,6.65925631801193e-05
62.772,6.68080287222069e-05
63,6.70233183588273e-05
63.228,6.72384323053056e-05
63.456,6.74533707766157e-05
63.684,6.7668133987381e-05
63.912,6.78827221518749e-05
64.14,6.80971354840218e-05
64.368,6.83113741973974e-05
64.596,6.85254385052301e-05
64.824,6.87393286204008e-05
65.052,6.89530447554443e-05
65.28,6.91665871225499e-05
65.508,6.93799559335618e-05
65.736,6.95931513999801e-05
65.964,6.98061737329613e-05
66.192,7.00190231433192e-05
66.42,7.02316998415253e-05
66.648,7.04442040377098e-05
66.876,7.06565359416622e-05
67.104,7.08686957628319e-05
67.332,7.1080683710329e-05
67.56,7.12924999929247e-05
67.788,7.15041448190525e-05
68.016,7.17156183968085e-05
68.244,7.19269209339522e-05
68.472,7.21380526379071e-05
68.7,7.23490137157615e-05
68.928,7.2559804374269e-05
69.156,7.27704248198495e-05
69.384,7.29808752585896e-05
69.612,7.31911558962431e-05
69.84,7.34012669382323e-05
70.068,7.36112085896481e-05
70.296,7.38209810552507e-05
70.524,7.40305845394706e-05
70.752,7.4240019246409e-05
70.98,7.44492853798386e-05
71.208,7.46583831432042e-05
71.436,7.48673127396233e-05
71.664,7.50760743718868e-05
71.892,7.52846682424597e-05
72.12,7.54930945534817e-05
72.348,7.57013535067681e-05
72.576,7.59094453038099e-05
72.804,7.61173701457749e-05
73.032,7.63251282335084e-05
73.26,7.65327197675334e-05
73.488,7.67401449480517e-05
73.716,7.69474039749444e-05
73.944,7.71544970477723e-05
74.172,7.7361424365777e-05
74.4,7.75681861278812e-05
74.628,7.77747825326892e-05
74.856,7.79812137784881e-05
75.084,7.81874800632478e-05
75.312,7.83935815846223e-05
75.54,7.85995185399495e-05
75.768,7.88052911262526e-05
75.996,7.90108995402404e-05
76.224,7.92163439783078e-05
76.452,7.94216246365367e-05
76.68,7.96267417106964e-05
76.908,7.98316953962444e-05
77.136,8.00364858883268e-05
77.364,8.02411133817792e-05
77.592,8.04455780711271e-05
77.82,8.06498801505866e-05
78.048,8.08540198140651e-05
78.276,8.10579972551616e-05
78.504,8.12618126671677e-05
78.732,8.14654662430681e-05
78.96,8.16689581755409e-05
79.188,8.18722886569587e-05
79.416,8.20754578793888e-05
79.644,8.22784660345941e-05
79.872,8.24813133140334e-05
80.1,8.26839999088625e-05
80.328,8.2886526009934e-05
80.556,8.30888918077988e-05
80.784,8.32910974927061e-05
81.012,8.3493143254604e-05
81.24,8.36950292831406e-05
81.468,8.3896755767664e-05
81.696,8.40983228972233e-05
81.924,8.42997308605688e-05
82.152,8.45009798461532e-05
82.38,8.47020700421315e-05
82.608,8.4903001636362e-05
82.836,8.51037748164067e-05
83.064,8.53043897695323e-05
83.292,8.550484668271e-05
83.52,8.57051457426169e-05
83.748,8.59052871356359e-05
83.976,8.61052710478569e-05
84.204,8.63050976650767e-05
84.432,8.65047671728004e-05
84.66,8.67042797562411e-05
84.888,8.69036356003212e-05
85.116,8.71028348896724e-05
85.344,8.73018778086367e-05
85.572,8.75007645412667e-05
85.8,8.76994952713264e-05
86.028,8.78980701822915e-05
86.256,8.80964894573501e-05
86.484,8.82947532794034e-05
86.712,8.84928618310659e-05
86.94,8.86908152946664e-05
87.168,8.88886138522482e-05
87.396,8.90862576855698e-05
87.624,8.92837469761057e-05
87.852,8.94810819050463e-05
88.08,8.96782626532993e-05
88.308,8.98752894014893e-05
88.536,9.00721623299595e-05
88.764,9.02688816187711e-05
88.992,9.04654474477046e-05
89.22,9.066185999626e-05
89.448,9.08581194436578e-05
89.676,9.10542259688387e-05
89.904,9.12501797504649e-05
90.132,9.14459809669206e-05
90.36,9.1641629796312e-05
90.588,9.18371264164684e-05
90.816,9.20324710049423e-05
91.044,9.22276637390104e-05
91.272,9.24227047956738e-05
91.5,9.26175943516584e-05
91.728,9.28123325834161e-05
91.956,9.30069196671244e-05
92.184,9.32013557786879e-05
92.412,9.33956410937379e-05
92.64,9.35897757876339e-05
92.868,9.3783760035463e-05
93.096,9.39775940120414e-05
93.324,9.41712778919147e-05
93.552,9.43648118493579e-05
93.78,9.45581960583765e-05
94.008,9.4751430692707e-05
94.236,9.49445159258168e-05
94.464,9.51374519309056e-05
94.692,9.53302388809053e-05
94.92,9.55228769484807e-05
95.148,9.57153663060301e-05
95.376,9.59077071256856e-05
95.604,9.60998995793139e-05
95.832,9.62919438385164e-05
96.06,9.64838400746303e-05
96.288,9.66755884587286e-05
96.516,9.68671891616208e-05
96.744,9.70586423538533e-05
96.972,9.72499482057102e-05
97.2,9.74411068872134e-05
97.428,9.76321185681235e-05
97.656,9.782298341794e-05
97.884,9.80137016059018e-05
98.112,9.82042733009881e-05
98.34,9.83946986719184e-05
98.568,9.85849778871531e-05
98.796,9.87751111148945e-05
99.024,9.89650985230865e-05
99.252,9.91549402794157e-05
99.48,9.93446365513117e-05
99.708,9.95341875059473e-05
99.936,9.97235933102398e-05
100.164,9.99128541308504e-05
100.392,0.000100101970134186
100.62,0.000100290941486397
100.848,0.000100479768353383
101.076,0.000100668450900788
101.304,0.000100856989294001
101.532,0.000101045383698163
101.76,0.000101233634278159
101.988,0.000101421741198624
102.216,0.000101609704623941
102.444,0.000101797524718243
102.672,0.000101985201645413
102.9,0.000102172735569083
103.128,0.000102360126652638
103.356,0.000102547375059211
103.584,0.000102734480951689
103.812,0.000102921444492711
104.04,0.000103108265844668
104.268,0.000103294945169704
104.496,0.000103481482629717
104.724,0.000103667878386358
104.952,0.000103854132601036
105.18,0.000104040245434909
105.408,0.000104226217048896
105.636,0.000104412047603669
105.864,0.000104597737259657
106.092,0.000104783286177045
106.32,0.000104968694515777
106.548,0.000105153962435554
106.776,0.000105339090095834
107.004,0.000105524077655836
107.232,0.000105708925274536
107.46,0.00010589363311067
107.688,0.000106078201322735
107.916,0.000106262630068987
108.144,0.000106446919507444
108.372,0.000106631069795886
108.6,0.000106815081091853
108.828,0.000106998953552648
109.056,0.000107182687335338
109.284,0.000107366282596752
109.512,0.000107549739493481
109.74,0.000107733058181884
109.968,0.00010791623881808
110.196,0.000108099281557958
110.424,0.000108282186557167
110.652,0.000108464953971125
110.88,0.000108647583955017
111.108,0.000108830076663793
111.336,0.000109012432252169
111.564,0.000109194650874632
111.792,0.000109376732685435
112.02,0.000109558677838599
112.248,0.000109740486487914
112.476,0.000109922158786941
112.704,0.000110103694889009
112.932,0.000110285094947218
113.16,0.000110466359114438
113.388,0.000110647487543311
113.616,0.000110828480386249
113.844,0.000111009337795439
114.072,0.000111190059922836
114.3,0.00011137064692017
114.528,0.000111551098938946
114.756,0.000111731416130439
114.984,0.0001119115986457
115.212,0.000112091646635555
115.44,0.000112271560250603
115.668,0.00011245133964122
115.896,0.000112630984957557
116.124,0.000112810496349541
116.352,0.000112989873966875
116.58,0.000113169117959042
116.808,0.000113348228475297
117.036,0.000113527205664679
117.264,0.000113706049675999
117.492,0.000113884760657852
117.72,0.000114063338758609
117.948,0.000114241784126421
118.176,0.000114420096909218
118.404,0.000114598277254713
118.632,0.000114776325310397
118.86,0.000114954241223544
119.088,0.000115132025141206
119.316,0.000115309677210222
119.544,0.000115487197577209
119.772,0.000115664586388569
120,0.000115841843790486
