"ResDensity","N_TraitValue"
1,0.000173648603100096
1.046,0.000181318893984505
1.092,0.000188962412589663
1.138,0.000196579298839776
1.184,0.000204169691685668
1.23,0.000211733729113231
1.276,0.000219271548151786
1.322,0.00022678328488236
1.368,0.00023426907444587
1.414,0.000241729051051233
1.46,0.000249163347983384
1.506,0.000256572097611214
1.552,0.000263955431395426
1.598,0.000271313479896312
1.644,0.000278646372781447
1.69,0.000285954238833306
1.736,0.000293237205956806
1.782,0.000300495401186765
1.828,0.000307728950695289
1.874,0.000314937979799085
1.92,0.000322122612966694
1.966,0.000329282973825659
2.012,0.000336419185169612
2.058,0.000343531368965297
2.104,0.000350619646359516
2.15,0.000357684137686008
2.196,0.00036472496247226
2.242,0.000371742239446248
2.288,0.000378736086543108
2.334,0.000385706620911747
2.38,0.00039265395892138
2.426,0.00039957821616801
2.472,0.000406479507480834
2.518,0.000413357946928598
2.564,0.000420213647825874
2.61,0.000427046722739288
2.656,0.000433857283493678
2.702,0.000440645441178196
2.748,0.000447411306152347
2.794,0.000454154988051969
2.84,0.000460876595795159
2.886,0.00046757623758813
2.932,0.000474254020931024
2.978,0.000480910052623659
3.024,0.000487544438771222
3.07,0.000494157284789908
3.116,0.000500748695412503
3.162,0.000507318774693916
3.208,0.000513867626016649
3.254,0.000520395352096224
3.3,0.000526902054986554
3.346,0.000533387836085255
3.392,0.000539852796138922
3.438,0.000546297035248338
3.484,0.000552720652873645
3.53,0.000559123747839459
3.576,0.000565506418339937
3.622,0.000571868761943801
3.668,0.000578210875599305
3.714,0.000584532855639159
3.76,0.000590834797785412
3.806,0.000597116797154278
3.852,0.000603378948260921
3.898,0.000609621345024201
3.944,0.000615844080771363
3.99,0.00062204724824269
4.036,0.000628230939596113
4.082,0.00063439524641177
4.128,0.000640540259696531
4.174,0.000646666069888475
4.22,0.000652772766861327
4.266,0.000658860439928853
4.312,0.000664929177849216
4.358,0.000670979068829285
4.404,0.000677010200528914
4.45,0.000683022660065175
4.496,0.000689016534016547
4.542,0.000694991908427079
4.588,0.000700948868810505
4.634,0.00070688750015432
4.68,0.000712807886923825
4.726,0.000718710113066133
4.772,0.000724594262014133
4.818,0.000730460416690423
4.864,0.000736308659511205
4.91,0.000742139072390146
4.956,0.000747951736742201
5.002,0.000753746733487405
5.048,0.000759524143054622
5.094,0.000765284045385274
5.14,0.000771026519937022
5.186,0.000776751645687425
5.232,0.000782459501137553
5.278,0.000788150164315584
5.324,0.000793823712780354
5.37,0.000799480223624882
5.416,0.000805119773479859
5.462,0.000810742438517116
5.508,0.000816348294453046
5.554,0.000821937416552006
5.6,0.000827509879629683
5.646,0.000833065758056439
5.692,0.000838605125760609
5.738,0.000844128056231789
5.784,0.000849634622524082
5.83,0.00085512489725932
5.876,0.000860598952630257
5.922,0.00086605686040373
5.968,0.0008714986919238
6.014,0.000876924518114859
6.06,0.00088233440948471
6.106,0.000887728436127621
6.152,0.000893106667727355
6.198,0.000898469173560168
6.244,0.000903816022497785
6.29,0.000909147283010349
6.336,0.00091446302316934
6.382,0.000919763310650479
6.428,0.000925048212736591
6.474,0.000930317796320462
6.52,0.000935572127907653
6.566,0.000940811273619303
6.612,0.000946035299194899
6.658,0.000951244269995028
6.704,0.000956438251004104
6.75,0.000961617306833067
6.796,0.000966781501722064
6.842,0.000971930899543104
6.888,0.000977065563802694
6.934,0.000982185557644448
6.98,0.000987290943851674
7.026,0.000992381784849942
7.072,0.000997458142709628
7.118,0.00100252007914844
7.164,0.0010075676555339
7.21,0.00101260093288587
7.256,0.00101761997187896
7.302,0.00102262483284497
7.348,0.00102761557577537
7.394,0.00103259226032361
7.44,0.00103755494580756
7.486,0.00104250369121184
7.532,0.00104743855519015
7.578,0.00105235959606761
7.624,0.00105726687184305
7.67,0.00106216044019129
7.716,0.00106704035846536
7.762,0.00107190668369883
7.808,0.00107675947260793
7.854,0.00108159878159382
7.9,0.00108642466674476
7.946,0.00109123718383826
7.992,0.00109603638834326
8.038,0.00110082233542223
8.084,0.0011055950799333
8.13,0.00111035467643234
8.176,0.00111510117917508
8.222,0.00111983464211911
8.268,0.00112455511892598
8.314,0.00112926266296319
8.36,0.00113395732730623
8.406,0.00113863916474055
8.452,0.00114330822776357
8.498,0.00114796456858658
8.544,0.00115260823913677
8.59,0.0011572392910591
8.636,0.00116185777571823
8.682,0.00116646374420043
8.728,0.00117105724731545
8.774,0.00117563833559839
8.82,0.00118020705931157
8.866,0.00118476346844633
8.912,0.00118930761272492
8.958,0.00119383954160222
9.004,0.00119835930426761
9.05,0.00120286694964672
9.096,0.00120736252640319
9.142,0.00121184608294042
9.188,0.00121631766740332
9.234,0.00122077732768004
9.28,0.00122522511140366
9.326,0.00122966106595388
9.372,0.00123408523845873
9.418,0.00123849767579623
9.464,0.00124289842459603
9.51,0.00124728753124106
9.556,0.00125166504186917
9.602,0.00125603100237473
9.648,0.00126038545841027
9.694,0.00126472845538801
9.74,0.00126906003848149
9.786,0.00127338025262712
9.832,0.00127768914252573
9.878,0.00128198675264412
9.924,0.00128627312721657
9.97,0.00129054831024639
10.016,0.00129481234550739
10.062,0.00129906527654542
10.108,0.0013033071466798
10.154,0.00130753799900482
10.2,0.00131175787639119
10.246,0.00131596682148751
10.292,0.00132016487672168
10.338,0.00132435208430233
10.384,0.00132852848622024
10.43,0.00133269412424975
10.476,0.00133684903995015
10.522,0.00134099327466704
10.568,0.00134512686953374
10.614,0.00134924986547262
10.66,0.00135336230319647
10.706,0.0013574642232098
10.752,0.00136155566581025
10.798,0.00136563667108983
10.844,0.00136970727893626
10.89,0.00137376752903427
10.936,0.00137781746086691
10.982,0.00138185711371679
11.028,0.00138588652666736
11.074,0.0013899057386042
11.12,0.00139391478821625
11.166,0.00139791371399704
11.212,0.00140190255424594
11.258,0.00140588134706938
11.304,0.00140985013038204
11.35,0.00141380894190811
11.396,0.00141775781918241
11.442,0.00142169679955166
11.488,0.00142562592017557
11.534,0.00142954521802808
11.58,0.00143345472989848
11.626,0.00143735449239258
11.672,0.00144124454193384
11.718,0.00144512491476451
11.764,0.00144899564694676
11.81,0.00145285677436377
11.856,0.0014567083327209
11.902,0.00146055035754672
11.948,0.00146438288419414
11.994,0.0014682059478415
12.04,0.00147201958349362
12.086,0.00147582382598289
12.132,0.00147961870997033
12.178,0.00148340426994662
12.224,0.00148718054023318
12.27,0.00149094755498317
12.316,0.00149470534818254
12.362,0.00149845395365107
12.408,0.00150219340504334
12.454,0.00150592373584978
12.5,0.00150964497939765
12.546,0.00151335716885201
12.592,0.00151706033721676
12.638,0.00152075451733558
12.684,0.00152443974189289
12.73,0.00152811604341485
12.776,0.00153178345427029
12.822,0.00153544200667169
12.868,0.00153909173267608
12.914,0.001542732664186
12.96,0.00154636483295043
13.006,0.00154998827056573
13.052,0.00155360300847651
13.098,0.00155720907797658
13.144,0.00156080651020984
13.19,0.00156439533617118
13.236,0.00156797558670736
13.282,0.0015715472925179
13.328,0.00157511048415597
13.374,0.00157866519202922
13.42,0.00158221144640072
13.466,0.00158574927738972
13.512,0.0015892787149726
13.558,0.00159279978898366
13.604,0.00159631252911595
13.65,0.00159981696492216
13.696,0.0016033131258154
13.742,0.00160680104107004
13.788,0.00161028073982252
13.834,0.00161375225107219
13.88,0.00161721560368207
13.926,0.00162067082637968
13.972,0.00162411794775783
14.018,0.00162755699627542
14.064,0.00163098800025817
14.11,0.00163441098789949
14.156,0.00163782598726115
14.202,0.00164123302627413
14.248,0.00164463213273933
14.294,0.00164802333432835
14.34,0.00165140665858423
14.386,0.00165478213292221
14.432,0.00165814978463046
14.478,0.0016615096408708
14.524,0.00166486172867947
14.57,0.00166820607496781
14.616,0.00167154270652301
14.662,0.00167487165000883
14.708,0.00167819293196628
14.754,0.00168150657881435
14.8,0.0016848126168507
14.846,0.00168811107225236
14.892,0.00169140197107643
14.938,0.00169468533926073
14.984,0.00169796120262453
15.03,0.00170122958686921
15.076,0.0017044905175789
15.122,0.00170774402022119
15.168,0.00171099012014778
15.214,0.00171422884259513
15.26,0.00171746021268512
15.306,0.0017206842554257
15.352,0.00172390099571152
15.398,0.00172711045832461
15.444,0.00173031266793498
15.49,0.00173350764910125
15.536,0.00173669542627131
15.582,0.00173987602378293
15.628,0.00174304946586434
15.674,0.00174621577663491
15.72,0.00174937498010572
15.766,0.00175252710018019
15.812,0.00175567216065464
15.858,0.00175881018521896
15.904,0.00176194119745712
15.95,0.00176506522084784
15.996,0.00176818227876512
16.042,0.00177129239447885
16.088,0.0017743955911554
16.134,0.00177749189185815
16.18,0.00178058131954811
16.226,0.00178366389708447
16.272,0.00178673964722514
16.318,0.00178980859262735
16.364,0.00179287075584818
16.41,0.00179592615934513
16.456,0.00179897482547665
16.502,0.00180201677650269
16.548,0.00180505203458527
16.594,0.00180808062178897
16.64,0.0018111025600815
16.686,0.00181411787133421
16.732,0.00181712657732266
16.778,0.00182012869972707
16.824,0.00182312426013291
16.87,0.00182611328003138
16.916,0.00182909578081995
16.962,0.00183207178380284
17.008,0.00183504131019153
17.054,0.00183800438110532
17.1,0.00184096101757173
17.146,0.00184391124052711
17.192,0.00184685507081704
17.238,0.00184979252919687
17.284,0.00185272363633221
17.33,0.00185564841279938
17.376,0.00185856687908592
17.422,0.00186147905559109
17.468,0.00186438496262627
17.514,0.00186728462041552
17.56,0.00187017804909599
17.606,0.00187306526871839
17.652,0.0018759462992475
17.698,0.00187882116056258
17.744,0.00188168987245785
17.79,0.00188455245464293
17.836,0.00188740892674331
17.882,0.00189025930830079
17.928,0.00189310361877393
17.974,0.00189594187753846
18.02,0.00189877410388778
18.066,0.00190160031703336
18.112,0.00190442053610517
18.158,0.00190723478015211
18.204,0.00191004306814248
18.25,0.00191284541896435
18.296,0.00191564185142603
18.342,0.00191843238425644
18.388,0.0019212170361056
18.434,0.00192399582554497
18.48,0.0019267687710679
18.526,0.00192953589109007
18.572,0.00193229720394982
18.618,0.00193505272790862
18.664,0.00193780248115146
18.71,0.00194054648178724
18.756,0.00194328474784915
18.802,0.00194601729729511
18.848,0.00194874414800813
18.894,0.00195146531779669
18.94,0.00195418082439518
18.986,0.00195689068546421
19.032,0.00195959491859107
19.078,0.00196229354129006
19.124,0.00196498657100286
19.17,0.00196767402509897
19.216,0.00197035592087601
19.262,0.00197303227556013
19.308,0.00197570310630638
19.354,0.00197836843019905
19.4,0.00198102826425207
19.446,0.00198368262540935
19.492,0.00198633153054513
19.538,0.00198897499646437
19.584,0.00199161303990308
19.63,0.00199424567752868
19.676,0.00199687292594034
19.722,0.00199949480166935
19.768,0.00200211132117947
19.814,0.00200472250086723
19.86,0.00200732835706234
19.906,0.00200992890602795
19.952,0.00201252416396109
19.998,0.00201511414699288
20.044,0.002017698871189
20.09,0.00202027835254991
20.136,0.00202285260701124
20.182,0.00202542165044411
20.228,0.00202798549865543
20.274,0.00203054416738827
20.32,0.00203309767232214
20.366,0.00203564602907332
20.412,0.0020381892531952
20.458,0.00204072736017858
20.504,0.00204326036545197
20.55,0.00204578828438193
20.596,0.00204831113227337
20.642,0.00205082892436986
20.688,0.00205334167585392
20.734,0.00205584940184736
20.78,0.00205835211741154
20.826,0.00206084983754773
20.872,0.00206334257719733
20.918,0.00206583035124225
20.964,0.00206831317450515
21.01,0.00207079106174976
21.056,0.00207326402768116
21.102,0.00207573208694608
21.148,0.00207819525413319
21.194,0.00208065354377337
21.24,0.00208310697034003
21.286,0.00208555554824935
21.332,0.0020879992918606
21.378,0.0020904382154764
21.424,0.00209287233334301
21.47,0.00209530165965061
21.516,0.00209772620853354
21.562,0.00210014599407063
21.608,0.00210256103028543
21.654,0.00210497133114651
21.7,0.00210737691056771
21.746,0.00210977778240839
21.792,0.00211217396047375
21.838,0.00211456545851506
21.884,0.00211695229022991
21.93,0.00211933446926249
21.976,0.00212171200920387
22.022,0.00212408492359221
22.068,0.00212645322591305
22.114,0.00212881692959958
22.16,0.00213117604803286
22.206,0.00213353059454206
22.252,0.00213588058240478
22.298,0.00213822602484722
22.344,0.0021405669350445
22.39,0.00214290332612083
22.436,0.00214523521114983
22.482,0.00214756260315472
22.528,0.0021498855151086
22.574,0.00215220395993465
22.62,0.00215451795050642
22.666,0.00215682749964802
22.712,0.00215913262013439
22.758,0.00216143332469152
22.804,0.00216372962599669
22.85,0.0021660215366787
22.896,0.0021683090693181
22.942,0.00217059223644743
22.988,0.00217287105055143
23.034,0.00217514552406729
23.08,0.00217741566938487
23.126,0.0021796814988469
23.172,0.00218194302474923
23.218,0.00218420025934108
23.264,0.00218645321482517
23.31,0.00218870190335804
23.356,0.00219094633705022
23.402,0.00219318652796644
23.448,0.00219542248812588
23.494,0.00219765422950233
23.54,0.00219988176402447
23.586,0.00220210510357605
23.632,0.00220432425999609
23.678,0.00220653924507911
23.724,0.00220875007057531
23.77,0.00221095674819084
23.816,0.00221315928958793
23.862,0.00221535770638515
23.908,0.00221755201015759
23.954,0.00221974221243706
24,0.00222192832471232
