"ResDensity","N_TraitValue"
0.0945,0.0108375152180313
1.095331,0.118081405969604
2.096162,0.213188764052677
3.096993,0.298109452072487
4.097824,0.374396876154563
5.098655,0.443303873893557
6.099486,0.505852056358692
7.100317,0.562882799912324
8.101148,0.615095313931567
9.101979,0.663075451154848
10.10281,0.707317784778638
11.103641,0.748242719369067
12.104472,0.786209891809891
13.105303,0.821528768011067
14.106134,0.85446709691331
15.106965,0.885257710784652
16.107796,0.914104037293517
17.108627,0.941184599353492
18.109458,0.966656713164123
19.110289,0.990659546321336
20.11112,1.01331666156933
21.111951,1.03473814437296
22.112782,1.05502239164091
23.113613,1.07425762293311
24.114444,1.09252316311815
25.115275,1.10989053581513
26.116106,1.12642439940348
27.116937,1.14218335142563
28.117768,1.15722062247687
29.118599,1.17158467689911
30.11943,1.18531973456219
31.120261,1.19846622556793
32.121092,1.21106118772627
33.121923,1.22313861503373
34.122754,1.23472976405909
35.123585,1.24586342405103
36.124416,1.25656615568224
37.125247,1.26686250259802
38.126078,1.27677517931625
39.126909,1.28632523850652
40.12774,1.29553222024127
41.128571,1.3044142854455
42.129402,1.31298833546313
43.130233,1.32127011939622
44.131064,1.32927433065147
45.131895,1.33701469393916
46.132726,1.3445040438081
47.133557,1.35175439566213
48.134388,1.35877701008458
49.135219,1.36558245119501
50.13605,1.37218063967443
51.136881,1.3785809010187
52.137712,1.38479200951364
53.138543,1.39082222836804
54.139374,1.39667934639058
55.140205,1.40237071155286
56.141036,1.40790326174287
57.141867,1.41328355297924
58.142698,1.41851778532786
59.143529,1.42361182673598
60.14436,1.42857123497654
61.145191,1.43340127787534
62.146022,1.4381069519756
63.146853,1.4426929997792
64.147684,1.44716392568938
65.148515,1.45152401076784
66.149346,1.45577732640763
67.150177,1.45992774701377
68.151008,1.46397896177456
69.151839,1.46793448559881
70.15267,1.47179766928699
71.153501,1.47557170899839
72.154332,1.47925965507032
73.155163,1.48286442024054
74.155994,1.48638878731963
75.156825,1.48983541635551
76.157656,1.49320685132923
77.158487,1.49650552641708
78.159318,1.49973377185167
79.160149,1.50289381941158
80.16098,1.50598780756669
81.161811,1.50901778630417
82.162642,1.51198572165806
83.163473,1.51489349996331
84.164304,1.5177429318539
85.165135,1.52053575602252
86.165966,1.5232736427585
87.166797,1.52595819727888
88.167628,1.52859096286684
89.168459,1.53117342383005
90.16929,1.53370700829123
91.170121,1.53619309082162
92.170952,1.53863299492774
93.171783,1.54102799540089
94.172614,1.54337932053807
95.173445,1.5456881542425
96.174276,1.5479556380113
97.175107,1.55018287281729
98.175938,1.55237092089153
99.176769,1.55452080741251
100.1776,1.55663352210778
101.178431,1.55871002077317
102.179262,1.56075122671462
103.180093,1.56275803211701
104.180924,1.56473129934444
105.181755,1.56667186217585
106.182586,1.56858052697966
107.183417,1.570458073831
108.184248,1.57230525757474
109.185079,1.57412280883735
110.18591,1.57591143499042
111.186741,1.57767182106861
112.187572,1.57940463064438
113.188403,1.58111050666201
114.189234,1.58279007223298
115.190065,1.58444393139481
116.190896,1.58607266983543
117.191727,1.58767685558463
118.192558,1.5892570396746
119.193389,1.59081375677102
120.19422,1.59234752577617
121.195051,1.59385885040564
122.195882,1.5953482197399
123.196713,1.59681610875195
124.197544,1.59826297881235
125.198375,1.5996892781727
126.199206,1.60109544242865
127.200037,1.60248189496342
128.200868,1.6038490473728
129.201699,1.60519729987256
130.20253,1.606527041689
131.203361,1.60783865143365
132.204192,1.60913249746261
133.205023,1.61040893822146
134.205854,1.61166832257637
135.206685,1.61291099013192
136.207516,1.6141372715365
137.208347,1.61534748877554
138.209178,1.61654195545342
139.210009,1.61772097706441
140.21084,1.61888485125311
141.211671,1.62003386806499
142.212502,1.62116831018737
143.213333,1.62228845318128
144.214164,1.62339456570461
145.214995,1.62448690972693
146.215826,1.62556574073634
147.216657,1.62663130793868
148.217488,1.62768385444946
149.218319,1.62872361747877
150.21915,1.62975082850951
151.219981,1.63076571346921
152.220812,1.63176849289565
153.221643,1.63275938209669
154.222474,1.63373859130434
155.223305,1.63470632582348
156.224136,1.63566278617535
157.224967,1.63660816823611
158.225798,1.6375426633705
159.226629,1.63846645856104
160.22746,1.63937973653273
161.228291,1.64028267587356
162.229122,1.64117545115089
163.229953,1.64205823302401
164.230784,1.64293118835287
165.231615,1.64379448030325
166.232446,1.64464826844839
167.233277,1.64549270886735
168.234108,1.64632795424013
169.234939,1.64715415393969
170.23577,1.64797145412101
171.236601,1.64877999780728
172.237432,1.64957992497335
173.238263,1.6503713726265
174.239094,1.65115447488465
175.239925,1.65192936305217
176.240756,1.65269616569326
177.241587,1.65345500870305
178.242418,1.65420601537649
179.243249,1.65494930647517
180.24408,1.65568500029204
181.244911,1.65641321271417
182.245742,1.65713405728358
183.246573,1.65784764525632
184.247404,1.65855408565963
185.248235,1.65925348534755
186.249066,1.65994594905476
187.249897,1.66063157944886
188.250728,1.66131047718113
189.251559,1.66198274093579
190.25239,1.66264846747782
191.253221,1.66330775169938
192.254052,1.66396068666489
193.254883,1.66460736365486
194.255714,1.66524787220841
195.256545,1.6658823001646
196.257376,1.66651073370257
197.258207,1.66713325738062
198.259038,1.66774995417407
199.259869,1.66836090551217
200.2607,1.66896619131393
201.261531,1.66956589002299
202.262362,1.67016007864148
203.263193,1.67074883276299
204.264024,1.67133222660466
205.264855,1.67191033303831
206.265686,1.67248322362083
207.266517,1.67305096862371
208.267348,1.67361363706174
209.268179,1.67417129672098
210.26901,1.67472401418602
211.269841,1.67527185486646
212.270672,1.67581488302271
213.271503,1.67635316179111
214.272334,1.67688675320844
215.273165,1.67741571823568
216.273996,1.67794011678134
217.274827,1.67846000772395
218.275658,1.6789754489342
219.276489,1.67948649729635
220.27732,1.67999320872921
221.278151,1.68049563820647
222.278982,1.68099383977666
223.279813,1.68148786658247
224.280644,1.68197777087966
225.281475,1.68246360405553
226.282306,1.68294541664682
227.283137,1.68342325835729
228.283968,1.68389717807478
229.284799,1.68436722388789
230.28563,1.68483344310226
231.286461,1.68529588225643
232.287292,1.68575458713732
233.288123,1.68620960279536
234.288954,1.68666097355922
235.289785,1.68710874305022
236.290616,1.68755295419637
237.291447,1.68799364924612
238.292278,1.68843086978169
239.293109,1.68886465673225
240.29394,1.68929505038657
241.294771,1.68972209040562
242.295602,1.69014581583463
243.296433,1.69056626511511
244.297264,1.69098347609639
245.298095,1.69139748604698
246.298926,1.69180833166575
247.299757,1.69221604909267
248.300588,1.69262067391947
249.301419,1.6930222412
250.30225,1.69342078546031
251.303081,1.69381634070859
252.303912,1.69420894044481
253.304743,1.6945986176702
254.305574,1.69498540489649
255.306405,1.69536933415496
256.307236,1.69575043700525
257.308067,1.69612874454406
258.308898,1.69650428741357
259.309729,1.69687709580972
260.31056,1.69724719949031
261.311391,1.69761462778294
262.312222,1.69797940959269
263.313053,1.69834157340977
264.313884,1.69870114731692
265.314715,1.69905815899664
266.315546,1.69941263573833
267.316377,1.6997646044452
268.317208,1.70011409164114
269.318039,1.70046112347733
270.31887,1.70080572573878
271.319701,1.70114792385072
272.320532,1.70148774288485
273.321363,1.70182520756546
274.322194,1.70216034227543
275.323025,1.70249317106212
276.323856,1.70282371764307
277.324687,1.70315200541171
278.325518,1.7034780574428
279.326349,1.7038018964979
280.32718,1.70412354503064
281.328011,1.7044430251919
282.328842,1.7047603588349
283.329673,1.70507556752021
284.330504,1.7053886725206
285.331335,1.70569969482583
286.332166,1.70600865514737
287.332997,1.70631557392295
288.333828,1.70662047132112
289.334659,1.70692336724562
290.33549,1.70722428133973
291.336321,1.70752323299054
292.337152,1.70782024133307
293.337983,1.70811532525439
294.338814,1.7084085033976
295.339645,1.70869979416576
296.340476,1.70898921572577
297.341307,1.70927678601208
298.342138,1.70956252273049
299.342969,1.70984644336169
300.3438,1.71012856516487
301.344631,1.71040890518124
302.345462,1.71068748023741
303.346293,1.71096430694879
304.347124,1.71123940172288
305.347955,1.71151278076253
306.348786,1.71178446006909
307.349617,1.71205445544555
308.350448,1.71232278249963
309.351279,1.71258945664673
310.35211,1.71285449311294
311.352941,1.71311790693789
312.353772,1.71337971297763
313.354603,1.7136399259074
314.355434,1.71389856022439
315.356265,1.71415563025043
316.357096,1.71441115013461
317.357927,1.7146651338559
318.358758,1.71491759522571
319.359589,1.71516854789035
320.36042,1.71541800533353
321.361251,1.71566598087877
322.362082,1.71591248769173
323.362913,1.71615753878262
324.363744,1.71640114700839
325.364575,1.71664332507508
326.365406,1.71688408553994
327.366237,1.71712344081365
328.367068,1.71736140316246
329.367899,1.71759798471026
330.36873,1.71783319744062
331.369561,1.71806705319889
332.370392,1.71829956369408
333.371223,1.71853074050093
334.372054,1.71876059506174
335.372885,1.71898913868829
336.373716,1.71921638256372
337.374547,1.71944233774432
338.375378,1.71966701516132
339.376209,1.71989042562268
340.37704,1.72011257981483
341.377871,1.72033348830432
342.378702,1.72055316153955
343.379533,1.72077160985239
344.380364,1.72098884345981
345.381195,1.72120487246548
346.382026,1.7214197068613
347.382857,1.72163335652899
348.383688,1.72184583124158
349.384519,1.72205714066489
350.38535,1.72226729435902
351.386181,1.72247630177977
352.387012,1.72268417228008
353.387843,1.72289091511141
354.388674,1.72309653942509
355.389505,1.72330105427375
356.390336,1.72350446861253
357.391167,1.72370679130051
358.391998,1.7239080311019
359.392829,1.72410819668736
360.39366,1.72430729663523
361.394491,1.72450533943274
362.395322,1.72470233347723
363.396153,1.72489828707737
364.396984,1.72509320845425
365.397815,1.7252871057426
366.398646,1.7254799869919
367.399477,1.72567186016748
368.400308,1.72586273315163
369.401139,1.72605261374468
370.40197,1.72624150966604
371.402801,1.7264294285553
372.403632,1.7266163779732
373.404463,1.72680236540267
374.405294,1.72698739824984
375.406125,1.72717148384499
376.406956,1.72735462944357
377.407787,1.72753684222709
378.408618,1.72771812930411
379.409449,1.72789849771113
380.41028,1.72807795441354
381.411111,1.72825650630647
382.411942,1.7284341602157
383.412773,1.72861092289853
384.413604,1.72878680104462
385.414435,1.72896180127686
386.415266,1.72913593015218
387.416097,1.72930919416238
388.416928,1.72948159973493
389.417759,1.72965315323376
390.41859,1.72982386096006
391.419421,1.72999372915305
392.420252,1.73016276399071
393.421083,1.73033097159057
394.421914,1.73049835801042
395.422745,1.73066492924905
396.423576,1.73083069124696
397.424407,1.73099564988707
398.425238,1.73115981099542
399.426069,1.73132318034184
400.4269,1.73148576364066
401.427731,1.73164756655132
402.428562,1.73180859467909
403.429393,1.73196885357567
404.430224,1.73212834873986
405.431055,1.73228708561815
406.431886,1.73244506960539
407.432717,1.73260230604537
408.433548,1.73275880023141
409.434379,1.73291455740699
410.43521,1.73306958276632
411.436041,1.7332238814549
412.436872,1.73337745857011
413.437703,1.73353031916178
414.438534,1.7336824682327
415.439365,1.73383391073922
416.440196,1.73398465159176
417.441027,1.73413469565534
418.441858,1.7342840477501
419.442689,1.73443271265183
420.44352,1.73458069509247
421.444351,1.73472799976062
422.445182,1.73487463130204
423.446013,1.73502059432009
424.446844,1.73516589337629
425.447675,1.73531053299074
426.448506,1.7354545176426
427.449337,1.73559785177057
428.450168,1.7357405397733
429.450999,1.73588258600991
430.45183,1.73602399480039
431.452661,1.73616477042601
432.453492,1.73630491712983
433.454323,1.73644443911706
434.455154,1.7365833405555
435.455985,1.73672162557597
436.456816,1.73685929827271
437.457647,1.73699636270376
438.458478,1.73713282289141
439.459309,1.73726868282253
440.46014,1.73740394644902
441.460971,1.73753861768817
442.461802,1.73767270042299
443.462633,1.73780619850269
444.463464,1.73793911574292
445.464295,1.73807145592625
446.465126,1.73820322280246
447.465957,1.73833442008889
448.466788,1.73846505147085
449.467619,1.7385951206019
450.46845,1.73872463110422
451.469281,1.73885358656894
452.470112,1.7389819905565
453.470943,1.73910984659693
454.471774,1.73923715819019
455.472605,1.73936392880651
456.473436,1.73949016188669
457.474267,1.73961586084241
458.475098,1.73974102905654
459.475929,1.73986566988343
460.47676,1.73998978664926
461.477591,1.74011338265225
462.478422,1.74023646116303
463.479253,1.7403590254249
464.480084,1.7404810786541
465.480915,1.74060262404011
466.481746,1.74072366474594
467.482577,1.74084420390837
468.483408,1.74096424463823
469.484239,1.7410837900207
470.48507,1.74120284311553
471.485901,1.74132140695734
472.486732,1.74143948455585
473.487563,1.74155707889614
474.488394,1.74167419293892
475.489225,1.74179082962074
476.490056,1.74190699185428
477.490887,1.74202268252856
478.491718,1.74213790450921
479.492549,1.74225266063867
480.49338,1.74236695373645
481.494211,1.74248078659934
482.495042,1.74259416200168
483.495873,1.74270708269552
484.496704,1.74281955141091
485.497535,1.74293157085607
486.498366,1.74304314371762
487.499197,1.74315427266084
488.500028,1.7432649603298
489.500859,1.74337520934763
490.50169,1.74348502231672
491.502521,1.7435944018189
492.503352,1.74370335041566
493.504183,1.74381187064835
494.505014,1.74391996503839
495.505845,1.74402763608742
496.506676,1.74413488627755
497.507507,1.7442417180715
498.508338,1.74434813391284
499.509169,1.74445413622613
500.51,1.74455972741713
