"ResDensity","N_TraitValue"
10,0.000185841448783795
10.22,0.000189776265662706
10.44,0.00019370471943106
10.66,0.000197626825511354
10.88,0.000201542599276283
11.1,0.000205452056048945
11.32,0.000209355211103037
11.54,0.000213252079663057
11.76,0.0002171426769045
11.98,0.000221027017954056
12.2,0.000224905117889805
12.42,0.000228776991741416
12.64,0.000232642654490334
12.86,0.000236502121069979
13.08,0.000240355406365937
13.3,0.000244202525216151
13.52,0.000248043492411111
13.74,0.000251878322694042
13.96,0.000255707030761099
14.18,0.000259529631261545
14.4,0.000263346138797948
14.62,0.00026715656792636
14.84,0.000270960933156503
15.06,0.000274759248951955
15.28,0.000278551529730335
15.5,0.000282337789863479
15.72,0.000286118043677629
15.94,0.000289892305453608
16.16,0.000293660589427004
16.38,0.000297422909788345
16.6,0.000301179280683281
16.82,0.000304929716212758
17.04,0.000308674230433198
17.26,0.00031241283735667
17.48,0.00031614555095107
17.7,0.000319872385140289
17.92,0.000323593353804393
18.14,0.000327308470779789
18.36,0.000331017749859401
18.58,0.000334721204792837
18.8,0.000338418849286563
19.02,0.000342110697004069
19.24,0.000345796761566037
19.46,0.000349477056550512
19.68,0.000353151595493064
19.9,0.000356820391886959
20.12,0.000360483459183319
20.34,0.00036414081079129
20.56,0.000367792460078206
20.78,0.000371438420369747
21,0.000375078704950108
21.22,0.000378713327062155
21.44,0.000382342299907588
21.66,0.000385965636647099
21.88,0.000389583350400534
22.1,0.000393195454247049
22.32,0.000396801961225269
22.54,0.000400402884333442
22.76,0.000403998236529601
22.98,0.000407588030731712
23.2,0.000411172279817835
23.42,0.000414750996626275
23.64,0.000418324193955735
23.86,0.00042189188456547
24.08,0.000425454081175439
24.3,0.000429010796466453
24.52,0.000432562043080332
24.74,0.000436107833620045
24.96,0.00043964818064987
25.18,0.000443183096695535
25.4,0.000446712594244366
25.62,0.00045023668574544
25.84,0.000453755383609724
26.06,0.000457268700210225
26.28,0.000460776647882135
26.5,0.000464279238922972
26.72,0.000467776485592728
26.94,0.000471268400114011
27.16,0.000474754994672182
27.38,0.000478236281415507
27.6,0.000481712272455289
27.82,0.000485182979866012
28.04,0.000488648415685482
28.26,0.000492108591914962
28.48,0.000495563520519316
28.7,0.000499013213427144
28.92,0.000502457682530918
29.14,0.000505896939687121
29.36,0.000509330996716383
29.58,0.000512759865403614
29.8,0.000516183557498141
30.02,0.000519602084713842
30.24,0.00052301545872928
30.46,0.000526423691187834
30.68,0.000529826793697832
30.9,0.000533224777832685
31.12,0.000536617655131016
31.34,0.000540005437096792
31.56,0.00054338813519945
31.78,0.000546765760874034
32,0.000550138325521317
32.22,0.000553505840507933
32.44,0.000556868317166502
32.66,0.000560225766795759
32.88,0.000563578200660682
33.1,0.000566925629992613
33.32,0.00057026806598939
33.54,0.000573605519815466
33.76,0.000576938002602036
33.98,0.000580265525447162
34.2,0.000583588099415893
34.42,0.000586905735540391
34.64,0.00059021844482005
34.86,0.000593526238221619
35.08,0.000596829126679323
35.3,0.000600127121094986
35.52,0.000603420232338146
35.74,0.000606708471246176
35.96,0.000609991848624406
36.18,0.000613270375246239
36.4,0.000616544061853266
36.62,0.000619812919155391
36.84,0.000623076957830939
37.06,0.000626336188526778
37.28,0.000629590621858433
37.5,0.0006328402684102
37.72,0.000636085138735266
37.94,0.000639325243355814
38.16,0.000642560592763146
38.38,0.00064579119741779
38.6,0.000649017067749617
38.82,0.00065223821415795
39.04,0.000655454647011676
39.26,0.000658666376649361
39.48,0.000661873413379356
39.7,0.000665075767479909
39.92,0.000668273449199277
40.14,0.000671466468755832
40.36,0.000674654836338172
40.58,0.000677838562105228
40.8,0.000681017656186373
41.02,0.00068419212868153
41.24,0.000687361989661275
41.46,0.00069052724916695
41.68,0.000693687917210763
41.9,0.000696844003775897
42.12,0.000699995518816613
42.34,0.000703142472258359
42.56,0.000706284873997867
42.78,0.000709422733903263
43,0.000712556061814167
43.22,0.000715684867541799
43.44,0.000718809160869076
43.66,0.000721928951550719
43.88,0.000725044249313354
44.1,0.00072815506385561
44.32,0.000731261404848222
44.54,0.000734363281934131
44.76,0.000737460704728582
44.98,0.000740553682819229
45.2,0.000743642225766224
45.42,0.000746726343102326
45.64,0.000749806044332992
45.86,0.000752881338936478
46.08,0.000755952236363935
46.3,0.000759018746039504
46.52,0.000762080877360419
46.74,0.000765138639697094
46.96,0.000768192042393225
47.18,0.000771241094765884
47.4,0.000774285806105611
47.62,0.000777326185676512
47.84,0.000780362242716351
48.06,0.000783393986436643
48.28,0.000786421426022748
48.5,0.000789444570633965
48.72,0.000792463429403622
48.94,0.000795478011439171
49.16,0.000798488325822275
49.38,0.000801494381608904
49.6,0.000804496187829422
49.82,0.000807493753488681
50.04,0.000810487087566108
50.26,0.000813476199015796
50.48,0.000816461096766594
50.7,0.000819441789722194
50.92,0.000822418286761221
51.14,0.00082539059673732
51.36,0.000828358728479246
51.58,0.000831322690790948
51.8,0.00083428249245166
52.02,0.000837238142215985
52.24,0.000840189648813982
52.46,0.00084313702095125
52.68,0.000846080267309018
52.9,0.000849019396544228
53.12,0.000851954417289616
53.34,0.000854885338153806
53.56,0.000857812167721382
53.78,0.000860734914552982
54,0.000863653587185378
54.22,0.000866568194131556
54.44,0.000869478743880803
54.66,0.000872385244898788
54.88,0.000875287705627644
55.1,0.000878186134486049
55.32,0.000881080539869308
55.54,0.000883970930149436
55.76,0.000886857313675235
55.98,0.000889739698772377
56.2,0.000892618093743483
56.42,0.000895492506868202
56.64,0.000898362946403295
56.86,0.000901229420582706
57.08,0.000904091937617648
57.3,0.000906950505696678
57.52,0.000909805132985775
57.74,0.00091265582762842
57.96,0.00091550259774567
58.18,0.000918345451436238
58.4,0.00092118439677657
58.62,0.000924019441820918
58.84,0.000926850594601419
59.06,0.000929677863128171
59.28,0.000932501255389309
59.5,0.000935320779351076
59.72,0.000938136442957904
59.94,0.000940948254132484
60.16,0.000943756220775842
60.38,0.000946560350767413
60.6,0.000949360651965116
60.82,0.000952157132205424
61.04,0.00095494979930344
61.26,0.00095773866105297
61.48,0.000960523725226593
61.7,0.000963304999575735
61.92,0.000966082491830741
62.14,0.000968856209700945
62.36,0.000971626160874744
62.58,0.000974392353019667
62.8,0.000977154793782447
63.02,0.000979913490789088
63.24,0.000982668451644942
63.46,0.000985419683934772
63.68,0.000988167195222825
63.9,0.000990910993052902
64.12,0.000993651084948423
64.34,0.000996387478412502
64.56,0.000999120180928009
64.78,0.00100184919995764
65,0.001004574542944
65.22,0.00100729621730963
65.44,0.00101001423045713
65.66,0.00101272858976918
65.88,0.00101543930260862
66.1,0.00101814637631855
66.32,0.00102084981822232
66.54,0.00102354963562369
66.76,0.00102624583580682
66.98,0.00102893842603637
67.2,0.00103162741355757
67.42,0.00103431280559626
67.64,0.00103699460935898
67.86,0.00103967283203302
68.08,0.00104234748078648
68.3,0.00104501856276837
68.52,0.0010476860851086
68.74,0.00105035005491814
68.96,0.00105301047928899
69.18,0.00105566736529431
69.4,0.00105832071998845
69.62,0.00106097055040701
69.84,0.00106361686356694
70.06,0.00106625966646654
70.28,0.00106889896608559
70.5,0.00107153476938536
70.72,0.00107416708330868
70.94,0.00107679591478003
71.16,0.00107942127070556
71.38,0.00108204315797318
71.6,0.00108466158345263
71.82,0.00108727655399549
72.04,0.00108988807643529
72.26,0.00109249615758755
72.48,0.00109510080424982
72.7,0.00109770202320179
72.92,0.00110029982120529
73.14,0.00110289420500439
73.36,0.00110548518132545
73.58,0.00110807275687715
73.8,0.00111065693835061
74.02,0.00111323773241936
74.24,0.00111581514573948
74.46,0.00111838918494962
74.68,0.00112095985667104
74.9,0.0011235271675077
75.12,0.00112609112404631
75.34,0.00112865173285638
75.56,0.00113120900049025
75.78,0.0011337629334832
76,0.00113631353835347
76.22,0.00113886082160231
76.44,0.00114140478971407
76.66,0.00114394544915621
76.88,0.0011464828063794
77.1,0.00114901686781753
77.32,0.0011515476398878
77.54,0.00115407512899077
77.76,0.00115659934151038
77.98,0.00115912028381405
78.2,0.00116163796225271
78.42,0.00116415238316084
78.64,0.00116666355285655
78.86,0.00116917147764162
79.08,0.00117167616380157
79.3,0.00117417761760566
79.52,0.00117667584530702
79.74,0.00117917085314263
79.96,0.00118166264733342
80.18,0.00118415123408429
80.4,0.00118663661958421
80.62,0.00118911881000619
80.84,0.00119159781150741
81.06,0.00119407363022924
81.28,0.00119654627229728
81.5,0.00119901574382142
81.72,0.00120148205089589
81.94,0.00120394519959933
82.16,0.0012064051959948
82.38,0.00120886204612986
82.6,0.00121131575603661
82.82,0.00121376633173173
83.04,0.00121621377921657
83.26,0.00121865810447712
83.48,0.00122109931348415
83.7,0.0012235374121932
83.92,0.00122597240654463
84.14,0.00122840430246371
84.36,0.00123083310586062
84.58,0.00123325882263052
84.8,0.00123568145865361
85.02,0.00123810101979514
85.24,0.0012405175119055
85.46,0.00124293094082024
85.68,0.00124534131236013
85.9,0.00124774863233119
86.12,0.00125015290652476
86.34,0.00125255414071754
86.56,0.00125495234067161
86.78,0.00125734751213452
87,0.00125973966083929
87.22,0.00126212879250449
87.44,0.00126451491283429
87.66,0.00126689802751846
87.88,0.00126927814223247
88.1,0.00127165526263749
88.32,0.00127402939438047
88.54,0.00127640054309417
88.76,0.00127876871439718
88.98,0.00128113391389402
89.2,0.00128349614717513
89.42,0.00128585541981696
89.64,0.00128821173738196
89.86,0.00129056510541869
90.08,0.00129291552946179
90.3,0.00129526301503208
90.52,0.0012976075676366
90.74,0.00129994919276862
90.96,0.00130228789590768
91.18,0.0013046236825197
91.4,0.00130695655805695
91.62,0.0013092865279581
91.84,0.00131161359764832
92.06,0.00131393777253925
92.28,0.0013162590580291
92.5,0.00131857745950264
92.72,0.00132089298233128
92.94,0.00132320563187312
93.16,0.00132551541347293
93.38,0.00132782233246227
93.6,0.00133012639415947
93.82,0.0013324276038697
94.04,0.001334725966885
94.26,0.00133702148848434
94.48,0.00133931417393363
94.7,0.00134160402848579
94.92,0.00134389105738075
95.14,0.00134617526584554
95.36,0.00134845665909431
95.58,0.00135073524232834
95.8,0.00135301102073613
96.02,0.0013552839994934
96.24,0.00135755418376315
96.46,0.00135982157869568
96.68,0.00136208618942865
96.9,0.00136434802108713
97.12,0.00136660707878358
97.34,0.00136886336761797
97.56,0.00137111689267773
97.78,0.00137336765903787
98,0.00137561567176098
98.22,0.00137786093589725
98.44,0.00138010345648453
98.66,0.0013823432385484
98.88,0.00138458028710212
99.1,0.00138681460714677
99.32,0.00138904620367121
99.54,0.00139127508165214
99.76,0.00139350124605417
99.98,0.00139572470182981
100.2,0.00139794545391952
100.42,0.00140016350725176
100.64,0.00140237886674303
100.86,0.00140459153729788
101.08,0.00140680152380896
101.3,0.00140900883115706
101.52,0.00141121346421116
101.74,0.00141341542782842
101.96,0.00141561472685427
102.18,0.00141781136612241
102.4,0.00142000535045485
102.62,0.00142219668466196
102.84,0.00142438537354249
103.06,0.00142657142188361
103.28,0.00142875483446095
103.5,0.00143093561603865
103.72,0.00143311377136933
103.94,0.0014352893051942
104.16,0.00143746222224308
104.38,0.00143963252723438
104.6,0.00144180022487519
104.82,0.00144396531986131
105.04,0.00144612781687725
105.26,0.0014482877205963
105.48,0.00145044503568055
105.7,0.00145259976678089
105.92,0.00145475191853712
106.14,0.0014569014955779
106.36,0.00145904850252085
106.58,0.00146119294397255
106.8,0.00146333482452855
107.02,0.00146547414877347
107.24,0.00146761092128097
107.46,0.00146974514661381
107.68,0.00147187682932388
107.9,0.00147400597395223
108.12,0.00147613258502909
108.34,0.00147825666707394
108.56,0.00148037822459551
108.78,0.0014824972620918
109,0.00148461378405014
109.22,0.00148672779494724
109.44,0.00148883929924914
109.66,0.00149094830141135
109.88,0.00149305480587879
110.1,0.00149515881708588
110.32,0.00149726033945653
110.54,0.00149935937740419
110.76,0.00150145593533192
110.98,0.00150355001763232
111.2,0.00150564162868768
111.42,0.00150773077286991
111.64,0.00150981745454064
111.86,0.00151190167805121
112.08,0.00151398344774273
112.3,0.00151606276794606
112.52,0.00151813964298192
112.74,0.00152021407716085
112.96,0.00152228607478325
113.18,0.00152435564013945
113.4,0.0015264227775097
113.62,0.00152848749116421
113.84,0.0015305497853632
114.06,0.00153260966435689
114.28,0.00153466713238557
114.5,0.00153672219367958
114.72,0.0015387748524594
114.94,0.00154082511293565
115.16,0.00154287297930907
115.38,0.00154491845577066
115.6,0.00154696154650159
115.82,0.00154900225567332
116.04,0.00155104058744756
116.26,0.00155307654597635
116.48,0.00155511013540207
116.7,0.00155714135985743
116.92,0.00155917022346559
117.14,0.00156119673034008
117.36,0.0015632208845849
117.58,0.00156524269029453
117.8,0.00156726215155395
118.02,0.00156927927243868
118.24,0.00157129405701477
118.46,0.0015733065093389
118.68,0.00157531663345833
118.9,0.00157732443341097
119.12,0.0015793299132254
119.34,0.0015813330769209
119.56,0.00158333392850746
119.78,0.00158533247198583
120,0.00158732871134753
