"ResDensity","N_TraitValue"
2,3.28159302021024e-06
2.06,3.36817511879177e-06
2.12,3.45415144801276e-06
2.18,3.53952834308508e-06
2.24,3.62431205118822e-06
2.3,3.70850873299312e-06
2.36,3.79212446415439e-06
2.42,3.87516523677183e-06
2.48,3.95763696082178e-06
2.54,4.03954546555931e-06
2.6,4.12089650089164e-06
2.66,4.20169573872367e-06
2.72,4.28194877427623e-06
2.78,4.36166112737768e-06
2.84,4.44083824372946e-06
2.9,4.51948549614628e-06
2.96,4.59760818577147e-06
3.02,4.67521154326809e-06
3.08,4.75230072998636e-06
3.14,4.82888083910802e-06
3.2,4.90495689676795e-06
3.26,4.98053386315393e-06
3.32,5.05561663358459e-06
3.38,5.13021003956649e-06
3.44,5.20431884983046e-06
3.5,5.27794777134785e-06
3.56,5.35110145032713e-06
3.62,5.42378447319124e-06
3.68,5.49600136753607e-06
3.74,5.56775660307068e-06
3.8,5.63905459253945e-06
3.86,5.70989969262669e-06
3.92,5.78029620484406e-06
3.98,5.85024837640121e-06
4.04,5.91976040105993e-06
4.1,5.98883641997231e-06
4.16,6.05748052250308e-06
4.22,6.12569674703669e-06
4.28,6.19348908176918e-06
4.34,6.26086146548555e-06
4.4,6.32781778832249e-06
4.46,6.39436189251725e-06
4.52,6.46049757314252e-06
4.58,6.52622857882799e-06
4.64,6.59155861246858e-06
4.7,6.65649133191982e-06
4.76,6.72103035068053e-06
4.82,6.78517923856319e-06
4.88,6.84894152235211e-06
4.94,6.91232068644982e-06
5,6.97532017351172e-06
5.06,7.03794338506952e-06
5.12,7.1001936821434e-06
5.18,7.16207438584335e-06
5.24,7.2235887779598e-06
5.3,7.2847401015438e-06
5.36,7.34553156147693e-06
5.42,7.40596632503124e-06
5.48,7.46604752241931e-06
5.54,7.52577824733469e-06
5.6,7.58516155748292e-06
5.66,7.64420047510331e-06
5.72,7.7028979874817e-06
5.78,7.76125704745426e-06
5.84,7.81928057390269e-06
5.9,7.8769714522409e-06
5.96,7.93433253489324e-06
6.02,7.99136664176472e-06
6.08,8.04807656070302e-06
6.14,8.10446504795282e-06
6.2,8.16053482860234e-06
6.26,8.21628859702226e-06
6.32,8.27172901729744e-06
6.38,8.32685872365115e-06
6.44,8.38168032086238e-06
6.5,8.43619638467602e-06
6.56,8.49040946220633e-06
6.62,8.54432207233359e-06
6.68,8.59793670609426e-06
6.74,8.65125582706466e-06
6.8,8.70428187173827e-06
6.86,8.75701724989692e-06
6.92,8.80946434497583e-06
6.98,8.86162551442266e-06
7.04,8.91350309005081e-06
7.1,8.96509937838683e-06
7.16,9.0164166610123e-06
7.22,9.06745719490014e-06
7.28,9.11822321274551e-06
7.34,9.16871692329133e-06
7.4,9.21894051164867e-06
7.46,9.26889613961194e-06
7.52,9.31858594596904e-06
7.58,9.36801204680666e-06
7.64,9.41717653581062e-06
7.7,9.46608148456153e-06
7.76,9.51472894282576e-06
7.82,9.56312093884181e-06
7.88,9.61125947960221e-06
7.94,9.65914655113096e-06
8,9.70678411875669e-06
8.06,9.75417412738148e-06
8.12,9.80131850174562e-06
8.18,9.84821914668815e-06
8.24,9.89487794740339e-06
8.3,9.9412967696936e-06
8.36,9.98747746021764e-06
8.42,1.00334218467359e-05
8.48,1.00791317383513e-05
8.54,1.01246089257469e-05
8.6,1.01698551814199e-05
8.66,1.02148722599114e-05
8.72,1.02596618980337e-05
8.78,1.03042258150935e-05
8.84,1.03485657131118e-05
8.9,1.03926832770407e-05
8.96,1.04365801749768e-05
9.02,1.04802580583715e-05
9.08,1.05237185622379e-05
9.14,1.05669633053552e-05
9.2,1.06099938904694e-05
9.26,1.06528119044912e-05
9.32,1.06954189186914e-05
9.38,1.07378164888929e-05
9.44,1.07800061556602e-05
9.5,1.0821989444486e-05
9.56,1.08637678659747e-05
9.62,1.09053429160241e-05
9.68,1.09467160760038e-05
9.74,1.0987888812931e-05
9.8,1.10288625796438e-05
9.86,1.10696388149725e-05
9.92,1.11102189439076e-05
9.98,1.11506043777661e-05
10.04,1.1190796514355e-05
10.1,1.12307967381324e-05
10.16,1.12706064203669e-05
10.22,1.13102269192937e-05
10.28,1.13496595802697e-05
10.34,1.13889057359253e-05
10.4,1.14279667063149e-05
10.46,1.14668437990645e-05
10.52,1.15055383095181e-05
10.58,1.15440515208809e-05
10.64,1.1582384704362e-05
10.7,1.16205391193135e-05
10.76,1.16585160133689e-05
10.82,1.16963166225789e-05
10.88,1.17339421715455e-05
10.94,1.17713938735542e-05
11,1.18086729307046e-05
11.06,1.1845780534039e-05
11.12,1.18827178636689e-05
11.18,1.19194860889006e-05
11.24,1.19560863683582e-05
11.3,1.19925198501054e-05
11.36,1.20287876717659e-05
11.42,1.20648909606412e-05
11.48,1.21008308338277e-05
11.54,1.21366083983322e-05
11.6,1.2172224751185e-05
11.66,1.22076809795524e-05
11.72,1.22429781608473e-05
11.78,1.22781173628381e-05
11.84,1.23130996437569e-05
11.9,1.23479260524048e-05
11.96,1.23825976282579e-05
12.02,1.24171154015696e-05
12.08,1.24514803934734e-05
12.14,1.24856936160833e-05
12.2,1.25197560725933e-05
12.26,1.25536687573752e-05
12.32,1.25874326560756e-05
12.38,1.26210487457114e-05
12.44,1.26545179947638e-05
12.5,1.26878413632717e-05
12.56,1.2721019802923e-05
12.62,1.27540542571456e-05
12.68,1.27869456611967e-05
12.74,1.28196949422511e-05
12.8,1.28523030194881e-05
12.86,1.28847708041778e-05
12.92,1.29170991997659e-05
12.98,1.29492891019572e-05
13.04,1.2981341398799e-05
13.1,1.3013256970762e-05
13.16,1.30450366908214e-05
13.22,1.30766814245364e-05
13.28,1.31081920301286e-05
13.34,1.313956935856e-05
13.4,1.31708142536091e-05
13.46,1.32019275519468e-05
13.52,1.32329100832113e-05
13.58,1.32637626700813e-05
13.64,1.32944861283492e-05
13.7,1.3325081266993e-05
13.76,1.33555488882472e-05
13.82,1.33858897876729e-05
13.88,1.34161047542271e-05
13.94,1.34461945703312e-05
14,1.34761600119382e-05
14.06,1.35060018485998e-05
14.12,1.3535720843532e-05
14.18,1.35653177536803e-05
14.24,1.35947933297839e-05
14.3,1.36241483164392e-05
14.36,1.36533834521625e-05
14.42,1.36824994694519e-05
14.48,1.37114970948488e-05
14.54,1.37403770489975e-05
14.6,1.3769140046706e-05
14.66,1.37977867970042e-05
14.72,1.38263180032022e-05
14.78,1.38547343629483e-05
14.84,1.38830365682854e-05
14.9,1.39112253057077e-05
14.96,1.39393012562156e-05
15.02,1.39672650953709e-05
15.08,1.3995117493351e-05
15.14,1.40228591150022e-05
15.2,1.40504906198929e-05
15.26,1.40780126623657e-05
15.32,1.41054258915891e-05
15.38,1.41327309516084e-05
15.44,1.41599284813963e-05
15.5,1.4187019114903e-05
15.56,1.42140034811047e-05
15.62,1.4240882204053e-05
15.68,1.42676559029227e-05
15.74,1.42943251920595e-05
15.8,1.43208906810267e-05
15.86,1.43473529746518e-05
15.92,1.43737126730727e-05
15.98,1.43999703717826e-05
16.04,1.44261266616749e-05
16.1,1.4452182129088e-05
16.16,1.44781373558486e-05
16.22,1.45039929193151e-05
16.28,1.45297493924206e-05
16.34,1.45554073437151e-05
16.4,1.45809673374073e-05
16.46,1.46064299334062e-05
16.52,1.46317956873615e-05
16.58,1.46570651507046e-05
16.64,1.46822388706879e-05
16.7,1.47073173904251e-05
16.76,1.47323012489296e-05
16.82,1.47571909811533e-05
16.88,1.4781987118025e-05
16.94,1.48066901864878e-05
17,1.48313007095368e-05
17.06,1.48558192062557e-05
17.12,1.48802461918535e-05
17.18,1.49045821777003e-05
17.24,1.49288276713636e-05
17.3,1.49529831766427e-05
17.36,1.49770491936044e-05
17.42,1.5001026218617e-05
17.48,1.50249147443848e-05
17.54,1.50487152599814e-05
17.6,1.50724282508835e-05
17.66,1.50960541990038e-05
17.72,1.51195935827234e-05
17.78,1.51430468769244e-05
17.84,1.51664145530217e-05
17.9,1.51896970789946e-05
17.96,1.5212894919418e-05
18.02,1.52360085354933e-05
18.08,1.52590383850791e-05
18.14,1.52819849227213e-05
18.2,1.53048485996831e-05
18.26,1.53276298639744e-05
18.32,1.53503291603812e-05
18.38,1.53729469304946e-05
18.44,1.53954836127394e-05
18.5,1.54179396424022e-05
18.56,1.544031545166e-05
18.62,1.54626114696071e-05
18.68,1.54848281222832e-05
18.74,1.55069658327004e-05
18.8,1.55290250208698e-05
18.86,1.55510061038283e-05
18.92,1.55729094956648e-05
18.98,1.55947356075462e-05
19.04,1.56164848477431e-05
19.1,1.56381576216553e-05
19.16,1.56597543318371e-05
19.22,1.56812753780219e-05
19.28,1.57027211571472e-05
19.34,1.5724092063379e-05
19.4,1.57453884881355e-05
19.46,1.57666108201115e-05
19.52,1.5787759445302e-05
19.58,1.58088347470252e-05
19.64,1.58298371059461e-05
19.7,1.58507669000991e-05
19.76,1.58716245049111e-05
19.82,1.58924102932235e-05
19.88,1.59131246353144e-05
19.94,1.59337678989211e-05
20,1.59543404492615e-05
20.06,1.59748426490555e-05
20.12,1.59952748585466e-05
20.18,1.60156374355229e-05
20.24,1.60359307353379e-05
20.3,1.60561551109315e-05
20.36,1.60763109128498e-05
20.42,1.60963984892662e-05
20.48,1.61164181860008e-05
20.54,1.61363703465403e-05
20.6,1.61562553120582e-05
20.66,1.61760734214335e-05
20.72,1.61958250112706e-05
20.78,1.62155104159176e-05
20.84,1.62351299674862e-05
20.9,1.62546839958695e-05
20.96,1.62741728287606e-05
21.02,1.62935967916716e-05
21.08,1.63129562079507e-05
21.14,1.63322513988011e-05
21.2,1.6351482683298e-05
21.26,1.63706503784067e-05
21.32,1.63897547989998e-05
21.38,1.64087962578744e-05
21.44,1.64277750657693e-05
21.5,1.64466915313819e-05
21.56,1.64655459613848e-05
21.62,1.64843386604424e-05
21.68,1.65030699312276e-05
21.74,1.65217400744376e-05
21.8,1.65403493888103e-05
21.86,1.65588981711401e-05
21.92,1.65773867162938e-05
21.98,1.65958153172259e-05
22.04,1.66141842649948e-05
22.1,1.66324938487771e-05
22.16,1.66507443558836e-05
22.22,1.66689360717741e-05
22.28,1.66870692800721e-05
22.34,1.67051442625797e-05
22.4,1.67231612992921e-05
22.46,1.67411206684123e-05
22.52,1.67590226463651e-05
22.58,1.67768675078114e-05
22.64,1.67946555256625e-05
22.7,1.68123869710934e-05
22.76,1.68300621135573e-05
22.82,1.68476812207988e-05
22.88,1.68652445588675e-05
22.94,1.68827523921315e-05
23,1.69002049832905e-05
23.06,1.69176025933891e-05
23.12,1.69349454818297e-05
23.18,1.69522339063855e-05
23.24,1.69694681232131e-05
23.3,1.69866483868654e-05
23.36,1.70037749503039e-05
23.42,1.70208480649112e-05
23.48,1.70378679805034e-05
23.54,1.7054834945342e-05
23.6,1.70717492061464e-05
23.66,1.70886110081055e-05
23.72,1.71054205948896e-05
23.78,1.71221782086623e-05
23.84,1.71388840900921e-05
23.9,1.71555384783637e-05
23.96,1.71721416111898e-05
24.02,1.71886937248218e-05
24.08,1.72051950540618e-05
24.14,1.72216458322731e-05
24.2,1.72380462913913e-05
24.26,1.72543966619355e-05
24.32,1.72706971730188e-05
24.38,1.7286948052359e-05
24.44,1.73031495262895e-05
24.5,1.73193018197694e-05
24.56,1.73354051563942e-05
24.62,1.73514597584061e-05
24.68,1.73674658467041e-05
24.74,1.73834236408542e-05
24.8,1.73993333590993e-05
24.86,1.74151952183696e-05
24.92,1.74310094342919e-05
24.98,1.74467762211995e-05
25.04,1.74624957921423e-05
25.1,1.7478168358896e-05
25.16,1.74937941319715e-05
25.22,1.75093733206247e-05
25.28,1.75249061328657e-05
25.34,1.75403927754678e-05
25.4,1.75558334539773e-05
25.46,1.75712283727217e-05
25.52,1.75865777348197e-05
25.58,1.76018817421892e-05
25.64,1.76171405955569e-05
25.7,1.76323544944666e-05
25.76,1.76475236372882e-05
25.82,1.7662648221226e-05
25.88,1.76777284423277e-05
25.94,1.76927644954924e-05
26,1.77077565744792e-05
26.06,1.77227048719156e-05
26.12,1.77376095793058e-05
26.18,1.77524708870385e-05
26.24,1.77672889843954e-05
26.3,1.77820640595591e-05
26.36,1.7796796299621e-05
26.42,1.78114858905892e-05
26.48,1.78261330173967e-05
26.54,1.78407378639085e-05
26.6,1.78553006129298e-05
26.66,1.78698214462135e-05
26.72,1.78843005444676e-05
26.78,1.78987380873629e-05
26.84,1.79131342535403e-05
26.9,1.79274892206185e-05
26.96,1.79418031652006e-05
27.02,1.79560762628821e-05
27.08,1.79703086882576e-05
27.14,1.79845006149282e-05
27.2,1.79986522155083e-05
27.26,1.80127636616328e-05
27.32,1.80268351239639e-05
27.38,1.80408667721981e-05
27.44,1.80548587750731e-05
27.5,1.80688113003742e-05
27.56,1.80827245149414e-05
27.62,1.80965985846757e-05
27.68,1.81104336745462e-05
27.74,1.81242299485961e-05
27.8,1.81379875699494e-05
27.86,1.81517067008175e-05
27.92,1.81653875025052e-05
27.98,1.81790301354174e-05
28.04,1.81926347590651e-05
28.1,1.82062015320718e-05
28.16,1.82197306121796e-05
28.22,1.82332221562551e-05
28.28,1.8246676320296e-05
28.34,1.82600932594364e-05
28.4,1.82734731279535e-05
28.46,1.82868160792728e-05
28.52,1.83001222659746e-05
28.58,1.83133918397993e-05
28.64,1.83266249516537e-05
28.7,1.8339821751616e-05
28.76,1.83529823889424e-05
28.82,1.83661070120717e-05
28.88,1.83791957686318e-05
28.94,1.83922488054446e-05
29,1.84052662685318e-05
29.06,1.84182483031203e-05
29.12,1.84311950536476e-05
29.18,1.84441066637671e-05
29.24,1.84569832763533e-05
29.3,1.84698250335074e-05
29.36,1.84826320765622e-05
29.42,1.84954045460877e-05
29.48,1.85081425818955e-05
29.54,1.85208463230448e-05
29.6,1.85335159078468e-05
29.66,1.85461514738699e-05
29.72,1.85587531579451e-05
29.78,1.857132109617e-05
29.84,1.85838554239148e-05
29.9,1.85963562758262e-05
29.96,1.8608823785833e-05
30.02,1.86212580871503e-05
30.08,1.86336593122845e-05
30.14,1.86460275930381e-05
30.2,1.86583630605141e-05
30.26,1.86706658451209e-05
30.32,1.86829360765767e-05
30.38,1.86951738839143e-05
30.44,1.87073793954852e-05
30.5,1.87195527389646e-05
30.56,1.87316940413554e-05
30.62,1.8743803428993e-05
30.68,1.87558810275492e-05
30.74,1.87679269620373e-05
30.8,1.87799413568156e-05
30.86,1.87919243355922e-05
30.92,1.8803876021429e-05
30.98,1.8815796536746e-05
31.04,1.88276860033255e-05
31.1,1.88395445423163e-05
31.16,1.88513722742377e-05
31.22,1.88631693189835e-05
31.28,1.88749357958264e-05
31.34,1.88866718234216e-05
31.4,1.88983775198111e-05
31.46,1.89100530024274e-05
31.52,1.89216983880977e-05
31.58,1.89333137930476e-05
31.64,1.89448993329051e-05
31.7,1.89564551227043e-05
31.76,1.89679812768893e-05
31.82,1.8979477909318e-05
31.88,1.89909451332656e-05
31.94,1.90023830614288e-05
32,1.9013791805929e-05
