"ResDensity","N_TraitValue"
5,5.58075575423421e-05
5.11,5.68628861738607e-05
5.22,5.79118527884726e-05
5.33,5.89545147431318e-05
5.44,5.99909287073868e-05
5.55,6.10211506736481e-05
5.66,6.20452359672716e-05
5.77,6.30632392564628e-05
5.88,6.40752145620049e-05
5.99,6.50812152668144e-05
6.1,6.60812941253283e-05
6.21,6.70755032727259e-05
6.32,6.80638942339884e-05
6.43,6.90465179328007e-05
6.54,7.00234247002964e-05
6.65,7.09946642836527e-05
6.76,7.19602858545336e-05
6.87,7.29203380173897e-05
6.98,7.38748688176123e-05
7.09,7.48239257495491e-05
7.2,7.57675557643816e-05
7.31,7.67058052778676e-05
7.42,7.76387201779517e-05
7.53,7.85663458322471e-05
7.64,7.94887270953893e-05
7.75,8.04059083162667e-05
7.86,8.13179333451278e-05
7.97,8.22248455405702e-05
8.08,8.3126687776412e-05
8.19,8.40235024484475e-05
8.3,8.49153314810915e-05
8.41,8.58022163339121e-05
8.52,8.66841980080556e-05
8.63,8.75613170525652e-05
8.74,8.84336135705949e-05
8.85,8.93011272255221e-05
8.96,9.01638972469592e-05
9.07,9.1021962436667e-05
9.18,9.18753611743718e-05
9.29,9.27241314234879e-05
9.4,9.35683107367468e-05
9.51,9.44079362617359e-05
9.62,9.52430447463474e-05
9.73,9.60736725441394e-05
9.84,9.68998556196115e-05
9.95,9.77216295533954e-05
10.06,9.85390295473629e-05
10.17,9.93520904296521e-05
10.28,0.000100160846659615
10.39,0.000100965332332684
10.5,0.000101765581185165
10.61,0.000102561626598955
10.72,0.000103353501606179
10.83,0.000104141238893763
10.94,0.000104924870807931
11.05,0.00010570442935863
11.16,0.000106479946223893
11.27,0.000107251452754127
11.38,0.000108018979976337
11.49,0.000108782558598288
11.6,0.000109542219012598
11.71,0.00011029799130077
11.82,0.000111049905237169
11.93,0.000111797990292921
12.04,0.000112542275639775
12.15,0.000113282790153886
12.26,0.000114019562419555
12.37,0.000114752620732905
12.48,0.000115481993105503
12.59,0.000116207707267929
12.7,0.000116929790673291
12.81,0.000117648270500683
12.92,0.000118363173658602
13.03,0.000119074526788301
13.14,0.000119782356267102
13.25,0.000120486688211654
13.36,0.000121187548481147
13.47,0.000121884962680477
13.58,0.000122578956163362
13.69,0.000123269554035417
13.8,0.000123956781157178
13.91,0.00012464066214709
14.02,0.000125321221384443
14.13,0.000125998483012271
14.24,0.000126672470940204
14.35,0.000127343208847286
14.46,0.000128010720184745
14.57,0.000128675028178729
14.68,0.000129336155832995
14.79,0.000129994125931569
14.9,0.000130648961041363
15.01,0.000131300683514752
15.12,0.00013194931549212
15.23,0.000132594878904365
15.34,0.000133237395475374
15.45,0.000133876886724457
15.56,0.000134513373968751
15.67,0.000135146878325587
15.78,0.000135777420714829
15.89,0.000136405021861171
16,0.000137029702296414
16.11,0.000137651482361701
16.22,0.000138270382209726
16.33,0.000138886421806911
16.44,0.000139499620935553
16.55,0.000140109999195945
16.66,0.000140717576008458
16.77,0.000141322370615606
16.88,0.000141924402084074
16.99,0.000142523689306726
17.1,0.000143120251004575
17.21,0.000143714105728739
17.32,0.000144305271862361
17.43,0.000144893767622503
17.54,0.000145479611062024
17.65,0.00014606282007142
17.76,0.000146643412380648
17.87,0.000147221405560922
17.98,0.000147796817026485
18.09,0.000148369664036361
18.2,0.000148939963696077
18.31,0.000149507732959365
18.42,0.000150072988629847
18.53,0.000150635747362688
18.64,0.000151196025666235
18.75,0.000151753839903628
18.86,0.000152309206294395
18.97,0.000152862140916026
19.08,0.000153412659705521
19.19,0.000153960778460922
19.3,0.000154506512842825
19.41,0.000155049878375871
19.52,0.00015559089045022
19.63,0.000156129564323002
19.74,0.000156665915119749
19.85,0.000157199957835818
19.96,0.000157731707337779
20.07,0.000158261178364804
20.18,0.000158788385530021
20.29,0.000159313343321864
20.4,0.000159836066105397
20.51,0.000160356568123624
20.62,0.000160874863498787
20.73,0.000161390966233637
20.84,0.0001619048902127
20.95,0.00016241664920352
21.06,0.000162926256857889
21.17,0.000163433726713061
21.28,0.000163939072192949
21.39,0.000164442306609311
21.5,0.000164943443162919
21.61,0.000165442494944711
21.72,0.000165939474936932
21.83,0.000166434396014261
21.94,0.000166927270944921
22.05,0.000167418112391778
22.16,0.000167906932913424
22.27,0.000168393744965253
22.38,0.00016887856090051
22.49,0.000169361392971345
22.6,0.00016984225332984
22.71,0.00017032115402903
22.82,0.000170798107023909
22.93,0.000171273124172428
23.04,0.000171746217236471
23.15,0.000172217397882835
23.26,0.000172686677684182
23.37,0.000173154068119988
23.48,0.000173619580577481
23.59,0.000174083226352564
23.7,0.00017454501665073
23.81,0.000175004962587962
23.92,0.00017546307519163
24.03,0.000175919365401366
24.14,0.00017637384406994
24.25,0.000176826521964117
24.36,0.00017727740976551
24.47,0.00017772651807142
24.58,0.000178173857395661
24.69,0.000178619438169389
24.8,0.000179063270741905
24.91,0.000179505365381463
25.02,0.000179945732276055
25.13,0.000180384381534199
25.24,0.000180821323185711
25.35,0.000181256567182469
25.46,0.000181690123399167
25.57,0.000182122001634064
25.68,0.000182552211609724
25.79,0.000182980762973739
25.9,0.000183407665299459
26.01,0.000183832928086696
26.12,0.000184256560762436
26.23,0.00018467857268153
26.34,0.000185098973127388
26.45,0.000185517771312653
26.56,0.00018593497637988
26.67,0.000186350597402201
26.78,0.000186764643383977
26.89,0.000187177123261454
27,0.000187588045903404
27.11,0.00018799742011176
27.22,0.000188405254622245
27.33,0.000188811558104995
27.44,0.000189216339165171
27.55,0.000189619606343566
27.66,0.000190021368117208
27.77,0.000190421632899954
27.88,0.000190820409043076
27.99,0.000191217704835841
28.1,0.000191613528506089
28.21,0.000192007888220795
28.32,0.000192400792086638
28.43,0.000192792248150551
28.54,0.000193182264400272
28.65,0.000193570848764889
28.76,0.000193958009115374
28.87,0.000194343753265116
28.98,0.00019472808897045
29.09,0.00019511102393117
29.2,0.000195492565791049
29.31,0.000195872722138345
29.42,0.000196251500506305
29.53,0.000196628908373662
29.64,0.000197004953165127
29.75,0.000197379642251877
29.86,0.000197752982952036
29.97,0.000198124982531151
30.08,0.000198495648202663
30.19,0.000198864987128376
30.3,0.000199233006418915
30.41,0.000199599713134183
30.52,0.000199965114283814
30.63,0.000200329216827618
30.74,0.000200692027676025
30.85,0.000201053553690519
30.96,0.000201413801684073
31.07,0.000201772778421576
31.18,0.000202130490620258
31.29,0.000202486944950105
31.4,0.000202842148034279
31.51,0.000203196106449525
31.62,0.000203548826726576
31.73,0.000203900315350557
31.84,0.000204250578761381
31.95,0.000204599623354145
32.06,0.000204947455479514
32.17,0.00020529408144411
32.28,0.000205639507510894
32.39,0.00020598373989954
32.5,0.000206326784786811
32.61,0.000206668648306925
32.72,0.000207009336551927
32.83,0.000207348855572042
32.94,0.000207687211376041
33.05,0.000208024409931593
33.16,0.000208360457165614
33.27,0.000208695358964615
33.38,0.000209029121175047
33.49,0.000209361749603641
33.6,0.000209693250017744
33.71,0.000210023628145652
33.82,0.000210352889676942
33.93,0.000210681040262794
34.04,0.000211008085516322
34.15,0.000211334031012886
34.26,0.000211658882290413
34.37,0.000211982644849711
34.48,0.000212305324154777
34.59,0.000212626925633109
34.7,0.000212947454676002
34.81,0.00021326691663886
34.92,0.000213585316841484
35.03,0.000213902660568375
35.14,0.000214218953069022
35.25,0.000214534199558193
35.36,0.000214848405216223
35.47,0.000215161575189293
35.58,0.000215473714589717
35.69,0.000215784828496216
35.8,0.000216094921954195
35.91,0.000216403999976014
36.02,0.000216712067541263
36.13,0.000217019129597023
36.24,0.000217325191058135
36.35,0.000217630256807461
36.46,0.000217934331696143
36.57,0.000218237420543862
36.68,0.00021853952813909
36.79,0.000218840659239346
36.9,0.00021914081857144
37.01,0.000219440010831728
37.12,0.000219738240686348
37.23,0.000220035512771471
37.34,0.000220331831693537
37.45,0.00022062720202949
37.56,0.000220921628327021
37.67,0.000221215115104797
37.78,0.00022150766685269
37.89,0.000221799288032011
38,0.000222089983075734
38.11,0.000222379756388721
38.22,0.000222668612347943
38.33,0.000222956555302704
38.44,0.000223243589574856
38.55,0.000223529719459017
38.66,0.000223814949222784
38.77,0.000224099283106946
38.88,0.000224382725325694
38.99,0.00022466528006683
39.1,0.00022494695149197
39.21,0.000225227743736752
39.32,0.000225507660911039
39.43,0.000225786707099116
39.54,0.000226064886359888
39.65,0.000226342202727083
39.76,0.000226618660209442
39.87,0.000226894262790911
39.98,0.000227169014430836
40.09,0.000227442919064153
40.2,0.000227715980601572
40.31,0.000227988202929764
40.42,0.00022825958991155
40.53,0.000228530145386078
40.64,0.000228799873169005
40.75,0.000229068777052682
40.86,0.000229336860806323
40.97,0.000229604128176189
41.08,0.000229870582885755
41.19,0.000230136228635892
41.3,0.00023040106910503
41.41,0.000230665107949331
41.52,0.000230928348802858
41.63,0.000231190795277742
41.74,0.000231452450964346
41.85,0.000231713319431428
41.96,0.000231973404226304
42.07,0.00023223270887501
42.18,0.000232491236882462
42.29,0.000232748991732608
42.4,0.000233005976888593
42.51,0.000233262195792908
42.62,0.000233517651867545
42.73,0.000233772348514152
42.84,0.000234026289114181
42.95,0.000234279477029037
43.06,0.000234531915600231
43.17,0.000234783608149521
43.28,0.000235034557979063
43.39,0.000235284768371552
43.5,0.000235534242590365
43.61,0.000235782983879706
43.72,0.000236030995464745
43.83,0.000236278280551754
43.94,0.000236524842328252
44.05,0.000236770683963135
44.16,0.000237015808606818
44.27,0.000237260219391365
44.38,0.000237503919430622
44.49,0.000237746911820355
44.6,0.000237989199638375
44.71,0.000238230785944671
44.82,0.000238471673781537
44.93,0.000238711866173702
45.04,0.000238951366128454
45.15,0.000239190176635769
45.26,0.00023942830066843
45.37,0.000239665741182158
45.48,0.000239902501115726
45.59,0.000240138583391086
45.7,0.000240373990913487
45.81,0.000240608726571596
45.92,0.000240842793237611
46.03,0.000241076193767386
46.14,0.000241308931000541
46.25,0.000241541007760579
46.36,0.000241772426855001
46.47,0.000242003191075419
46.58,0.000242233303197666
46.69,0.000242462765981911
46.8,0.000242691582172767
46.91,0.0002429197544994
47.02,0.00024314728567564
47.13,0.000243374178400085
47.24,0.000243600435356211
47.35,0.000243826059212477
47.46,0.000244051052622429
47.57,0.000244275418224803
47.68,0.000244499158643631
47.79,0.000244722276488342
47.9,0.000244944774353862
48.01,0.000245166654820718
48.12,0.000245387920455133
48.23,0.000245608573809131
48.34,0.000245828617420629
48.45,0.000246048053813537
48.56,0.000246266885497857
48.67,0.000246485114969774
48.78,0.000246702744711754
48.89,0.000246919777192636
49,0.000247136214867729
49.11,0.000247352060178901
49.22,0.000247567315554672
49.33,0.000247781983410305
49.44,0.000247996066147896
49.55,0.000248209566156466
49.66,0.000248422485812046
49.77,0.000248634827477768
49.88,0.000248846593503952
49.99,0.000249057786228191
50.1,0.000249268407975438
50.21,0.000249478461058094
50.32,0.000249687947776087
50.43,0.000249896870416961
50.54,0.000250105231255958
50.65,0.000250313032556099
50.76,0.000250520276568266
50.87,0.000250726965531286
50.98,0.000250933101672009
51.09,0.000251138687205388
51.2,0.000251343724334561
51.31,0.000251548215250925
51.42,0.000251752162134221
51.53,0.000251955567152603
51.64,0.000252158432462722
51.75,0.000252360760209799
51.86,0.000252562552527699
51.97,0.000252763811539011
52.08,0.000252964539355117
52.19,0.000253164738076269
52.3,0.000253364409791663
52.41,0.000253563556579509
52.52,0.000253762180507104
52.63,0.000253960283630903
52.74,0.000254157867996594
52.85,0.000254354935639162
52.96,0.000254551488582963
53.07,0.000254747528841794
53.18,0.000254943058418959
53.29,0.000255138079307337
53.4,0.000255332593489453
53.51,0.000255526602937543
53.62,0.000255720109613621
53.73,0.000255913115469544
53.84,0.000256105622447081
53.95,0.000256297632477974
54.06,0.000256489147484005
54.17,0.000256680169377059
54.28,0.000256870700059189
54.39,0.000257060741422678
54.5,0.000257250295350103
54.61,0.000257439363714395
54.72,0.000257627948378901
54.83,0.000257816051197448
54.94,0.0002580036740144
55.05,0.000258190818664723
55.16,0.000258377486974038
55.27,0.000258563680758687
55.38,0.000258749401825789
55.49,0.000258934651973296
55.6,0.000259119432990058
55.71,0.000259303746655872
55.82,0.000259487594741546
55.93,0.000259670979008952
56.04,0.000259853901211085
56.15,0.000260036363092115
56.26,0.000260218366387445
56.37,0.000260399912823768
56.48,0.000260581004119116
56.59,0.00026076164198292
56.7,0.00026094182811606
56.81,0.00026112156421092
56.92,0.000261300851951442
57.03,0.000261479693013174
57.14,0.000261658089063328
57.25,0.000261836041760829
57.36,0.000262013552756366
57.47,0.000262190623692444
57.58,0.000262367256203434
57.69,0.000262543451915625
57.8,0.00026271921244727
57.91,0.000262894539408641
58.02,0.000263069434402073
58.13,0.000263243899022017
58.24,0.000263417934855084
58.35,0.000263591543480099
58.46,0.000263764726468142
58.57,0.000263937485382602
58.68,0.000264109821779217
58.79,0.000264281737206129
58.9,0.000264453233203922
59.01,0.000264624311305674
59.12,0.000264794973037
59.23,0.000264965219916098
59.34,0.000265135053453794
59.45,0.000265304475153587
59.56,0.000265473486511692
59.67,0.000265642089017085
59.78,0.000265810284151549
59.89,0.000265978073389713
60,0.000266145458199098
