"ResDensity","N_TraitValue"
55.2132,7.101003505607e-07
56.0147666,7.19205076076436e-07
56.8163332,7.28279412578587e-07
57.6178998,7.37323511958642e-07
58.4194664,7.46337525097519e-07
59.221033,7.55321601873958e-07
60.0225996,7.64275891172826e-07
60.8241662,7.73200540893346e-07
61.6257328,7.82095697957234e-07
62.4272994,7.90961508316765e-07
63.228866,7.99798116962756e-07
64.0304326,8.08605667932468e-07
64.8319992,8.17384304317433e-07
65.6335658,8.26134168271204e-07
66.4351324,8.34855401017028e-07
67.236699,8.43548142855441e-07
68.0382656,8.52212533171796e-07
68.8398322,8.60848710443711e-07
69.6413988,8.69456812248445e-07
70.4429654,8.78036975270207e-07
71.244532,8.86589335307386e-07
72.0460986,8.95114027279721e-07
72.8476652,9.0361118523539e-07
73.6492318,9.12080942358042e-07
74.4507984,9.20523430973749e-07
75.252365,9.28938782557904e-07
76.0539316,9.37327127742042e-07
76.8554982,9.456885963206e-07
77.6570648,9.54023317257613e-07
78.4586314,9.6233141869334e-07
79.260198,9.70613027950838e-07
80.0617646,9.7886827154246e-07
80.8633312,9.87097275176301e-07
81.6648978,9.95300163762576e-07
82.4664644,1.00347706141994e-06
83.268031,1.01162809148176e-06
84.0695976,1.01975337650229e-06
84.8711642,1.02785303826284e-06
85.6727308,1.03592719777784e-06
86.4742974,1.04397597530089e-06
87.275864,1.05199949033071e-06
88.0774306,1.05999786161705e-06
88.8789972,1.06797120716658e-06
89.6805638,1.07591964424865e-06
90.4821304,1.08384328940107e-06
91.283697,1.0917422584358e-06
92.0852636,1.0996166664446e-06
92.8868302,1.10746662780457e-06
93.6883968,1.11529225618378e-06
94.4899634,1.12309366454667e-06
95.29153,1.13087096515952e-06
96.0930966,1.13862426959584e-06
96.8946632,1.14635368874172e-06
97.6962298,1.15405933280105e-06
98.4977964,1.16174131130086e-06
99.299363,1.1693997330964e-06
100.1009296,1.17703470637638e-06
100.9024962,1.18464633866798e-06
101.7040628,1.19223473684197e-06
102.5056294,1.19980000711767e-06
103.307196,1.2073422550679e-06
104.1087626,1.21486158562392e-06
104.9103292,1.22235810308028e-06
105.7118958,1.22983191109965e-06
106.5134624,1.23728311271759e-06
107.315029,1.24471181034727e-06
108.1165956,1.2521181057842e-06
108.9181622,1.25950210021087e-06
109.7197288,1.26686389420131e-06
110.5212954,1.27420358772572e-06
111.322862,1.28152128015497e-06
112.1244286,1.28881707026507e-06
112.9259952,1.29609105624165e-06
113.7275618,1.30334333568431e-06
114.5291284,1.31057400561104e-06
115.330695,1.31778316246251e-06
116.1322616,1.3249709021064e-06
116.9338282,1.33213731984159e-06
117.7353948,1.33928251040241e-06
118.5369614,1.34640656796281e-06
119.338528,1.35350958614051e-06
120.1400946,1.36059165800106e-06
120.9416612,1.36765287606194e-06
121.7432278,1.37469333229659e-06
122.5447944,1.38171311813837e-06
123.346361,1.38871232448456e-06
124.1479276,1.39569104170026e-06
124.9494942,1.40264935962227e-06
125.7510608,1.40958736756297e-06
126.5526274,1.41650515431413e-06
127.354194,1.42340280815069e-06
128.1557606,1.43028041683452e-06
128.9573272,1.43713806761815e-06
129.7588938,1.44397584724845e-06
130.5604604,1.45079384197028e-06
131.362027,1.45759213753016e-06
132.1635936,1.46437081917979e-06
132.9651602,1.47112997167969e-06
133.7667268,1.47786967930268e-06
134.5682934,1.4845900258374e-06
135.36986,1.49129109459179e-06
136.1714266,1.49797296839653e-06
136.9729932,1.50463572960843e-06
137.7745598,1.51127946011385e-06
138.5761264,1.51790424133202e-06
139.377693,1.52451015421841e-06
140.1792596,1.53109727926797e-06
140.9808262,1.53766569651844e-06
141.7823928,1.54421548555359e-06
142.5839594,1.55074672550641e-06
143.385526,1.55725949506234e-06
144.1870926,1.56375387246236e-06
144.9886592,1.57022993550621e-06
145.7902258,1.57668776155542e-06
146.5917924,1.58312742753644e-06
147.393359,1.58954900994367e-06
148.1949256,1.59595258484249e-06
148.9964922,1.6023382278723e-06
149.7980588,1.60870601424943e-06
150.5996254,1.61505601877014e-06
151.401192,1.62138831581357e-06
152.2027586,1.62770297934457e-06
153.0043252,1.63400008291666e-06
153.8058918,1.64027969967482e-06
154.6074584,1.64654190235837e-06
155.409025,1.65278676330376e-06
156.2105916,1.65901435444734e-06
157.0121582,1.66522474732816e-06
157.8137248,1.67141801309067e-06
158.6152914,1.67759422248747e-06
159.416858,1.68375344588196e-06
160.2184246,1.68989575325107e-06
161.0199912,1.69602121418787e-06
161.8215578,1.70212989790419e-06
162.6231244,1.70822187323328e-06
163.424691,1.71429720863234e-06
164.2262576,1.7203559721851e-06
165.0278242,1.72639823160438e-06
165.8293908,1.73242405423461e-06
166.6309574,1.73843350705429e-06
167.432524,1.74442665667854e-06
168.2340906,1.7504035693615e-06
169.0356572,1.75636431099881e-06
169.8372238,1.76230894713003e-06
170.6387904,1.76823754294101e-06
171.440357,1.7741501632663e-06
172.2419236,1.78004687259152e-06
173.0434902,1.78592773505567e-06
173.8450568,1.7917928144535e-06
174.6466234,1.79764217423778e-06
175.44819,1.80347587752161e-06
176.2497566,1.80929398708067e-06
177.0513232,1.81509656535549e-06
177.8528898,1.82088367445369e-06
178.6544564,1.82665537615217e-06
179.456023,1.83241173189933e-06
180.2575896,1.83815280281723e-06
181.0591562,1.84387864970378e-06
181.8607228,1.84958933303486e-06
182.6622894,1.85528491296647e-06
183.463856,1.86096544933684e-06
184.2654226,1.8666310016685e-06
185.0669892,1.87228162917039e-06
185.8685558,1.87791739073991e-06
186.6701224,1.88353834496497e-06
187.471689,1.88914455012602e-06
188.2732556,1.89473606419804e-06
189.0748222,1.90031294485258e-06
189.8763888,1.90587524945973e-06
190.6779554,1.91142303509005e-06
191.479522,1.91695635851658e-06
192.2810886,1.92247527621675e-06
193.0826552,1.92797984437427e-06
193.8842218,1.9334701188811e-06
194.6857884,1.93894615533928e-06
195.487355,1.94440800906287e-06
196.2889216,1.94985573507974e-06
197.0904882,1.95528938813347e-06
197.8920548,1.96070902268519e-06
198.6936214,1.96611469291536e-06
199.495188,1.97150645272558e-06
200.2967546,1.97688435574043e-06
201.0983212,1.98224845530919e-06
201.8998878,1.98759880450764e-06
202.7014544,1.99293545613978e-06
203.503021,1.99825846273962e-06
204.3045876,2.00356787657284e-06
205.1061542,2.00886374963853e-06
205.9077208,2.01414613367091e-06
206.7092874,2.01941508014098e-06
207.510854,2.0246706402582e-06
208.3124206,2.02991286497216e-06
209.1139872,2.03514180497421e-06
209.9155538,2.04035751069912e-06
210.7171204,2.04556003232668e-06
211.518687,2.05074941978329e-06
212.3202536,2.05592572274362e-06
213.1218202,2.06108899063214e-06
213.9233868,2.06623927262469e-06
214.7249534,2.0713766176501e-06
215.52652,2.07650107439167e-06
216.3280866,2.08161269128875e-06
217.1296532,2.08671151653824e-06
217.9312198,2.09179759809615e-06
218.7327864,2.09687098367904e-06
219.534353,2.10193172076556e-06
220.3359196,2.10697985659792e-06
221.1374862,2.11201543818335e-06
221.9390528,2.11703851229556e-06
222.7406194,2.1220491254762e-06
223.542186,2.12704732403629e-06
224.3437526,2.13203315405766e-06
225.1453192,2.13700666139432e-06
225.9468858,2.14196789167393e-06
226.7484524,2.14691689029916e-06
227.550019,2.15185370244907e-06
228.3515856,2.1567783730805e-06
229.1531522,2.16169094692943e-06
229.9547188,2.16659146851234e-06
230.7562854,2.17147998212753e-06
231.557852,2.17635653185649e-06
232.3594186,2.1812211615652e-06
233.1609852,2.18607391490546e-06
233.9625518,2.19091483531618e-06
234.7641184,2.19574396602471e-06
235.565685,2.20056135004807e-06
236.3672516,2.20536703019427e-06
237.1688182,2.21016104906358e-06
237.9703848,2.21494344904976e-06
238.7719514,2.21971427234134e-06
239.573518,2.22447356092284e-06
240.3750846,2.229221356576e-06
241.1766512,2.23395770088102e-06
241.9782178,2.23868263521777e-06
242.7797844,2.24339620076697e-06
243.581351,2.24809843851144e-06
244.3829176,2.25278938923721e-06
245.1844842,2.25746909353478e-06
245.9860508,2.26213759180023e-06
246.7876174,2.26679492423642e-06
247.589184,2.27144113085413e-06
248.3907506,2.2760762514732e-06
249.1923172,2.28070032572367e-06
249.9938838,2.28531339304692e-06
250.7954504,2.28991549269679e-06
251.597017,2.29450666374067e-06
252.3985836,2.29908694506064e-06
253.2001502,2.30365637535455e-06
254.0017168,2.3082149931371e-06
254.8032834,2.31276283674094e-06
255.60485,2.31729994431773e-06
256.4064166,2.32182635383923e-06
257.2079832,2.32634210309833e-06
258.0095498,2.33084722971012e-06
258.8111164,2.33534177111293e-06
259.612683,2.33982576456936e-06
260.4142496,2.34429924716733e-06
261.2158162,2.34876225582107e-06
262.0173828,2.35321482727219e-06
262.8189494,2.3576569980906e-06
263.620516,2.36208880467561e-06
264.4220826,2.36651028325687e-06
265.2236492,2.37092146989533e-06
266.0252158,2.37532240048431e-06
266.8267824,2.37971311075037e-06
267.628349,2.38409363625436e-06
268.4299156,2.38846401239232e-06
269.2314822,2.3928242743965e-06
270.0330488,2.39717445733621e-06
270.8346154,2.40151459611887e-06
271.636182,2.40584472549086e-06
272.4377486,2.41016488003847e-06
273.2393152,2.41447509418886e-06
274.0408818,2.41877540221091e-06
274.8424484,2.42306583821619e-06
275.644015,2.42734643615981e-06
276.4455816,2.43161722984135e-06
277.2471482,2.43587825290574e-06
278.0487148,2.44012953884413e-06
278.8502814,2.44437112099478e-06
279.651848,2.44860303254396e-06
280.4534146,2.45282530652675e-06
281.2549812,2.45703797582796e-06
282.0565478,2.46124107318293e-06
282.8581144,2.46543463117844e-06
283.659681,2.46961868225351e-06
284.4612476,2.47379325870023e-06
285.2628142,2.47795839266463e-06
286.0643808,2.48211411614747e-06
286.8659474,2.48626046100508e-06
287.667514,2.49039745895014e-06
288.4690806,2.49452514155254e-06
289.2706472,2.49864354024016e-06
290.0722138,2.50275268629964e-06
290.8737804,2.50685261087723e-06
291.675347,2.5109433449795e-06
292.4769136,2.51502491947422e-06
293.2784802,2.51909736509103e-06
294.0800468,2.52316071242229e-06
294.8816134,2.52721499192382e-06
295.68318,2.53126023391566e-06
296.4847466,2.53529646858282e-06
297.2863132,2.53932372597603e-06
298.0878798,2.5433420360125e-06
298.8894464,2.54735142847667e-06
299.691013,2.5513519330209e-06
300.4925796,2.55534357916624e-06
301.2941462,2.55932639630317e-06
302.0957128,2.56330041369226e-06
302.8972794,2.56726566046495e-06
303.698846,2.57122216562422e-06
304.5004126,2.57516995804534e-06
305.3019792,2.57910906647651e-06
306.1035458,2.58303951953962e-06
306.9051124,2.5869613457309e-06
307.706679,2.59087457342164e-06
308.5082456,2.59477923085886e-06
309.3098122,2.59867534616597e-06
310.1113788,2.60256294734348e-06
310.9129454,2.60644206226966e-06
311.714512,2.61031271870119e-06
312.5160786,2.61417494427383e-06
313.3176452,2.6180287665031e-06
314.1192118,2.6218742127849e-06
314.9207784,2.62571131039618e-06
315.722345,2.62954008649557e-06
316.5239116,2.63336056812404e-06
317.3254782,2.63717278220553e-06
318.1270448,2.64097675554756e-06
318.9286114,2.6447725148419e-06
319.730178,2.64856008666515e-06
320.5317446,2.65233949747941e-06
321.3333112,2.65611077363283e-06
322.1348778,2.6598739413603e-06
322.9364444,2.66362902678398e-06
323.738011,2.66737605591398e-06
324.5395776,2.6711150546489e-06
325.3411442,2.67484604877645e-06
326.1427108,2.67856906397405e-06
326.9442774,2.68228412580942e-06
327.745844,2.68599125974115e-06
328.5474106,2.68969049111928e-06
329.3489772,2.69338184518591e-06
330.1505438,2.69706534707572e-06
330.9521104,2.70074102181659e-06
331.753677,2.70440889433015e-06
332.5552436,2.70806898943235e-06
333.3568102,2.71172133183398e-06
334.1583768,2.71536594614129e-06
334.9599434,2.71900285685649e-06
335.76151,2.72263208837832e-06
336.5630766,2.72625366500262e-06
337.3646432,2.72986761092281e-06
338.1662098,2.73347395023049e-06
338.9677764,2.73707270691594e-06
339.769343,2.74066390486867e-06
340.5709096,2.74424756787794e-06
341.3724762,2.74782371963328e-06
342.1740428,2.75139238372503e-06
342.9756094,2.75495358364484e-06
343.777176,2.75850734278618e-06
344.5787426,2.7620536844449e-06
345.3803092,2.76559263181968e-06
346.1818758,2.76912420801255e-06
346.9834424,2.77264843602943e-06
347.785009,2.77616533878059e-06
348.5865756,2.77967493908115e-06
349.3881422,2.78317725965159e-06
350.1897088,2.78667232311824e-06
350.9912754,2.79016015201375e-06
351.792842,2.79364076877758e-06
352.5944086,2.79711419575651e-06
353.3959752,2.80058045520505e-06
354.1975418,2.804039569286e-06
354.9991084,2.80749156007086e-06
355.800675,2.81093644954033e-06
356.6022416,2.81437425958476e-06
357.4038082,2.81780501200462e-06
358.2053748,2.82122872851097e-06
359.0069414,2.8246454307259e-06
359.808508,2.828055140183e-06
360.6100746,2.8314578783278e-06
361.4116412,2.83485366651825e-06
362.2132078,2.83824252602512e-06
363.0147744,2.84162447803246e-06
363.816341,2.84499954363808e-06
364.6179076,2.84836774385394e-06
365.4194742,2.8517290996066e-06
366.2210408,2.85508363173766e-06
367.0226074,2.8584313610042e-06
367.824174,2.86177230807917e-06
368.6257406,2.86510649355188e-06
369.4273072,2.86843393792835e-06
370.2288738,2.87175466163177e-06
371.0304404,2.87506868500294e-06
371.832007,2.87837602830063e-06
372.6335736,2.88167671170204e-06
373.4351402,2.88497075530316e-06
374.2367068,2.88825817911925e-06
375.0382734,2.89153900308517e-06
375.83984,2.89481324705585e-06
376.6414066,2.89808093080663e-06
377.4429732,2.90134207403369e-06
378.2445398,2.90459669635447e-06
379.0461064,2.907844817308e-06
379.847673,2.91108645635534e-06
380.6492396,2.91432163287996e-06
381.4508062,2.91755036618812e-06
382.2523728,2.92077267550925e-06
383.0539394,2.92398857999633e-06
383.855506,2.9271980987263e-06
384.6570726,2.93040125070039e-06
385.4586392,2.93359805484453e-06
386.2602058,2.93678853000972e-06
387.0617724,2.93997269497237e-06
387.863339,2.9431505684347e-06
388.6649056,2.94632216902512e-06
389.4664722,2.94948751529852e-06
390.2680388,2.95264662573674e-06
391.0696054,2.95579951874883e-06
391.871172,2.95894621267146e-06
392.6727386,2.96208672576928e-06
393.4743052,2.96522107623524e-06
394.2758718,2.96834928219098e-06
395.0774384,2.97147136168713e-06
395.879005,2.9745873327037e-06
396.6805716,2.97769721315044e-06
397.4821382,2.9808010208671e-06
398.2837048,2.98389877362388e-06
399.0852714,2.98699048912167e-06
399.886838,2.99007618499247e-06
400.6884046,2.99315587879965e-06
401.4899712,2.99622958803834e-06
402.2915378,2.99929733013576e-06
403.0931044,3.00235912245149e-06
403.894671,3.00541498227788e-06
404.6962376,3.0084649268403e-06
405.4978042,3.01150897329752e-06
406.2993708,3.014547138742e-06
407.1009374,3.01757944020022e-06
407.902504,3.020605894633e-06
408.7040706,3.02362651893581e-06
409.5056372,3.0266413299391e-06
410.3072038,3.02965034440857e-06
411.1087704,3.03265357904555e-06
411.910337,3.03565105048726e-06
412.7119036,3.0386427753071e-06
413.5134702,3.04162877001502e-06
414.3150368,3.04460905105776e-06
415.1166034,3.0475836348192e-06
415.91817,3.05055253762062e-06
416.7197366,3.05351577572103e-06
417.5213032,3.05647336531745e-06
418.3228698,3.05942532254522e-06
419.1244364,3.06237166347826e-06
419.926003,3.06531240412941e-06
420.7275696,3.06824756045067e-06
421.5291362,3.07117714833353e-06
422.3307028,3.07410118360924e-06
423.1322694,3.07701968204909e-06
423.933836,3.0799326593647e-06
424.7354026,3.08284013120829e-06
425.5369692,3.085742113173e-06
426.3385358,3.08863862079311e-06
427.1401024,3.09152966954436e-06
427.941669,3.09441527484422e-06
428.7432356,3.09729545205213e-06
429.5448022,3.10017021646983e-06
430.3463688,3.10303958334158e-06
431.1479354,3.10590356785445e-06
431.949502,3.10876218513861e-06
432.7510686,3.11161545026756e-06
433.5526352,3.11446337825839e-06
434.3542018,3.11730598407208e-06
435.1557684,3.12014328261376e-06
435.957335,3.12297528873293e-06
436.7589016,3.12580201722374e-06
437.5604682,3.12862348282529e-06
438.3620348,3.1314397002218e-06
439.1636014,3.13425068404294e-06
439.965168,3.13705644886405e-06
440.7667346,3.1398570092064e-06
441.5683012,3.14265237953744e-06
442.3698678,3.14544257427104e-06
443.1714344,3.14822760776774e-06
443.973001,3.15100749433502e-06
444.7745676,3.15378224822752e-06
445.5761342,3.15655188364727e-06
446.3777008,3.15931641474398e-06
447.1792674,3.16207585561525e-06
447.980834,3.16483022030679e-06
448.7824006,3.16757952281271e-06
449.5839672,3.1703237770757e-06
450.3855338,3.17306299698732e-06
451.1871004,3.1757971963882e-06
451.988667,3.17852638906827e-06
452.7902336,3.18125058876702e-06
453.5918002,3.1839698091737e-06
454.3933668,3.18668406392758e-06
455.1949334,3.18939336661814e-06
455.9965,3.19209773078533e-06
