"ResDensity","N_TraitValue"
14.9148,0.0166589583221987
16.8636636,0.0187327912284805
18.8125272,0.0207840811291229
20.7613908,0.0228131936080515
22.7102544,0.0248204863867082
24.659118,0.0268063095342906
26.6079816,0.0287710056712811
28.5568452,0.0307149101665142
30.5057088,0.0326383513280201
32.4545724,0.0345416505878736
34.403436,0.0364251226812653
36.3522996,0.038289075820006
38.3011632,0.0401338118606646
40.2500268,0.0419596264675321
42.1988904,0.0437668092705967
44.147754,0.0455556440187074
46.0966176,0.0473264087280954
48.0454812,0.0490793758264182
49.9943448,0.0508148122924815
51.9432084,0.0525329797917896
53.892072,0.0542341348080708
55.8409356,0.0559185287709136
57.7897992,0.0575864081796493
59.7386628,0.0592380147236093
61.6875264,0.0608735853988779
63.63639,0.0624933526216628
65.5852536,0.0640975443383932
67.5341172,0.0656863841326584
69.4829808,0.0672600913290902
71.4318444,0.0688188810942915
73.380708,0.0703629645349079
75.3295716,0.0718925487929367
77.2784352,0.0734078371383639
79.2272988,0.0749090290592153
81.1761624,0.0763963203491064
83.125026,0.0778699031923715
85.0738896,0.0793299662468493
87.0227532,0.0807766947244009
88.9716168,0.0822102704692309
90.9204804,0.0836308720340829
92.869344,0.0850386747543748
94.8182076,0.0864338508203402
96.7670712,0.0878165693472363
98.7159348,0.0891869964436805
100.6647984,0.0905452952781718
102.613662,0.0918916261438545
104.5625256,0.0932261465215774
106.5113892,0.0945490111413
108.4602528,0.0958603720418982
110.4091164,0.0971603786294144
112.35798,0.0984491777338036
114.3068436,0.099726913664216
116.2557072,0.100993728262863
118.2045708,0.102249760957508
120.1534344,0.103495148812622
122.102298,0.104730026579244
124.0511616,0.105954526743587
126.0000252,0.107168779574418
127.9488888,0.108372913169259
129.8977524,0.109567053499437
131.846616,0.110751324454011
133.7954796,0.111925847882624
135.7443432,0.113090743637293
137.6932068,0.114246129613182
139.6420704,0.115392121788372
141.590934,0.116528834262674
143.5397976,0.1176563792955
145.4886612,0.118774867342815
147.4375248,0.119884407093215
149.3863884,0.120985105503128
151.335252,0.122077067831188
153.2841156,0.12316039767179
155.2329792,0.124235196987848
157.1818428,0.125301566142792
159.1307064,0.126359603931805
161.07957,0.127409407612335
163.0284336,0.1284510729339
164.9772972,0.129484694167198
166.9261608,0.130510364132547
168.8750244,0.131528174227671
170.823888,0.132538214454854
172.7727516,0.133540573447461
174.7216152,0.134535338495877
176.6704788,0.135522595572839
178.6193424,0.136502429358207
180.568206,0.137474923263179
182.5170696,0.138440159453957
184.4659332,0.139398218874891
186.4147968,0.140349181271108
188.3636604,0.141293125210637
190.312524,0.142230128106047
192.2613876,0.143160266235612
194.2102512,0.144083614764012
196.1591148,0.145000247762577
198.1079784,0.145910238229095
200.056842,0.146813658107197
202.0057056,0.147710578305309
203.9545692,0.148601068715212
205.9034328,0.149485198230191
207.8522964,0.150363034762807
209.80116,0.151234645262285
211.7500236,0.152100095731534
213.6988872,0.152959451243808
215.6477508,0.153812775959018
217.5966144,0.154660133139699
219.545478,0.155501585166644
221.4943416,0.156337193554214
223.4432052,0.157167018965328
225.3920688,0.157991121226142
227.3409324,0.158809559340428
229.289796,0.15962239150366
231.2386596,0.160429675116802
233.1875232,0.161231466799824
235.1363868,0.162027822404939
237.0852504,0.162818797029572
239.034114,0.16360444502907
240.9829776,0.164384820029148
242.9318412,0.165159974938095
244.8807048,0.165929961958732
246.8295684,0.166694832600128
248.778432,0.167454637689087
250.7272956,0.16820942738141
252.6761592,0.168959251172927
254.6250228,0.169704157910322
256.5738864,0.170444195801734
258.52275,0.171179412427163
260.4716136,0.171909854748665
262.4204772,0.172635569120349
264.3693408,0.173356601298187
266.3182044,0.17407299644963
268.267068,0.174784799163036
270.2159316,0.175492053456927
272.1647952,0.176194802789056
274.1136588,0.176893090065317
276.0625224,0.177586957648468
278.011386,0.178276447366705
279.9602496,0.178961600522066
281.9091132,0.179642457898676
283.8579768,0.18031905977084
285.8068404,0.180991445910986
287.755704,0.18165965559746
289.7045676,0.18232372762217
291.6534312,0.182983700298094
293.6022948,0.183639611466654
295.5511584,0.18429149850494
297.500022,0.184939398332818
299.4488856,0.185583347419894
301.3977492,0.186223381792363
303.3466128,0.18685953703972
305.2954764,0.187491848321365
307.24434,0.188120350373075
309.1932036,0.188745077513367
311.1420672,0.189366063649744
313.0909308,0.189983342284831
315.0397944,0.190596946522399
316.988658,0.191206909073281
318.9375216,0.19181326226119
320.8863852,0.192416038028424
322.8352488,0.193015267941478
324.7841124,0.193610983196553
326.732976,0.194203214624972
328.6818396,0.194791992698495
330.6307032,0.19537734753455
332.5795668,0.195959308901365
334.5284304,0.196537906223017
336.477294,0.197113168584388
338.4261576,0.197685124736044
340.3750212,0.198253803099016
342.3238848,0.198819231769518
344.2727484,0.199381438523567
346.221612,0.199940450821532
348.1704756,0.200496295812611
350.1193392,0.201049000339217
352.0682028,0.201598590941308
354.0170664,0.202145093860628
355.96593,0.20268853504489
357.9147936,0.203228940151875
359.8636572,0.20376633455348
361.8125208,0.204300743339679
363.7613844,0.204832191322435
365.710248,0.205360703039537
367.6591116,0.205886302758375
369.6079752,0.206409014479658
371.5568388,0.206928861941067
373.5057024,0.207445868620844
375.454566,0.207960057741331
377.4034296,0.208471452272447
379.3522932,0.208980074935106
381.3011568,0.209485948204582
383.2500204,0.209989094313824
385.198884,0.210489535256706
387.1477476,0.210987292791239
389.0966112,0.21148238844272
391.0454748,0.211974843506836
392.9943384,0.212464679052718
394.943202,0.212951915925945
396.8920656,0.213436574751502
398.8409292,0.213918675936689
400.7897928,0.214398239673985
402.7386564,0.214875285943872
404.68752,0.215349834517603
406.6363836,0.215821904959938
408.5852472,0.216291516631831
410.5341108,0.216758688693079
412.4829744,0.217223440104924
414.431838,0.217685789632623
416.3807016,0.218145755847969
418.3295652,0.218603357131782
420.2784288,0.219058611676354
422.2272924,0.219511537487863
424.176156,0.219962152388743
426.1250196,0.220410474020025
428.0738832,0.220856519843641
430.0227468,0.221300307144684
431.9716104,0.221741853033649
433.920474,0.222181174448625
435.8693376,0.222618288157466
437.8182012,0.223053210759924
439.7670648,0.223485958689747
441.7159284,0.22391654821675
443.664792,0.224344995448858
445.6136556,0.224771316334108
447.5625192,0.225195526662634
449.5113828,0.225617642068613
451.4602464,0.226037678032185
453.40911,0.22645564988135
455.3579736,0.226871572793828
457.3068372,0.227285461798895
459.2557008,0.227697331779201
461.2045644,0.228107197472545
463.153428,0.228515073473638
465.1022916,0.228920974235835
467.0511552,0.22932491407284
469.0000188,0.22972690716039
470.9488824,0.230126967537914
472.897746,0.230525109110167
474.8466096,0.230921345648839
476.7954732,0.231315690794146
478.7443368,0.231708158056394
480.6932004,0.23209876081752
482.642064,0.232487512332616
484.5909276,0.232874425731428
486.5397912,0.233259514019831
488.4886548,0.23364279008129
490.4375184,0.234024266678295
492.386382,0.234403956453778
494.3352456,0.234781871932511
496.2841092,0.235158025522479
498.2329728,0.235532429516245
500.1818364,0.23590509609228
502.1307,0.236276037316293
504.0795636,0.236645265142527
506.0284272,0.237012791415044
507.9772908,0.237378627868993
509.9261544,0.237742786131858
511.875018,0.238105277724692
513.8238816,0.238466114063329
515.7727452,0.238825306459583
517.7216088,0.239182866122431
519.6704724,0.23953880415918
521.619336,0.239893131576615
523.5681996,0.240245859282134
525.5170632,0.240596998084868
527.4659268,0.240946558696787
529.4147904,0.241294551733784
531.363654,0.241640987716754
533.3125176,0.241985877072653
535.2613812,0.242329230135546
537.2102448,0.242671057147636
539.1591084,0.243011368260282
541.107972,0.243350173535008
543.0568356,0.243687482944494
545.0056992,0.244023306373549
546.9545628,0.244357653620083
548.9034264,0.244690534396056
550.85229,0.245021958328421
552.8011536,0.24535193496005
554.7500172,0.245680473750652
556.6988808,0.246007584077673
558.6477444,0.246333275237194
560.596608,0.246657556444806
562.5454716,0.246980436836483
564.4943352,0.24730192546944
566.4431988,0.247622031322976
568.3920624,0.247940763299314
570.340926,0.248258130224425
572.2897896,0.248574140848843
574.2386532,0.248888803848468
576.1875168,0.24920212782536
578.1363804,0.249514121308527
580.085244,0.249824792754691
582.0341076,0.250134150549061
583.9829712,0.25044220300608
585.9318348,0.250748958370175
587.8806984,0.25105442481649
589.829562,0.251358610451611
591.7784256,0.251661523314288
593.7272892,0.251963171376138
595.6761528,0.252263562542346
597.6250164,0.252562704652358
599.57388,0.252860605480559
601.5227436,0.253157272736949
603.4716072,0.253452714067807
605.4204708,0.253746937056349
607.3693344,0.254039949223377
609.318198,0.254331758027919
611.2670616,0.254622370867859
613.2159252,0.254911795080571
615.1647888,0.255200037943524
617.1136524,0.255487106674905
619.062516,0.255773008434211
621.0113796,0.25605775032285
622.9602432,0.256341339384729
624.9091068,0.256623782606829
626.8579704,0.256905086919787
628.806834,0.257185259198458
630.7556976,0.257464306262476
632.7045612,0.257742234876806
634.6534248,0.258019051752295
636.6022884,0.258294763546207
638.551152,0.258569376862758
640.5000156,0.258842898253648
642.4488792,0.259115334218574
644.3977428,0.259386691205753
646.3466064,0.259656975612423
648.29547,0.259926193785352
650.2443336,0.260194352021333
652.1931972,0.260461456567672
654.1420608,0.260727513622676
656.0909244,0.260992529336135
658.039788,0.261256509809788
659.9886516,0.2615194610978
661.9375152,0.261781389207219
663.8863788,0.262042300098434
665.8352424,0.262302199685631
667.784106,0.262561093837237
669.7329696,0.262818988376361
671.6818332,0.263075889081232
673.6306968,0.263331801685629
675.5795604,0.263586731879311
677.528424,0.263840685308435
679.4772876,0.264093667575974
681.4261512,0.26434568424213
683.3750148,0.264596740824741
685.3238784,0.264846842799682
687.272742,0.265095995601265
689.2216056,0.265344204622634
691.1704692,0.26559147521615
693.1193328,0.265837812693778
695.0681964,0.266083222327469
697.01706,0.266327709349533
698.9659236,0.266571278953013
700.9147872,0.266813936292052
702.8636508,0.267055686482256
704.8125144,0.267296534601055
706.761378,0.267536485688056
708.7102416,0.267775544745398
710.6591052,0.268013716738096
712.6079688,0.268251006594388
714.5568324,0.268487419206071
716.505696,0.268722959428841
718.4545596,0.268957632082624
720.4034232,0.269191441951905
722.3522868,0.26942439378605
724.3011504,0.269656492299634
726.250014,0.269887742172754
728.1988776,0.270118148051344
730.1477412,0.270347714547489
732.0966048,0.270576446239729
734.0454684,0.270804347673368
735.994332,0.271031423360768
737.9431956,0.271257677781657
739.8920592,0.271483115383412
741.8409228,0.27170774058136
743.7897864,0.27193155775906
745.73865,0.272154571268594
747.6875136,0.272376785430843
749.6363772,0.272598204535767
751.5852408,0.272818832842688
753.5341044,0.273038674580553
755.482968,0.273257733948213
757.4318316,0.273476015114682
759.3806952,0.273693522219411
761.3295588,0.273910259372541
763.2784224,0.274126230655166
765.227286,0.274341440119591
767.1761496,0.27455589178958
769.1250132,0.274769589660611
771.0738768,0.274982537700124
773.0227404,0.275194739847765
774.971604,0.275406200015629
776.9204676,0.275616922088502
778.8693312,0.275826909924095
780.8181948,0.276036167353286
782.7670584,0.276244698180347
784.715922,0.276452506183177
786.6647856,0.276659595113531
788.6136492,0.276865968697242
790.5625128,0.27707163063445
792.5113764,0.277276584599819
794.46024,0.277480834242756
796.4091036,0.277684383187631
798.3579672,0.277887235033988
800.3068308,0.278089393356758
802.2556944,0.278290861706469
804.204558,0.278491643609456
806.1534216,0.278691742568061
808.1022852,0.278891162060846
810.0511488,0.279089905542784
812.0000124,0.279287976445467
813.948876,0.279485378177298
815.8977396,0.279682114123691
817.8466032,0.279878187647259
819.7954668,0.280073602088013
821.7443304,0.280268360763542
823.693194,0.280462466969212
825.6420576,0.280655923978341
827.5909212,0.280848735042392
829.5397848,0.281040903391148
831.4886484,0.281232432232898
833.437512,0.281423324754611
835.3863756,0.281613584122117
837.3352392,0.281803213480278
839.2841028,0.281992215953164
841.2329664,0.282180594644224
843.18183,0.282368352636455
845.1306936,0.282555492992571
847.0795572,0.28274201875517
849.0284208,0.282927932946895
850.9772844,0.283113238570606
852.926148,0.28329793860953
854.8750116,0.283482036027433
856.8238752,0.283665533768768
858.7727388,0.283848434758839
860.7216024,0.284030741903954
862.670466,0.28421245809158
864.6193296,0.284393586190493
866.5681932,0.284574129050931
868.5170568,0.284754089504743
870.4659204,0.284933470365537
872.414784,0.285112274428828
874.3636476,0.28529050447218
876.3125112,0.285468163255353
878.2613748,0.285645253520445
880.2102384,0.285821777992029
882.159102,0.285997739377301
884.1079656,0.286173140366209
886.0568292,0.286347983631596
888.0056928,0.286522271829336
889.9545564,0.286696007598465
891.90342,0.286869193561315
893.8522836,0.287041832323648
895.8011472,0.287213926474788
897.7500108,0.287385478587743
899.6988744,0.287556491219343
901.647738,0.287726966910359
903.5966016,0.287896908185634
905.5454652,0.288066317554205
907.4943288,0.288235197509427
909.4431924,0.288403550529097
911.392056,0.288571379075572
913.3409196,0.288738685595891
915.2897832,0.288905472521895
917.2386468,0.289071742270343
919.1875104,0.289237497243029
921.136374,0.289402739826898
923.0852376,0.28956747239416
925.0341012,0.289731697302405
926.9829648,0.289895416894715
928.9318284,0.290058633499773
930.880692,0.290221349431977
932.8295556,0.290383566991547
934.7784192,0.290545288464634
936.7272828,0.290706516123429
938.6761464,0.290867252226266
940.62501,0.29102749901773
942.5738736,0.291187258728761
944.5227372,0.291346533576759
946.4716008,0.291505325765681
948.4204644,0.291663637486152
950.369328,0.291821470915555
952.3181916,0.29197882821814
954.2670552,0.292135711545119
956.2159188,0.292292123034761
958.1647824,0.292448064812495
960.113646,0.292603538991004
962.0625096,0.292758547670317
964.0113732,0.292913092937911
965.9602368,0.293067176868797
967.9091004,0.293220801525616
969.857964,0.293373968958732
971.8068276,0.293526681206324
973.7556912,0.293678940294473
975.7045548,0.293830748237253
977.6534184,0.293982107036821
979.602282,0.294133018683504
981.5511456,0.294283485155887
983.5000092,0.294433508420898
985.4488728,0.294583090433896
987.3977364,0.294732233138753
989.3466,0.294880938467941
