"ResDensity","N_TraitValue"
25,0.00632995455698104
26.95,0.00675511016071311
28.9,0.00717180482907029
30.85,0.00758028864268697
32.8,0.00798080192280921
34.75,0.00837357570276973
36.7,0.00875883217239209
38.65,0.00913678509712034
40.6,0.00950764021353545
42.55,0.00987159560279603
44.5,0.0102288420434277
46.45,0.0105795633447812
48.4,0.0109239366623841
50.35,0.0112621327963224
52.3,0.0115943164737087
54.25,0.0119206466162173
56.2,0.0122412765936003
58.15,0.0125563544640336
60.1,0.0128660232020846
62.05,0.013170420915039
64,0.0134696810482732
65.95,0.0137639325803167
67.9,0.0140533002081999
69.85,0.0143379045236503
71.8,0.0146178621806577
73.75,0.0148932860548987
75.7,0.015164285395478
77.65,0.0154309659694153
79.6,0.0156934301992786
81.55,0.0159517772943406
83.5,0.0162061033756115
85.45,0.0164565015950778
87.4,0.0167030622494598
89.35,0.016945872888778
91.3,0.0171850184200029
93.25,0.0174205812060475
95.2,0.0176526411603422
97.15,0.0178812758372233
99.1,0.0181065605183474
101.05,0.0183285682953348
103,0.0185473701488339
104.95,0.0187630350241833
106.9,0.018975629903844
108.85,0.0191852198767595
110.8,0.019391868204796
112.75,0.0195956363864041
114.7,0.0197965842176373
116.65,0.0199947698506542
118.6,0.0201902498498248
120.55,0.0203830792455544
122.5,0.0205733115859326
124.45,0.0207609989863099
126.4,0.0209461921768971
128.35,0.0211289405484802
130.3,0.0213092921963364
132.25,0.0214872939624331
134.2,0.0216629914759893
136.15,0.0218364291924702
138.1,0.0220076504310884
140.05,0.0221766974108751
142,0.0223436112853872
143.95,0.0225084321761074
145.9,0.0226711992045969
147.85,0.0228319505234525
149.8,0.0229907233461216
151.75,0.0231475539756222
153.7,0.0233024778322164
155.65,0.0234555294800793
157.6,0.0236067426530081
159.55,0.0237561502792093
161.5,0.023903784505204
163.45,0.0240496767188867
165.4,0.0241938575717723
167.35,0.0243363570004653
169.3,0.0244772042473819
171.25,0.0246164278807559
173.2,0.0247540558139559
175.15,0.0248901153241432
177.1,0.0250246330702942
179.05,0.0251576351106149
181,0.0252891469193684
182.95,0.0254191934031421
184.9,0.0255477989165716
186.85,0.0256749872775472
188.8,0.0258007817819186
190.75,0.0259252052177202
192.7,0.0260482798789326
194.65,0.0261700275787997
196.6,0.0262904696627174
198.55,0.0264096270207095
200.5,0.0265275200995064
202.45,0.0266441689142419
204.4,0.0267595930597814
206.35,0.0268738117216944
208.3,0.0269868436868865
210.25,0.0270987073539003
212.2,0.0272094207428991
214.15,0.0273190015053447
216.1,0.0274274669333785
218.05,0.0275348339689189
220,0.0276411192124827
221.95,0.0277463389317416
223.9,0.0278505090698232
225.85,0.0279536452533633
227.8,0.0280557628003216
229.75,0.0281568767275651
231.7,0.0282570017582303
233.65,0.0283561523288699
235.6,0.0284543425963919
237.55,0.0285515864447979
239.5,0.0286478974917279
241.45,0.0287432890948174
243.4,0.0288377743578734
245.35,0.0289313661368746
247.3,0.0290240770458035
249.25,0.0291159194623132
251.2,0.0292069055332364
253.15,0.029297047179941
255.1,0.0293863561035373
257.05,0.0294748437899412
259,0.0295625215147984
260.95,0.0296494003482748
262.9,0.0297354911597155
264.85,0.029820804622178
266.8,0.0299053512168433
268.75,0.0299891412373086
270.7,0.030072184793765
272.65,0.0301544918170642
274.6,0.0302360720626772
276.55,0.0303169351145495
278.5,0.0303970903888537
280.45,0.0304765471376451
282.4,0.0305553144524219
284.35,0.0306334012675923
286.3,0.0307108163638537
288.25,0.0307875683714834
290.2,0.0308636657735465
292.15,0.0309391169090208
294.1,0.0310139299758436
296.05,0.0310881130338809
298,0.0311616740078216
299.95,0.0312346206900003
301.9,0.031306960743148
303.85,0.0313787017030764
305.8,0.0314498509812943
307.75,0.0315204158675599
309.7,0.0315904035323711
311.65,0.031659821029394
313.6,0.0317286752978327
315.55,0.0317969731647424
317.5,0.0318647213472848
319.45,0.0319319264549313
321.4,0.0319985949916122
323.35,0.0320647333578149
325.3,0.0321303478526322
327.25,0.0321954446757626
329.2,0.0322600299294625
331.15,0.0323241096204537
333.1,0.032387689661785
335.05,0.0324507758746519
337,0.0325133739901725
338.95,0.0325754896511236
340.9,0.0326371284136361
342.85,0.0326982957488519
344.8,0.0327589970445426
346.75,0.0328192376066915
348.7,0.0328790226610397
350.65,0.0329383573545973
352.6,0.0329972467571206
354.55,0.0330556958625559
356.5,0.0331137095904516
358.45,0.033171292787338
360.4,0.0332284502280774
362.35,0.0332851866171839
364.3,0.0333415065901139
366.25,0.0333974147145292
368.2,0.033452915491531
370.15,0.0335080133568689
372.1,0.0335627126821218
374.05,0.0336170177758546
376,0.0336709328847496
377.95,0.0337244621947132
379.9,0.0337776098319594
381.85,0.0338303798640701
383.8,0.0338827763010327
385.75,0.0339348030962563
387.7,0.0339864641475655
389.65,0.034037763298174
391.6,0.0340887043376381
393.55,0.0341392910027894
395.5,0.0341895269786487
397.45,0.0342394158993209
399.4,0.0342889613488713
401.35,0.0343381668621841
403.3,0.0343870359258028
405.25,0.0344355719787538
407.2,0.0344837784133536
409.15,0.0345316585759983
411.1,0.0345792157679388
413.05,0.0346264532460391
415,0.0346733742235198
416.95,0.034719981870687
418.9,0.0347662793156462
420.85,0.0348122696450018
422.8,0.0348579559045438
424.75,0.0349033410999195
426.7,0.0349484281972931
428.65,0.0349932201239917
430.6,0.0350377197691389
432.55,0.0350819299842761
434.5,0.0351258535839716
436.45,0.0351694933464175
438.4,0.0352128520140162
440.35,0.0352559322939543
442.3,0.0352987368587663
444.25,0.0353412683468871
446.2,0.0353835293631945
448.15,0.0354255224795404
450.1,0.0354672502352732
452.05,0.0355087151377491
454,0.0355499196628348
455.95,0.0355908662553999
457.9,0.0356315573298009
459.85,0.0356719952703552
461.8,0.0357121824318075
463.75,0.0357521211397861
465.7,0.0357918136912524
467.65,0.0358312623549403
469.6,0.0358704693717894
471.55,0.0359094369553688
473.5,0.0359481672922936
475.45,0.0359866625426344
477.4,0.0360249248403185
479.35,0.0360629562935243
481.3,0.0361007589850687
483.25,0.0361383349727871
485.2,0.0361756862899067
487.15,0.0362128149454138
489.1,0.0362497229244133
491.05,0.0362864121884829
493,0.0363228846760207
494.95,0.0363591423025862
496.9,0.0363951869612362
498.85,0.0364310205228537
500.8,0.036466644836472
502.75,0.0365020617295925
504.7,0.0365372730084975
506.65,0.036572280458557
508.6,0.0366070858445307
510.55,0.0366416909108642
512.5,0.0366760973819809
514.45,0.0367103069625682
516.4,0.0367443213378589
518.35,0.0367781421739083
520.3,0.036811771117866
522.25,0.0368452097982431
524.2,0.0368784598251757
526.15,0.0369115227906827
528.1,0.0369444002689202
530.05,0.0369770938164313
532,0.0370096049723917
533.95,0.0370419352588515
535.9,0.0370740861809722
537.85,0.0371060592272609
539.8,0.0371378558697995
541.75,0.037169477564471
543.7,0.0372009257511815
545.65,0.0372322018540788
547.6,0.0372633072817675
549.55,0.0372942434275204
551.5,0.0373250116694864
553.45,0.0373556133708953
555.4,0.0373860498802592
557.35,0.0374163225315704
559.3,0.0374464326444965
561.25,0.0374763815245718
563.2,0.0375061704633867
565.15,0.0375358007387724
567.1,0.0375652736149846
569.05,0.0375945903428826
571,0.0376237521601066
572.95,0.0376527602912518
574.9,0.0376816159480398
576.85,0.0377103203294873
578.8,0.0377388746220722
580.75,0.0377672799998973
582.7,0.0377955376248508
584.65,0.037823648646765
586.6,0.0378516142035722
588.55,0.0378794354214583
590.5,0.0379071134150138
592.45,0.037934649287383
594.4,0.0379620441304102
596.35,0.0379892990247842
598.3,0.0380164150401803
600.25,0.0380433932354004
602.2,0.0380702346585107
604.15,0.0380969403469774
606.1,0.0381235113278006
608.05,0.0381499486176455
610,0.0381762532229725
611.95,0.0382024261401647
613.9,0.0382284683556538
615.85,0.0382543808460441
617.8,0.0382801645782343
619.75,0.038305820509538
621.7,0.0383313495878022
623.65,0.0383567527515239
625.6,0.0383820309299652
627.55,0.0384071850432665
629.5,0.0384322160025583
631.45,0.0384571247100711
633.4,0.0384819120592439
635.35,0.0385065789348309
637.3,0.0385311262130068
639.25,0.0385555547614706
641.2,0.0385798654395478
643.15,0.0386040590982914
645.1,0.0386281365805807
647.05,0.0386520987212196
649,0.0386759463470329
650.95,0.0386996802769617
652.9,0.0387233013221565
654.85,0.0387468102860704
656.8,0.0387702079645496
658.75,0.0387934951459235
660.7,0.0388166726110931
662.65,0.0388397411336186
664.6,0.0388627014798048
666.55,0.0388855544087867
668.5,0.0389083006726127
670.45,0.0389309410163272
672.4,0.0389534761780522
674.35,0.038975906889067
676.3,0.0389982338738877
678.25,0.0390204578503452
680.2,0.0390425795296621
682.15,0.0390645996165281
684.1,0.0390865188091758
686.05,0.0391083377994535
688,0.0391300572728986
689.95,0.0391516779088093
691.9,0.0391732003803152
693.85,0.0391946253544474
695.8,0.0392159534922073
697.75,0.0392371854486347
699.7,0.0392583218728745
701.65,0.0392793634082434
703.6,0.0393003106922947
705.55,0.039321164356883
707.5,0.0393419250282275
709.45,0.0393625933269748
711.4,0.039383169868261
713.35,0.039403655261772
715.3,0.0394240501118047
717.25,0.0394443550173256
719.2,0.0394645705720297
721.15,0.0394846973643987
723.1,0.0395047359777576
725.05,0.0395246869903313
727,0.0395445509753003
728.95,0.0395643285008552
730.9,0.0395840201302516
732.85,0.0396036264218628
734.8,0.039623147929233
736.75,0.0396425852011293
738.7,0.0396619387815931
740.65,0.039681209209991
742.6,0.0397003970210646
744.55,0.0397195027449803
746.5,0.039738526907378
748.45,0.0397574700294193
750.4,0.0397763326278348
752.35,0.0397951152149718
754.3,0.0398138182988399
756.25,0.0398324423831573
758.2,0.039850987967396
760.15,0.0398694555468262
762.1,0.0398878456125605
764.05,0.0399061586515974
766,0.0399243951468645
767.95,0.0399425555772607
769.9,0.0399606404176983
771.85,0.0399786501391442
773.8,0.039996585208661
775.75,0.0400144460894471
777.7,0.040032233240877
779.65,0.0400499471185404
781.6,0.0400675881742808
783.55,0.0400851568562347
785.5,0.0401026536088688
787.45,0.0401200788730179
789.4,0.0401374330859219
791.35,0.040154716681262
793.3,0.0401719300891973
795.25,0.0401890737364004
797.2,0.0402061480460923
799.15,0.0402231534380775
801.1,0.0402400903287786
803.05,0.0402569591312699
805,0.0402737602553111
806.95,0.0402904941073807
808.9,0.0403071610907084
810.85,0.040323761605308
812.8,0.0403402960480088
814.75,0.0403567648124876
816.7,0.0403731682893
818.65,0.0403895068659111
820.6,0.0404057809267258
822.55,0.0404219908531197
824.5,0.0404381370234678
826.45,0.040454219813175
828.4,0.0404702395947045
830.35,0.0404861967376069
832.3,0.0405020916085482
834.25,0.0405179245713386
836.2,0.0405336959869596
838.15,0.0405494062135916
840.1,0.0405650556066413
842.05,0.0405806445187681
844,0.0405961732999109
845.95,0.0406116422973141
847.9,0.0406270518555536
849.85,0.0406424023165623
851.8,0.0406576940196555
853.75,0.0406729273015556
855.7,0.0406881024964172
857.65,0.0407032199358515
859.6,0.0407182799489501
861.55,0.0407332828623093
863.5,0.0407482290000533
865.45,0.040763118683858
867.4,0.0407779522329737
869.35,0.0407927299642481
871.3,0.0408074521921488
873.25,0.0408221192287855
875.2,0.0408367313839326
877.15,0.04085128896505
879.1,0.0408657922773057
881.05,0.0408802416235964
883,0.0408946373045692
884.95,0.0409089796186418
886.9,0.0409232688620234
888.85,0.0409375053287355
890.8,0.0409516893106313
892.75,0.0409658210974163
894.7,0.0409799009766676
896.65,0.0409939292338537
898.6,0.0410079061523536
900.55,0.0410218320134759
902.5,0.0410357070964777
904.45,0.0410495316785835
906.4,0.0410633060350032
908.35,0.0410770304389508
910.3,0.041090705161662
912.25,0.0411043304724128
914.2,0.0411179066385362
916.15,0.0411314339254406
918.1,0.0411449125966265
920.05,0.0411583429137039
922,0.041171725136409
923.95,0.0411850595226212
925.9,0.0411983463283796
927.85,0.0412115858078991
929.8,0.0412247782135871
931.75,0.0412379237960591
933.7,0.0412510228041549
935.65,0.041264075484954
937.6,0.0412770820837915
939.55,0.0412900428442729
941.5,0.0413029580082901
943.45,0.0413158278160358
945.4,0.0413286525060186
947.35,0.0413414323150777
949.3,0.0413541674783977
951.25,0.0413668582295228
953.2,0.0413795048003709
955.15,0.0413921074212483
957.1,0.0414046663208631
959.05,0.0414171817263393
961,0.0414296538632306
962.95,0.0414420829555337
964.9,0.0414544692257017
966.85,0.0414668128946577
968.8,0.0414791141818077
970.75,0.0414913733050535
972.7,0.0415035904808059
974.65,0.0415157659239969
976.6,0.0415278998480931
978.55,0.0415399924651072
980.5,0.0415520439856112
982.45,0.0415640546187483
984.4,0.0415760245722446
986.35,0.041587954052422
988.3,0.041599843264209
990.25,0.0416116924111533
992.2,0.0416235016954328
994.15,0.0416352713178676
996.1,0.041647001477931
998.05,0.0416586923737608
1000,0.0416703442021709
