"ResDensity","N_TraitValue"
4,0.00108842227589952
4.092,0.00110906897268915
4.184,0.00112955361205267
4.276,0.00114987809453213
4.368,0.00117004429106696
4.46,0.00119005404356807
4.552,0.00120990916547868
4.644,0.00122961144232217
4.736,0.00124916263223735
4.828,0.00126856446650144
4.92,0.00128781865004115
5.012,0.00130692686193205
5.104,0.00132589075588674
5.196,0.00134471196073192
5.288,0.00136339208087474
5.38,0.00138193269675874
5.472,0.0014003353653096
5.564,0.00141860162037092
5.656,0.00143673297313044
5.748,0.00145473091253678
5.84,0.00147259690570704
5.932,0.00149033239832547
6.024,0.00150793881503342
6.116,0.00152541755981086
6.208,0.00154277001634951
6.3,0.00155999754841808
6.392,0.00157710150021949
6.484,0.00159408319674055
6.576,0.00161094394409406
6.668,0.00162768502985377
6.76,0.00164430772338205
6.852,0.00166081327615081
6.944,0.00167720292205554
7.036,0.00169347787772281
7.128,0.00170963934281132
7.22,0.00172568850030666
7.312,0.00174162651681003
7.404,0.00175745454282083
7.496,0.00177317371301357
7.588,0.001788785146509
7.68,0.0018042899471397
7.772,0.00181968920371026
7.864,0.00183498399025219
7.956,0.00185017536627357
8.048,0.00186526437700374
8.14,0.00188025205363306
8.232,0.00189513941354776
8.324,0.00190992746056023
8.416,0.00192461718513458
8.508,0.00193920956460783
8.6,0.00195370556340664
8.692,0.00196810613325978
8.784,0.00198241221340645
8.876,0.00199662473080045
8.968,0.00201074460031045
9.06,0.00202477272491622
9.152,0.00203870999590122
9.244,0.00205255729304128
9.336,0.00206631548478978
9.428,0.00207998542845922
9.52,0.00209356797039923
9.612,0.00210706394617132
9.704,0.0021204741807202
9.796,0.00213379948854184
9.888,0.00214704067384844
9.98,0.00216019853073015
10.072,0.00217327384331386
10.164,0.00218626738591899
10.256,0.0021991799232103
10.348,0.00221201221034791
10.44,0.00222476499313454
10.532,0.00223743900815998
10.624,0.00225003498294291
10.716,0.00226255363607013
10.808,0.0022749956773332
10.9,0.00228736180786258
10.992,0.00229965272025937
11.084,0.00231186909872457
11.176,0.00232401161918609
11.268,0.0023360809494234
11.36,0.00234807774918992
11.452,0.0023600026703333
11.544,0.00237185635691343
11.636,0.00238363944531843
11.728,0.00239535256437852
11.82,0.0024069963354779
11.912,0.00241857137266462
12.004,0.00243007828275854
12.096,0.00244151766545739
12.188,0.00245289011344089
12.28,0.00246419621247321
12.372,0.00247543654150345
12.464,0.00248661167276451
12.556,0.00249772217187019
12.648,0.00250876859791065
12.74,0.00251975150354612
12.832,0.00253067143509913
12.924,0.0025415289326451
13.016,0.00255232453010135
13.108,0.00256305875531461
13.2,0.00257373213014711
13.292,0.00258434517056109
13.384,0.00259489838670199
13.476,0.00260539228298016
13.568,0.00261582735815125
13.66,0.00262620410539521
13.752,0.00263652301239399
13.844,0.00264678456140797
13.936,0.00265698922935104
14.028,0.00266713748786454
14.12,0.00267722980338988
14.212,0.00268726663724002
14.304,0.00269724844566979
14.396,0.00270717567994498
14.488,0.00271704878641036
14.58,0.0027268682065566
14.672,0.00273663437708605
14.764,0.00274634772997749
14.856,0.00275600869254984
14.948,0.00276561768752479
15.04,0.00277517513308849
15.132,0.00278468144295219
15.224,0.00279413702641198
15.316,0.00280354228840746
15.408,0.00281289762957963
15.5,0.00282220344632771
15.592,0.00283146013086516
15.684,0.0028406680712748
15.776,0.00284982765156301
15.868,0.00285893925171313
15.96,0.00286800324773803
16.052,0.00287702001173177
16.144,0.0028859899119206
16.236,0.00289491331271302
16.328,0.00290379057474917
16.42,0.00291262205494939
16.512,0.00292140810656209
16.604,0.00293014907921081
16.696,0.00293884531894061
16.788,0.00294749716826374
16.88,0.00295610496620463
16.972,0.00296466904834413
17.064,0.00297318974686316
17.156,0.00298166739058562
17.248,0.00299010230502073
17.34,0.00299849481240467
17.432,0.00300684523174162
17.524,0.00301515387884419
17.616,0.00302342106637321
17.708,0.00303164710387696
17.8,0.00303983229782983
17.892,0.00304797695167034
17.984,0.00305608136583867
18.076,0.00306414583781359
18.168,0.00307217066214886
18.26,0.00308015613050909
18.352,0.00308810253170509
18.444,0.00309601015172865
18.536,0.00310387927378691
18.628,0.00311171017833612
18.72,0.00311950314311499
18.812,0.00312725844317751
18.904,0.00313497635092529
18.996,0.00314265713613952
19.088,0.00315030106601234
19.18,0.00315790840517786
19.272,0.00316547941574266
19.364,0.00317301435731595
19.456,0.0031805134870392
19.548,0.00318797705961541
19.64,0.00319540532733795
19.732,0.00320279854011895
19.824,0.0032101569455174
19.916,0.00321748078876671
20.008,0.003224770312802
20.1,0.00323202575828693
20.192,0.00323924736364021
20.284,0.00324643536506171
20.376,0.00325358999655821
20.468,0.00326071148996877
20.56,0.00326780007498983
20.652,0.00327485597919984
20.744,0.00328187942808367
20.836,0.0032888706450566
20.928,0.00329582985148799
21.02,0.00330275726672472
21.112,0.00330965310811415
21.204,0.00331651759102689
21.296,0.00332335092887925
21.388,0.00333015333315529
21.48,0.0033369250134287
21.572,0.00334366617738429
21.664,0.00335037703083924
21.756,0.00335705777776402
21.848,0.00336370862030309
21.94,0.00337032975879527
22.032,0.00337692139179384
22.124,0.00338348371608642
22.216,0.00339001692671455
22.308,0.00339652121699297
22.4,0.00340299677852876
22.492,0.00340944380124007
22.584,0.00341586247337477
22.676,0.00342225298152871
22.768,0.00342861551066384
22.86,0.00343495024412604
22.952,0.00344125736366272
23.044,0.00344753704944024
23.136,0.00345378948006101
23.228,0.00346001483258047
23.32,0.0034662132825238
23.412,0.00347238500390237
23.504,0.00347853016923008
23.596,0.00348464894953941
23.688,0.00349074151439727
23.78,0.00349680803192071
23.872,0.00350284866879234
23.964,0.00350886359027561
24.056,0.00351485296022989
24.148,0.00352081694112534
24.24,0.00352675569405761
24.332,0.00353266937876234
24.424,0.00353855815362948
24.516,0.00354442217571742
24.608,0.00355026160076699
24.7,0.0035560765832152
24.792,0.00356186727620889
24.884,0.00356763383161816
24.976,0.00357337640004967
25.068,0.0035790951308597
25.16,0.00358479017216714
25.252,0.00359046167086629
25.344,0.00359610977263945
25.436,0.00360173462196941
25.528,0.00360733636215179
25.62,0.00361291513530717
25.712,0.00361847108239314
25.804,0.00362400434321618
25.896,0.00362951505644334
25.988,0.00363500335961387
26.08,0.00364046938915065
26.172,0.00364591328037148
26.264,0.00365133516750025
26.356,0.00365673518367801
26.448,0.0036621134609738
26.54,0.00366747013039547
26.632,0.0036728053219003
26.724,0.00367811916440551
26.816,0.00368341178579865
26.908,0.00368868331294785
27,0.00369393387171194
27.092,0.00369916358695054
27.184,0.00370437258253385
27.276,0.00370956098135251
27.368,0.00371472890532725
27.46,0.00371987647541841
27.552,0.00372500381163541
27.644,0.00373011103304606
27.736,0.00373519825778577
27.828,0.00374026560306669
27.92,0.00374531318518668
28.012,0.00375034111953821
28.104,0.00375534952061718
28.196,0.00376033850203158
28.288,0.0037653081765101
28.38,0.00377025865591061
28.472,0.00377519005122856
28.564,0.00378010247260527
28.656,0.00378499602933613
28.748,0.00378987082987872
28.84,0.00379472698186079
28.932,0.00379956459208822
29.024,0.00380438376655281
29.116,0.00380918461044008
29.208,0.00381396722813685
29.3,0.00381873172323885
29.392,0.00382347819855821
29.484,0.00382820675613082
29.576,0.00383291749722366
29.668,0.00383761052234204
29.76,0.00384228593123671
29.852,0.00384694382291098
29.944,0.00385158429562767
30.036,0.00385620744691604
30.128,0.0038608133735786
30.22,0.00386540217169788
30.312,0.00386997393664314
30.404,0.00387452876307691
30.496,0.00387906674496159
30.588,0.00388358797556588
30.68,0.00388809254747115
30.772,0.00389258055257782
30.864,0.00389705208211155
30.956,0.00390150722662944
31.048,0.00390594607602616
31.14,0.00391036871953999
31.232,0.00391477524575877
31.324,0.00391916574262585
31.416,0.00392354029744595
31.508,0.00392789899689088
31.6,0.00393224192700537
31.692,0.00393656917321261
31.784,0.00394088082031996
31.876,0.00394517695252442
31.968,0.00394945765341814
32.06,0.00395372300599385
32.152,0.00395797309265018
32.244,0.00396220799519701
32.336,0.00396642779486072
32.428,0.00397063257228935
32.52,0.00397482240755776
32.612,0.00397899738017271
32.704,0.00398315756907789
32.796,0.00398730305265888
32.888,0.0039914339087481
32.98,0.00399555021462968
33.072,0.00399965204704425
33.164,0.00400373948219372
33.256,0.00400781259574603
33.348,0.00401187146283977
33.44,0.00401591615808886
33.532,0.00401994675558704
33.624,0.00402396332891249
33.716,0.00402796595113223
33.808,0.00403195469480658
33.9,0.00403592963199357
33.992,0.00403989083425321
34.084,0.00404383837265188
34.176,0.0040477723177665
34.268,0.00405169273968876
34.36,0.00405559970802929
34.452,0.0040594932919218
34.544,0.0040633735600271
34.636,0.0040672405805372
34.728,0.00407109442117927
34.82,0.00407493514921958
34.912,0.00407876283146745
35.004,0.00408257753427911
35.096,0.00408637932356153
35.188,0.00409016826477621
35.28,0.00409394442294295
35.372,0.00409770786264357
35.464,0.00410145864802557
35.556,0.00410519684280581
35.648,0.00410892251027408
35.74,0.0041126357132967
35.832,0.00411633651432005
35.924,0.00412002497537405
36.016,0.00412370115807568
36.108,0.00412736512363232
36.2,0.00413101693284525
36.292,0.00413465664611293
36.384,0.00413828432343438
36.476,0.00414190002441247
36.568,0.00414550380825715
36.66,0.00414909573378872
36.752,0.00415267585944103
36.844,0.00415624424326461
36.936,0.00415980094292986
37.028,0.00416334601573012
37.12,0.00416687951858474
37.212,0.00417040150804216
37.304,0.00417391204028293
37.396,0.00417741117112263
37.488,0.00418089895601492
37.58,0.0041843754500544
37.672,0.00418784070797953
37.764,0.00419129478417554
37.856,0.00419473773267721
37.948,0.00419816960717173
38.04,0.00420159046100151
38.132,0.00420500034716688
38.224,0.00420839931832887
38.316,0.00421178742681193
38.408,0.00421516472460659
38.5,0.00421853126337213
38.592,0.00422188709443921
38.684,0.00422523226881248
38.776,0.00422856683717316
38.868,0.00423189084988162
38.96,0.0042352043569799
39.052,0.0042385074081942
39.144,0.00424180005293741
39.236,0.00424508234031154
39.328,0.00424835431911018
39.42,0.00425161603782092
39.512,0.00425486754462772
39.604,0.0042581088874133
39.696,0.00426134011376151
39.788,0.00426456127095962
39.88,0.00426777240600065
39.972,0.00427097356558565
40.064,0.00427416479612597
40.156,0.00427734614374548
40.248,0.00428051765428284
40.34,0.00428367937329364
40.432,0.00428683134605263
40.524,0.00428997361755586
40.616,0.00429310623252282
40.708,0.00429622923539858
40.8,0.00429934267035587
40.892,0.00430244658129715
40.984,0.00430554101185673
41.076,0.00430862600540276
41.168,0.00431170160503928
41.26,0.00431476785360821
41.352,0.00431782479369136
41.444,0.00432087246761241
41.536,0.00432391091743882
41.628,0.0043269401849838
41.72,0.00432996031180824
41.812,0.00433297133922255
41.904,0.00433597330828862
41.996,0.00433896625982164
42.088,0.00434195023439196
42.18,0.00434492527232691
42.272,0.00434789141371266
42.364,0.00435084869839595
42.456,0.00435379716598596
42.548,0.004356736855856
42.64,0.00435966780714532
42.732,0.00436259005876079
42.824,0.0043655036493787
42.916,0.00436840861744638
43.008,0.00437130500118396
43.1,0.004374192838586
43.192,0.00437707216742318
43.284,0.00437994302524394
43.376,0.00438280544937609
43.468,0.00438565947692848
43.56,0.00438850514479252
43.652,0.00439134248964388
43.744,0.00439417154794395
43.836,0.0043969923559415
43.928,0.00439980494967416
44.02,0.00440260936496999
44.112,0.00440540563744898
44.204,0.00440819380252458
44.296,0.0044109738954052
44.388,0.00441374595109564
44.48,0.00441651000439862
44.572,0.00441926608991621
44.664,0.00442201424205128
44.756,0.00442475449500891
44.848,0.00442748688279784
44.94,0.00443021143923187
45.032,0.00443292819793123
45.124,0.004435637192324
45.216,0.00443833845564744
45.308,0.00444103202094941
45.4,0.00444371792108963
45.492,0.0044463961887411
45.584,0.00444906685639139
45.676,0.00445172995634393
45.768,0.00445438552071937
45.86,0.00445703358145681
45.952,0.00445967417031511
46.044,0.00446230731887419
46.136,0.00446493305853622
46.228,0.00446755142052693
46.32,0.00447016243589679
46.412,0.00447276613552232
46.504,0.00447536255010722
46.596,0.00447795171018362
46.688,0.00448053364611329
46.78,0.00448310838808879
46.872,0.00448567596613467
46.964,0.00448823641010864
47.056,0.0044907897497027
47.148,0.00449333601444433
47.24,0.0044958752336976
47.332,0.00449840743666429
47.424,0.00450093265238504
47.516,0.00450345090974043
47.608,0.00450596223745212
47.7,0.00450846666408388
47.792,0.00451096421804275
47.884,0.00451345492758004
47.976,0.00451593882079244
48.068,0.00451841592562308
48.16,0.00452088626986255
48.252,0.00452334988114996
48.344,0.00452580678697394
48.436,0.00452825701467372
48.528,0.0045307005914401
48.62,0.00453313754431645
48.712,0.00453556790019973
48.804,0.0045379916858415
48.896,0.00454040892784883
48.988,0.00454281965268534
49.08,0.00454522388667216
49.172,0.00454762165598885
49.264,0.00455001298667437
49.356,0.00455239790462805
49.448,0.00455477643561047
49.54,0.00455714860524443
49.632,0.00455951443901586
49.724,0.00456187396227474
49.816,0.00456422720023597
49.908,0.0045665741779803
50,0.00456891492045524
