"ResDensity","N_TraitValue"
54.8072,6.60978067438071e-06
55.6088722,6.69052250450994e-06
56.4105444,6.77088142102511e-06
57.2122166,6.85086014140208e-06
58.0138888,6.93046135746342e-06
58.815561,7.0096877356804e-06
59.6172332,7.08854191747074e-06
60.4189054,7.16702651949217e-06
61.2205776,7.24514413393185e-06
62.0222498,7.3228973287918e-06
62.823922,7.40028864817026e-06
63.6255942,7.47732061253918e-06
64.4272664,7.55399571901788e-06
65.2289386,7.63031644164285e-06
66.0306108,7.70628523163387e-06
66.832283,7.78190451765642e-06
67.6339552,7.85717670608052e-06
68.4356274,7.93210418123596e-06
69.2372996,8.00668930566407e-06
70.0389718,8.08093442036606e-06
70.840644,8.15484184504791e-06
71.6423162,8.22841387836198e-06
72.4439884,8.30165279814534e-06
73.2456606,8.37456086165482e-06
74.0473328,8.44714030579893e-06
74.849005,8.51939334736666e-06
75.6506772,8.5913221832531e-06
76.4523494,8.66292899068221e-06
77.2540216,8.73421592742641e-06
78.0556938,8.80518513202337e-06
78.857366,8.87583872398984e-06
79.6590382,8.94617880403266e-06
80.4607104,9.01620745425699e-06
81.2623826,9.08592673837169e-06
82.0640548,9.1553387018921e-06
82.865727,9.22444537234007e-06
83.6673992,9.29324875944138e-06
84.4690714,9.36175085532057e-06
85.2707436,9.42995363469318e-06
86.0724158,9.49785905505554e-06
86.874088,9.56546905687203e-06
87.6757602,9.63278556375994e-06
88.4774324,9.69981048267186e-06
89.2791046,9.76654570407581e-06
90.0807768,9.83299310213295e-06
90.882449,9.899154534873e-06
91.6841212,9.96503184436749e-06
92.4857934,1.00306268569007e-05
93.2874656,1.00959413831384e-05
94.0891378,1.01609772182944e-05
94.89081,1.02257361422951e-05
95.6924822,1.02902199199422e-05
96.4941544,1.03544303010722e-05
97.2958266,1.04183690207154e-05
98.0974988,1.04820377992521e-05
98.899171,1.05454383425664e-05
99.7008432,1.06085723421992e-05
100.5025154,1.06714414754982e-05
101.3041876,1.07340474057667e-05
102.1058598,1.079639178241e-05
102.907532,1.08584762410807e-05
103.7092042,1.09203024038211e-05
104.5108764,1.09818718792053e-05
105.3125486,1.10431862624778e-05
106.1142208,1.11042471356921e-05
106.915893,1.11650560678461e-05
107.7175652,1.1225614615017e-05
108.5192374,1.12859243204936e-05
109.3209096,1.13459867149078e-05
110.1225818,1.1405803316364e-05
110.924254,1.14653756305665e-05
111.7259262,1.15247051509467e-05
112.5275984,1.15837933587873e-05
113.3292706,1.16426417233456e-05
114.1309428,1.17012517019755e-05
114.932615,1.17596247402479e-05
115.7342872,1.18177622720692e-05
116.5359594,1.18756657197987e-05
117.3376316,1.19333364943652e-05
118.1393038,1.19907759953809e-05
118.940976,1.20479856112549e-05
119.7426482,1.21049667193052e-05
120.5443204,1.21617206858689e-05
121.3459926,1.2218248866412e-05
122.1476648,1.22745526056365e-05
122.949337,1.23306332375878e-05
123.7510092,1.23864920857594e-05
124.5526814,1.24421304631977e-05
125.3543536,1.24975496726042e-05
126.1560258,1.25527510064376e-05
126.957698,1.26077357470143e-05
127.7593702,1.26625051666074e-05
128.5610424,1.2717060527545e-05
129.3627146,1.27714030823074e-05
130.1643868,1.28255340736224e-05
130.966059,1.28794547345606e-05
131.7677312,1.29331662886287e-05
132.5694034,1.29866699498621e-05
133.3710756,1.30399669229164e-05
134.1727478,1.30930584031579e-05
134.97442,1.31459455767529e-05
135.7760922,1.31986296207559e-05
136.5777644,1.3251111703197e-05
137.3794366,1.33033929831686e-05
138.1811088,1.33554746109099e-05
138.982781,1.34073577278922e-05
139.7844532,1.34590434669016e-05
140.5861254,1.35105329521217e-05
141.3877976,1.35618272992152e-05
142.1894698,1.36129276154043e-05
142.991142,1.36638349995505e-05
143.7928142,1.37145505422332e-05
144.5944864,1.37650753258278e-05
145.3961586,1.38154104245826e-05
146.1978308,1.38655569046948e-05
146.999503,1.3915515824386e-05
147.8011752,1.39652882339767e-05
148.6028474,1.40148751759594e-05
149.4045196,1.40642776850719e-05
150.2061918,1.41134967883694e-05
151.007864,1.41625335052949e-05
151.8095362,1.42113888477504e-05
152.6112084,1.4260063820166e-05
153.4128806,1.43085594195692e-05
154.2145528,1.43568766356522e-05
155.016225,1.44050164508403e-05
155.8178972,1.44529798403573e-05
156.6195694,1.45007677722925e-05
157.4212416,1.45483812076649e-05
158.2229138,1.45958211004882e-05
159.024586,1.46430883978343e-05
159.8262582,1.46901840398963e-05
160.6279304,1.47371089600509e-05
161.4296026,1.47838640849202e-05
162.2312748,1.48304503344323e-05
163.032947,1.48768686218821e-05
163.8346192,1.49231198539906e-05
164.6362914,1.49692049309643e-05
165.4379636,1.50151247465531e-05
166.2396358,1.50608801881087e-05
167.041308,1.51064721366413e-05
167.8429802,1.51519014668763e-05
168.6446524,1.51971690473103e-05
169.4463246,1.52422757402661e-05
170.2479968,1.52872224019482e-05
171.049669,1.53320098824961e-05
171.8513412,1.53766390260385e-05
172.6530134,1.54211106707461e-05
173.4546856,1.54654256488842e-05
174.2563578,1.55095847868643e-05
175.05803,1.55535889052961e-05
175.8597022,1.55974388190374e-05
176.6613744,1.56411353372455e-05
177.4630466,1.56846792634259e-05
178.2647188,1.57280713954825e-05
179.066391,1.57713125257656e-05
179.8680632,1.58144034411205e-05
180.6697354,1.58573449229353e-05
181.4714076,1.59001377471876e-05
182.2730798,1.59427826844921e-05
183.074752,1.59852805001461e-05
183.8764242,1.60276319541755e-05
184.6780964,1.60698378013805e-05
185.4797686,1.61118987913797e-05
186.2814408,1.61538156686552e-05
187.083113,1.61955891725961e-05
187.8847852,1.62372200375421e-05
188.6864574,1.62787089928265e-05
189.4881296,1.63200567628189e-05
190.2898018,1.63612640669672e-05
191.091474,1.64023316198393e-05
191.8931462,1.64432601311648e-05
192.6948184,1.64840503058752e-05
193.4964906,1.65247028441452e-05
194.2981628,1.65652184414319e-05
195.099835,1.66055977885152e-05
195.9015072,1.66458415715366e-05
196.7031794,1.66859504720382e-05
197.5048516,1.67259251670011e-05
198.3065238,1.67657663288839e-05
199.108196,1.68054746256597e-05
199.9098682,1.68450507208539e-05
200.7115404,1.68844952735813e-05
201.5132126,1.69238089385822e-05
202.3148848,1.6962992366259e-05
203.116557,1.70020462027118e-05
203.9182292,1.70409710897744e-05
204.7199014,1.70797676650487e-05
205.5215736,1.71184365619403e-05
206.3232458,1.71569784096925e-05
207.124918,1.71953938334203e-05
207.9265902,1.72336834541448e-05
208.7282624,1.72718478888262e-05
209.5299346,1.73098877503969e-05
210.3316068,1.73478036477946e-05
211.133279,1.73855961859945e-05
211.9349512,1.74232659660419e-05
212.7366234,1.74608135850835e-05
213.5382956,1.74982396363993e-05
214.3399678,1.7535544709434e-05
215.14164,1.75727293898275e-05
215.9433122,1.76097942594458e-05
216.7449844,1.76467398964115e-05
217.5466566,1.76835668751335e-05
218.3483288,1.7720275766337e-05
219.150001,1.77568671370932e-05
219.9516732,1.77933415508478e-05
220.7533454,1.78296995674507e-05
221.5550176,1.78659417431841e-05
222.3566898,1.79020686307913e-05
223.158362,1.79380807795043e-05
223.9600342,1.79739787350722e-05
224.7617064,1.80097630397883e-05
225.5633786,1.80454342325176e-05
226.3650508,1.80809928487239e-05
227.166723,1.81164394204965e-05
227.9683952,1.81517744765767e-05
228.7700674,1.81869985423843e-05
229.5717396,1.82221121400435e-05
230.3734118,1.82571157884084e-05
231.175084,1.82920100030894e-05
231.9767562,1.83267952964775e-05
232.7784284,1.836147217777e-05
233.5801006,1.83960411529953e-05
234.3817728,1.84305027250373e-05
235.183445,1.846485739366e-05
235.9851172,1.84991056555315e-05
236.7867894,1.8533248004248e-05
237.5884616,1.85672849303575e-05
238.3901338,1.86012169213833e-05
239.191806,1.86350444618473e-05
239.9934782,1.8668768033293e-05
240.7951504,1.87023881143086e-05
241.5968226,1.87359051805491e-05
242.3984948,1.87693197047593e-05
243.200167,1.88026321567957e-05
244.0018392,1.88358430036486e-05
244.8035114,1.8868952709464e-05
245.6051836,1.8901961735565e-05
246.4068558,1.89348705404737e-05
247.208528,1.89676795799318e-05
248.0102002,1.90003893069222e-05
248.8118724,1.90330001716893e-05
249.6135446,1.90655126217601e-05
250.4152168,1.90979271019648e-05
251.216889,1.91302440544564e-05
252.0185612,1.91624639187315e-05
252.8202334,1.91945871316497e-05
253.6219056,1.92266141274539e-05
254.4235778,1.92585453377893e-05
255.22525,1.92903811917232e-05
256.0269222,1.9322122115764e-05
256.8285944,1.93537685338803e-05
257.6302666,1.93853208675198e-05
258.4319388,1.94167795356281e-05
259.233611,1.9448144954667e-05
260.0352832,1.9479417538633e-05
260.8369554,1.95105976990758e-05
261.6386276,1.95416858451158e-05
262.4402998,1.95726823834623e-05
263.241972,1.96035877184315e-05
264.0436442,1.96344022519635e-05
264.8453164,1.96651263836401e-05
265.6469886,1.9695760510702e-05
266.4486608,1.97263050280661e-05
267.250333,1.97567603283419e-05
268.0520052,1.97871268018491e-05
268.8536774,1.98174048366336e-05
269.6553496,1.98475948184845e-05
270.4570218,1.98776971309502e-05
271.258694,1.99077121553548e-05
272.0603662,1.9937640270814e-05
272.8620384,1.99674818542513e-05
273.6637106,1.99972372804139e-05
274.4653828,2.00269069218879e-05
275.267055,2.00564911491143e-05
276.0687272,2.00859903304044e-05
276.8703994,2.01154048319547e-05
277.6720716,2.01447350178626e-05
278.4737438,2.0173981250141e-05
279.275416,2.02031438887334e-05
280.0770882,2.02322232915285e-05
280.8787604,2.0261219814375e-05
281.6804326,2.02901338110961e-05
282.4821048,2.03189656335038e-05
283.283777,2.03477156314133e-05
284.0854492,2.03763841526569e-05
284.8871214,2.04049715430983e-05
285.6887936,2.04334781466466e-05
286.4904658,2.04619043052694e-05
287.292138,2.04902503590076e-05
288.0938102,2.05185166459877e-05
288.8954824,2.05467035024364e-05
289.6971546,2.0574811262693e-05
290.4988268,2.06028402592234e-05
291.300499,2.06307908226324e-05
292.1021712,2.06586632816775e-05
292.9038434,2.06864579632813e-05
293.7055156,2.07141751925444e-05
294.5071878,2.0741815292758e-05
295.30886,2.07693785854166e-05
296.1105322,2.07968653902305e-05
296.9122044,2.08242760251379e-05
297.7138766,2.08516108063176e-05
298.5155488,2.08788700482005e-05
299.317221,2.09060540634824e-05
300.1188932,2.09331631631355e-05
300.9205654,2.09601976564203e-05
301.7222376,2.09871578508973e-05
302.5239098,2.10140440524392e-05
303.325582,2.10408565652416e-05
304.1272542,2.10675956918351e-05
304.9289264,2.10942617330966e-05
305.7305986,2.11208549882604e-05
306.5322708,2.11473757549294e-05
307.333943,2.11738243290864e-05
308.1356152,2.1200201005105e-05
308.9372874,2.12265060757604e-05
309.7389596,2.12527398322405e-05
310.5406318,2.12789025641563e-05
311.342304,2.1304994559553e-05
312.1439762,2.133101610492e-05
312.9456484,2.13569674852021e-05
313.7473206,2.13828489838091e-05
314.5489928,2.14086608826269e-05
315.350665,2.1434403462027e-05
316.1523372,2.14600770008773e-05
316.9540094,2.14856817765516e-05
317.7556816,2.15112180649403e-05
318.5573538,2.15366861404594e-05
319.359026,2.15620862760611e-05
320.1606982,2.15874187432431e-05
320.9623704,2.16126838120586e-05
321.7640426,2.16378817511255e-05
322.5657148,2.16630128276365e-05
323.367387,2.16880773073678e-05
324.1690592,2.1713075454689e-05
324.9707314,2.17380075325724e-05
325.7724036,2.1762873802602e-05
326.5740758,2.17876745249826e-05
327.375748,2.18124099585491e-05
328.1774202,2.18370803607754e-05
328.9790924,2.18616859877834e-05
329.7807646,2.18862270943518e-05
330.5824368,2.19107039339246e-05
331.384109,2.19351167586207e-05
332.1857812,2.19594658192413e-05
332.9874534,2.19837513652798e-05
333.7891256,2.20079736449293e-05
334.5907978,2.20321329050914e-05
335.39247,2.2056229391385e-05
336.1941422,2.2080263348154e-05
336.9958144,2.21042350184757e-05
337.7974866,2.21281446441693e-05
338.5991588,2.2151992465804e-05
339.400831,2.21757787227064e-05
340.2025032,2.21995036529696e-05
341.0041754,2.22231674934601e-05
341.8058476,2.22467704798265e-05
342.6075198,2.22703128465067e-05
343.409192,2.2293794826736e-05
344.2108642,2.23172166525548e-05
345.0125364,2.23405785548161e-05
345.8142086,2.23638807631932e-05
346.6158808,2.23871235061872e-05
347.417553,2.24103070111344e-05
348.2192252,2.24334315042138e-05
349.0208974,2.24564972104543e-05
349.8225696,2.24795043537424e-05
350.6242418,2.25024531568289e-05
351.425914,2.25253438413365e-05
352.2275862,2.25481766277666e-05
353.0292584,2.25709517355068e-05
353.8309306,2.25936693828376e-05
354.6326028,2.26163297869395e-05
355.434275,2.26389331638997e-05
356.2359472,2.26614797287194e-05
357.0376194,2.26839696953202e-05
357.8392916,2.27064032765513e-05
358.6409638,2.27287806841956e-05
359.442636,2.27511021289769e-05
360.2443082,2.27733678205663e-05
361.0459804,2.2795577967589e-05
361.8476526,2.28177327776302e-05
362.6493248,2.28398324572424e-05
363.450997,2.28618772119511e-05
364.2526692,2.28838672462616e-05
365.0543414,2.29058027636652e-05
365.8560136,2.29276839666455e-05
366.6576858,2.29495110566845e-05
367.459358,2.2971284234269e-05
368.2610302,2.29930036988965e-05
369.0627024,2.30146696490815e-05
369.8643746,2.30362822823615e-05
370.6660468,2.30578417953029e-05
371.467719,2.30793483835071e-05
372.2693912,2.31008022416162e-05
373.0710634,2.31222035633192e-05
373.8727356,2.31435525413575e-05
374.6744078,2.31648493675309e-05
375.47608,2.31860942327034e-05
376.2777522,2.32072873268085e-05
377.0794244,2.32284288388553e-05
377.8810966,2.3249518956934e-05
378.6827688,2.32705578682214e-05
379.484441,2.32915457589863e-05
380.2861132,2.33124828145955e-05
381.0877854,2.33333692195186e-05
381.8894576,2.3354205157334e-05
382.6911298,2.33749908107338e-05
383.492802,2.33957263615295e-05
384.2944742,2.34164119906572e-05
385.0961464,2.34370478781828e-05
385.8978186,2.3457634203307e-05
386.6994908,2.34781711443712e-05
387.501163,2.34986588788617e-05
388.3028352,2.35190975834158e-05
389.1045074,2.35394874338259e-05
389.9061796,2.35598286050453e-05
390.7078518,2.35801212711929e-05
391.509524,2.36003656055581e-05
392.3111962,2.36205617806059e-05
393.1128684,2.36407099679817e-05
393.9145406,2.36608103385161e-05
394.7162128,2.368086306223e-05
395.517885,2.37008683083389e-05
396.3195572,2.37208262452583e-05
397.1212294,2.37407370406079e-05
397.9229016,2.37606008612165e-05
398.7245738,2.37804178731268e-05
399.526246,2.38001882415995e-05
400.3279182,2.38199121311186e-05
401.1295904,2.38395897053956e-05
401.9312626,2.38592211273739e-05
402.7329348,2.38788065592335e-05
403.534607,2.38983461623955e-05
404.3362792,2.39178400975264e-05
405.1379514,2.39372885245425e-05
405.9396236,2.39566916026145e-05
406.7412958,2.39760494901714e-05
407.542968,2.39953623449053e-05
408.3446402,2.40146303237754e-05
409.1463124,2.40338535830123e-05
409.9479846,2.40530322781223e-05
410.7496568,2.40721665638915e-05
411.551329,2.40912565943899e-05
412.3530012,2.41103025229758e-05
413.1546734,2.41293045022997e-05
413.9563456,2.41482626843083e-05
414.7580178,2.41671772202487e-05
415.55969,2.41860482606725e-05
416.3613622,2.42048759554397e-05
417.1630344,2.42236604537224e-05
417.9647066,2.42424019040093e-05
418.7663788,2.42611004541091e-05
419.568051,2.42797562511547e-05
420.3697232,2.42983694416068e-05
421.1713954,2.43169401712581e-05
421.9730676,2.43354685852368e-05
422.7747398,2.43539548280102e-05
423.576412,2.43723990433892e-05
424.3780842,2.43908013745313e-05
425.1797564,2.44091619639445e-05
425.9814286,2.4427480953491e-05
426.7831008,2.44457584843912e-05
427.584773,2.44639946972267e-05
428.3864452,2.44821897319443e-05
429.1881174,2.45003437278597e-05
429.9897896,2.45184568236605e-05
430.7914618,2.45365291574103e-05
431.593134,2.45545608665521e-05
432.3948062,2.45725520879114e-05
433.1964784,2.45905029577002e-05
433.9981506,2.46084136115201e-05
434.7998228,2.46262841843657e-05
435.601495,2.46441148106283e-05
436.4031672,2.46619056240986e-05
437.2048394,2.46796567579712e-05
438.0065116,2.46973683448465e-05
438.8081838,2.47150405167353e-05
439.609856,2.47326734050611e-05
440.4115282,2.4750267140664e-05
441.2132004,2.47678218538037e-05
442.0148726,2.47853376741626e-05
442.8165448,2.48028147308491e-05
443.618217,2.48202531524009e-05
444.4198892,2.48376530667879e-05
445.2215614,2.48550146014156e-05
446.0232336,2.4872337883128e-05
446.8249058,2.48896230382107e-05
447.626578,2.49068701923942e-05
448.4282502,2.49240794708566e-05
449.2299224,2.49412509982268e-05
450.0315946,2.49583848985877e-05
450.8332668,2.49754812954789e-05
451.634939,2.49925403118997e-05
452.4366112,2.50095620703123e-05
453.2382834,2.50265466926443e-05
454.0399556,2.5043494300292e-05
454.8416278,2.50604050141234e-05
455.6433,2.50772789544803e-05
