"ResDensity","N_TraitValue"
0.02654,0.0771695360736646
0.0280292,0.0802136306483577
0.0295184,0.0831631502655505
0.0310076,0.086022434936813
0.0324968,0.0887955631256894
0.033986,0.091486371157795
0.0354752,0.0940984709276306
0.0369644,0.0966352660739798
0.0384536,0.0990999667762162
0.0399428,0.101495603306775
0.041432,0.103825038460089
0.0429212,0.106090978965183
0.0444104,0.108295985977574
0.0458996,0.11044248473599
0.0473888,0.112532773460447
0.048878,0.114569031560331
0.0503672,0.116553327214095
0.0518564,0.118487624376002
0.0533456,0.120373789259808
0.0548348,0.122213596344381
0.056324,0.124008733941879
0.0578132,0.12576080936522
0.0593024,0.127471353728078
0.0607916,0.129141826407545
0.0622808,0.130773619196796
0.06377,0.132368060172581
0.0652592,0.133926417300151
0.0667484,0.135449901796166
0.0682376,0.136939671268342
0.0697268,0.138396832648932
0.071216,0.139822444937668
0.0727052,0.141217521768458
0.0741944,0.142583033812883
0.0756836,0.143919911032508
0.0771728,0.145229044790958
0.078662,0.146511289835859
0.0801512,0.147767466159891
0.0816404,0.148998360749481
0.0831296,0.150204729228963
0.0846188,0.151387297407425
0.086108,0.152546762734896
0.0875972,0.153683795674021
0.0890864,0.154799040992872
0.0905756,0.155893118984162
0.0920648,0.156966626615676
0.093554,0.158020138616424
0.0950432,0.159054208502658
0.0965324,0.160069369547606
0.0980216,0.16106613569849
0.0995108,0.162045002444141
0.101,0.16300644763629
0.1024892,0.163950932267395
0.1039784,0.164878901207663
0.1054676,0.165790783903745
0.1069568,0.166686995041407
0.108446,0.167567935174323
0.1099352,0.168433991321001
0.1114244,0.169285537531708
0.1129136,0.170122935427126
0.1144028,0.170946534710396
0.115892,0.171756673654041
0.1173812,0.172553679563222
0.1188704,0.173337869216635
0.1203596,0.174109549286315
0.1218488,0.174869016737507
0.123338,0.175616559209697
0.1248272,0.176352455379844
0.1263164,0.177076975308751
0.1278056,0.177790380771512
0.1292948,0.178492925572858
0.130784,0.179184855848207
0.1322732,0.17986641035118
0.1337624,0.180537820728272
0.1352516,0.181199311781352
0.1367408,0.18185110171861
0.13823,0.182493402394552
0.1397192,0.183126419539581
0.1412084,0.183750352979694
0.1426976,0.184365396846796
0.1441868,0.184971739780082
0.145676,0.185569565118933
0.1471652,0.186159051087741
0.1486544,0.186740370973054
0.1501436,0.187313693293405
0.1516328,0.187879181962186
0.153122,0.188436996443886
0.1546112,0.188987291904012
0.1561004,0.189530219352991
0.1575896,0.190065925784327
0.1590788,0.190594554307281
0.160568,0.191116244274331
0.1620572,0.191631131403642
0.1635464,0.192139347896777
0.1650356,0.192641022551863
0.1665248,0.193136280872413
0.168014,0.193625245172004
0.1695032,0.194108034674981
0.1709924,0.194584765613379
0.1724816,0.195055551320212
0.1739708,0.195520502319296
0.17546,0.195979726411754
0.1769492,0.196433328759342
0.1784384,0.196881411964734
0.1799276,0.197324076148895
0.1814168,0.197761419025665
0.182906,0.198193535973663
0.1843952,0.198620520105637
0.1858844,0.199042462335353
0.1873736,0.199459451442125
0.1888628,0.199871574133097
0.190352,0.200278915103342
0.1918412,0.200681557093894
0.1933304,0.201079580947776
0.1948196,0.201473065664114
0.1963088,0.201862088450407
0.197798,0.202246724773034
0.1992872,0.202627048406058
0.2007764,0.203003131478401
0.2022656,0.203375044519441
0.2037548,0.203742856503116
0.205244,0.204106634890562
0.2067332,0.204466445671364
0.2082224,0.204822353403461
0.2097116,0.205174421251766
0.2112008,0.20552271102553
0.21269,0.205867283214526
0.2141792,0.206208197024063
0.2156684,0.206545510408907
0.2171576,0.20687928010612
0.2186468,0.207209561666878
0.220136,0.207536409487292
0.2216252,0.207859876838273
0.2231144,0.208180015894478
0.2246036,0.208496877762365
0.2260928,0.208810512507391
0.227582,0.209120969180381
0.2290712,0.209428295843105
0.2305604,0.209732539593082
0.2320496,0.210033746587636
0.2335388,0.210331962067248
0.235028,0.210627230378202
0.2365172,0.210919594994572
0.2380064,0.211209098539561
0.2394956,0.211495782806215
0.2409848,0.211779688777535
0.242474,0.21206085664601
0.2439632,0.212339325832583
0.2454524,0.212615135005081
0.2469416,0.212888322096108
0.2484308,0.213158924320441
0.24992,0.213426978191929
0.2514092,0.213692519539915
0.2528984,0.213955583525207
0.2543876,0.214216204655594
0.2558768,0.214474416800936
0.257366,0.21473025320784
0.2588552,0.214983746513928
0.2603444,0.215234928761717
0.2618336,0.215483831412126
0.2633228,0.215730485357603
0.264812,0.215974920934915
0.2663012,0.216217167937584
0.2677904,0.21645725562799
0.2692796,0.216695212749158
0.2707688,0.216931067536227
0.272258,0.217164847727622
0.2737472,0.217396580575922
0.2752364,0.217626292858459
0.2767256,0.217854010887626
0.2782148,0.218079760520929
0.279704,0.218303567170772
0.2811932,0.218525455813994
0.2826824,0.218745451001161
0.2841716,0.218963576865623
0.2856608,0.219179857132336
0.28715,0.219394315126467
0.2886392,0.219606973781777
0.2901284,0.219817855648802
0.2916176,0.220026982902817
0.2931068,0.220234377351616
0.294596,0.220440060443089
0.2960852,0.220644053272616
0.2975744,0.220846376590284
0.2990636,0.221047050807917
0.3005528,0.221246096005944
0.302042,0.221443531940097
0.3035312,0.221639378047947
0.3050204,0.221833653455285
0.3065096,0.222026376982344
0.3079988,0.222217567149882
0.309488,0.222407242185112
0.3109772,0.222595420027493
0.3124664,0.222782118334392
0.3139556,0.222967354486602
0.3154448,0.223151145593737
0.316934,0.2233335084995
0.3184232,0.223514459786833
0.3199124,0.223694015782936
0.3214016,0.223872192564185
0.3228908,0.224049005960928
0.32438,0.22422447156217
0.3258692,0.224398604720161
0.3273584,0.224571420554868
0.3288476,0.224742933958355
0.3303368,0.224913159599061
0.331826,0.225082111925978
0.3333152,0.225249805172744
0.3348044,0.225416253361637
0.3362936,0.225581470307488
0.3377828,0.225745469621497
0.339272,0.225908264714976
0.3407612,0.226069868803002
0.3422504,0.226230294907995
0.3437396,0.226389555863217
0.3452288,0.22654766431619
0.346718,0.226704632732047
0.3482072,0.22686047339681
0.3496964,0.227015198420591
0.3511856,0.227168819740731
0.3526748,0.227321349124873
0.354164,0.227472798173961
0.3556532,0.227623178325188
0.3571424,0.227772500854869
0.3586316,0.227920776881264
0.3601208,0.228068017367335
0.36161,0.22821423312345
0.3630992,0.228359434810027
0.3645884,0.228503632940127
0.3660776,0.228646837881989
0.3675668,0.228789059861517
0.369056,0.228930308964713
0.3705452,0.229070595140062
0.3720344,0.229209928200866
0.3735236,0.229348317827538
0.3750128,0.229485773569834
0.376502,0.229622304849061
0.3779912,0.229757920960221
0.3794804,0.229892631074124
0.3809696,0.230026444239456
0.3824588,0.230159369384802
0.383948,0.230291415320637
0.3854372,0.230422590741266
0.3869264,0.230552904226738
0.3884156,0.230682364244715
0.3899048,0.230810979152305
0.391394,0.230938757197861
0.3928832,0.231065706522745
0.3943724,0.231191835163056
0.3958616,0.231317151051328
0.3973508,0.231441662018189
0.39884,0.231565375793997
0.4003292,0.231688300010436
0.4018184,0.231810442202087
0.4033076,0.231931809807969
0.4047968,0.232052410173044
0.406286,0.232172250549706
0.4077752,0.232291338099229
0.4092644,0.232409679893197
0.4107536,0.232527282914901
0.4122428,0.232644154060715
0.413732,0.232760300141444
0.4152212,0.232875727883645
0.4167104,0.232990443930926
0.4181996,0.233104454845225
0.4196888,0.233217767108055
0.421178,0.233330387121734
0.4226672,0.233442321210596
0.4241564,0.233553575622166
0.4256456,0.233664156528332
0.4271348,0.233774070026477
0.428624,0.233883322140607
0.4301132,0.233991918822448
0.4316024,0.234099865952528
0.4330916,0.234207169341238
0.4345808,0.234313834729874
0.43607,0.234419867791662
0.4375592,0.234525274132763
0.4390484,0.234630059293264
0.4405376,0.234734228748142
0.4420268,0.234837787908226
0.443516,0.234940742121127
0.4450052,0.235043096672161
0.4464944,0.235144856785255
0.4479836,0.235246027623834
0.4494728,0.235346614291695
0.450962,0.235446621833864
0.4524512,0.23554605523744
0.4539404,0.235644919432427
0.4554296,0.235743219292545
0.4569188,0.23584095963603
0.458408,0.235938145226428
0.4598972,0.236034780773359
0.4613864,0.236130870933288
0.4628756,0.236226420310265
0.4643648,0.236321433456665
0.465854,0.236415914873908
0.4673432,0.236509869013172
0.4688324,0.236603300276092
0.4703216,0.236696213015446
0.4718108,0.236788611535831
0.4733,0.236880500094331
0.4747892,0.236971882901166
0.4762784,0.237062764120337
0.4777676,0.237153147870261
0.4792568,0.23724303822439
0.480746,0.237332439211823
0.4822352,0.23742135481791
0.4837244,0.237509788984843
0.4852136,0.237597745612239
0.4867028,0.237685228557712
0.488192,0.237772241637438
0.4896812,0.237858788626711
0.4911704,0.237944873260488
0.4926596,0.238030499233925
0.4941488,0.238115670202907
0.495638,0.238200389784569
0.4971272,0.238284661557806
0.4986164,0.238368489063781
0.5001056,0.238451875806416
0.5015948,0.238534825252882
0.503084,0.238617340834082
0.5045732,0.23869942594512
0.5060624,0.238781083945771
0.5075516,0.238862318160937
0.5090408,0.238943131881095
0.51053,0.239023528362749
0.5120192,0.239103510828861
0.5135084,0.239183082469285
0.5149976,0.239262246441188
0.5164868,0.239341005869471
0.517976,0.239419363847178
0.5194652,0.239497323435903
0.5209544,0.239574887666186
0.5224436,0.239652059537906
0.5239328,0.239728842020671
0.525422,0.239805238054197
0.5269112,0.239881250548679
0.5284004,0.239956882385169
0.5298896,0.240032136415933
0.5313788,0.240107015464813
0.532868,0.240181522327577
0.5343572,0.240255659772273
0.5358464,0.240329430539565
0.5373356,0.240402837343074
0.5388248,0.240475882869711
0.540314,0.240548569780005
0.5418032,0.240620900708424
0.5432924,0.240692878263696
0.5447816,0.240764505029119
0.5462708,0.240835783562874
0.54776,0.240906716398328
0.5492492,0.240977306044332
0.5507384,0.241047554985522
0.5522276,0.241117465682605
0.5537168,0.241187040572648
0.555206,0.241256282069364
0.5566952,0.241325192563387
0.5581844,0.24139377442255
0.5596736,0.241462029992156
0.5611628,0.241529961595243
0.562652,0.241597571532851
0.5641412,0.241664862084278
0.5656304,0.241731835507339
0.5671196,0.241798494038619
0.5686088,0.241864839893718
0.570098,0.241930875267502
0.5715872,0.24199660233434
0.5730764,0.242062023248346
0.5745656,0.242127140143612
0.5760548,0.242191955134442
0.577544,0.242256470315581
0.5790332,0.242320687762437
0.5805224,0.24238460953131
0.5820116,0.242448237659605
0.5835008,0.242511574166052
0.58499,0.242574621050918
0.5864792,0.24263738029622
0.5879684,0.24269985386593
0.5894576,0.24276204370618
0.5909468,0.242823951745467
0.592436,0.242885579894849
0.5939252,0.242946930048143
0.5954144,0.243008004082119
0.5969036,0.243068803856692
0.5983928,0.243129331215108
0.599882,0.243189587984136
0.6013712,0.243249575974246
0.6028604,0.243309296979791
0.6043496,0.243368752779191
0.6058388,0.243427945135104
0.607328,0.243486875794601
0.6088172,0.243545546489341
0.6103064,0.243603958935738
0.6117956,0.243662114835129
0.6132848,0.243720015873939
0.614774,0.243777663723846
0.6162632,0.243835060041936
0.6177524,0.243892206470871
0.6192416,0.243949104639037
0.6207308,0.244005756160704
0.62222,0.244062162636176
0.6237092,0.244118325651943
0.6251984,0.244174246780829
0.6266876,0.24422992758214
0.6281768,0.244285369601809
0.629666,0.244340574372535
0.6311552,0.244395543413931
0.6326444,0.244450278232657
0.6341336,0.244504780322563
0.6356228,0.244559051164821
0.637112,0.24461309222806
0.6386012,0.244666904968502
0.6400904,0.244720490830087
0.6415796,0.244773851244605
0.6430688,0.244826987631827
0.644558,0.244879901399623
0.6460472,0.244932593944095
0.6475364,0.244985066649692
0.6490256,0.245037320889338
0.6505148,0.245089358024546
0.652004,0.245141179405541
0.6534932,0.245192786371374
0.6549824,0.245244180250036
0.6564716,0.245295362358578
0.6579608,0.245346334003216
0.65945,0.245397096479448
0.6609392,0.245447651072158
0.6624284,0.245497999055731
0.6639176,0.245548141694155
0.6654068,0.24559808024113
0.666896,0.24564781594017
0.6683852,0.245697350024706
0.6698744,0.245746683718193
0.6713636,0.245795818234204
0.6728528,0.245844754776533
0.674342,0.245893494539293
0.6758312,0.245942038707013
0.6773204,0.245990388454734
0.6788096,0.246038544948103
0.6802988,0.246086509343469
0.681788,0.246134282787973
0.6832772,0.246181866419639
0.6847664,0.246229261367467
0.6862556,0.246276468751523
0.6877448,0.246323489683021
0.689234,0.246370325264419
0.6907232,0.246416976589497
0.6922124,0.246463444743447
0.6937016,0.246509730802958
0.6951908,0.246555835836293
0.69668,0.24660176090338
0.6981692,0.246647507055884
0.6996584,0.246693075337294
0.7011476,0.246738466783001
0.7026368,0.246783682420374
0.704126,0.24682872326884
0.7056152,0.246873590339958
0.7071044,0.246918284637499
0.7085936,0.246962807157515
0.7100828,0.24700715888842
0.711572,0.247051340811056
0.7130612,0.247095353898771
0.7145504,0.247139199117487
0.7160396,0.247182877425772
0.7175288,0.247226389774911
0.719018,0.247269737108971
0.7205072,0.247312920364874
0.7219964,0.247355940472463
0.7234856,0.247398798354566
0.7249748,0.247441494927067
0.726464,0.247484031098967
0.7279532,0.247526407772451
0.7294424,0.247568625842948
0.7309316,0.2476106861992
0.7324208,0.24765258972332
0.73391,0.247694337290855
0.7353992,0.247735929770847
0.7368884,0.247777368025893
0.7383776,0.247818652912205
0.7398668,0.247859785279668
0.741356,0.247900765971901
0.7428452,0.247941595826311
0.7443344,0.247982275674153
0.7458236,0.248022806340583
0.7473128,0.248063188644719
0.748802,0.248103423399692
0.7502912,0.248143511412701
0.7517804,0.248183453485069
0.7532696,0.248223250412294
0.7547588,0.248262902984104
0.756248,0.248302411984507
0.7577372,0.248341778191846
0.7592264,0.248381002378846
0.7607156,0.248420085312668
0.7622048,0.248459027754955
0.763694,0.248497830461888
0.7651832,0.248536494184227
0.7666724,0.248575019667366
0.7681616,0.248613407651378
0.7696508,0.248651658871062
0.77114,0.24868977405599
