"ResDensity","N_TraitValue"
13921.8311,2.51440095224856e-06
14014.7571868,2.52017282313368e-06
14107.6832736,2.52589469298403e-06
14200.6093604,2.53156720872708e-06
14293.5354472,2.53719100617802e-06
14386.461534,2.54276671027736e-06
14479.3876208,2.54829493532247e-06
14572.3137076,2.55377628519315e-06
14665.2397944,2.55921135357153e-06
14758.1658812,2.56460072415646e-06
14851.091968,2.56994497087245e-06
14944.0180548,2.5752446580734e-06
15036.9441416,2.58050034074133e-06
15129.8702284,2.58571256468004e-06
15222.7963152,2.59088186670411e-06
15315.722402,2.59600877482319e-06
15408.6484888,2.60109380842178e-06
15501.5745756,2.60613747843467e-06
15594.5006624,2.61114028751802e-06
15687.4267492,2.61610273021638e-06
15780.352836,2.62102529312569e-06
15873.2789228,2.62590845505228e-06
15966.2050096,2.63075268716815e-06
16059.1310964,2.63555845316253e-06
16152.0571832,2.64032620938982e-06
16244.98327,2.64505640501408e-06
16337.9093568,2.64974948215003e-06
16430.8354436,2.65440587600087e-06
16523.7615304,2.65902601499276e-06
16616.6876172,2.66361032090627e-06
16709.613704,2.6681592090047e-06
16802.5397908,2.67267308815949e-06
16895.4658776,2.67715236097273e-06
16988.3919644,2.68159742389687e-06
17081.3180512,2.68600866735168e-06
17174.244138,2.69038647583857e-06
17267.1702248,2.69473122805229e-06
17360.0963116,2.69904329699017e-06
17453.0223984,2.70332305005883e-06
17545.9484852,2.70757084917857e-06
17638.874572,2.71178705088535e-06
17731.8006588,2.71597200643058e-06
17824.7267456,2.72012606187866e-06
17917.6528324,2.7242495582024e-06
18010.5789192,2.72834283137624e-06
18103.505006,2.73240621246761e-06
18196.4310928,2.7364400277261e-06
18289.3571796,2.74044459867084e-06
18382.2832664,2.74442024217589e-06
18475.2093532,2.74836727055386e-06
18568.13544,2.75228599163764e-06
18661.0615268,2.7561767088605e-06
18753.9876136,2.76003972133436e-06
18846.9137004,2.76387532392645e-06
18939.8397872,2.76768380733439e-06
19032.765874,2.77146545815955e-06
19125.6919608,2.775220558979e-06
19218.6180476,2.77894938841592e-06
19311.5441344,2.78265222120843e-06
19404.4702212,2.78632932827717e-06
19497.396308,2.78998097679128e-06
19590.3223948,2.79360743023319e-06
19683.2484816,2.79720894846194e-06
19776.1745684,2.8007857877753e-06
19869.1006552,2.80433820097051e-06
19962.026742,2.80786643740388e-06
20054.9528288,2.81137074304914e-06
20147.8789156,2.81485136055459e-06
20240.8050024,2.81830852929908e-06
20333.7310892,2.82174248544697e-06
20426.657176,2.8251534620018e-06
20519.5832628,2.82854168885909e-06
20612.5093496,2.83190739285794e-06
20705.4354364,2.83525079783167e-06
20798.3615232,2.83857212465742e-06
20891.28761,2.84187159130482e-06
20984.2136968,2.84514941288367e-06
21077.1397836,2.84840580169067e-06
21170.0658704,2.85164096725527e-06
21262.9919572,2.85485511638463e-06
21355.918044,2.85804845320764e-06
21448.8441308,2.86122117921817e-06
21541.7702176,2.86437349331747e-06
21634.6963044,2.86750559185568e-06
21727.6223912,2.87061766867264e-06
21820.548478,2.87370991513789e-06
21913.4745648,2.87678252018986e-06
22006.4006516,2.87983567037437e-06
22099.3267384,2.88286954988238e-06
22192.2528252,2.88588434058704e-06
22285.178912,2.88888022208005e-06
22378.1049988,2.89185737170728e-06
22471.0310856,2.89481596460378e-06
22563.9571724,2.89775617372815e-06
22656.8832592,2.90067816989622e-06
22749.809346,2.90358212181413e-06
22842.7354328,2.90646819611081e-06
22935.6615196,2.90933655736986e-06
23028.5876064,2.91218736816081e-06
23121.5136932,2.91502078906984e-06
23214.43978,2.91783697872998e-06
23307.3658668,2.92063609385063e-06
23400.2919536,2.92341828924671e-06
23493.2180404,2.92618371786716e-06
23586.1441272,2.92893253082299e-06
23679.070214,2.93166487741477e-06
23771.9963008,2.93438090515969e-06
23864.9223876,2.93708075981813e-06
23957.8484744,2.93976458541967e-06
24050.7745612,2.94243252428877e-06
24143.700648,2.9450847170699e-06
24236.6267348,2.94772130275224e-06
24329.5528216,2.95034241869399e-06
24422.4789084,2.95294820064621e-06
24515.4049952,2.95553878277624e-06
24608.331082,2.95811429769078e-06
24701.2571688,2.96067487645846e-06
24794.1832556,2.96322064863208e-06
24887.1093424,2.96575174227051e-06
24980.0354292,2.96826828396011e-06
25072.961516,2.97077039883585e-06
25165.8876028,2.97325821060207e-06
25258.8136896,2.97573184155284e-06
25351.7397764,2.97819141259201e-06
25444.6658632,2.98063704325293e-06
25537.59195,2.98306885171776e-06
25630.5180368,2.98548695483658e-06
25723.4441236,2.98789146814604e-06
25816.3702104,2.9902825058878e-06
25909.2962972,2.99266018102662e-06
26002.222384,2.99502460526814e-06
26095.1484708,2.99737588907637e-06
26188.0745576,2.9997141416909e-06
26281.0006444,3.00203947114385e-06
26373.9267312,3.00435198427643e-06
26466.852818,3.00665178675539e-06
26559.7789048,3.00893898308906e-06
26652.7049916,3.01121367664319e-06
26745.6310784,3.01347596965655e-06
26838.5571652,3.0157259632562e-06
26931.483252,3.01796375747261e-06
27024.4093388,3.02018945125444e-06
27117.3354256,3.02240314248316e-06
27210.2615124,3.02460492798736e-06
27303.1875992,3.02679490355693e-06
27396.113686,3.02897316395688e-06
27489.0397728,3.03113980294106e-06
27581.9658596,3.03329491326557e-06
27674.8919464,3.03543858670206e-06
27767.8180332,3.03757091405069e-06
27860.74412,3.03969198515298e-06
27953.6702068,3.04180188890443e-06
28046.5962936,3.04390071326694e-06
28139.5223804,3.04598854528103e-06
28232.4484672,3.04806547107786e-06
28325.374554,3.0501315758911e-06
28418.3006408,3.05218694406857e-06
28511.2267276,3.05423165908373e-06
28604.1528144,3.05626580354696e-06
28697.0789012,3.05828945921672e-06
28790.004988,3.06030270701048e-06
28882.9310748,3.06230562701551e-06
28975.8571616,3.06429829849949e-06
29068.7832484,3.066280799921e-06
29161.7093352,3.06825320893977e-06
29254.635422,3.07021560242686e-06
29347.5615088,3.07216805647464e-06
29440.4875956,3.0741106464066e-06
29533.4136824,3.07604344678706e-06
29626.3397692,3.07796653143073e-06
29719.265856,3.07987997341204e-06
29812.1919428,3.08178384507447e-06
29905.1180296,3.08367821803961e-06
29998.0441164,3.0855631632162e-06
30090.9702032,3.08743875080892e-06
30183.89629,3.08930505032712e-06
30276.8223768,3.09116213059346e-06
30369.7484636,3.09301005975228e-06
30462.6745504,3.09484890527801e-06
30555.6006372,3.09667873398335e-06
30648.526724,3.09849961202737e-06
30741.4528108,3.10031160492346e-06
30834.3788976,3.10211477754725e-06
30927.3049844,3.10390919414427e-06
31020.2310712,3.10569491833764e-06
31113.157158,3.10747201313557e-06
31206.0832448,3.10924054093877e-06
31299.0093316,3.11100056354777e-06
31391.9354184,3.11275214217006e-06
31484.8615052,3.11449533742729e-06
31577.787592,3.11623020936216e-06
31670.7136788,3.11795681744538e-06
31763.6397656,3.11967522058242e-06
31856.5658524,3.12138547712026e-06
31949.4919392,3.12308764485396e-06
32042.418026,3.12478178103315e-06
32135.3441128,3.12646794236851e-06
32228.2701996,3.12814618503804e-06
32321.1962864,3.12981656469334e-06
32414.1223732,3.13147913646573e-06
32507.04846,3.13313395497233e-06
32599.9745468,3.13478107432204e-06
32692.9006336,3.13642054812145e-06
32785.8267204,3.13805242948062e-06
32878.7528072,3.13967677101887e-06
32971.678894,3.14129362487038e-06
33064.6049808,3.1429030426898e-06
33157.5310676,3.14450507565774e-06
33250.4571544,3.14609977448621e-06
33343.3832412,3.14768718942393e-06
33436.309328,3.14926737026167e-06
33529.2354148,3.1508403663374e-06
33622.1615016,3.15240622654148e-06
33715.0875884,3.15396499932164e-06
33808.0136752,3.15551673268809e-06
33900.939762,3.15706147421834e-06
33993.8658488,3.15859927106214e-06
34086.7919356,3.16013016994624e-06
34179.7180224,3.16165421717914e-06
34272.6441092,3.16317145865574e-06
34365.570196,3.16468193986196e-06
34458.4962828,3.16618570587929e-06
34551.4223696,3.16768280138926e-06
34644.3484564,3.16917327067789e-06
34737.2745432,3.17065715764003e-06
34830.20063,3.17213450578367e-06
34923.1267168,3.17360535823423e-06
35016.0528036,3.17506975773871e-06
35108.9788904,3.17652774666986e-06
35201.9049772,3.17797936703024e-06
35294.831064,3.17942466045628e-06
35387.7571508,3.18086366822227e-06
35480.6832376,3.18229643124425e-06
35573.6093244,3.18372299008391e-06
35666.5354112,3.18514338495242e-06
35759.461498,3.18655765571421e-06
35852.3875848,3.18796584189069e-06
35945.3136716,3.18936798266394e-06
36038.2397584,3.19076411688033e-06
36131.1658452,3.19215428305411e-06
36224.091932,3.193538519371e-06
36317.0180188,3.1949168636916e-06
36409.9441056,3.19628935355491e-06
36502.8701924,3.1976560261817e-06
36595.7962792,3.19901691847792e-06
36688.722366,3.20037206703796e-06
36781.6484528,3.20172150814798e-06
36874.5745396,3.20306527778913e-06
36967.5006264,3.20440341164073e-06
37060.4267132,3.20573594508348e-06
37153.3528,3.20706291320251e-06
37246.2788868,3.20838435079053e-06
37339.2049736,3.2097002923508e-06
37432.1310604,3.2110107721002e-06
37525.0571472,3.21231582397215e-06
37617.983234,3.21361548161954e-06
37710.9093208,3.21490977841766e-06
37803.8354076,3.21619874746702e-06
37896.7614944,3.21748242159619e-06
37989.6875812,3.21876083336457e-06
38082.613668,3.22003401506518e-06
38175.5397548,3.22130199872732e-06
38268.4658416,3.22256481611931e-06
38361.3919284,3.22382249875113e-06
38454.3180152,3.22507507787701e-06
38547.244102,3.22632258449806e-06
38640.1701888,3.22756504936481e-06
38733.0962756,3.22880250297972e-06
38826.0223624,3.23003497559973e-06
38918.9484492,3.23126249723864e-06
39011.874536,3.23248509766963e-06
39104.8006228,3.23370280642763e-06
39197.7267096,3.23491565281168e-06
39290.6527964,3.23612366588733e-06
39383.5788832,3.23732687448891e-06
39476.50497,3.23852530722185e-06
39569.4310568,3.23971899246496e-06
39662.3571436,3.24090795837264e-06
39755.2832304,3.24209223287711e-06
39848.2093172,3.24327184369059e-06
39941.135404,3.24444681830748e-06
40034.0614908,3.24561718400647e-06
40126.9875776,3.24678296785267e-06
40219.9136644,3.2479441966997e-06
40312.8397512,3.24910089719171e-06
40405.765838,3.25025309576548e-06
40498.6919248,3.2514008186524e-06
40591.6180116,3.25254409188046e-06
40684.5440984,3.25368294127622e-06
40777.4701852,3.25481739246675e-06
40870.396272,3.25594747088158e-06
40963.3223588,3.25707320175456e-06
41056.2484456,3.25819461012577e-06
41149.1745324,3.25931172084336e-06
41242.1006192,3.26042455856539e-06
41335.026706,3.26153314776164e-06
41427.9527928,3.26263751271541e-06
41520.8788796,3.2637376775253e-06
41613.8049664,3.26483366610693e-06
41706.7310532,3.26592550219472e-06
41799.65714,3.26701320934357e-06
41892.5832268,3.26809681093056e-06
41985.5093136,3.26917633015663e-06
42078.4354004,3.27025179004825e-06
42171.3614872,3.27132321345901e-06
42264.287574,3.27239062307131e-06
42357.2136608,3.27345404139787e-06
42450.1397476,3.27451349078342e-06
42543.0658344,3.27556899340617e-06
42635.9919212,3.2766205712794e-06
42728.918008,3.27766824625301e-06
42821.8440948,3.27871204001499e-06
42914.7701816,3.27975197409294e-06
43007.6962684,3.28078806985554e-06
43100.6223552,3.28182034851404e-06
43193.548442,3.28284883112366e-06
43286.4745288,3.28387353858509e-06
43379.4006156,3.28489449164581e-06
43472.3267024,3.2859117109016e-06
43565.2527892,3.28692521679784e-06
43658.178876,3.28793502963091e-06
43751.1049628,3.28894116954956e-06
43844.0310496,3.28994365655622e-06
43936.9571364,3.29094251050834e-06
44029.8832232,3.29193775111973e-06
44122.80931,3.29292939796179e-06
44215.7353968,3.29391747046485e-06
44308.6614836,3.29490198791943e-06
44401.5875704,3.29588296947746e-06
44494.5136572,3.29686043415359e-06
44587.439744,3.29783440082633e-06
44680.3658308,3.29880488823933e-06
44773.2919176,3.29977191500259e-06
44866.2180044,3.30073549959358e-06
44959.1440912,3.3016956603585e-06
45052.070178,3.30265241551337e-06
45144.9962648,3.30360578314525e-06
45237.9223516,3.30455578121332e-06
45330.8484384,3.30550242755006e-06
45423.7745252,3.30644573986232e-06
45516.700612,3.30738573573244e-06
45609.6266988,3.30832243261938e-06
45702.5527856,3.30925584785973e-06
45795.4788724,3.31018599866884e-06
45888.4049592,3.31111290214186e-06
45981.331046,3.31203657525475e-06
46074.2571328,3.3129570348654e-06
46167.1832196,3.31387429771455e-06
46260.1093064,3.31478838042691e-06
46353.0353932,3.31569929951208e-06
46445.96148,3.31660707136559e-06
46538.8875668,3.31751171226988e-06
46631.8136536,3.31841323839524e-06
46724.7397404,3.31931166580085e-06
46817.6658272,3.32020701043562e-06
46910.591914,3.32109928813923e-06
47003.5180008,3.32198851464304e-06
47096.4440876,3.32287470557098e-06
47189.3701744,3.3237578764405e-06
47282.2962612,3.32463804266348e-06
47375.222348,3.32551521954709e-06
47468.1484348,3.32638942229471e-06
47561.0745216,3.32726066600679e-06
47654.0006084,3.32812896568175e-06
47746.9266952,3.3289943362168e-06
47839.852782,3.3298567924088e-06
47932.7788688,3.33071634895513e-06
48025.7049556,3.33157302045452e-06
48118.6310424,3.33242682140783e-06
48211.5571292,3.33327776621893e-06
48304.483216,3.33412586919548e-06
48397.4093028,3.33497114454973e-06
48490.3353896,3.33581360639932e-06
48583.2614764,3.33665326876806e-06
48676.1875632,3.33749014558671e-06
48769.11365,3.33832425069378e-06
48862.0397368,3.33915559783623e-06
48954.9658236,3.33998420067029e-06
49047.8919104,3.34081007276217e-06
49140.8179972,3.34163322758879e-06
49233.744084,3.34245367853856e-06
49326.6701708,3.34327143891207e-06
49419.5962576,3.34408652192281e-06
49512.5223444,3.34489894069791e-06
49605.4484312,3.34570870827878e-06
49698.374518,3.34651583762191e-06
49791.3006048,3.34732034159945e-06
49884.2266916,3.34812223299998e-06
49977.1527784,3.34892152452914e-06
50070.0788652,3.34971822881032e-06
50163.004952,3.35051235838532e-06
50255.9310388,3.35130392571501e-06
50348.8571256,3.35209294317997e-06
50441.7832124,3.35287942308115e-06
50534.7092992,3.35366337764052e-06
50627.635386,3.35444481900167e-06
50720.5614728,3.35522375923045e-06
50813.4875596,3.35600021031563e-06
50906.4136464,3.35677418416943e-06
50999.3397332,3.35754569262822e-06
51092.26582,3.35831474745307e-06
51185.1919068,3.35908136033036e-06
51278.1179936,3.35984554287238e-06
51371.0440804,3.3606073066179e-06
51463.9701672,3.36136666303276e-06
51556.896254,3.36212362351045e-06
51649.8223408,3.36287819937268e-06
51742.7484276,3.36363040186993e-06
51835.6745144,3.36438024218203e-06
51928.6006012,3.3651277314187e-06
52021.526688,3.36587288062008e-06
52114.4527748,3.36661570075733e-06
52207.3788616,3.36735620273311e-06
52300.3049484,3.36809439738214e-06
52393.2310352,3.36883029547173e-06
52486.157122,3.36956390770231e-06
52579.0832088,3.3702952447079e-06
52672.0092956,3.37102431705671e-06
52764.9353824,3.37175113525156e-06
52857.8614692,3.37247570973045e-06
52950.787556,3.37319805086703e-06
53043.7136428,3.37391816897108e-06
53136.6397296,3.37463607428904e-06
53229.5658164,3.37535177700448e-06
53322.4919032,3.37606528723856e-06
53415.41799,3.37677661505053e-06
53508.3440768,3.3774857704382e-06
53601.2701636,3.37819276333842e-06
53694.1962504,3.3788976036275e-06
53787.1223372,3.37960030112171e-06
53880.048424,3.38030086557775e-06
53972.9745108,3.38099930669315e-06
54065.9005976,3.38169563410674e-06
54158.8266844,3.38238985739912e-06
54251.7527712,3.38308198609307e-06
54344.678858,3.38377202965398e-06
54437.6049448,3.38445999749031e-06
54530.5310316,3.385145898954e-06
54623.4571184,3.38582974334088e-06
54716.3832052,3.38651153989112e-06
54809.309292,3.38719129778963e-06
54902.2353788,3.38786902616647e-06
54995.1614656,3.38854473409727e-06
55088.0875524,3.38921843060362e-06
55181.0136392,3.38989012465348e-06
55273.939726,3.39055982516158e-06
55366.8658128,3.39122754098981e-06
55459.7918996,3.39189328094762e-06
55552.7179864,3.39255705379239e-06
55645.6440732,3.39321886822983e-06
55738.57016,3.39387873291435e-06
55831.4962468,3.39453665644945e-06
55924.4223336,3.39519264738808e-06
56017.3484204,3.39584671423302e-06
56110.2745072,3.39649886543724e-06
56203.200594,3.39714910940426e-06
56296.1266808,3.39779745448854e-06
56389.0527676,3.3984439089958e-06
56481.9788544,3.3990884811834e-06
56574.9049412,3.39973117926067e-06
56667.831028,3.4003720113893e-06
56760.7571148,3.40101098568362e-06
56853.6832016,3.40164811021101e-06
56946.6092884,3.40228339299219e-06
57039.5353752,3.40291684200158e-06
57132.461462,3.40354846516764e-06
57225.3875488,3.40417827037318e-06
57318.3136356,3.4048062654557e-06
57411.2397224,3.40543245820771e-06
57504.1658092,3.40605685637706e-06
57597.091896,3.40667946766725e-06
57690.0179828,3.40730029973776e-06
57782.9440696,3.40791936020436e-06
57875.8701564,3.40853665663939e-06
57968.7962432,3.40915219657212e-06
58061.72233,3.40976598748904e-06
58154.6484168,3.41037803683413e-06
58247.5745036,3.4109883520092e-06
58340.5005904,3.41159694037418e-06
58433.4266772,3.4122038092474e-06
58526.352764,3.4128089659059e-06
58619.2788508,3.41341241758571e-06
58712.2049376,3.41401417148216e-06
58805.1310244,3.41461423475013e-06
58898.0571112,3.41521261450436e-06
58990.983198,3.41580931781973e-06
59083.9092848,3.41640435173152e-06
59176.8353716,3.41699772323571e-06
59269.7614584,3.41758943928924e-06
59362.6875452,3.41817950681029e-06
59455.613632,3.41876793267854e-06
59548.5397188,3.41935472373545e-06
59641.4658056,3.41993988678451e-06
59734.3918924,3.4205234285915e-06
59827.3179792,3.4211053558848e-06
59920.244066,3.42168567535556e-06
60013.1701528,3.42226439365805e-06
60106.0962396,3.42284151740984e-06
60199.0223264,3.4234170531921e-06
60291.9484132,3.42399100754983e-06
60384.8745,3.42456338699211e-06
