"ResDensity","N_TraitValue"
5,1.0715824305305e-05
5.99,1.21816018679465e-05
6.98,1.35048687201988e-05
7.97,1.47054448369693e-05
8.96,1.57996376901506e-05
9.95,1.68009873458174e-05
10.94,1.77208296142121e-05
11.93,1.856872706058e-05
12.92,1.93528026885659e-05
13.91,2.00800010068389e-05
14.9,2.07562942704632e-05
15.89,2.13868468752616e-05
16.88,2.19761474871717e-05
17.87,2.25281160605207e-05
18.86,2.3046191142011e-05
19.85,2.35334015711325e-05
20.84,2.39924257364667e-05
21.83,2.44256408367651e-05
22.82,2.48351640599877e-05
23.81,2.52228871861053e-05
24.8,2.55905058071522e-05
25.79,2.59395441167281e-05
26.78,2.62713760333867e-05
27.77,2.65872432752407e-05
28.76,2.68882708870986e-05
29.75,2.71754806294071e-05
30.74,2.7449802564809e-05
31.73,2.77120851191756e-05
32.72,2.79631038464149e-05
33.71,2.82035690877929e-05
34.7,2.84341326850907e-05
35.69,2.8655393881207e-05
36.68,2.88679045206804e-05
37.67,2.90721736451568e-05
38.66,2.92686715643678e-05
39.65,2.94578334711539e-05
40.64,2.96400626590189e-05
41.63,2.98157333922849e-05
42.62,2.9985193471832e-05
43.61,3.01487665334391e-05
44.6,3.03067541106808e-05
45.59,3.04594374900494e-05
46.58,3.06070793823123e-05
47.57,3.0749925430998e-05
48.56,3.08882055762302e-05
49.55,3.10221352898404e-05
50.54,3.11519166957115e-05
51.53,3.12777395876054e-05
52.52,3.13997823552543e-05
53.51,3.15182128282189e-05
54.5,3.16331890459082e-05
55.49,3.17448599611905e-05
56.48,3.18533660841826e-05
57.47,3.19588400720685e-05
58.46,3.20614072701526e-05
59.45,3.21611862087877e-05
60.44,3.22582890603208e-05
61.43,3.23528220597585e-05
62.42,3.24448858924698e-05
63.41,3.25345760519006e-05
64.4,3.26219831699714e-05
65.39,3.27071933225621e-05
66.38,3.27902883122469e-05
67.37,3.2871345930233e-05
68.36,3.29504401992655e-05
69.35,3.30276415990925e-05
70.34,3.31030172759347e-05
71.33,3.31766312372669e-05
72.32,3.32485445331007e-05
73.31,3.33188154248451e-05
74.3,3.33874995427294e-05
75.29,3.345465003268e-05
76.28,3.35203176934675e-05
77.27,3.35845511048677e-05
78.26,3.36473967475151e-05
79.25,3.37088991150719e-05
80.24,3.376910081928e-05
81.23,3.38280426884182e-05
82.22,3.38857638596412e-05
83.21,3.39423018656419e-05
84.2,3.39976927160369e-05
85.19,3.4051970973849e-05
86.18,3.41051698274264e-05
87.17,3.41573211581134e-05
88.16,3.42084556039627e-05
89.15,3.42586026197567e-05
90.14,3.43077905335851e-05
91.13,3.43560466002067e-05
92.12,3.44033970514073e-05
93.11,3.44498671435484e-05
94.1,3.44954812024882e-05
95.09,3.45402626660432e-05
96.08,3.4584234124145e-05
97.07,3.46274173568383e-05
98.06,3.46698333702529e-05
99.05,3.47115024306759e-05
100.04,3.47524440968391e-05
101.03,3.47926772505304e-05
102.02,3.48322201256295e-05
103.01,3.48710903356621e-05
104,3.49093048999592e-05
104.99,3.49468802685045e-05
105.98,3.49838323455443e-05
106.97,3.50201765120334e-05
107.96,3.50559276469812e-05
108.95,3.50911001477619e-05
109.94,3.51257079494464e-05
110.93,3.51597645432098e-05
111.92,3.51932829938679e-05
112.91,3.52262759565868e-05
113.9,3.52587556928145e-05
114.89,3.52907340854739e-05
115.88,3.53222226534579e-05
116.87,3.5353232565463e-05
117.86,3.53837746531977e-05
118.85,3.54138594239968e-05
119.84,3.54434970728738e-05
120.83,3.54726974940394e-05
121.82,3.55014702919141e-05
122.81,3.55298247916611e-05
123.8,3.55577700492623e-05
124.79,3.55853148611615e-05
125.78,3.56124677734958e-05
126.77,3.56392370909366e-05
127.76,3.56656308851571e-05
128.75,3.56916570029471e-05
129.74,3.57173230739905e-05
130.73,3.57426365183227e-05
131.72,3.57676045534817e-05
132.71,3.57922342013697e-05
133.7,3.5816532294837e-05
134.69,3.58405054840015e-05
135.68,3.58641602423167e-05
136.67,3.58875028724e-05
137.66,3.59105395116307e-05
138.65,3.59332761375301e-05
139.64,3.59557185729326e-05
140.63,3.59778724909572e-05
141.62,3.59997434197885e-05
142.61,3.60213367472759e-05
143.6,3.60426577253586e-05
144.59,3.60637114743239e-05
145.58,3.60845029869072e-05
146.57,3.61050371322388e-05
147.56,3.61253186596458e-05
148.55,3.6145352202314e-05
149.54,3.61651422808166e-05
150.53,3.6184693306515e-05
151.52,3.62040095848368e-05
152.51,3.6223095318437e-05
153.5,3.62419546102461e-05
154.49,3.62605914664109e-05
155.48,3.62790097991311e-05
156.47,3.62972134293975e-05
157.46,3.63152060896345e-05
158.45,3.63329914262515e-05
159.44,3.63505730021066e-05
160.43,3.63679542988855e-05
161.42,3.63851387194009e-05
162.41,3.64021295898128e-05
163.4,3.64189301617748e-05
164.39,3.6435543614509e-05
165.38,3.64519730568114e-05
166.37,3.64682215289912e-05
167.36,3.64842920047465e-05
168.35,3.65001873929789e-05
169.34,3.65159105395483e-05
170.33,3.65314642289718e-05
171.32,3.65468511860676e-05
172.31,3.65620740775465e-05
173.3,3.65771355135524e-05
174.29,3.65920380491543e-05
175.28,3.66067841857916e-05
176.27,3.66213763726735e-05
177.26,3.66358170081352e-05
178.25,3.66501084409521e-05
179.24,3.66642529716133e-05
180.23,3.66782528535561e-05
181.22,3.66921102943627e-05
182.21,3.67058274569211e-05
183.2,3.67194064605498e-05
184.19,3.673284938209e-05
185.18,3.67461582569643e-05
186.17,3.67593350802039e-05
187.16,3.67723818074459e-05
188.15,3.67853003559007e-05
189.14,3.67980926052912e-05
190.13,3.68107603987645e-05
191.12,3.68233055437776e-05
192.11,3.68357298129566e-05
193.1,3.6848034944932e-05
194.09,3.68602226451496e-05
195.08,3.68722945866589e-05
196.07,3.68842524108779e-05
197.06,3.6896097728338e-05
198.05,3.69078321194066e-05
199.04,3.69194571349899e-05
200.03,3.69309742972168e-05
201.02,3.69423851001026e-05
202.01,3.69536910101955e-05
203,3.69648934672049e-05
203.99,3.69759938846124e-05
204.98,3.69869936502664e-05
205.97,3.69978941269607e-05
206.96,3.70086966529972e-05
207.95,3.70194025427336e-05
208.94,3.70300130871167e-05
209.93,3.7040529554201e-05
210.92,3.70509531896543e-05
211.91,3.70612852172494e-05
212.9,3.70715268393426e-05
213.89,3.70816792373412e-05
214.88,3.70917435721565e-05
215.87,3.71017209846476e-05
216.86,3.71116125960513e-05
217.85,3.71214195084032e-05
218.84,3.71311428049463e-05
219.83,3.71407835505301e-05
220.82,3.71503427919994e-05
221.81,3.71598215585732e-05
222.8,3.7169220862214e-05
223.79,3.71785416979882e-05
224.78,3.71877850444169e-05
225.77,3.71969518638187e-05
226.76,3.72060431026435e-05
227.75,3.72150596917982e-05
228.74,3.72240025469648e-05
229.73,3.72328725689098e-05
230.72,3.72416706437873e-05
231.71,3.72503976434336e-05
232.7,3.72590544256554e-05
233.69,3.72676418345112e-05
234.68,3.72761607005848e-05
235.67,3.72846118412542e-05
236.66,3.72929960609521e-05
237.65,3.73013141514216e-05
238.64,3.73095668919654e-05
239.63,3.73177550496891e-05
240.62,3.73258793797391e-05
241.61,3.73339406255343e-05
242.6,3.73419395189934e-05
243.59,3.73498767807562e-05
244.58,3.73577531203998e-05
245.57,3.73655692366506e-05
246.56,3.73733258175902e-05
247.55,3.73810235408582e-05
248.54,3.73886630738488e-05
249.53,3.73962450739039e-05
250.52,3.74037701885021e-05
251.51,3.74112390554422e-05
252.5,3.74186523030242e-05
253.49,3.74260105502249e-05
254.48,3.74333144068705e-05
255.47,3.7440564473805e-05
256.46,3.7447761343055e-05
257.45,3.74549055979907e-05
258.44,3.74619978134837e-05
259.43,3.74690385560612e-05
260.42,3.74760283840568e-05
261.41,3.74829678477581e-05
262.4,3.7489857489551e-05
263.39,3.74966978440612e-05
264.38,3.75034894382926e-05
265.37,3.75102327917622e-05
266.36,3.7516928416633e-05
267.35,3.75235768178435e-05
268.34,3.75301784932346e-05
269.33,3.7536733933674e-05
270.32,3.75432436231778e-05
271.31,3.75497080390296e-05
272.3,3.7556127651897e-05
273.29,3.75625029259463e-05
274.28,3.75688343189539e-05
275.27,3.75751222824161e-05
276.26,3.75813672616564e-05
277.25,3.75875696959307e-05
278.24,3.75937300185299e-05
279.23,3.75998486568815e-05
280.22,3.76059260326478e-05
281.21,3.76119625618232e-05
282.2,3.76179586548289e-05
283.19,3.76239147166059e-05
284.18,3.76298311467064e-05
285.17,3.76357083393829e-05
286.16,3.76415466836758e-05
287.15,3.76473465634994e-05
288.14,3.7653108357726e-05
289.13,3.76588324402681e-05
290.12,3.766451918016e-05
291.11,3.76701689416362e-05
292.1,3.76757820842099e-05
293.09,3.7681358962749e-05
294.08,3.76868999275508e-05
295.07,3.76924053244154e-05
296.06,3.76978754947176e-05
297.05,3.77033107754777e-05
298.04,3.77087114994305e-05
299.03,3.77140779950931e-05
300.02,3.77194105868317e-05
301.01,3.77247095949271e-05
302,3.77299753356384e-05
302.99,3.77352081212661e-05
303.98,3.77404082602143e-05
304.97,3.77455760570503e-05
305.96,3.77507118125651e-05
306.95,3.77558158238312e-05
307.94,3.77608883842599e-05
308.93,3.77659297836576e-05
309.92,3.77709403082812e-05
310.91,3.77759202408918e-05
311.9,3.77808698608084e-05
312.89,3.77857894439599e-05
313.88,3.77906792629363e-05
314.87,3.77955395870391e-05
315.86,3.78003706823309e-05
316.85,3.78051728116837e-05
317.84,3.78099462348268e-05
318.83,3.78146912083935e-05
319.82,3.7819407985967e-05
320.81,3.78240968181259e-05
321.8,3.78287579524883e-05
322.79,3.78333916337554e-05
323.78,3.78379981037544e-05
324.77,3.78425776014806e-05
325.76,3.78471303631387e-05
326.75,3.78516566221834e-05
327.74,3.78561566093593e-05
328.73,3.786063055274e-05
329.72,3.78650786777669e-05
330.71,3.7869501207287e-05
331.7,3.78738983615898e-05
332.69,3.78782703584442e-05
333.68,3.78826174131345e-05
334.67,3.78869397384954e-05
335.66,3.7891237544947e-05
336.65,3.78955110405291e-05
337.64,3.78997604309342e-05
338.63,3.79039859195411e-05
339.62,3.7908187707447e-05
340.61,3.79123659934995e-05
341.6,3.79165209743281e-05
342.59,3.79206528443748e-05
343.58,3.79247617959246e-05
344.57,3.79288480191353e-05
345.56,3.79329117020666e-05
346.55,3.79369530307096e-05
347.54,3.79409721890144e-05
348.53,3.79449693589184e-05
349.52,3.79489447203738e-05
350.51,3.79528984513744e-05
351.5,3.79568307279825e-05
352.49,3.79607417243546e-05
353.48,3.79646316127674e-05
354.47,3.7968500563643e-05
355.46,3.79723487455739e-05
356.45,3.79761763253472e-05
357.44,3.79799834679691e-05
358.43,3.79837703366884e-05
359.42,3.79875370930197e-05
360.41,3.79912838967666e-05
361.4,3.79950109060442e-05
362.39,3.79987182773014e-05
363.38,3.80024061653425e-05
364.37,3.80060747233494e-05
365.36,3.80097241029021e-05
366.35,3.80133544539999e-05
367.34,3.80169659250819e-05
368.33,3.80205586630474e-05
369.32,3.80241328132757e-05
370.31,3.80276885196454e-05
371.3,3.80312259245543e-05
372.29,3.80347451689379e-05
373.28,3.80382463922885e-05
374.27,3.80417297326733e-05
375.26,3.80451953267527e-05
376.25,3.80486433097982e-05
377.24,3.80520738157101e-05
378.23,3.80554869770346e-05
379.22,3.80588829249809e-05
380.21,3.80622617894382e-05
381.2,3.8065623698992e-05
382.19,3.80689687809408e-05
383.18,3.80722971613119e-05
384.17,3.80756089648769e-05
385.16,3.80789043151681e-05
386.15,3.80821833344932e-05
387.14,3.80854461439506e-05
388.13,3.80886928634445e-05
389.12,3.80919236116993e-05
390.11,3.80951385062742e-05
391.1,3.80983376635776e-05
392.09,3.8101521198881e-05
393.08,3.81046892263327e-05
394.07,3.81078418589717e-05
395.06,3.81109792087412e-05
396.05,3.81141013865014e-05
397.04,3.81172085020432e-05
398.03,3.81203006641004e-05
399.02,3.8123377980363e-05
400.01,3.81264405574893e-05
401,3.81294885011182e-05
401.99,3.81325219158817e-05
402.98,3.81355409054166e-05
403.97,3.81385455723762e-05
404.96,3.81415360184424e-05
405.95,3.81445123443366e-05
406.94,3.81474746498313e-05
407.93,3.81504230337614e-05
408.92,3.81533575940349e-05
409.91,3.81562784276438e-05
410.9,3.81591856306749e-05
411.89,3.81620792983204e-05
412.88,3.81649595248879e-05
413.87,3.81678264038111e-05
414.86,3.81706800276596e-05
415.85,3.81735204881492e-05
416.84,3.81763478761513e-05
417.83,3.81791622817027e-05
418.82,3.81819637940156e-05
419.81,3.81847525014864e-05
420.8,3.81875284917053e-05
421.79,3.81902918514656e-05
422.78,3.81930426667725e-05
423.77,3.8195781022852e-05
424.76,3.819850700416e-05
425.75,3.82012206943907e-05
426.74,3.82039221764854e-05
427.73,3.82066115326406e-05
428.72,3.82092888443167e-05
429.71,3.82119541922461e-05
430.7,3.82146076564411e-05
431.69,3.82172493162024e-05
432.68,3.82198792501264e-05
433.67,3.82224975361135e-05
434.66,3.82251042513755e-05
435.65,3.82276994724433e-05
436.64,3.82302832751744e-05
437.63,3.82328557347601e-05
438.62,3.82354169257331e-05
439.61,3.82379669219746e-05
440.6,3.82405057967212e-05
441.59,3.82430336225721e-05
442.58,3.82455504714961e-05
443.57,3.82480564148382e-05
444.56,3.82505515233264e-05
445.55,3.82530358670786e-05
446.54,3.82555095156089e-05
447.53,3.8257972537834e-05
448.52,3.826042500208e-05
449.51,3.82628669760884e-05
450.5,3.82652985270224e-05
451.49,3.8267719721473e-05
452.48,3.82701306254653e-05
453.47,3.82725313044642e-05
454.46,3.82749218233807e-05
455.45,3.82773022465774e-05
456.44,3.82796726378742e-05
457.43,3.82820330605547e-05
458.42,3.82843835773709e-05
459.41,3.82867242505494e-05
460.4,3.82890551417968e-05
461.39,3.82913763123047e-05
462.38,3.82936878227556e-05
463.37,3.8295989733328e-05
464.36,3.82982821037015e-05
465.35,3.8300564993062e-05
466.34,3.8302838460107e-05
467.33,3.83051025630502e-05
468.32,3.83073573596269e-05
469.31,3.83096029070989e-05
470.3,3.83118392622589e-05
471.29,3.83140664814358e-05
472.28,3.8316284620499e-05
473.27,3.83184937348634e-05
474.26,3.83206938794939e-05
475.25,3.832288510891e-05
476.24,3.83250674771902e-05
477.23,3.83272410379764e-05
478.22,3.83294058444785e-05
479.21,3.83315619494788e-05
480.2,3.83337094053358e-05
481.19,3.83358482639891e-05
482.18,3.8337978576963e-05
483.17,3.83401003953711e-05
484.16,3.83422137699199e-05
485.15,3.83443187509135e-05
486.14,3.83464153882569e-05
487.13,3.83485037314605e-05
488.12,3.83505838296435e-05
489.11,3.83526557315382e-05
490.1,3.83547194854936e-05
491.09,3.8356775139479e-05
492.08,3.83588227410882e-05
493.07,3.83608623375425e-05
494.06,3.8362893975695e-05
495.05,3.83649177020337e-05
496.04,3.83669335626853e-05
497.03,3.83689416034186e-05
498.02,3.83709418696481e-05
499.01,3.8372934406437e-05
500,3.83749192585013e-05
