"ResDensity","N_TraitValue"
3.1544,0.00111588328429518
3.5502792,0.00125536067361355
3.9461584,0.00139471225619846
4.3420376,0.00153393820218716
4.7379168,0.00167303868141025
5.133796,0.00181201386339238
5.5296752,0.00195086391735293
5.9255544,0.00208958901220669
6.3214336,0.00222818931656457
6.7173128,0.00236666499873426
7.113192,0.0025050162267209
7.5090712,0.00264324316822782
7.9049504,0.00278134599065714
8.3008296,0.00291932486111049
8.6967088,0.0030571799463897
9.092588,0.00319491141299741
9.4884672,0.0033325194271378
9.8843464,0.00347000415471724
10.2802256,0.00360736576134495
10.6761048,0.00374460441233365
11.071984,0.00388172027270028
11.4678632,0.00401871350716657
11.8637424,0.00415558428015981
12.2596216,0.00429233275581341
12.6555008,0.00442895909796761
13.05138,0.00456546347017013
13.4472592,0.00470184603567679
13.8431384,0.00483810695745222
14.2390176,0.00497424639817043
14.6348968,0.00511026452021554
15.030776,0.00524616148568236
15.4266552,0.00538193745637707
15.8225344,0.00551759259381786
16.2184136,0.00565312705923555
16.6142928,0.00578854101357425
17.010172,0.00592383461749198
17.4060512,0.00605900803136133
17.8019304,0.00619406141527007
18.1978096,0.00632899492902177
18.5936888,0.00646380873213649
18.989568,0.00659850298385134
19.3854472,0.00673307784312113
19.7813264,0.00686753346861903
20.1772056,0.00700187001873714
20.5730848,0.00713608765158715
20.968964,0.00727018652500094
21.3648432,0.0074041667965312
21.7607224,0.00753802862345207
22.1566016,0.00767177216275973
22.5524808,0.00780539757117301
22.94836,0.00793890500513403
23.3442392,0.00807229462080879
23.7401184,0.00820556657408777
24.1359976,0.00833872102058657
24.5318768,0.0084717581156465
24.927756,0.00860467801433515
25.3236352,0.00873748087144705
25.7195144,0.00887016684150423
26.1153936,0.00900273607875684
26.5112728,0.00913518873718375
26.907152,0.00926752497049312
27.3030312,0.00939974493212301
27.6989104,0.00953184877524198
28.0947896,0.0096638366527497
28.4906688,0.00979570871727747
28.886548,0.00992746512118889
29.2824272,0.0100591060165804
29.6783064,0.0101906315552819
30.0741856,0.0103220418888572
30.4700648,0.0104533371686049
30.865944,0.0105845175455586
31.2618232,0.0107155831704878
31.6577024,0.0108465341938983
32.0535816,0.0109773707660327
32.4494608,0.0111080930368713
32.84534,0.0112387011561323
33.2412192,0.0113691952732726
33.6370984,0.0114995755374883
34.0329776,0.0116298420977152
34.4288568,0.0117599951026295
34.824736,0.0118900347006484
35.2206152,0.0120199610399305
35.6164944,0.0121497742683763
36.0123736,0.0122794745336291
36.4082528,0.0124090619830753
36.804132,0.0125385367638449
37.2000112,0.0126678990228122
37.5958904,0.0127971489065965
37.9917696,0.0129262865615622
38.3876488,0.0130553121338199
38.783528,0.0131842257692266
39.1794072,0.0133130276133861
39.5752864,0.0134417178116502
39.9711656,0.0135702965091184
40.3670448,0.0136987638506393
40.762924,0.0138271199808103
41.1588032,0.0139553650439788
41.5546824,0.0140834991842424
41.9505616,0.0142115225454497
42.3464408,0.0143394352712005
42.74232,0.0144672375048466
43.1381992,0.0145949293894922
43.5340784,0.0147225110679945
43.9299576,0.0148499826829643
44.3258368,0.0149773443767662
44.721716,0.0151045962915198
45.1175952,0.0152317385690994
45.5134744,0.0153587713511352
45.9093536,0.0154856947790133
46.3052328,0.0156125089938768
46.701112,0.0157392141366258
47.0969912,0.0158658103479181
47.4928704,0.01599229776817
47.8887496,0.0161186765375562
48.2846288,0.016244946796011
48.680508,0.0163711086832283
49.0763872,0.0164971623386625
49.4722664,0.0166231079015288
49.8681456,0.0167489455108035
50.2640248,0.016874675305225
50.659904,0.0170002974232941
51.0557832,0.0171258120032742
51.4516624,0.0172512191831925
51.8475416,0.0173765191008396
52.2434208,0.0175017118937709
52.6393,0.0176267976993066
53.0351792,0.017751776654532
53.4310584,0.0178766488962988
53.8269376,0.0180014145612246
54.2228168,0.0181260737856943
54.618696,0.0182506267058599
55.0145752,0.0183750734576415
55.4104544,0.0184994141767274
55.8063336,0.018623648998575
56.2022128,0.0187477780584108
56.598092,0.0188718014912314
56.9939712,0.0189957194318036
57.3898504,0.0191195320146651
57.7857296,0.0192432393741249
58.1816088,0.0193668416442639
58.577488,0.019490338958935
58.9733672,0.0196137314517643
59.3692464,0.0197370192561509
59.7651256,0.0198602025052675
60.1610048,0.0199832813320615
60.556884,0.0201062558692545
60.9527632,0.0202291262493435
61.3486424,0.0203518926046012
61.7445216,0.0204745550670762
62.1404008,0.0205971137685941
62.53628,0.0207195688407571
62.9321592,0.0208419204149452
63.3280384,0.0209641686223164
63.7239176,0.0210863135938072
64.1197968,0.021208355460133
64.515676,0.0213302943517885
64.9115552,0.0214521303990484
65.3074344,0.0215738637319679
65.7033136,0.0216954944803827
66.0991928,0.0218170227739099
66.495072,0.0219384487419484
66.8909512,0.0220597725136793
67.2868304,0.022180994218066
67.6827096,0.0223021139838556
68.0785888,0.0224231319395781
68.474468,0.0225440482135481
68.8703472,0.0226648629338643
69.2662264,0.0227855762284105
69.6621056,0.0229061882248556
70.0579848,0.0230266990506547
70.453864,0.023147108833049
70.8497432,0.0232674176990662
71.2456224,0.0233876257755215
71.6415016,0.0235077331890176
72.0373808,0.0236277400659451
72.43326,0.0237476465324833
72.8291392,0.0238674527146004
73.2250184,0.0239871587380538
73.6208976,0.024106764728391
74.0167768,0.0242262708109496
74.412656,0.0243456771108578
74.8085352,0.0244649837530351
75.2044144,0.0245841908621926
75.6002936,0.0247032985628332
75.9961728,0.0248223069792524
76.392052,0.0249412162355385
76.7879312,0.0250600264555732
77.1838104,0.0251787377630318
77.5796896,0.0252973502813838
77.9755688,0.0254158641338933
78.371448,0.0255342794436195
78.7673272,0.0256525963334169
79.1632064,0.0257708149259358
79.5590856,0.0258889353436232
79.9549648,0.0260069577087222
80.350844,0.0261248821432736
80.7467232,0.0262427087691155
81.1426024,0.0263604377078838
81.5384816,0.0264780690810132
81.9343608,0.0265956030097368
82.33024,0.0267130396150873
82.7261192,0.0268303790178968
83.1219984,0.0269476213387974
83.5178776,0.0270647666982219
83.9137568,0.0271818152164039
84.309636,0.0272987670133782
84.7055152,0.0274156222089813
85.1013944,0.0275323809228521
85.4972736,0.0276490432744315
85.8931528,0.0277656093829639
86.289032,0.0278820793674967
86.6849112,0.027998453346881
87.0807904,0.0281147314397722
87.4766696,0.0282309137646303
87.8725488,0.02834700043972
88.268428,0.0284629915831116
88.6643072,0.0285788873126811
89.0601864,0.0286946877461104
89.4560656,0.0288103930008884
89.8519448,0.0289260031943106
90.247824,0.0290415184434798
90.6437032,0.0291569388653069
91.0395824,0.0292722645765107
91.4354616,0.0293874956936184
91.8313408,0.0295026323329664
92.22722,0.0296176746107001
92.6230992,0.029732622642775
93.0189784,0.0298474765449563
93.4148576,0.0299622364328199
93.8107368,0.0300769024217525
94.206616,0.0301914746269521
94.6024952,0.0303059531634282
94.9983744,0.0304203381460026
95.3942536,0.0305346296893091
95.7901328,0.0306488279077947
96.186012,0.0307629329157194
96.5818912,0.0308769448271567
96.9777704,0.0309908637559941
97.3736496,0.0311046898159334
97.7695288,0.0312184231204911
98.165408,0.0313320637829987
98.5612872,0.0314456119166033
98.9571664,0.0315590676342677
99.3530456,0.0316724310487709
99.7489248,0.0317857022727085
100.144804,0.0318988814184931
100.5406832,0.0320119685983544
100.9365624,0.0321249639243401
101.3324416,0.0322378675083157
101.7283208,0.0323506794619653
102.1242,0.0324633998967915
102.5200792,0.0325760289241165
102.9159584,0.0326885666550817
103.3118376,0.0328010132006484
103.7077168,0.0329133686715984
104.103596,0.0330256331785339
104.4994752,0.0331378068318781
104.8953544,0.0332498897418756
105.2912336,0.0333618820185927
105.6871128,0.0334737837719178
106.082992,0.0335855951115617
106.4788712,0.0336973161470578
106.8747504,0.0338089469877631
107.2706296,0.0339204877428576
107.6665088,0.0340319385213455
108.062388,0.034143299432055
108.4582672,0.034254570583639
108.8541464,0.0343657520845752
109.2500256,0.0344768440431667
109.6459048,0.0345878465675421
110.041784,0.034698759765656
110.4376632,0.0348095837452894
110.8335424,0.03492031861405
111.2294216,0.0350309644793723
111.6253008,0.0351415214485184
112.02118,0.035251989628578
112.4170592,0.0353623691264689
112.8129384,0.0354726600489373
113.2088176,0.035582862502558
113.6046968,0.0356929765937353
114.000576,0.0358030024287024
114.3964552,0.0359129401135227
114.7923344,0.0360227897540895
115.1882136,0.0361325514561267
115.5840928,0.0362422253251887
115.979972,0.0363518114666615
116.3758512,0.0364613099857622
116.7717304,0.0365707209875399
117.1676096,0.0366800445768756
117.5634888,0.0367892808584832
117.959368,0.0368984299369089
118.3552472,0.0370074919165326
118.7511264,0.0371164669015672
119.1470056,0.0372253549960596
119.5428848,0.037334156303891
119.938764,0.0374428709287768
120.3346432,0.0375514989742674
120.7305224,0.0376600405437483
121.1264016,0.0377684957404403
121.5222808,0.0378768646674002
121.91816,0.0379851474275209
122.3140392,0.0380933441235315
122.7099184,0.0382014548579981
123.1057976,0.0383094797333238
123.5016768,0.0384174188517492
123.897556,0.0385252723153525
124.2934352,0.0386330402260501
124.6893144,0.0387407226855966
125.0851936,0.0388483197955855
125.4810728,0.0389558316574491
125.876952,0.0390632583724592
126.2728312,0.0391706000417273
126.6687104,0.0392778567662046
127.0645896,0.0393850286466829
127.4604688,0.0394921157837944
127.856348,0.0395991182780123
128.2522272,0.039706036229651
128.6481064,0.0398128697388666
129.0439856,0.0399196189056567
129.4398648,0.0400262838298614
129.835744,0.0401328646111632
130.2316232,0.0402393613490873
130.6275024,0.0403457741430021
131.0233816,0.0404521030921194
131.4192608,0.0405583482954947
131.81514,0.0406645098520275
132.2110192,0.0407705878604617
132.6068984,0.0408765824193857
133.0027776,0.0409824936272331
133.3986568,0.0410883215822825
133.794536,0.0411940663826581
134.1904152,0.0412997281263302
134.5862944,0.0414053069111149
134.9821736,0.0415108028346749
135.3780528,0.0416162159945198
135.773932,0.0417215464880062
136.1698112,0.0418267944123379
136.5656904,0.0419319598645666
136.9615696,0.0420370429415917
137.3574488,0.0421420437401611
137.753328,0.0422469623568712
138.1492072,0.0423517988881671
138.5450864,0.0424565534303432
138.9409656,0.0425612260795433
139.3368448,0.042665816931761
139.732724,0.0427703260828398
140.1286032,0.0428747536284735
140.5244824,0.0429790996642067
140.9203616,0.0430833642854349
141.3162408,0.0431875475874045
141.71212,0.0432916496652137
142.1079992,0.0433956706138123
142.5038784,0.0434996105280023
142.8997576,0.043603469502438
143.2956368,0.0437072476316262
143.691516,0.0438109450099268
144.0873952,0.043914561731553
144.4832744,0.0440180978905711
144.8791536,0.0441215535809016
145.2750328,0.0442249288963189
145.670912,0.0443282239304517
146.0667912,0.0444314387767833
146.4626704,0.0445345735286523
146.8585496,0.0446376282792519
147.2544288,0.0447406031216311
147.650308,0.0448434981486948
148.0461872,0.0449463134532037
148.4420664,0.0450490491277748
148.8379456,0.0451517052648818
149.2338248,0.0452542819568552
149.629704,0.0453567792958828
150.0255832,0.0454591973740097
150.4214624,0.0455615362831386
150.8173416,0.0456637961150304
151.2132208,0.0457659769613041
151.6091,0.0458680789134371
152.0049792,0.045970102062766
152.4008584,0.0460720465004861
152.7967376,0.0461739123176521
153.1926168,0.0462756996051784
153.588496,0.0463774084538392
153.9843752,0.046479038954269
154.3802544,0.0465805911969625
154.7761336,0.0466820652722753
155.1720128,0.0467834612704237
155.567892,0.0468847792814855
155.9637712,0.0469860193953999
156.3596504,0.0470871817019677
156.7555296,0.047188266290852
157.1514088,0.0472892732515778
157.547288,0.0473902026735331
157.9431672,0.0474910546459683
158.3390464,0.0475918292579973
158.7349256,0.0476925265985969
159.1308048,0.0477931467566078
159.526684,0.0478936898207345
159.9225632,0.0479941558795456
160.3184424,0.048094545021474
160.7143216,0.0481948573348174
161.1102008,0.0482950929077383
161.50608,0.0483952518282645
161.9019592,0.0484953341842889
162.2978384,0.0485953400635704
162.6937176,0.0486952695537337
163.0895968,0.0487951227422697
163.485476,0.0488948997165357
163.8813552,0.0489946005637558
164.2772344,0.049094225371021
164.6731136,0.0491937742252894
165.0689928,0.0492932472133868
165.464872,0.0493926444220065
165.8607512,0.0494919659377097
166.2566304,0.0495912118469262
166.6525096,0.0496903822359538
167.0483888,0.0497894771909593
167.444268,0.0498884967979784
167.8401472,0.049987441142916
168.2360264,0.0500863103115465
168.6319056,0.0501851043895138
169.0277848,0.0502838234623321
169.423664,0.0503824676153855
169.8195432,0.0504810369339289
170.2154224,0.0505795315030874
170.6113016,0.0506779514078575
171.0071808,0.0507762967331067
171.40306,0.0508745675635738
171.7989392,0.0509727639838695
172.1948184,0.0510708860784763
172.5906976,0.0511689339317489
172.9865768,0.0512669076279144
173.382456,0.0513648072510724
173.7783352,0.0514626328851956
174.1742144,0.0515603846141297
174.5700936,0.0516580625215938
174.9659728,0.0517556666911804
175.361852,0.0518531972063563
175.7577312,0.0519506541504619
176.1536104,0.0520480376067121
176.5494896,0.0521453476581964
176.9453688,0.0522425843878791
177.341248,0.0523397478785993
177.7371272,0.0524368382130717
178.1330064,0.0525338554738863
178.5288856,0.0526307997435087
178.9247648,0.0527276711042807
179.320644,0.0528244696384201
179.7165232,0.0529211954280214
180.1124024,0.0530178485550553
180.5082816,0.05311442910137
180.9041608,0.0532109371486902
181.30004,0.0533073727786184
181.6959192,0.0534037360726344
182.0917984,0.0535000271120961
182.4876776,0.0535962459782391
182.8835568,0.0536923927521775
183.279436,0.0537884675149038
183.6753152,0.0538844703472893
184.0711944,0.0539804013300842
184.4670736,0.0540762605439179
184.8629528,0.0541720480692991
185.258832,0.0542677639866163
185.6547112,0.0543634083761377
186.0505904,0.0544589813180116
186.4464696,0.0545544828922668
186.8423488,0.0546499131788123
187.238228,0.0547452722574381
187.6341072,0.0548405602078151
188.0299864,0.0549357771094953
188.4258656,0.0550309230419123
188.8217448,0.055125998084381
189.217624,0.0552210023160986
189.6135032,0.0553159358161441
190.0093824,0.0554107986634788
190.4052616,0.0555055909369466
190.8011408,0.055600312715274
191.19702,0.0556949640770706
191.5928992,0.0557895451008291
191.9887784,0.0558840558649255
192.3846576,0.0559784964476196
192.7805368,0.0560728669270549
193.176416,0.0561671673812588
193.5722952,0.0562613978881432
193.9681744,0.0563555585255043
194.3640536,0.056449649371023
194.7599328,0.0565436705022651
195.155812,0.0566376219966814
195.5516912,0.0567315039316084
195.9475704,0.0568253163842675
196.3434496,0.0569190594317665
196.7393288,0.0570127331510985
197.135208,0.0571063376191434
197.5310872,0.057199872912667
197.9269664,0.0572933391083218
198.3228456,0.0573867362826473
198.7187248,0.0574800645120697
199.114604,0.0575733238729025
199.5104832,0.0576665144413468
199.9063624,0.057759636293491
200.3022416,0.0578526895053117
200.6981208,0.0579456741526732
201.094,0.0580385903113283
