"ResDensity","N_TraitValue"
2,1.73814104487982e-05
2.036,1.76518988717859e-05
2.072,1.79210947759894e-05
2.108,1.81890074037054e-05
2.144,1.84556459093228e-05
2.18,1.87210193603655e-05
2.216,1.89851367385199e-05
2.252,1.92480069406485e-05
2.288,1.95096387797887e-05
2.324,1.9770040986138e-05
2.36,2.00292222080247e-05
2.396,2.02871910128658e-05
2.432,2.05439558881104e-05
2.468,2.07995252421712e-05
2.504,2.10539074053419e-05
2.54,2.13071106307024e-05
2.576,2.15591430950117e-05
2.612,2.18100128995874e-05
2.648,2.20597280711746e-05
2.684,2.23082965628013e-05
2.72,2.2555726254623e-05
2.756,2.28020249547554e-05
2.792,2.30472004000959e-05
2.828,2.32912602571335e-05
2.864,2.3534212122748e-05
2.9,2.37760635249984e-05
2.936,2.40168219239001e-05
2.972,2.42564947121923e-05
3.008,2.44950892160945e-05
3.044,2.47326126960531e-05
3.08,2.49690723474779e-05
3.116,2.52044753014683e-05
3.152,2.54388286255308e-05
3.188,2.56721393242857e-05
3.224,2.59044143401657e-05
3.26,2.61356605541036e-05
3.296,2.63658847862127e-05
3.332,2.65950937964565e-05
3.368,2.6823294285311e-05
3.404,2.70504928944173e-05
3.44,2.72766962072258e-05
3.476,2.75019107496325e-05
3.512,2.77261429906064e-05
3.548,2.79493993428086e-05
3.584,2.81716861632042e-05
3.62,2.83930097536652e-05
3.656,2.86133763615661e-05
3.692,2.88327921803719e-05
3.728,2.90512633502182e-05
3.764,2.92687959584843e-05
3.8,2.94853960403579e-05
3.836,2.9701069579394e-05
3.872,2.99158225080654e-05
3.908,3.01296607083068e-05
3.944,3.03425900120518e-05
3.98,3.05546162017633e-05
4.016,3.07657450109565e-05
4.052,3.09759821247163e-05
4.088,3.11853331802068e-05
4.124,3.13938037671762e-05
4.16,3.16013994284532e-05
4.196,3.1808125660439e-05
4.232,3.20139879135922e-05
4.268,3.22189915929077e-05
4.304,3.24231420583898e-05
4.34,3.26264446255195e-05
4.376,3.28289045657156e-05
4.412,3.30305271067905e-05
4.448,3.32313174334001e-05
4.484,3.34312806874881e-05
4.52,3.36304219687252e-05
4.556,3.38287463349425e-05
4.592,3.40262588025595e-05
4.628,3.42229643470075e-05
4.664,3.44188679031469e-05
4.7,3.46139743656802e-05
4.736,3.48082885895597e-05
4.772,3.50018153903898e-05
4.808,3.51945595448255e-05
4.844,3.53865257909646e-05
4.88,3.55777188287365e-05
4.916,3.57681433202857e-05
4.952,3.59578038903506e-05
4.988,3.61467051266378e-05
5.024,3.63348515801926e-05
5.06,3.65222477657636e-05
5.096,3.67088981621647e-05
5.132,3.68948072126311e-05
5.168,3.70799793251727e-05
5.204,3.72644188729219e-05
5.24,3.7448130194478e-05
5.276,3.76311175942475e-05
5.312,3.78133853427803e-05
5.348,3.79949376771018e-05
5.384,3.81757788010413e-05
5.42,3.83559128855565e-05
5.456,3.8535344069054e-05
5.492,3.87140764577064e-05
5.528,3.88921141257656e-05
5.564,3.9069461115872e-05
5.6,3.9246121439361e-05
5.636,3.9422099076565e-05
5.672,3.95973979771127e-05
5.708,3.97720220602242e-05
5.744,3.99459752150034e-05
5.78,4.01192613007268e-05
5.816,4.02918841471285e-05
5.852,4.04638475546826e-05
5.888,4.0635155294882e-05
5.924,4.08058111105145e-05
5.96,4.09758187159347e-05
5.996,4.1145181797334e-05
6.032,4.13139040130071e-05
6.068,4.14819889936149e-05
6.104,4.16494403424454e-05
6.14,4.18162616356708e-05
6.176,4.19824564226024e-05
6.212,4.21480282259423e-05
6.248,4.23129805420322e-05
6.284,4.24773168410993e-05
6.32,4.26410405675001e-05
6.356,4.28041551399606e-05
6.392,4.29666639518148e-05
6.428,4.31285703712392e-05
6.464,4.32898777414865e-05
6.5,4.34505893811149e-05
6.536,4.36107085842159e-05
6.572,4.37702386206397e-05
6.608,4.39291827362175e-05
6.644,4.40875441529814e-05
6.68,4.42453260693827e-05
6.716,4.44025316605068e-05
6.752,4.45591640782864e-05
6.788,4.47152264517118e-05
6.824,4.48707218870398e-05
6.86,4.50256534679993e-05
6.896,4.51800242559957e-05
6.932,4.53338372903118e-05
6.968,4.54870955883078e-05
7.004,4.56398021456187e-05
7.04,4.5791959936349e-05
7.076,4.59435719132662e-05
7.112,4.60946410079915e-05
7.148,4.62451701311891e-05
7.184,4.63951621727527e-05
7.22,4.65446200019909e-05
7.256,4.66935464678099e-05
7.292,4.68419443988945e-05
7.328,4.69898166038873e-05
7.364,4.71371658715659e-05
7.4,4.7283994971018e-05
7.436,4.74303066518152e-05
7.472,4.75761036441845e-05
7.508,4.7721388659178e-05
7.544,4.78661643888411e-05
7.58,4.80104335063785e-05
7.616,4.81541986663193e-05
7.652,4.82974625046793e-05
7.688,4.8440227639122e-05
7.724,4.85824966691187e-05
7.76,4.87242721761057e-05
7.796,4.88655567236406e-05
7.832,4.90063528575567e-05
7.868,4.91466631061164e-05
7.904,4.92864899801617e-05
7.94,4.94258359732649e-05
7.976,4.95647035618759e-05
8.012,4.97030952054698e-05
8.048,4.98410133466914e-05
8.084,4.99784604114993e-05
8.12,5.01154388093081e-05
8.156,5.0251950933129e-05
8.192,5.03879991597092e-05
8.228,5.05235858496702e-05
8.264,5.06587133476438e-05
8.3,5.07933839824076e-05
8.336,5.09276000670187e-05
8.372,5.1061363898946e-05
8.408,5.11946777602016e-05
8.444,5.132754391747e-05
8.48,5.14599646222374e-05
8.516,5.15919421109182e-05
8.552,5.1723478604981e-05
8.588,5.18545763110736e-05
8.624,5.19852374211459e-05
8.66,5.21154641125726e-05
8.696,5.22452585482737e-05
8.732,5.23746228768345e-05
8.768,5.25035592326239e-05
8.804,5.26320697359123e-05
8.84,5.2760156492987e-05
8.876,5.28878215962683e-05
8.912,5.30150671244226e-05
8.948,5.31418951424754e-05
8.984,5.32683077019235e-05
9.02,5.33943068408449e-05
9.056,5.35198945840088e-05
9.092,5.3645072942984e-05
9.128,5.37698439162461e-05
9.164,5.38942094892841e-05
9.2,5.40181716347055e-05
9.236,5.41417323123409e-05
9.272,5.42648934693468e-05
9.308,5.43876570403083e-05
9.344,5.45100249473403e-05
9.38,5.46319991001878e-05
9.416,5.47535813963252e-05
9.452,5.48747737210545e-05
9.488,5.49955779476034e-05
9.524,5.5115995937221e-05
9.56,5.52360295392739e-05
9.596,5.53556805913408e-05
9.632,5.54749509193063e-05
9.668,5.55938423374534e-05
9.704,5.57123566485561e-05
9.74,5.583049564397e-05
9.776,5.59482611037229e-05
9.812,5.6065654796604e-05
9.848,5.61826784802526e-05
9.884,5.62993339012457e-05
9.92,5.64156227951848e-05
9.956,5.65315468867824e-05
9.992,5.66471078899468e-05
10.028,5.67623075078668e-05
10.064,5.68771474330952e-05
10.1,5.69916293476319e-05
10.136,5.71057549230061e-05
10.172,5.72195258203571e-05
10.208,5.73329436905157e-05
10.244,5.74460101740834e-05
10.28,5.75587269015118e-05
10.316,5.76710954931808e-05
10.352,5.77831175594765e-05
10.388,5.78947947008678e-05
10.424,5.80061285079831e-05
10.46,5.81171205616853e-05
10.496,5.82277724331468e-05
10.532,5.83380856839239e-05
10.568,5.84480618660299e-05
10.604,5.85577025220081e-05
10.64,5.86670091850038e-05
10.676,5.87759833788357e-05
10.712,5.88846266180672e-05
10.748,5.89929404080758e-05
10.784,5.91009262451231e-05
10.82,5.92085856164238e-05
10.856,5.93159200002137e-05
10.892,5.94229308658174e-05
10.928,5.95296196737155e-05
10.964,5.96359878756108e-05
11,5.97420369144944e-05
11.036,5.98477682247109e-05
11.072,5.99531832320228e-05
11.108,6.0058283353675e-05
11.144,6.0163069998458e-05
11.18,6.0267544566771e-05
11.216,6.03717084506842e-05
11.252,6.04755630340007e-05
11.288,6.05791096923178e-05
11.324,6.06823497930877e-05
11.36,6.07852846956774e-05
11.396,6.0887915751429e-05
11.432,6.09902443037184e-05
11.468,6.10922716880138e-05
11.504,6.11939992319342e-05
11.54,6.12954282553067e-05
11.576,6.13965600702236e-05
11.612,6.14973959810991e-05
11.648,6.15979372847254e-05
11.684,6.16981852703281e-05
11.72,6.17981412196213e-05
11.756,6.18978064068627e-05
11.792,6.19971820989069e-05
11.828,6.20962695552599e-05
11.864,6.2195070028132e-05
11.9,6.22935847624904e-05
11.936,6.23918149961115e-05
11.972,6.24897619596331e-05
12.008,6.25874268766054e-05
12.044,6.26848109635422e-05
12.08,6.27819154299712e-05
12.116,6.28787414784843e-05
12.152,6.2975290304787e-05
12.188,6.30715630977478e-05
12.224,6.3167561039447e-05
12.26,6.3263285305225e-05
12.296,6.33587370637303e-05
12.332,6.34539174769669e-05
12.368,6.3548827700342e-05
12.404,6.36434688827119e-05
12.44,6.37378421664291e-05
12.476,6.38319486873879e-05
12.512,6.39257895750701e-05
12.548,6.401936595259e-05
12.584,6.41126789367396e-05
12.62,6.42057296380324e-05
12.656,6.42985191607481e-05
12.692,6.43910486029761e-05
12.728,6.44833190566584e-05
12.764,6.45753316076332e-05
12.8,6.46670873356769e-05
12.836,6.47585873145469e-05
12.872,6.48498326120229e-05
12.908,6.4940824289949e-05
12.944,6.50315634042745e-05
12.98,6.51220510050949e-05
13.016,6.52122881366924e-05
13.052,6.53022758375759e-05
13.088,6.53920151405213e-05
13.124,6.54815070726103e-05
13.16,6.55707526552704e-05
13.196,6.56597529043131e-05
13.232,6.57485088299727e-05
13.268,6.58370214369447e-05
13.304,6.59252917244233e-05
13.34,6.60133206861393e-05
13.376,6.61011093103974e-05
13.412,6.61886585801129e-05
13.448,6.62759694728489e-05
13.484,6.63630429608521e-05
13.52,6.64498800110892e-05
13.556,6.65364815852827e-05
13.592,6.66228486399464e-05
13.628,6.67089821264205e-05
13.664,6.67948829909066e-05
13.7,6.68805521745025e-05
13.736,6.69659906132361e-05
13.772,6.70511992381001e-05
13.808,6.71361789750855e-05
13.844,6.7220930745215e-05
13.88,6.73054554645765e-05
13.916,6.73897540443562e-05
13.952,6.7473827390871e-05
13.988,6.75576764056014e-05
14.024,6.76413019852232e-05
14.06,6.77247050216399e-05
14.096,6.78078864020144e-05
14.132,6.78908470088e-05
14.168,6.79735877197724e-05
14.204,6.80561094080597e-05
14.24,6.81384129421738e-05
14.276,6.82204991860408e-05
14.312,6.83023689990309e-05
14.348,6.83840232359888e-05
14.384,6.84654627472628e-05
14.42,6.85466883787354e-05
14.456,6.86277009718514e-05
14.492,6.87085013636478e-05
14.528,6.87890903867822e-05
14.564,6.88694688695616e-05
14.6,6.89496376359706e-05
14.636,6.90295975056999e-05
14.672,6.91093492941737e-05
14.708,6.91888938125779e-05
14.744,6.92682318678875e-05
14.78,6.93473642628937e-05
14.816,6.94262917962311e-05
14.852,6.95050152624045e-05
14.888,6.95835354518157e-05
14.924,6.96618531507899e-05
14.96,6.97399691416019e-05
14.996,6.98178842025021e-05
15.032,6.98955991077425e-05
15.068,6.99731146276022e-05
15.104,7.0050431528413e-05
15.14,7.01275505725844e-05
15.176,7.02044725186288e-05
15.212,7.02811981211867e-05
15.248,7.03577281310508e-05
15.284,7.04340632951907e-05
15.32,7.05102043567776e-05
15.356,7.05861520552077e-05
15.392,7.06619071261267e-05
15.428,7.07374703014533e-05
15.464,7.0812842309403e-05
15.5,7.0888023874511e-05
15.536,7.09630157176561e-05
15.572,7.10378185560832e-05
15.608,7.11124331034263e-05
15.644,7.11868600697315e-05
15.68,7.12611001614789e-05
15.716,7.13351540816056e-05
15.752,7.14090225295276e-05
15.788,7.14827062011616e-05
15.824,7.15562057889474e-05
15.86,7.1629521981869e-05
15.896,7.17026554654766e-05
15.932,7.17756069219077e-05
15.968,7.18483770299082e-05
16.004,7.1920966464854e-05
16.04,7.19933758987713e-05
16.076,7.20656060003575e-05
16.112,7.21376574350019e-05
16.148,7.22095308648062e-05
16.184,7.22812269486044e-05
16.22,7.23527463419836e-05
16.256,7.24240896973032e-05
16.292,7.24952576637153e-05
16.328,7.2566250887184e-05
16.364,7.26370700105053e-05
16.4,7.27077156733264e-05
16.436,7.27781885121649e-05
16.472,7.28484891604276e-05
16.508,7.29186182484302e-05
16.544,7.29885764034154e-05
16.58,7.30583642495723e-05
16.616,7.31279824080542e-05
16.652,7.31974314969976e-05
16.688,7.32667121315405e-05
16.724,7.33358249238401e-05
16.76,7.34047704830912e-05
16.796,7.34735494155441e-05
16.832,7.35421623245221e-05
16.868,7.36106098104395e-05
16.904,7.36788924708189e-05
16.94,7.37470109003085e-05
16.976,7.38149656906997e-05
17.012,7.38827574309438e-05
17.048,7.39503867071693e-05
17.084,7.40178541026988e-05
17.12,7.40851601980657e-05
17.156,7.41523055710308e-05
17.192,7.42192907965989e-05
17.228,7.42861164470351e-05
17.264,7.43527830918814e-05
17.3,7.44192912979726e-05
17.336,7.44856416294522e-05
17.372,7.4551834647789e-05
17.408,7.46178709117921e-05
17.444,7.46837509776275e-05
17.48,7.47494753988328e-05
17.516,7.48150447263337e-05
17.552,7.48804595084583e-05
17.588,7.49457202909533e-05
17.624,7.50108276169988e-05
17.66,7.50757820272233e-05
17.696,7.51405840597187e-05
17.732,7.52052342500555e-05
17.768,7.5269733131297e-05
17.804,7.53340812340143e-05
17.84,7.53982790863008e-05
17.876,7.54623272137866e-05
17.912,7.55262261396528e-05
17.948,7.5589976384646e-05
17.984,7.5653578467092e-05
18.02,7.57170329029104e-05
18.056,7.5780340205628e-05
18.092,7.5843500886393e-05
18.128,7.59065154539886e-05
18.164,7.59693844148469e-05
18.2,7.60321082730622e-05
18.236,7.60946875304044e-05
18.272,7.61571226863328e-05
18.308,7.6219414238009e-05
18.344,7.62815626803103e-05
18.38,7.63435685058426e-05
18.416,7.64054322049537e-05
18.452,7.6467154265746e-05
18.488,7.65287351740895e-05
18.524,7.65901754136343e-05
18.56,7.66514754658235e-05
18.596,7.67126358099058e-05
18.632,7.67736569229478e-05
18.668,7.68345392798464e-05
18.704,7.68952833533414e-05
18.74,7.69558896140274e-05
18.776,7.70163585303662e-05
18.812,7.70766905686987e-05
18.848,7.7136886193257e-05
18.884,7.71969458661763e-05
18.92,7.72568700475065e-05
18.956,7.73166591952245e-05
18.992,7.73763137652451e-05
19.028,7.74358342114334e-05
19.064,7.74952209856154e-05
19.1,7.75544745375905e-05
19.136,7.76135953151419e-05
19.172,7.76725837640485e-05
19.208,7.77314403280956e-05
19.244,7.77901654490867e-05
19.28,7.78487595668538e-05
19.316,7.79072231192689e-05
19.352,7.79655565422548e-05
19.388,7.80237602697958e-05
19.424,7.80818347339486e-05
19.46,7.81397803648529e-05
19.496,7.8197597590742e-05
19.532,7.82552868379536e-05
19.568,7.83128485309399e-05
19.604,7.83702830922782e-05
19.64,7.84275909426814e-05
19.676,7.8484772501008e-05
19.712,7.85418281842724e-05
19.748,7.85987584076551e-05
19.784,7.86555635845126e-05
19.82,7.87122441263877e-05
19.856,7.87688004430192e-05
19.892,7.88252329423517e-05
19.928,7.88815420305459e-05
19.964,7.89377281119876e-05
20,7.8993791589298e-05
