"ResDensity","N_TraitValue"
5,2.22548647834353e-05
5.09,2.26218742279059e-05
5.18,2.29877973775891e-05
5.27,2.33526390482706e-05
5.36,2.37164040273124e-05
5.45,2.40790970738617e-05
5.54,2.44407229190589e-05
5.63,2.48012862662432e-05
5.72,2.51607917911561e-05
5.81,2.55192441421444e-05
5.9,2.58766479403594e-05
5.99,2.62330077799567e-05
6.08,2.65883282282919e-05
6.17,2.69426138261167e-05
6.26,2.72958690877716e-05
6.35,2.76480985013782e-05
6.44,2.79993065290287e-05
6.53,2.8349497606975e-05
6.62,2.86986761458149e-05
6.71,2.90468465306776e-05
6.8,2.9394013121407e-05
6.89,2.9740180252744e-05
6.98,3.00853522345069e-05
7.07,3.04295333517698e-05
7.16,3.07727278650404e-05
7.25,3.11149400104359e-05
7.34,3.14561739998566e-05
7.43,3.17964340211593e-05
7.52,3.21357242383288e-05
7.61,3.24740487916468e-05
7.7,3.28114117978615e-05
7.79,3.31478173503538e-05
7.88,3.34832695193029e-05
7.97,3.38177723518508e-05
8.06,3.41513298722649e-05
8.15,3.44839460820994e-05
8.24,3.4815624960355e-05
8.33,3.51463704636382e-05
8.42,3.54761865263181e-05
8.51,3.58050770606826e-05
8.6,3.6133045957093e-05
8.69,3.64600970841377e-05
8.78,3.67862342887838e-05
8.87,3.71114613965285e-05
8.96,3.74357822115481e-05
9.05,3.77592005168468e-05
9.14,3.80817200744036e-05
9.23,3.84033446253181e-05
9.32,3.87240778899552e-05
9.41,3.90439235680888e-05
9.5,3.93628853390435e-05
9.59,3.96809668618362e-05
9.68,3.99981717753159e-05
9.77,4.03145036983022e-05
9.86,4.06299662297233e-05
9.95,4.09445629487523e-05
10.04,4.12582974149424e-05
10.13,4.15711731683615e-05
10.22,4.1883193729725e-05
10.31,4.21943626005281e-05
10.4,4.25046832631768e-05
10.49,4.28141591811176e-05
10.58,4.31227937989666e-05
10.67,4.34305905426369e-05
10.76,4.37375528194659e-05
10.85,4.40436840183407e-05
10.94,4.43489875098228e-05
11.03,4.4653466646272e-05
11.12,4.49571247619689e-05
11.21,4.52599651732366e-05
11.3,4.55619911785618e-05
11.39,4.58632060587141e-05
11.48,4.61636130768649e-05
11.57,4.64632154787055e-05
11.66,4.67620164925636e-05
11.75,4.70600193295196e-05
11.84,4.73572271835214e-05
11.93,4.76536432314987e-05
12.02,4.7949270633476e-05
12.11,4.8244112532685e-05
12.2,4.85381720556759e-05
12.29,4.88314523124283e-05
12.38,4.91239563964603e-05
12.47,4.94156873849374e-05
12.56,4.97066483387808e-05
12.65,4.99968423027739e-05
12.74,5.02862723056691e-05
12.83,5.05749413602926e-05
12.92,5.08628524636492e-05
13.01,5.11500085970261e-05
13.1,5.14364127260958e-05
13.19,5.17220678010178e-05
13.28,5.20069767565405e-05
13.37,5.22911425121014e-05
13.46,5.25745679719265e-05
13.55,5.28572560251301e-05
13.64,5.31392095458119e-05
13.73,5.34204313931553e-05
13.82,5.37009244115236e-05
13.91,5.39806914305559e-05
14,5.42597352652624e-05
14.09,5.45380587161188e-05
14.18,5.48156645691598e-05
14.27,5.50925555960724e-05
14.36,5.53687345542876e-05
14.45,5.56442041870728e-05
14.54,5.59189672236216e-05
14.63,5.61930263791448e-05
14.72,5.64663843549593e-05
14.81,5.6739043838577e-05
14.9,5.70110075037931e-05
14.99,5.72822780107731e-05
15.08,5.75528580061398e-05
15.17,5.78227501230594e-05
15.26,5.80919569813269e-05
15.35,5.83604811874505e-05
15.44,5.86283253347362e-05
15.53,5.88954920033712e-05
15.62,5.91619837605066e-05
15.71,5.94278031603396e-05
15.8,5.96929527441952e-05
15.89,5.99574350406072e-05
15.98,6.02212525653986e-05
16.07,6.04844078217613e-05
16.16,6.07469033003352e-05
16.25,6.1008741479287e-05
16.34,6.1269924824388e-05
16.43,6.15304557890914e-05
16.52,6.17903368146096e-05
16.61,6.20495703299898e-05
16.7,6.23081587521903e-05
16.79,6.25661044861552e-05
16.88,6.28234099248889e-05
16.97,6.30800774495306e-05
17.06,6.33361094294271e-05
17.15,6.35915082222064e-05
17.24,6.38462761738495e-05
17.33,6.41004156187623e-05
17.42,6.43539288798474e-05
17.51,6.46068182685742e-05
17.6,6.48590860850495e-05
17.69,6.51107346180874e-05
17.78,6.53617661452781e-05
17.87,6.56121829330569e-05
17.96,6.58619872367725e-05
18.05,6.61111813007541e-05
18.14,6.63597673583797e-05
18.23,6.66077476321416e-05
18.32,6.68551243337135e-05
18.41,6.71018996640161e-05
18.5,6.73480758132818e-05
18.59,6.75936549611204e-05
18.68,6.78386392765828e-05
18.77,6.80830309182249e-05
18.86,6.83268320341712e-05
18.95,6.85700447621779e-05
19.04,6.88126712296946e-05
19.13,6.90547135539276e-05
19.22,6.92961738419001e-05
19.31,6.95370541905143e-05
19.4,6.97773566866119e-05
19.49,7.0017083407034e-05
19.58,7.02562364186815e-05
19.67,7.04948177785739e-05
19.76,7.07328295339088e-05
19.85,7.09702737221201e-05
19.94,7.12071523709364e-05
20.03,7.14434674984384e-05
20.12,7.16792211131165e-05
20.21,7.19144152139277e-05
20.3,7.21490517903519e-05
20.39,7.23831328224481e-05
20.48,7.261666028091e-05
20.57,7.28496361271216e-05
20.66,7.30820623132118e-05
20.75,7.3313940782109e-05
20.84,7.35452734675954e-05
20.93,7.37760622943605e-05
21.02,7.40063091780546e-05
21.11,7.4236016025342e-05
21.2,7.44651847339532e-05
21.29,7.46938171927375e-05
21.38,7.49219152817149e-05
21.47,7.51494808721274e-05
21.56,7.53765158264903e-05
21.65,7.56030219986431e-05
21.74,7.58290012337998e-05
21.83,7.60544553685992e-05
21.92,7.62793862311542e-05
22.01,7.65037956411019e-05
22.1,7.67276854096522e-05
22.19,7.69510573396366e-05
22.28,7.71739132255568e-05
22.37,7.73962548536322e-05
22.46,7.76180840018484e-05
22.55,7.78394024400041e-05
22.64,7.80602119297581e-05
22.73,7.82805142246765e-05
22.82,7.85003110702786e-05
22.91,7.87196042040833e-05
23,7.89383953556548e-05
23.09,7.91566862466482e-05
23.18,7.93744785908544e-05
23.27,7.95917740942452e-05
23.36,7.98085744550177e-05
23.45,8.00248813636385e-05
23.54,8.02406965028878e-05
23.63,8.04560215479031e-05
23.72,8.0670858166222e-05
23.81,8.08852080178261e-05
23.9,8.1099072755183e-05
23.99,8.13124540232892e-05
24.08,8.1525353459712e-05
24.17,8.17377726946316e-05
24.26,8.19497133508827e-05
24.35,8.21611770439957e-05
24.44,8.23721653822379e-05
24.53,8.25826799666539e-05
24.62,8.27927223911068e-05
24.71,8.30022942423177e-05
24.8,8.32113970999061e-05
24.89,8.34200325364293e-05
24.98,8.36282021174222e-05
25.07,8.38359074014361e-05
25.16,8.40431499400777e-05
25.25,8.42499312780478e-05
25.34,8.44562529531796e-05
25.43,8.46621164964769e-05
25.52,8.48675234321521e-05
25.61,8.50724752776633e-05
25.7,8.52769735437522e-05
25.79,8.54810197344812e-05
25.88,8.56846153472699e-05
25.97,8.58877618729319e-05
26.06,8.60904607957114e-05
26.15,8.62927135933191e-05
26.24,8.64945217369682e-05
26.33,8.66958866914101e-05
26.42,8.68968099149697e-05
26.51,8.70972928595809e-05
26.6,8.7297336970821e-05
26.69,8.74969436879463e-05
26.78,8.76961144439258e-05
26.87,8.78948506654759e-05
26.96,8.80931537730946e-05
27.05,8.82910251810948e-05
27.14,8.84884662976385e-05
27.23,8.86854785247699e-05
27.32,8.88820632584487e-05
27.41,8.9078221888583e-05
27.5,8.92739557990621e-05
27.59,8.9469266367789e-05
27.68,8.96641549667127e-05
27.77,8.98586229618605e-05
27.86,9.00526717133698e-05
27.95,9.02463025755198e-05
28.04,9.04395168967629e-05
28.13,9.06323160197562e-05
28.22,9.08247012813927e-05
28.31,9.10166740128317e-05
28.4,9.12082355395301e-05
28.49,9.13993871812725e-05
28.58,9.15901302522015e-05
28.67,9.17804660608482e-05
28.76,9.19703959101619e-05
28.85,9.21599210975396e-05
28.94,9.23490429148558e-05
29.03,9.25377626484919e-05
29.12,9.27260815793652e-05
29.21,9.2914000982958e-05
29.3,9.31015221293462e-05
29.39,9.32886462832283e-05
29.48,9.34753747039535e-05
29.57,9.36617086455498e-05
29.66,9.38476493567528e-05
29.75,9.40331980810325e-05
29.84,9.42183560566223e-05
29.93,9.44031245165453e-05
30.02,9.45875046886426e-05
30.11,9.47714977955999e-05
30.2,9.4955105054975e-05
30.29,9.51383276792244e-05
30.38,9.53211668757297e-05
30.47,9.55036238468248e-05
30.56,9.56856997898218e-05
30.65,9.58673958970372e-05
30.74,9.6048713355818e-05
30.83,9.62296533485677e-05
30.92,9.64102170527717e-05
31.01,9.65904056410232e-05
31.1,9.67702202810482e-05
31.19,9.6949662135731e-05
31.28,9.71287323631394e-05
31.37,9.73074321165491e-05
31.46,9.74857625444688e-05
31.55,9.7663724790665e-05
31.64,9.78413199941861e-05
31.73,9.80185492893866e-05
31.82,9.81954138059519e-05
31.91,9.83719146689215e-05
32,9.85480529987134e-05
32.09,9.87238299111476e-05
32.18,9.88992465174698e-05
32.27,9.90743039243746e-05
32.36,9.92490032340289e-05
32.45,9.94233455440952e-05
32.54,9.95973319477541e-05
32.63,9.97709635337277e-05
32.72,9.9944241386302e-05
32.81,0.00010011716658535
32.9,0.000100289740206352
32.99,0.000100461963320422
33.08,0.000100633836994326
33.17,0.000100805362290505
33.26,0.000100976540267099
33.35,0.000101147371977965
33.44,0.000101317858472703
33.53,0.000101488000796673
33.62,0.000101657799991021
33.71,0.000101827257092696
33.8,0.000101996373134473
33.89,0.000102165149144974
33.98,0.000102333586148691
34.07,0.000102501685166001
34.16,0.000102669447213193
34.25,0.000102836873302483
34.34,0.000103003964442039
34.43,0.000103170721635999
34.52,0.00010333714588449
34.61,0.000103503238183651
34.7,0.00010366899952565
34.79,0.000103834430898705
34.88,0.000103999533287103
34.97,0.000104164307671222
35.06,0.000104328755027548
35.15,0.000104492876328692
35.24,0.000104656672543416
35.33,0.000104820144636645
35.42,0.000104983293569491
35.51,0.000105146120299268
35.6,0.000105308625779514
35.69,0.000105470810960007
35.78,0.000105632676786786
35.87,0.000105794224202167
35.96,0.000105955454144761
36.05,0.000106116367549497
36.14,0.000106276965347634
36.23,0.000106437248466782
36.32,0.00010659721783092
36.41,0.000106756874360412
36.5,0.000106916218972027
36.59,0.000107075252578954
36.68,0.000107233976090823
36.77,0.000107392390413718
36.86,0.000107550496450197
36.95,0.00010770829509931
37.04,0.000107865787256611
37.13,0.000108022973814183
37.22,0.000108179855660646
37.31,0.000108336433681182
37.4,0.000108492708757545
37.49,0.000108648681768081
37.58,0.000108804353587745
37.67,0.000108959725088115
37.76,0.000109114797137408
37.85,0.0001092695706005
37.94,0.000109424046338939
38.03,0.00010957822521096
38.12,0.000109732108071505
38.21,0.000109885695772235
38.3,0.000110038989161546
38.39,0.000110191989084588
38.48,0.000110344696383276
38.57,0.000110497111896308
38.66,0.000110649236459182
38.75,0.000110801070904207
38.84,0.000110952616060521
38.93,0.000111103872754106
39.02,0.000111254841807802
39.11,0.000111405524041322
39.2,0.000111555920271268
39.29,0.000111706031311146
39.38,0.000111855857971377
39.47,0.000112005401059317
39.56,0.000112154661379268
39.65,0.000112303639732491
39.74,0.000112452336917227
39.83,0.000112600753728701
39.92,0.000112748890959148
40.01,0.000112896749397817
40.1,0.000113044329830989
40.19,0.000113191633041995
40.28,0.000113338659811221
40.37,0.00011348541091613
40.46,0.00011363188713127
40.55,0.000113778089228292
40.64,0.000113924017975962
40.73,0.00011406967414017
40.82,0.000114215058483952
40.91,0.000114360171767497
41,0.000114505014748161
41.09,0.000114649588180482
41.18,0.000114793892816193
41.27,0.000114937929404234
41.36,0.000115081698690763
41.45,0.000115225201419175
41.54,0.000115368438330108
41.63,0.00011551141016146
41.72,0.0001156541176484
41.81,0.00011579656152338
41.9,0.000115938742516151
41.99,0.00011608066135377
42.08,0.000116222318760618
42.17,0.000116363715458408
42.26,0.000116504852166199
42.35,0.000116645729600408
42.44,0.000116786348474825
42.53,0.000116926709500617
42.62,0.000117066813386351
42.71,0.000117206660837996
42.8,0.000117346252558941
42.89,0.000117485589250005
42.98,0.000117624671609447
43.07,0.00011776350033298
43.16,0.000117902076113784
43.25,0.000118040399642512
43.34,0.000118178471607308
43.43,0.000118316292693812
43.52,0.000118453863585176
43.61,0.000118591184962076
43.7,0.000118728257502719
43.79,0.000118865081882855
43.88,0.000119001658775793
43.97,0.000119137988852406
44.06,0.000119274072781144
44.15,0.000119409911228047
44.24,0.000119545504856754
44.33,0.000119680854328514
44.42,0.000119815960302194
44.51,0.000119950823434297
44.6,0.000120085444378966
44.69,0.000120219823787995
44.78,0.000120353962310845
44.87,0.000120487860594646
44.96,0.000120621519284217
45.05,0.000120754939022068
45.14,0.000120888120448414
45.23,0.000121021064201187
45.32,0.000121153770916042
45.41,0.00012128624122637
45.5,0.000121418475763308
45.59,0.000121550475155748
45.68,0.000121682240030347
45.77,0.000121813771011537
45.86,0.000121945068721536
45.95,0.000122076133780357
46.04,0.000122206966805817
46.13,0.000122337568413546
46.22,0.000122467939217002
46.31,0.000122598079827474
46.4,0.000122727990854093
46.49,0.000122857672903846
46.58,0.00012298712658158
46.67,0.000123116352490014
46.76,0.000123245351229748
46.85,0.000123374123399272
46.94,0.000123502669594976
47.03,0.000123630990411158
47.12,0.000123759086440036
47.21,0.000123886958271752
47.3,0.000124014606494385
47.39,0.00012414203169396
47.48,0.000124269234454455
47.57,0.000124396215357812
47.66,0.000124522974983943
47.75,0.000124649513910744
47.84,0.000124775832714096
47.93,0.000124901931967881
48.02,0.000125027812243988
48.11,0.00012515347411232
48.2,0.000125278918140806
48.29,0.000125404144895405
48.38,0.000125529154940119
48.47,0.000125653948836999
48.56,0.000125778527146156
48.65,0.000125902890425764
48.74,0.000126027039232075
48.83,0.000126150974119422
48.92,0.000126274695640229
49.01,0.000126398204345022
49.1,0.000126521500782432
49.19,0.000126644585499208
49.28,0.000126767459040221
49.37,0.000126890121948475
49.46,0.000127012574765114
49.55,0.00012713481802943
49.64,0.000127256852278869
49.73,0.000127378678049044
49.82,0.000127500295873736
49.91,0.000127621706284908
50,0.000127742909812709
