"ResDensity","N_TraitValue"
1,2.68131480544019e-05
1.022,2.72870408135523e-05
1.044,2.77569385268816e-05
1.066,2.82228915013356e-05
1.088,2.86849492027485e-05
1.11,2.9143160273348e-05
1.132,2.95975725488258e-05
1.154,3.00482330749853e-05
1.176,3.0495188123978e-05
1.198,3.09384832101415e-05
1.22,3.13781631054503e-05
1.242,3.18142718545892e-05
1.264,3.2246852789662e-05
1.286,3.26759485445437e-05
1.308,3.31016010688879e-05
1.33,3.35238516417982e-05
1.352,3.39427408851727e-05
1.374,3.43583087767314e-05
1.396,3.47705946627353e-05
1.418,3.51796372704045e-05
1.44,3.55854747200449e-05
1.462,3.59881445368913e-05
1.484,3.63876836626734e-05
1.506,3.67841284669135e-05
1.528,3.71775147579632e-05
1.55,3.75678777937846e-05
1.572,3.79552522924849e-05
1.594,3.83396724426094e-05
1.616,3.87211719132e-05
1.638,3.90997838636253e-05
1.66,3.94755409531883e-05
1.682,3.98484753505182e-05
1.704,4.02186187427498e-05
1.726,4.05860023444995e-05
1.748,4.09506569066399e-05
1.77,4.13126127248798e-05
1.792,4.16718996481553e-05
1.814,4.20285470868345e-05
1.836,4.23825840207434e-05
1.858,4.27340390070153e-05
1.88,4.30829401877697e-05
1.902,4.34293152976238e-05
1.924,4.37731916710419e-05
1.946,4.41145962495263e-05
1.968,4.44535555886534e-05
1.99,4.47900958649596e-05
2.012,4.51242428826795e-05
2.034,4.54560220803419e-05
2.056,4.57854585372255e-05
2.078,4.61125769796779e-05
2.1,4.64374017873027e-05
2.122,4.67599569990161e-05
2.144,4.70802663189775e-05
2.166,4.73983531223959e-05
2.188,4.77142404612169e-05
2.21,4.80279510696915e-05
2.232,4.83395073698299e-05
2.254,4.86489314767441e-05
2.276,4.89562452038805e-05
2.298,4.92614700681463e-05
2.32,4.95646272949314e-05
2.342,4.98657378230287e-05
2.364,5.0164822309455e-05
2.386,5.0461901134175e-05
2.408,5.07569944047307e-05
2.43,5.10501219607779e-05
2.452,5.1341303378533e-05
2.474,5.16305579751305e-05
2.496,5.19179048128954e-05
2.518,5.22033627035307e-05
2.54,5.24869502122226e-05
2.562,5.27686856616656e-05
2.584,5.30485871360085e-05
2.606,5.33266724847242e-05
2.628,5.3602959326404e-05
2.65,5.38774650524783e-05
2.672,5.41502068308664e-05
2.694,5.44212016095552e-05
2.716,5.46904661201103e-05
2.738,5.49580168811189e-05
2.76,5.52238702015685e-05
2.782,5.54880421841603e-05
2.804,5.57505487285608e-05
2.826,5.60114055345917e-05
2.848,5.62706281053599e-05
2.87,5.65282317503285e-05
2.892,5.67842315883316e-05
2.914,5.70386425505313e-05
2.936,5.72914793833214e-05
2.958,5.7542756651176e-05
2.98,5.77924887394468e-05
3.002,5.8040689857108e-05
3.024,5.82873740394512e-05
3.046,5.85325551507314e-05
3.068,5.87762468867639e-05
3.09,5.9018462777475e-05
3.112,5.92592161894062e-05
3.134,5.94985203281723e-05
3.156,5.97363882408768e-05
3.178,5.99728328184826e-05
3.2,6.02078667981409e-05
3.222,6.04415027654787e-05
3.244,6.06737531568448e-05
3.266,6.0904630261517e-05
3.288,6.11341462238696e-05
3.31,6.13623130455026e-05
3.332,6.15891425873339e-05
3.354,6.18146465716548e-05
3.376,6.20388365841488e-05
3.398,6.22617240758765e-05
3.42,6.24833203652247e-05
3.442,6.27036366398228e-05
3.464,6.29226839584252e-05
3.486,6.3140473252762e-05
3.508,6.33570153293573e-05
3.53,6.35723208713169e-05
3.552,6.37864004400851e-05
3.574,6.39992644771713e-05
3.596,6.42109233058484e-05
3.618,6.44213871328211e-05
3.64,6.46306660498666e-05
3.662,6.4838770035448e-05
3.684,6.50457089562999e-05
3.706,6.52514925689881e-05
3.728,6.54561305214429e-05
3.75,6.56596323544665e-05
3.772,6.58620075032167e-05
3.794,6.6063265298664e-05
3.816,6.62634149690267e-05
3.838,6.64624656411806e-05
3.86,6.66604263420471e-05
3.882,6.68573059999572e-05
3.904,6.70531134459941e-05
3.926,6.72478574153137e-05
3.948,6.74415465484431e-05
3.97,6.76341893925594e-05
3.992,6.78257944027461e-05
4.014,6.80163699432306e-05
4.036,6.82059242886013e-05
4.058,6.83944656250051e-05
4.08,6.85820020513258e-05
4.102,6.87685415803439e-05
4.124,6.89540921398779e-05
4.146,6.91386615739072e-05
4.168,6.93222576436777e-05
4.19,6.95048880287895e-05
4.212,6.96865603282677e-05
4.234,6.98672820616166e-05
4.256,7.00470606698571e-05
4.278,7.02259035165477e-05
4.3,7.04038178887902e-05
4.322,7.05808109982195e-05
4.344,7.07568899819776e-05
4.366,7.09320619036734e-05
4.388,7.11063337543272e-05
4.41,7.12797124533005e-05
4.432,7.14522048492121e-05
4.454,7.16238177208396e-05
4.476,7.17945577780075e-05
4.498,7.1964431662462e-05
4.52,7.21334459487319e-05
4.542,7.23016071449767e-05
4.564,7.24689216938223e-05
4.586,7.26353959731837e-05
4.608,7.28010362970754e-05
4.63,7.29658489164093e-05
4.652,7.31298400197819e-05
4.674,7.3293015734248e-05
4.696,7.34553821260844e-05
4.718,7.36169452015414e-05
4.74,7.37777109075834e-05
4.762,7.39376851326188e-05
4.784,7.40968737072186e-05
4.806,7.42552824048252e-05
4.828,7.441291694245e-05
4.85,7.45697829813614e-05
4.872,7.47258861277625e-05
4.894,7.48812319334589e-05
4.916,7.5035825896517e-05
4.938,7.51896734619125e-05
4.96,7.53427800221699e-05
4.982,7.54951509179923e-05
5.004,7.56467914388826e-05
5.026,7.57977068237555e-05
5.048,7.59479022615409e-05
5.07,7.60973828917784e-05
5.092,7.6246153805204e-05
5.114,7.63942200443274e-05
5.136,7.65415866040024e-05
5.158,7.66882584319879e-05
5.18,7.68342404295021e-05
5.202,7.69795374517684e-05
5.224,7.71241543085534e-05
5.246,7.7268095764698e-05
5.268,7.74113665406404e-05
5.29,7.75539713129324e-05
5.312,7.7695914714748e-05
5.334,7.78372013363853e-05
5.356,7.79778357257613e-05
5.378,7.81178223888999e-05
5.4,7.82571657904132e-05
5.422,7.83958703539762e-05
5.444,7.85339404627946e-05
5.466,7.8671380460067e-05
5.488,7.880819464944e-05
5.51,7.89443872954574e-05
5.532,7.90799626240034e-05
5.554,7.92149248227398e-05
5.576,7.93492780415371e-05
5.598,7.94830263928995e-05
5.62,7.96161739523851e-05
5.642,7.97487247590194e-05
5.664,7.9880682815704e-05
5.686,8.00120520896195e-05
5.708,8.0142836512623e-05
5.73,8.02730399816402e-05
5.752,8.04026663590531e-05
5.774,8.0531719473081e-05
5.796,8.06602031181582e-05
5.818,8.07881210553055e-05
5.84,8.0915477012497e-05
5.862,8.10422746850227e-05
5.884,8.11685177358457e-05
5.906,8.12942097959547e-05
5.928,8.14193544647127e-05
5.95,8.15439553102e-05
5.972,8.16680158695535e-05
5.994,8.17915396493016e-05
6.016,8.19145301256943e-05
6.038,8.20369907450296e-05
6.06,8.2158924923975e-05
6.082,8.22803360498857e-05
6.104,8.2401227481118e-05
6.126,8.2521602547339e-05
6.148,8.26414645498323e-05
6.17,8.27608167617999e-05
6.192,8.287966242866e-05
6.214,8.29980047683413e-05
6.236,8.31158469715733e-05
6.258,8.32331922021733e-05
6.28,8.33500435973294e-05
6.302,8.34664042678797e-05
6.324,8.35822772985893e-05
6.346,8.36976657484219e-05
6.368,8.38125726508096e-05
6.39,8.39270010139185e-05
6.412,8.40409538209114e-05
6.434,8.41544340302066e-05
6.456,8.42674445757345e-05
6.478,8.437998836719e-05
6.5,8.44920682902824e-05
6.522,8.46036872069822e-05
6.544,8.47148479557644e-05
6.566,8.48255533518492e-05
6.588,8.49358061874399e-05
6.61,8.50456092319574e-05
6.632,8.51549652322721e-05
6.654,8.5263876912933e-05
6.676,8.53723469763942e-05
6.698,8.5480378103238e-05
6.72,8.5587972952396e-05
6.742,8.56951341613672e-05
6.764,8.58018643464335e-05
6.786,8.59081661028725e-05
6.808,8.60140420051682e-05
6.83,8.61194946072185e-05
6.852,8.62245264425407e-05
6.874,8.63291400244742e-05
6.896,8.64333378463814e-05
6.918,8.65371223818454e-05
6.94,8.66404960848659e-05
6.962,8.67434613900526e-05
6.984,8.68460207128163e-05
7.006,8.69481764495579e-05
7.028,8.70499309778548e-05
7.05,8.71512866566457e-05
7.072,8.72522458264126e-05
7.094,8.7352810809361e-05
7.116,8.74529839095981e-05
7.138,8.75527674133087e-05
7.16,8.76521635889289e-05
7.182,8.77511746873186e-05
7.204,8.78498029419307e-05
7.226,8.79480505689793e-05
7.248,8.8045919767606e-05
7.27,8.81434127200436e-05
7.292,8.82405315917785e-05
7.314,8.83372785317108e-05
7.336,8.84336556723132e-05
7.358,8.85296651297873e-05
7.38,8.86253090042187e-05
7.402,8.87205893797298e-05
7.424,8.8815508324632e-05
7.446,8.89100678915742e-05
7.468,8.90042701176917e-05
7.49,8.90981170247521e-05
7.512,8.91916106192999e-05
7.534,8.92847528927999e-05
7.556,8.93775458217779e-05
7.578,8.94699913679612e-05
7.6,8.95620914784165e-05
7.622,8.96538480856866e-05
7.644,8.97452631079257e-05
7.666,8.9836338449033e-05
7.688,8.99270759987847e-05
7.71,9.00174776329652e-05
7.732,9.01075452134957e-05
7.754,9.01972805885627e-05
7.776,9.02866855927438e-05
7.798,9.03757620471332e-05
7.82,9.04645117594651e-05
7.842,9.0552936524236e-05
7.864,9.06410381228257e-05
7.886,9.07288183236171e-05
7.908,9.08162788821141e-05
7.93,9.0903421541059e-05
7.952,9.09902480305481e-05
7.974,9.10767600681463e-05
7.996,9.11629593590002e-05
8.018,9.12488475959501e-05
8.04,9.13344264596412e-05
8.062,9.14196976186327e-05
8.084,9.15046627295066e-05
8.106,9.15893234369749e-05
8.128,9.16736813739856e-05
8.15,9.17577381618279e-05
8.172,9.18414954102358e-05
8.194,9.19249547174912e-05
8.216,9.20081176705253e-05
8.238,9.20909858450192e-05
8.26,9.21735608055035e-05
8.282,9.22558441054568e-05
8.304,9.2337837287403e-05
8.326,9.24195418830078e-05
8.348,9.25009594131739e-05
8.37,9.25820913881356e-05
8.392,9.26629393075522e-05
8.414,9.27435046605999e-05
8.436,9.2823788926064e-05
8.458,9.29037935724287e-05
8.48,9.29835200579672e-05
8.502,9.30629698308298e-05
8.524,9.31421443291319e-05
8.546,9.32210449810406e-05
8.568,9.32996732048607e-05
8.59,9.33780304091198e-05
8.612,9.34561179926519e-05
8.634,9.35339373446813e-05
8.656,9.36114898449046e-05
8.678,9.36887768635721e-05
8.7,9.37657997615689e-05
8.722,9.38425598904947e-05
8.744,9.39190585927425e-05
8.766,9.39952972015772e-05
8.788,9.4071277041213e-05
8.81,9.414699942689e-05
8.832,9.42224656649501e-05
8.854,9.42976770529123e-05
8.876,9.43726348795466e-05
8.898,9.44473404249481e-05
8.92,9.45217949606099e-05
8.942,9.45959997494945e-05
8.964,9.46699560461064e-05
8.986,9.47436650965616e-05
9.008,9.48171281386583e-05
9.03,9.48903464019462e-05
9.052,9.49633211077946e-05
9.074,9.50360534694608e-05
9.096,9.51085446921572e-05
9.118,9.51807959731177e-05
9.14,9.52528085016638e-05
9.162,9.532458345927e-05
9.184,9.53961220196278e-05
9.206,9.54674253487105e-05
9.228,9.55384946048359e-05
9.25,9.56093309387294e-05
9.272,9.56799354935858e-05
9.294,9.57503094051311e-05
9.316,9.58204538016833e-05
9.338,9.58903698042125e-05
9.36,9.59600585264011e-05
9.382,9.60295210747022e-05
9.404,9.60987585483988e-05
9.426,9.61677720396617e-05
9.448,9.62365626336065e-05
9.47,9.6305131408351e-05
9.492,9.63734794350711e-05
9.514,9.6441607778057e-05
9.536,9.65095174947679e-05
9.558,9.65772096358873e-05
9.58,9.66446852453767e-05
9.602,9.67119453605298e-05
9.624,9.67789910120248e-05
9.646,9.68458232239782e-05
9.668,9.69124430139958e-05
9.69,9.69788513932252e-05
9.712,9.70450493664065e-05
9.734,9.71110379319231e-05
9.756,9.71768180818519e-05
9.778,9.7242390802013e-05
9.8,9.73077570720191e-05
9.822,9.73729178653239e-05
9.844,9.74378741492708e-05
9.866,9.75026268851406e-05
9.888,9.75671770281991e-05
9.91,9.76315255277437e-05
9.932,9.76956733271502e-05
9.954,9.77596213639191e-05
9.976,9.78233705697207e-05
9.998,9.78869218704411e-05
10.02,9.79502761862261e-05
10.042,9.80134344315265e-05
10.064,9.80763975151416e-05
10.086,9.8139166340263e-05
10.108,9.82017418045175e-05
10.13,9.82641248000101e-05
10.152,9.83263162133667e-05
10.174,9.83883169257753e-05
10.196,9.84501278130285e-05
10.218,9.85117497455642e-05
10.24,9.85731835885065e-05
10.262,9.86344302017064e-05
10.284,9.86954904397817e-05
10.306,9.8756365152157e-05
10.328,9.88170551831029e-05
10.35,9.88775613717749e-05
10.372,9.89378845522524e-05
10.394,9.8998025553577e-05
10.416,9.905798519979e-05
10.438,9.91177643099706e-05
10.46,9.91773636982731e-05
10.482,9.92367841739635e-05
10.504,9.92960265414567e-05
10.526,9.9355091600352e-05
10.548,9.94139801454701e-05
10.57,9.94726929668878e-05
10.592,9.95312308499738e-05
10.614,9.95895945754238e-05
10.636,9.96477849192951e-05
10.658,9.97058026530407e-05
10.68,9.97636485435439e-05
10.702,9.98213233531516e-05
10.724,9.98788278397084e-05
10.746,9.9936162756589e-05
10.768,9.99933288527318e-05
10.79,0.000100050326872671
10.812,0.00010010715755657
10.834,0.000100163821640251
10.856,0.00010022031985523
10.878,0.000100276652928745
10.9,0.000100332821583791
10.922,0.000100388826539146
10.944,0.000100444668509408
10.966,0.000100500348205018
10.988,0.000100555866332296
11.01,0.000100611223593469
11.032,0.0001006664206867
11.054,0.000100721458306118
11.076,0.000100776337141845
11.098,0.000100831057880031
11.12,0.000100885621202873
11.142,0.000100940027788653
11.164,0.000100994278311759
11.186,0.000101048373442718
11.208,0.000101102313848218
11.23,0.000101156100191143
11.252,0.000101209733130592
11.274,0.000101263213321911
11.296,0.00010131654141672
11.318,0.000101369718062935
11.34,0.000101422743904799
11.362,0.000101475619582906
11.384,0.000101528345734226
11.406,0.000101580922992133
11.428,0.000101633351986428
11.45,0.000101685633343365
11.472,0.000101737767685675
11.494,0.000101789755632594
11.516,0.000101841597799884
11.538,0.000101893294799858
11.56,0.000101944847241405
11.582,0.000101996255730013
11.604,0.000102047520867795
11.626,0.000102098643253509
11.648,0.000102149623482584
11.67,0.000102200462147141
11.692,0.000102251159836019
11.714,0.000102301717134793
11.736,0.000102352134625803
11.758,0.000102402412888169
11.78,0.000102452552497821
11.802,0.000102502554027512
11.824,0.000102552418046849
11.846,0.000102602145122308
11.868,0.000102651735817258
11.89,0.000102701190691984
11.912,0.000102750510303703
11.934,0.000102799695206591
11.956,0.000102848745951798
11.978,0.000102897663087475
12,0.000102946447158787
