"ResDensity","N_TraitValue"
0.06,8.78150236937512e-07
0.06456,8.89753855742378e-07
0.06912,9.00077957523366e-07
0.07368,9.09323119756614e-07
0.07824,9.17650078330193e-07
0.0828,9.25189151930068e-07
0.08736,9.32047112103264e-07
0.09192,9.38312271781017e-07
0.09648,9.44058308917759e-07
0.10104,9.49347177476286e-07
0.1056,9.5423135018098e-07
0.11016,9.58755565406628e-07
0.11472,9.62958201563161e-07
0.11928,9.66872368466786e-07
0.12384,9.70526781432737e-07
0.1284,9.73946466935848e-07
0.13296,9.7715333652586e-07
0.13752,9.80166656827462e-07
0.14208,9.83003436933213e-07
0.14664,9.8567874964613e-07
0.1512,9.88205999385548e-07
0.15576,9.90597146809643e-07
0.16032,9.92862898099109e-07
0.16488,9.95012865222567e-07
0.16944,9.9705570224453e-07
0.174,9.9899922175252e-07
0.17856,1.00085049470602e-06
0.18312,1.00261593639743e-06
0.18768,1.00430138072755e-06
0.19224,1.00591214460791e-06
0.1968,1.00745308398777e-06
0.20136,1.00892864274958e-06
0.20592,1.01034289551006e-06
0.21048,1.0116995851949e-06
0.21504,1.0130021561169e-06
0.2196,1.01425378317305e-06
0.22416,1.01545739768156e-06
0.22872,1.01661571030153e-06
0.23328,1.01773123141246e-06
0.23784,1.01880628927608e-06
0.2424,1.01984304625706e-06
0.24696,1.02084351334034e-06
0.25152,1.02180956315023e-06
0.25608,1.02274294164866e-06
0.26064,1.02364527866623e-06
0.2652,1.02451809739975e-06
0.26976,1.02536282299274e-06
0.27432,1.02618079030046e-06
0.27888,1.02697325092856e-06
0.28344,1.02774137962342e-06
0.288,1.02848628008266e-06
0.29256,1.02920899024645e-06
0.29712,1.02991048712288e-06
0.30168,1.03059169119452e-06
0.30624,1.03125347044806e-06
0.3108,1.03189664406403e-06
0.31536,1.0325219857997e-06
0.31992,1.03313022709437e-06
0.32448,1.03372205992341e-06
0.32904,1.03429813942439e-06
0.3336,1.0348590863162e-06
0.33816,1.03540548913008e-06
0.34272,1.0359379062693e-06
0.34728,1.03645686791265e-06
0.35184,1.03696287777549e-06
0.3564,1.03745641474048e-06
0.36096,1.03793793436927e-06
0.36552,1.03840787030502e-06
0.37008,1.03886663557499e-06
0.37464,1.03931462380123e-06
0.3792,1.03975221032703e-06
0.38376,1.04017975326573e-06
0.38832,1.0405975944782e-06
0.39288,1.04100606048447e-06
0.39744,1.04140546331471e-06
0.402,1.04179610130416e-06
0.40656,1.04217825983634e-06
0.41112,1.04255221203831e-06
0.41568,1.04291821943168e-06
0.42024,1.04327653254256e-06
0.4248,1.04362739147337e-06
0.42936,1.04397102643944e-06
0.43392,1.04430765827271e-06
0.43848,1.04463749889499e-06
0.44304,1.04496075176286e-06
0.4476,1.04527761228618e-06
0.45216,1.04558826822197e-06
0.45672,1.04589290004545e-06
0.46128,1.04619168129966e-06
0.46584,1.0464847789251e-06
0.4704,1.04677235357081e-06
0.47496,1.04705455988796e-06
0.47952,1.04733154680717e-06
0.48408,1.04760345780063e-06
0.48864,1.04787043112983e-06
0.4932,1.04813260008006e-06
0.49776,1.04839009318226e-06
0.50232,1.04864303442311e-06
0.50688,1.04889154344414e-06
0.51144,1.04913573573039e-06
0.516,1.04937572278939e-06
0.52056,1.0496116123209e-06
0.52512,1.04984350837811e-06
0.52968,1.05007151152065e-06
0.53424,1.05029571895999e-06
0.5388,1.05051622469767e-06
0.54336,1.05073311965666e-06
0.54792,1.0509464918064e-06
0.55248,1.05115642628173e-06
0.55704,1.05136300549619e-06
0.5616,1.05156630924987e-06
0.56616,1.05176641483217e-06
0.57072,1.0519633971198e-06
0.57528,1.05215732867019e-06
0.57984,1.05234827981058e-06
0.5844,1.05253631872306e-06
0.58896,1.05272151152578e-06
0.59352,1.05290392235038e-06
0.59808,1.05308361341612e-06
0.60264,1.05326064510059e-06
0.6072,1.05343507600736e-06
0.61176,1.05360696303067e-06
0.61632,1.05377636141728e-06
0.62088,1.05394332482571e-06
0.62544,1.05410790538285e-06
0.63,1.05427015373829e-06
0.63456,1.05443011911622e-06
0.63912,1.05458784936527e-06
0.64368,1.05474339100621e-06
0.64824,1.05489678927768e-06
0.6528,1.05504808818008e-06
0.65736,1.05519733051765e-06
0.66192,1.05534455793881e-06
0.66648,1.05548981097495e-06
0.67104,1.0556331290776e-06
0.6756,1.05577455065419e-06
0.68016,1.05591411310231e-06
0.68472,1.05605185284274e-06
0.68928,1.05618780535109e-06
0.69384,1.0563220051883e-06
0.6984,1.05645448602989e-06
0.70296,1.05658528069417e-06
0.70752,1.05671442116934e-06
0.71208,1.05684193863954e-06
0.71664,1.05696786350998e-06
0.7212,1.05709222543111e-06
0.72576,1.0572150533219e-06
0.73032,1.05733637539224e-06
0.73488,1.05745621916454e-06
0.73944,1.05757461149457e-06
0.744,1.05769157859152e-06
0.74856,1.05780714603729e-06
0.75312,1.05792133880524e-06
0.75768,1.05803418127808e-06
0.76224,1.05814569726529e-06
0.7668,1.05825591001986e-06
0.77136,1.05836484225443e-06
0.77592,1.05847251615691e-06
0.78048,1.05857895340556e-06
0.78504,1.0586841751835e-06
0.7896,1.05878820219283e-06
0.79416,1.05889105466813e-06
0.79872,1.05899275238964e-06
0.80328,1.05909331469593e-06
0.80784,1.05919276049613e-06
0.8124,1.05929110828183e-06
0.81696,1.0593883761385e-06
0.82152,1.0594845817566e-06
0.82608,1.05957974244231e-06
0.83064,1.0596738751279e-06
0.8352,1.05976699638175e-06
0.83976,1.05985912241814e-06
0.84432,1.05995026910658e-06
0.84888,1.06004045198098e-06
0.85344,1.06012968624844e-06
0.858,1.06021798679784e-06
0.86256,1.06030536820807e-06
0.86712,1.06039184475611e-06
0.87168,1.06047743042476e-06
0.87624,1.0605621389102e-06
0.8808,1.06064598362929e-06
0.88536,1.06072897772666e-06
0.88992,1.06081113408157e-06
0.89448,1.06089246531458e-06
0.89904,1.06097298379402e-06
0.9036,1.06105270164226e-06
0.90816,1.06113163074175e-06
0.91272,1.061209782741e-06
0.91728,1.06128716906026e-06
0.92184,1.06136380089708e-06
0.9264,1.06143968923176e-06
0.93096,1.06151484483252e-06
0.93552,1.06158927826066e-06
0.94008,1.06166299987549e-06
0.94464,1.0617360198391e-06
0.9492,1.0618083481211e-06
0.95376,1.06187999450307e-06
0.95832,1.06195096858306e-06
0.96288,1.0620212797798e-06
0.96744,1.06209093733692e-06
0.972,1.06215995032696e-06
0.97656,1.06222832765536e-06
0.98112,1.06229607806423e-06
0.98568,1.06236321013612e-06
0.99024,1.06242973229764e-06
0.9948,1.06249565282297e-06
0.99936,1.06256097983728e-06
1.00392,1.06262572132012e-06
1.00848,1.06268988510862e-06
1.01304,1.06275347890065e-06
1.0176,1.06281651025794e-06
1.02216,1.06287898660906e-06
1.02672,1.06294091525232e-06
1.03128,1.06300230335861e-06
1.03584,1.06306315797421e-06
1.0404,1.06312348602346e-06
1.04496,1.06318329431136e-06
1.04952,1.06324258952617e-06
1.05408,1.06330137824189e-06
1.05864,1.06335966692068e-06
1.0632,1.06341746191526e-06
1.06776,1.06347476947115e-06
1.07232,1.063531595729e-06
1.07688,1.06358794672673e-06
1.08144,1.06364382840169e-06
1.086,1.06369924659274e-06
1.09056,1.06375420704229e-06
1.09512,1.06380871539828e-06
1.09968,1.06386277721609e-06
1.10424,1.06391639796048e-06
1.1088,1.06396958300738e-06
1.11336,1.06402233764573e-06
1.11792,1.06407466707919e-06
1.12248,1.06412657642789e-06
1.12704,1.06417807073007e-06
1.1316,1.06422915494373e-06
1.13616,1.06427983394822e-06
1.14072,1.06433011254578e-06
1.14528,1.06437999546306e-06
1.14984,1.06442948735262e-06
1.1544,1.06447859279435e-06
1.15896,1.06452731629691e-06
1.16352,1.06457566229909e-06
1.16808,1.06462363517115e-06
1.17264,1.06467123921617e-06
1.1772,1.06471847867131e-06
1.18176,1.06476535770906e-06
1.18632,1.06481188043851e-06
1.19088,1.06485805090651e-06
1.19544,1.06490387309885e-06
1.2,1.06494935094143e-06
1.20456,1.06499448830136e-06
1.20912,1.06503928898804e-06
1.21368,1.06508375675429e-06
1.21824,1.06512789529733e-06
1.2228,1.06517170825986e-06
1.22736,1.06521519923102e-06
1.23192,1.0652583717474e-06
1.23648,1.06530122929398e-06
1.24104,1.06534377530508e-06
1.2456,1.06538601316527e-06
1.25016,1.06542794621026e-06
1.25472,1.0654695777278e-06
1.25928,1.06551091095853e-06
1.26384,1.06555194909681e-06
1.2684,1.06559269529154e-06
1.27296,1.06563315264701e-06
1.27752,1.06567332422361e-06
1.28208,1.06571321303869e-06
1.28664,1.06575282206724e-06
1.2912,1.06579215424268e-06
1.29576,1.06583121245755e-06
1.30032,1.06586999956426e-06
1.30488,1.06590851837573e-06
1.30944,1.06594677166611e-06
1.314,1.06598476217145e-06
1.31856,1.06602249259032e-06
1.32312,1.06605996558447e-06
1.32768,1.06609718377945e-06
1.33224,1.06613414976525e-06
1.3368,1.06617086609684e-06
1.34136,1.06620733529482e-06
1.34592,1.06624355984596e-06
1.35048,1.06627954220379e-06
1.35504,1.06631528478912e-06
1.3596,1.06635078999064e-06
1.36416,1.06638606016537e-06
1.36872,1.06642109763926e-06
1.37328,1.06645590470768e-06
1.37784,1.06649048363586e-06
1.3824,1.06652483665949e-06
1.38696,1.06655896598511e-06
1.39152,1.06659287379063e-06
1.39608,1.06662656222576e-06
1.40064,1.0666600334125e-06
1.4052,1.06669328944558e-06
1.40976,1.06672633239287e-06
1.41432,1.06675916429583e-06
1.41888,1.06679178716991e-06
1.42344,1.06682420300501e-06
1.428,1.06685641376583e-06
1.43256,1.06688842139229e-06
1.43712,1.06692022779993e-06
1.44168,1.06695183488027e-06
1.44624,1.06698324450121e-06
1.4508,1.06701445850736e-06
1.45536,1.06704547872044e-06
1.45992,1.06707630693964e-06
1.46448,1.06710694494191e-06
1.46904,1.06713739448236e-06
1.4736,1.06716765729457e-06
1.47816,1.06719773509092e-06
1.48272,1.06722762956293e-06
1.48728,1.06725734238154e-06
1.49184,1.06728687519746e-06
1.4964,1.06731622964146e-06
1.50096,1.06734540732467e-06
1.50552,1.06737440983886e-06
1.51008,1.06740323875677e-06
1.51464,1.06743189563235e-06
1.5192,1.06746038200107e-06
1.52376,1.06748869938016e-06
1.52832,1.06751684926894e-06
1.53288,1.06754483314901e-06
1.53744,1.06757265248456e-06
1.542,1.06760030872261e-06
1.54656,1.06762780329328e-06
1.55112,1.06765513760999e-06
1.55568,1.06768231306975e-06
1.56024,1.06770933105338e-06
1.5648,1.06773619292573e-06
1.56936,1.06776290003593e-06
1.57392,1.06778945371761e-06
1.57848,1.06781585528912e-06
1.58304,1.06784210605376e-06
1.5876,1.06786820729996e-06
1.59216,1.06789416030154e-06
1.59672,1.06791996631786e-06
1.60128,1.06794562659409e-06
1.60584,1.06797114236135e-06
1.6104,1.06799651483695e-06
1.61496,1.06802174522456e-06
1.61952,1.06804683471439e-06
1.62408,1.06807178448342e-06
1.62864,1.06809659569554e-06
1.6332,1.06812126950176e-06
1.63776,1.06814580704037e-06
1.64232,1.06817020943711e-06
1.64688,1.06819447780538e-06
1.65144,1.06821861324637e-06
1.656,1.06824261684923e-06
1.66056,1.06826648969125e-06
1.66512,1.06829023283803e-06
1.66968,1.06831384734359e-06
1.67424,1.0683373342506e-06
1.6788,1.06836069459047e-06
1.68336,1.06838392938351e-06
1.68792,1.06840703963912e-06
1.69248,1.06843002635589e-06
1.69704,1.06845289052178e-06
1.7016,1.06847563311422e-06
1.70616,1.06849825510028e-06
1.71072,1.06852075743683e-06
1.71528,1.0685431410706e-06
1.71984,1.06856540693838e-06
1.7244,1.06858755596713e-06
1.72896,1.0686095890741e-06
1.73352,1.06863150716698e-06
1.73808,1.06865331114399e-06
1.74264,1.06867500189402e-06
1.7472,1.06869658029676e-06
1.75176,1.06871804722282e-06
1.75632,1.06873940353381e-06
1.76088,1.06876065008252e-06
1.76544,1.06878178771297e-06
1.77,1.06880281726056e-06
1.77456,1.06882373955216e-06
1.77912,1.06884455540623e-06
1.78368,1.06886526563293e-06
1.78824,1.06888587103421e-06
1.7928,1.06890637240393e-06
1.79736,1.06892677052794e-06
1.80192,1.06894706618423e-06
1.80648,1.06896726014294e-06
1.81104,1.06898735316656e-06
1.8156,1.06900734600994e-06
1.82016,1.06902723942046e-06
1.82472,1.06904703413804e-06
1.82928,1.06906673089531e-06
1.83384,1.06908633041765e-06
1.8384,1.06910583342332e-06
1.84296,1.06912524062348e-06
1.84752,1.06914455272235e-06
1.85208,1.06916377041728e-06
1.85664,1.06918289439877e-06
1.8612,1.06920192535066e-06
1.86576,1.0692208639501e-06
1.87032,1.06923971086772e-06
1.87488,1.06925846676765e-06
1.87944,1.06927713230765e-06
1.884,1.06929570813912e-06
1.88856,1.06931419490725e-06
1.89312,1.06933259325102e-06
1.89768,1.06935090380335e-06
1.90224,1.06936912719111e-06
1.9068,1.06938726403521e-06
1.91136,1.06940531495071e-06
1.91592,1.06942328054683e-06
1.92048,1.06944116142703e-06
1.92504,1.06945895818914e-06
1.9296,1.06947667142533e-06
1.93416,1.06949430172225e-06
1.93872,1.06951184966106e-06
1.94328,1.06952931581751e-06
1.94784,1.069546700762e-06
1.9524,1.06956400505961e-06
1.95696,1.06958122927023e-06
1.96152,1.06959837394854e-06
1.96608,1.06961543964415e-06
1.97064,1.06963242690158e-06
1.9752,1.06964933626038e-06
1.97976,1.06966616825515e-06
1.98432,1.06968292341562e-06
1.98888,1.06969960226668e-06
1.99344,1.06971620532847e-06
1.998,1.06973273311639e-06
2.00256,1.0697491861412e-06
2.00712,1.06976556490904e-06
2.01168,1.06978186992148e-06
2.01624,1.06979810167561e-06
2.0208,1.06981426066403e-06
2.02536,1.06983034737496e-06
2.02992,1.06984636229225e-06
2.03448,1.06986230589545e-06
2.03904,1.06987817865983e-06
2.0436,1.06989398105646e-06
2.04816,1.06990971355225e-06
2.05272,1.06992537660998e-06
2.05728,1.06994097068834e-06
2.06184,1.06995649624201e-06
2.0664,1.06997195372167e-06
2.07096,1.06998734357407e-06
2.07552,1.07000266624204e-06
2.08008,1.07001792216457e-06
2.08464,1.07003311177682e-06
2.0892,1.07004823551018e-06
2.09376,1.07006329379232e-06
2.09832,1.07007828704719e-06
2.10288,1.07009321569511e-06
2.10744,1.07010808015277e-06
2.112,1.07012288083329e-06
2.11656,1.07013761814626e-06
2.12112,1.07015229249776e-06
2.12568,1.07016690429041e-06
2.13024,1.07018145392339e-06
2.1348,1.07019594179253e-06
2.13936,1.07021036829027e-06
2.14392,1.07022473380575e-06
2.14848,1.07023903872482e-06
2.15304,1.07025328343008e-06
2.1576,1.07026746830092e-06
2.16216,1.07028159371354e-06
2.16672,1.07029566004103e-06
2.17128,1.0703096676533e-06
2.17584,1.07032361691724e-06
2.1804,1.07033750819666e-06
2.18496,1.07035134185236e-06
2.18952,1.07036511824213e-06
2.19408,1.07037883772085e-06
2.19864,1.07039250064043e-06
2.2032,1.0704061073499e-06
2.20776,1.07041965819544e-06
2.21232,1.07043315352037e-06
2.21688,1.07044659366521e-06
2.22144,1.07045997896771e-06
2.226,1.07047330976285e-06
2.23056,1.07048658638291e-06
2.23512,1.07049980915746e-06
2.23968,1.07051297841341e-06
2.24424,1.07052609447501e-06
2.2488,1.07053915766393e-06
2.25336,1.07055216829923e-06
2.25792,1.0705651266974e-06
2.26248,1.0705780331724e-06
2.26704,1.07059088803571e-06
2.2716,1.07060369159627e-06
2.27616,1.07061644416059e-06
2.28072,1.07062914603276e-06
2.28528,1.07064179751442e-06
2.28984,1.07065439890483e-06
2.2944,1.07066695050091e-06
2.29896,1.07067945259722e-06
2.30352,1.07069190548599e-06
2.30808,1.07070430945718e-06
2.31264,1.07071666479845e-06
2.3172,1.07072897179523e-06
2.32176,1.07074123073071e-06
2.32632,1.07075344188588e-06
2.33088,1.07076560553953e-06
2.33544,1.0707777219683e-06
2.34,1.07078979144668e-06
