"ResDensity","N_TraitValue"
15,0.000840836499320193
15.156,0.000847881241287859
15.312,0.000854897847397626
15.468,0.000861886485870451
15.624,0.000868847323588926
15.78,0.000875780526110564
15.936,0.000882686257680923
16.092,0.000889564681246577
16.248,0.000896415958467932
16.404,0.000903240249731891
16.56,0.000910037714164371
16.716,0.000916808509642667
16.872,0.000923552792807681
17.028,0.000930270719075997
17.184,0.000936962442651821
17.34,0.000943628116538781
17.496,0.000950267892551586
17.652,0.000956881921327554
17.808,0.000963470352338003
17.964,0.000970033333899511
18.12,0.000976571013185044
18.276,0.000983083536234962
18.432,0.000989571047967887
18.588,0.000996033692191457
18.744,0.00100247161161295
18.9,0.00100888494784979
19.056,0.00101527384143994
19.212,0.00102163843185213
19.368,0.00102797885749606
19.524,0.0010342952557324
19.68,0.00104058776288271
19.836,0.00104685651423926
19.992,0.00105310164407473
20.148,0.00105932328565176
20.304,0.00106552157123248
20.46,0.00107169663208785
20.616,0.00107784859850693
20.772,0.00108397759980606
20.928,0.00109008376433791
21.084,0.00109616721950043
21.24,0.00110222809174571
21.396,0.00110826650658879
21.552,0.00111428258861626
21.708,0.00112027646149485
21.864,0.00112624824797991
22.02,0.00113219806992381
22.176,0.00113812604828419
22.332,0.00114403230313217
22.488,0.00114991695366047
22.644,0.00115578011819141
22.8,0.00116162191418487
22.956,0.00116744245824607
23.112,0.00117324186613343
23.268,0.00117902025276613
23.424,0.00118477773223179
23.58,0.00119051441779394
23.736,0.00119623042189943
23.892,0.00120192585618584
24.048,0.00120760083148867
24.204,0.00121325545784859
24.36,0.0012188898445185
24.516,0.00122450409997064
24.672,0.00123009833190348
24.828,0.00123567264724862
24.984,0.00124122715217765
25.14,0.00124676195210884
25.296,0.00125227715171383
25.452,0.00125777285492421
25.608,0.0012632491649381
25.764,0.00126870618422653
25.92,0.0012741440145399
26.076,0.00127956275691429
26.232,0.00128496251167768
26.388,0.00129034337845618
26.544,0.00129570545618015
26.7,0.00130104884309025
26.856,0.00130637363674346
27.012,0.001311679934019
27.168,0.00131696783112421
27.324,0.00132223742360035
27.48,0.00132748880632841
27.636,0.00133272207353473
27.792,0.00133793731879668
27.948,0.00134313463504824
28.104,0.00134831411458548
28.26,0.00135347584907207
28.416,0.00135861992954469
28.572,0.00136374644641831
28.728,0.00136885548949159
28.884,0.00137394714795205
29.04,0.00137902151038127
29.196,0.00138407866476005
29.352,0.00138911869847349
29.508,0.00139414169831601
29.664,0.00139914775049634
29.82,0.00140413694064244
29.976,0.00140910935380642
30.132,0.00141406507446933
30.288,0.00141900418654594
30.444,0.00142392677338955
30.6,0.00142883291779657
30.756,0.00143372270201126
30.912,0.00143859620773026
31.068,0.00144345351610717
31.224,0.00144829470775706
31.38,0.0014531198627609
31.536,0.00145792906067001
31.692,0.00146272238051041
31.848,0.00146749990078716
32.004,0.00147226169948862
32.16,0.00147700785409074
32.316,0.00148173844156123
32.472,0.00148645353836371
32.628,0.00149115322046187
32.784,0.00149583756332351
32.94,0.0015005066419246
33.096,0.00150516053075327
33.252,0.0015097993038138
33.408,0.0015144230346305
33.564,0.00151903179625161
33.72,0.00152362566125317
33.876,0.00152820470174278
34.032,0.00153276898936345
34.188,0.00153731859529724
34.344,0.00154185359026905
34.5,0.00154637404455022
34.656,0.0015508800279622
34.812,0.00155537160988013
34.968,0.00155984885923638
35.124,0.00156431184452413
35.28,0.00156876063380079
35.436,0.00157319529469153
35.592,0.00157761589439267
35.748,0.00158202249967506
35.904,0.00158641517688749
36.06,0.00159079399195998
36.216,0.00159515901040707
36.372,0.00159951029733113
36.528,0.00160384791742557
36.684,0.00160817193497805
36.84,0.00161248241387364
36.996,0.00161677941759802
37.152,0.00162106300924051
37.308,0.00162533325149725
37.464,0.00162959020667419
37.62,0.00163383393669015
37.776,0.00163806450307982
37.932,0.00164228196699674
38.088,0.00164648638921623
38.244,0.00165067783013832
38.4,0.00165485634979063
38.556,0.00165902200783128
38.712,0.00166317486355165
38.868,0.00166731497587928
39.024,0.00167144240338058
39.18,0.00167555720426365
39.336,0.001679659436381
39.492,0.00168374915723223
39.648,0.00168782642396675
39.804,0.00169189129338645
39.96,0.0016959438219483
40.116,0.00169998406576701
40.272,0.00170401208061756
40.428,0.00170802792193784
40.584,0.00171203164483112
40.74,0.00171602330406864
40.896,0.00172000295409204
41.052,0.00172397064901589
41.208,0.00172792644263012
41.364,0.00173187038840244
41.52,0.00173580253948078
41.676,0.00173972294869562
41.832,0.00174363166856245
41.988,0.001747528751284
42.144,0.00175141424875268
42.3,0.00175528821255278
42.456,0.00175915069396282
42.612,0.0017630017439578
42.768,0.00176684141321141
42.924,0.0017706697520983
43.08,0.00177448681069625
43.236,0.00177829263878836
43.392,0.00178208728586523
43.548,0.00178587080112708
43.704,0.00178964323348589
43.86,0.00179340463156752
44.016,0.00179715504371377
44.172,0.00180089451798449
44.328,0.00180462310215957
44.484,0.00180834084374107
44.64,0.00181204778995514
44.796,0.00181574398775407
44.952,0.00181942948381828
45.108,0.00182310432455825
45.264,0.00182676855611652
45.42,0.00183042222436954
45.576,0.00183406537492968
45.732,0.00183769805314706
45.888,0.00184132030411146
46.044,0.00184493217265417
46.2,0.00184853370334985
46.356,0.00185212494051838
46.512,0.00185570592822664
46.668,0.00185927671029035
46.824,0.00186283733027582
46.98,0.00186638783150175
47.136,0.001869928257041
47.292,0.00187345864972228
47.448,0.00187697905213191
47.604,0.00188048950661556
47.76,0.00188399005527988
47.916,0.00188748073999424
48.072,0.00189096160239238
48.228,0.00189443268387407
48.384,0.00189789402560674
48.54,0.00190134566852711
48.696,0.00190478765334281
48.852,0.00190822002053399
49.008,0.00191164281035488
49.164,0.0019150560628354
49.32,0.00191845981778268
49.476,0.00192185411478264
49.632,0.0019252389932015
49.788,0.00192861449218733
49.944,0.00193198065067152
50.1,0.00193533750737033
50.256,0.00193868510078631
50.412,0.00194202346920984
50.568,0.00194535265072053
50.724,0.00194867268318872
50.88,0.00195198360427685
51.036,0.00195528545144097
51.192,0.00195857826193207
51.348,0.00196186207279755
51.504,0.00196513692088254
51.66,0.00196840284283135
51.816,0.00197165987508878
51.972,0.00197490805390151
52.128,0.00197814741531942
52.284,0.00198137799519694
52.44,0.00198459982919438
52.596,0.00198781295277921
52.752,0.0019910174012274
52.908,0.00199421320962468
53.064,0.00199740041286785
53.22,0.00200057904566602
53.376,0.00200374914254188
53.532,0.00200691073783297
53.688,0.00201006386569289
53.844,0.00201320856009255
54,0.00201634485482138
54.156,0.00201947278348855
54.312,0.00202259237952415
54.468,0.00202570367618041
54.624,0.00202880670653286
54.78,0.00203190150348151
54.936,0.00203498809975201
55.092,0.00203806652789679
55.248,0.00204113682029626
55.404,0.00204419900915985
55.56,0.00204725312652725
55.716,0.00205029920426941
55.872,0.00205333727408975
56.028,0.00205636736752521
56.184,0.00205938951594731
56.34,0.00206240375056333
56.496,0.00206541010241728
56.652,0.00206840860239103
56.808,0.00207139928120535
56.964,0.00207438216942094
57.12,0.00207735729743951
57.276,0.00208032469550477
57.432,0.00208328439370349
57.588,0.00208623642196651
57.744,0.00208918081006972
57.9,0.0020921175876351
58.056,0.00209504678413168
58.212,0.00209796842887656
58.368,0.00210088255103587
58.524,0.00210378917962572
58.68,0.0021066883435132
58.836,0.00210958007141731
58.992,0.00211246439190994
59.148,0.00211534133341676
59.304,0.00211821092421819
59.46,0.00212107319245033
59.616,0.00212392816610586
59.772,0.00212677587303497
59.928,0.00212961634094624
60.084,0.00213244959740757
60.24,0.00213527566984704
60.396,0.00213809458555385
60.552,0.00214090637167912
60.708,0.00214371105523682
60.864,0.00214650866310462
61.02,0.00214929922202473
61.176,0.0021520827586048
61.332,0.0021548592993187
61.488,0.00215762887050742
61.644,0.00216039149837986
61.8,0.00216314720901367
61.956,0.00216589602835608
62.112,0.00216863798222472
62.268,0.00217137309630841
62.424,0.00217410139616794
62.58,0.00217682290723694
62.736,0.0021795376548226
62.892,0.00218224566410648
63.048,0.00218494696014529
63.204,0.00218764156787166
63.36,0.00219032951209491
63.516,0.00219301081750182
63.672,0.00219568550865735
63.828,0.00219835361000545
63.984,0.00220101514586973
64.14,0.00220367014045428
64.296,0.00220631861784432
64.452,0.00220896060200701
64.608,0.00221159611679211
64.764,0.00221422518593274
64.92,0.00221684783304605
65.076,0.00221946408163397
65.232,0.0022220739550839
65.388,0.00222467747666938
65.544,0.0022272746695508
65.7,0.00222986555677613
65.856,0.0022324501612815
66.012,0.00223502850589199
66.168,0.00223760061332222
66.324,0.00224016650617706
66.48,0.00224272620695227
66.636,0.00224527973803516
66.792,0.00224782712170527
66.948,0.00225036838013499
67.104,0.00225290353539019
67.26,0.0022554326094309
67.416,0.00225795562411192
67.572,0.00226047260118344
67.728,0.00226298356229171
67.884,0.00226548852897957
68.04,0.00226798752268719
68.196,0.00227048056475256
68.352,0.00227296767641219
68.508,0.00227544887880166
68.664,0.00227792419295623
68.82,0.00228039363981146
68.976,0.00228285724020376
69.132,0.00228531501487099
69.288,0.00228776698445308
69.444,0.00229021316949255
69.6,0.00229265359043509
69.756,0.0022950882676302
69.912,0.00229751722133166
70.068,0.00229994047169815
70.224,0.0023023580387938
70.38,0.00230476994258873
70.536,0.00230717620295961
70.692,0.00230957683969019
70.848,0.00231197187247188
71.004,0.00231436132090424
71.16,0.00231674520449555
71.316,0.00231912354266333
71.472,0.00232149635473487
71.628,0.00232386365994773
71.784,0.0023262254774503
71.94,0.00232858182630229
72.096,0.00233093272547525
72.252,0.00233327819385307
72.408,0.0023356182502325
72.564,0.00233795291332365
72.72,0.00234028220175048
72.876,0.00234260613405129
73.032,0.00234492472867925
73.188,0.00234723800400282
73.344,0.0023495459783063
73.5,0.00235184866979029
73.656,0.00235414609657215
73.812,0.0023564382766865
73.968,0.00235872522808568
74.124,0.00236100696864021
74.28,0.00236328351613929
74.436,0.00236555488829122
74.592,0.00236782110272389
74.748,0.0023700821769852
74.904,0.00237233812854356
75.06,0.00237458897478831
75.216,0.00237683473303018
75.372,0.00237907542050171
75.528,0.00238131105435772
75.684,0.00238354165167574
75.84,0.00238576722945642
75.996,0.00238798780462402
76.152,0.00239020339402675
76.308,0.0023924140144373
76.464,0.00239461968255317
76.62,0.00239682041499715
76.776,0.00239901622831773
76.932,0.00240120713898947
77.088,0.00240339316341348
77.244,0.00240557431791777
77.4,0.0024077506187577
77.556,0.00240992208211635
77.712,0.00241208872410495
77.868,0.00241425056076326
78.024,0.00241640760805996
78.18,0.00241855988189306
78.336,0.0024207073980903
78.492,0.0024228501724095
78.648,0.00242498822053898
78.804,0.00242712155809793
78.96,0.00242925020063678
79.116,0.00243137416363761
79.272,0.00243349346251448
79.428,0.00243560811261385
79.584,0.00243771812921491
79.74,0.00243982352752997
79.896,0.00244192432270482
80.052,0.00244402052981911
80.208,0.00244611216388667
80.364,0.00244819923985591
80.52,0.00245028177261016
80.676,0.00245235977696802
80.832,0.0024544332676837
80.988,0.00245650225944741
81.144,0.00245856676688566
81.3,0.00246062680456165
81.456,0.00246268238697556
81.612,0.00246473352856493
81.768,0.00246678024370499
81.924,0.002468822546709
82.08,0.00247086045182855
82.236,0.00247289397325394
82.392,0.00247492312511449
82.548,0.00247694792147883
82.704,0.00247896837635531
82.86,0.00248098450369222
83.016,0.0024829963173782
83.172,0.00248500383124251
83.328,0.00248700705905536
83.484,0.00248900601452822
83.64,0.00249100071131414
83.796,0.00249299116300805
83.952,0.0024949773831471
84.108,0.00249695938521091
84.264,0.00249893718262194
84.42,0.00250091078874573
84.576,0.00250288021689125
84.732,0.00250484548031119
84.888,0.00250680659220223
85.044,0.00250876356570536
85.2,0.00251071641390618
85.356,0.00251266514983515
85.512,0.00251460978646795
85.668,0.00251655033672569
85.824,0.00251848681347525
85.98,0.00252041922952955
86.136,0.00252234759764782
86.292,0.0025242719305359
86.448,0.00252619224084651
86.604,0.00252810854117952
86.76,0.00253002084408224
86.916,0.00253192916204968
87.072,0.00253383350752483
87.228,0.00253573389289895
87.384,0.00253763033051178
87.54,0.00253952283265187
87.696,0.00254141141155682
87.852,0.00254329607941355
88.008,0.00254517684835853
88.164,0.00254705373047809
88.32,0.00254892673780866
88.476,0.00255079588233701
88.632,0.00255266117600051
88.788,0.00255452263068742
88.944,0.0025563802582371
89.1,0.00255823407044028
89.256,0.0025600840790393
89.412,0.00256193029572836
89.568,0.0025637727321538
89.724,0.00256561139991428
89.88,0.00256744631056107
90.036,0.0025692774755983
90.192,0.00257110490648315
90.348,0.00257292861462615
90.504,0.00257474861139136
90.66,0.00257656490809664
90.816,0.00257837751601391
90.972,0.0025801864463693
91.128,0.00258199171034348
91.284,0.00258379331907181
91.44,0.00258559128364462
91.596,0.00258738561510741
91.752,0.0025891763244611
91.908,0.00259096342266222
92.064,0.00259274692062318
92.22,0.00259452682921244
92.376,0.00259630315925478
92.532,0.00259807592153149
92.688,0.00259984512678059
92.844,0.00260161078569705
93,0.00260337290893301
