"ResDensity","N_TraitValue"
2,0.000240175877469633
2.096,0.000249590232629403
2.192,0.000258847760979493
2.288,0.000267952348843696
2.384,0.000276907755188547
2.48,0.000285717616797895
2.576,0.000294385453197224
2.672,0.000302914671341716
2.768,0.00031130857008118
2.864,0.000319570344414144
2.96,0.000327703089542628
3.056,0.000335709804738408
3.152,0.000343593397030928
3.248,0.000351356684726371
3.344,0.000359002400766848
3.44,0.000366533195938116
3.536,0.000373951641933726
3.632,0.000381260234283053
3.728,0.000388461395150207
3.824,0.000395557476010406
3.92,0.000402550760210055
4.016,0.000409443465416348
4.112,0.000416237745961946
4.208,0.000422935695089915
4.304,0.000429539347103853
4.4,0.000436050679427838
4.496,0.000442471614580581
4.592,0.000448804022067927
4.688,0.000455049720197609
4.784,0.000461210477819965
4.88,0.000467288015998111
4.976,0.00047328400961089
5.072,0.000479200088891727
5.168,0.000485037840906359
5.264,0.000490798810972261
5.36,0.000496484504022431
5.456,0.000502096385916054
5.552,0.00050763588469846
5.648,0.000513104391812636
5.744,0.000518503263264452
5.84,0.000523833820743667
5.936,0.000529097352702634
6.032,0.000534295115394579
6.128,0.0005394283338732
6.224,0.000544498202955252
6.32,0.000549505888147719
6.416,0.000554452526541073
6.512,0.000559339227670068
6.608,0.000564167074343425
6.704,0.000568937123443722
6.8,0.000573650406698735
6.896,0.000578307931425386
6.992,0.000582910681247462
7.088,0.000587459616788147
7.184,0.000591955676338412
7.28,0.000596399776502226
7.376,0.00060079281281953
7.472,0.00060513566036786
7.568,0.000609429174343463
7.664,0.000613674190622726
7.76,0.00061787152630468
7.856,0.000622021980235334
7.952,0.000626126333514531
8.048,0.000630185349986012
8.144,0.000634199776711322
8.24,0.000638170344428193
8.336,0.000642097767993978
8.432,0.000645982746814713
8.528,0.000649825965260333
8.624,0.000653628093066585
8.72,0.000657389785724104
8.816,0.00066111168485515
8.912,0.000664794418578446
9.008,0.000668438601862567
9.104,0.000672044836868278
9.2,0.000675613713280243
9.296,0.00067914580862847
9.392,0.000682641688599876
9.488,0.000686101907340311
9.584,0.000689527007747386
9.68,0.00069291752175444
9.776,0.000696273970605933
9.872,0.000699596865124591
9.968,0.000702886705970575
10.064,0.000706143983892951
10.16,0.000709369179973737
10.256,0.000712562765864768
10.352,0.000715725204017635
10.448,0.000718856947906921
10.544,0.000721958442246979
10.64,0.00072503012320245
10.736,0.000728072418592745
10.832,0.00073108574809068
10.928,0.000734070523415472
11.024,0.000737027148520266
11.12,0.000739956019774391
11.216,0.000742857526140495
11.312,0.00074573204934675
11.408,0.00074857996405427
11.504,0.000751401638019897
11.6,0.000754197432254514
11.696,0.000756967701177023
11.792,0.000759712792764114
11.888,0.000762433048695985
11.984,0.00076512880449811
12.08,0.000767800389679204
12.176,0.000770448127865484
12.272,0.000773072336931364
12.368,0.000775673329126665
12.464,0.000778251411200477
12.56,0.000780806884521755
12.656,0.00078334004519676
12.752,0.00078585118418343
12.848,0.000788340587402796
12.944,0.000790808535847496
13.04,0.000793255305687517
13.136,0.000795681168373211
13.232,0.000798086390735689
13.328,0.000800471235084659
13.424,0.000802835959303793
13.52,0.000805180816943684
13.616,0.000807506057312478
13.712,0.00080981192556423
13.808,0.00081209866278507
13.904,0.000814366506077232
14,0.000816615688641001
14.096,0.00081884643985466
14.192,0.00082105898535246
14.288,0.000823253547100708
14.384,0.000825430343471994
14.48,0.000827589589317632
14.576,0.000829731496038344
14.672,0.000831856271653262
14.768,0.000833964120867271
14.864,0.000836055245136751
14.96,0.000838129842733765
15.056,0.000840188108808723
15.152,0.000842230235451581
15.248,0.000844256411751596
15.344,0.000846266823855696
15.44,0.00084826165502549
15.536,0.000850241085692947
15.632,0.000852205293514812
15.728,0.000854154453425748
15.824,0.000856088737690279
15.92,0.000858008315953539
16.016,0.000859913355290869
16.112,0.000861804020256296
16.208,0.000863680472929912
16.304,0.000865542872964193
16.4,0.000867391377629281
16.496,0.000869226141857255
16.592,0.000871047318285418
16.688,0.000872855057298626
16.784,0.000874649507070686
16.88,0.000876430813604843
16.976,0.000878199120773375
17.072,0.000879954570356336
17.168,0.000881697302079446
17.264,0.000883427453651166
17.36,0.000885145160798972
17.456,0.000886850557304846
17.552,0.000888543775040017
17.648,0.000890224943998942
17.744,0.000891894192332585
17.84,0.000893551646380974
17.936,0.000895197430705081
18.032,0.000896831668118023
18.128,0.000898454479715616
18.224,0.000900065984906284
18.32,0.000901666301440351
18.416,0.000903255545438718
18.512,0.000904833831420955
18.608,0.000906401272332805
18.704,0.000907957979573131
18.8,0.000909504063020306
18.896,0.000911039631058067
18.992,0.000912564790600843
19.088,0.000914079647118567
19.184,0.000915584304660993
19.28,0.000917078865881518
19.376,0.000918563432060526
19.472,0.000920038103128267
19.568,0.000921502977687285
19.664,0.000922958153034388
19.76,0.000924403725182197
19.856,0.00092583978888026
19.952,0.000927266437635753
20.048,0.000928683763733778
20.144,0.000930091858257265
20.24,0.000931490811106478
20.336,0.000932880711018153
20.432,0.000934261645584259
20.528,0.0009356337012704
20.624,0.000936996963433861
20.72,0.00093835151634131
20.816,0.000939697443186161
20.912,0.000941034826105608
21.008,0.000942363746197331
21.104,0.000943684283535892
21.2,0.000944996517188818
21.296,0.000946300525232379
21.392,0.00094759638476708
21.488,0.00094888417193285
21.584,0.00095016396192396
21.68,0.000951435829003655
21.776,0.000952699846518526
21.872,0.000953956086912598
21.968,0.000955204621741182
22.064,0.000956445521684456
22.16,0.000957678856560802
22.256,0.000958904695339904
22.352,0.000960123106155602
22.448,0.000961334156318519
22.544,0.000962537912328451
22.64,0.000963734439886546
22.736,0.000964923803907253
22.832,0.000966106068530064
22.928,0.000967281297131041
23.024,0.000968449552334146
23.12,0.00096961089602236
23.216,0.000970765389348612
23.312,0.000971913092746512
23.408,0.000973054065940899
23.504,0.000974188367958198
23.6,0.000975316057136601
23.696,0.000976437191136069
23.792,0.000977551826948157
23.888,0.000978660020905676
23.984,0.000979761828692179
24.08,0.00098085730535129
24.176,0.000981946505295869
24.272,0.000983029482317025
24.368,0.000984106289592965
24.464,0.000985176979697703
24.56,0.000986241604609619
24.656,0.000987300215719862
24.752,0.000988352863840628
24.848,0.000989399599213286
24.944,0.000990440471516371
25.04,0.000991475529873444
25.136,0.000992504822860823
25.232,0.000993528398515177
25.328,0.000994546304341003
25.424,0.000995558587317975
25.52,0.000996565293908171
25.616,0.00099756647006318
25.712,0.000998562161231097
25.808,0.000999552412363398
25.904,0.0010005372679217
26,0.00100151677188444
26.096,0.00100249096775338
26.192,0.00100345989856008
26.288,0.00100442360687221
26.384,0.00100538213479983
26.48,0.00100633552400146
26.576,0.00100728381569015
26.672,0.00100822705063944
26.768,0.00100916526918914
26.864,0.00101009851125116
26.96,0.00101102681631509
27.056,0.00101195022345385
27.152,0.0010128687713291
27.248,0.00101378249819668
27.344,0.00101469144191191
27.44,0.00101559563993481
27.536,0.00101649512933527
27.632,0.00101738994679808
27.728,0.00101828012862793
27.824,0.00101916571075436
27.92,0.00102004672873653
28.016,0.00102092321776802
28.112,0.0010217952126815
28.208,0.00102266274795337
28.304,0.00102352585770826
28.4,0.00102438457572354
28.496,0.00102523893543372
28.592,0.00102608896993478
28.688,0.00102693471198844
28.784,0.00102777619402639
28.88,0.00102861344815442
28.976,0.00102944650615651
29.072,0.00103027539949882
29.168,0.00103110015933373
29.264,0.00103192081650365
29.36,0.00103273740154493
29.456,0.00103354994469162
29.552,0.00103435847587919
29.648,0.00103516302474826
29.744,0.00103596362064816
29.84,0.00103676029264052
29.936,0.0010375530695028
30.032,0.00103834197973175
30.128,0.00103912705154681
30.224,0.00103990831289349
30.32,0.00104068579144668
30.416,0.00104145951461392
30.512,0.00104222950953863
30.608,0.00104299580310325
30.704,0.00104375842193241
30.8,0.00104451739239598
30.896,0.00104527274061216
30.992,0.00104602449245039
31.088,0.0010467726735344
31.184,0.00104751730924505
31.28,0.00104825842472324
31.376,0.00104899604487272
31.472,0.00104973019436288
31.568,0.0010504608976315
31.664,0.0010511881788875
31.76,0.00105191206211355
31.856,0.00105263257106873
31.952,0.00105334972929117
32.048,0.00105406356010055
32.144,0.00105477408660068
32.24,0.00105548133168194
32.336,0.0010561853180238
32.432,0.00105688606809719
32.528,0.00105758360416692
32.624,0.00105827794829404
32.72,0.00105896912233814
32.816,0.00105965714795968
32.912,0.00106034204662222
33.008,0.00106102383959467
33.104,0.00106170254795349
33.2,0.00106237819258486
33.296,0.00106305079418681
33.392,0.00106372037327137
33.488,0.0010643869501666
33.584,0.0010650505450187
33.68,0.00106571117779401
33.776,0.00106636886828102
33.872,0.00106702363609236
33.968,0.0010676755006667
34.064,0.00106832448127075
34.16,0.00106897059700109
34.256,0.00106961386678608
34.352,0.0010702543093877
34.448,0.00107089194340338
34.544,0.00107152678726778
34.64,0.00107215885925457
34.736,0.00107278817747823
34.832,0.00107341475989572
34.928,0.00107403862430819
35.024,0.00107465978836274
35.12,0.00107527826955399
35.216,0.00107589408522577
35.312,0.00107650725257275
35.408,0.00107711778864201
35.504,0.00107772571033465
35.6,0.00107833103440732
35.696,0.00107893377747379
35.792,0.00107953395600644
35.888,0.00108013158633779
35.984,0.00108072668466194
36.08,0.00108131926703609
36.176,0.00108190934938195
36.272,0.00108249694748714
36.368,0.00108308207700666
36.464,0.00108366475346423
36.56,0.00108424499225369
36.656,0.00108482280864035
36.752,0.0010853982177623
36.848,0.0010859712346318
36.944,0.0010865418741365
37.04,0.0010871101510408
37.136,0.00108767607998708
37.232,0.00108823967549699
37.328,0.00108880095197265
37.424,0.00108935992369792
37.52,0.0010899166048396
37.616,0.0010904710094486
37.712,0.00109102315146116
37.808,0.00109157304469999
37.904,0.00109212070287544
38,0.00109266613958663
38.096,0.00109320936832258
38.192,0.00109375040246333
38.288,0.00109428925528101
38.384,0.00109482593994097
38.48,0.0010953604695028
38.576,0.00109589285692143
38.672,0.00109642311504818
38.768,0.00109695125663174
38.864,0.00109747729431927
38.96,0.00109800124065733
39.056,0.00109852310809294
39.152,0.00109904290897454
39.248,0.00109956065555295
39.344,0.00110007635998237
39.44,0.0011005900343213
39.536,0.00110110169053347
39.632,0.00110161134048883
39.728,0.00110211899596438
39.824,0.00110262466864515
39.92,0.00110312837012506
40.016,0.00110363011190783
40.112,0.00110412990540781
40.208,0.00110462776195092
40.304,0.00110512369277543
40.4,0.00110561770903284
40.496,0.00110610982178872
40.592,0.00110660004202355
40.688,0.00110708838063348
40.784,0.0011075748484312
40.88,0.0011080594561467
40.976,0.00110854221442808
41.072,0.00110902313384232
41.168,0.00110950222487604
41.264,0.00110997949793628
41.36,0.00111045496335127
41.456,0.00111092863137111
41.552,0.00111140051216859
41.648,0.00111187061583985
41.744,0.00111233895240515
41.84,0.00111280553180953
41.936,0.00111327036392358
42.032,0.00111373345854407
42.128,0.00111419482539468
42.224,0.00111465447412667
42.32,0.00111511241431955
42.416,0.00111556865548175
42.512,0.00111602320705127
42.608,0.00111647607839633
42.704,0.00111692727881603
42.8,0.00111737681754097
42.896,0.0011178247037339
42.992,0.00111827094649031
43.088,0.00111871555483906
43.184,0.00111915853774302
43.28,0.00111959990409961
43.376,0.00112003966274147
43.472,0.00112047782243697
43.568,0.00112091439189085
43.664,0.00112134937974479
43.76,0.00112178279457795
43.856,0.00112221464490758
43.952,0.00112264493918951
44.048,0.00112307368581878
44.144,0.00112350089313013
44.24,0.00112392656939858
44.336,0.00112435072283991
44.432,0.00112477336161125
44.528,0.00112519449381156
44.624,0.00112561412748217
44.72,0.00112603227060729
44.816,0.00112644893111449
44.912,0.00112686411687525
45.008,0.00112727783570539
45.104,0.00112769009536564
45.2,0.00112810090356205
45.296,0.00112851026794652
45.392,0.00112891819611725
45.488,0.00112932469561922
45.584,0.00112972977394466
45.68,0.0011301334385335
45.776,0.00113053569677382
45.872,0.00113093655600233
45.968,0.00113133602350477
46.064,0.00113173410651641
46.16,0.00113213081222242
46.256,0.00113252614775835
46.352,0.00113292012021056
46.448,0.00113331273661661
46.544,0.0011337040039657
46.64,0.00113409392919909
46.736,0.00113448251921049
46.832,0.00113486978084648
46.928,0.00113525572090691
47.024,0.00113564034614532
47.12,0.00113602366326929
47.216,0.00113640567894085
47.312,0.00113678639977687
47.408,0.00113716583234947
47.504,0.00113754398318632
47.6,0.0011379208587711
47.696,0.00113829646554382
47.792,0.0011386708099012
47.888,0.00113904389819703
47.984,0.00113941573674254
48.08,0.00113978633180674
48.176,0.0011401556896168
48.272,0.00114052381635836
48.368,0.0011408907181759
48.464,0.00114125640117308
48.56,0.00114162087141308
48.656,0.00114198413491891
48.752,0.0011423461976738
48.848,0.00114270706562144
48.944,0.00114306674466641
49.04,0.0011434252406744
49.136,0.00114378255947262
49.232,0.00114413870685003
49.328,0.00114449368855774
49.424,0.00114484751030923
49.52,0.00114520017778074
49.616,0.00114555169661151
49.712,0.00114590207240412
49.808,0.00114625131072477
49.904,0.00114659941710356
50,0.00114694639703483
