"ResDensity","N_TraitValue"
10,0.000206541657805425
10.06,0.000207451810258918
10.12,0.00020835908414931
10.18,0.000209263493111201
10.24,0.000210165050693217
10.3,0.000211063770358688
10.36,0.000211959665486318
10.42,0.000212852749370847
10.48,0.000213743035223713
10.54,0.000214630536173698
10.6,0.000215515265267577
10.66,0.000216397235470756
10.72,0.000217276459667906
10.78,0.00021815295066359
10.84,0.000219026721182884
10.9,0.000219897783871994
10.96,0.000220766151298868
11.02,0.000221631835953793
11.08,0.000222494850250003
11.14,0.000223355206524268
11.2,0.00022421291703748
11.26,0.000225067993975239
11.32,0.000225920449448429
11.38,0.000226770295493788
11.44,0.000227617544074478
11.5,0.000228462207080642
11.56,0.000229304296329964
11.62,0.000230143823568218
11.68,0.000230980800469816
11.74,0.000231815238638346
11.8,0.000232647149607112
11.86,0.000233476544839662
11.92,0.000234303435730317
11.98,0.000235127833604693
12.04,0.000235949749720215
12.1,0.000236769195266631
12.16,0.000237586181366522
12.22,0.000238400719075804
12.28,0.000239212819384223
12.34,0.000240022493215856
12.4,0.000240829751429594
12.46,0.000241634604819633
12.52,0.000242437064115952
12.58,0.000243237139984791
12.64,0.000244034843029122
12.7,0.000244830183789119
12.76,0.000245623172742624
12.82,0.000246413820305602
12.88,0.000247202136832601
12.94,0.000247988132617205
13,0.000248771817892476
13.06,0.000249553202831407
13.12,0.000250332297547353
13.18,0.000251109112094474
13.24,0.000251883656468164
13.3,0.000252655940605484
13.36,0.000253425974385579
13.42,0.000254193767630107
13.48,0.000254959330103655
13.54,0.000255722671514148
13.6,0.000256483801513265
13.66,0.000257242729696845
13.72,0.000257999465605286
13.78,0.00025875401872395
13.84,0.000259506398483558
13.9,0.000260256614260578
13.96,0.000261004675377624
14.02,0.000261750591103832
14.08,0.00026249437065525
14.14,0.000263236023195215
14.2,0.000263975557834728
14.26,0.000264712983632831
14.32,0.000265448309596971
14.38,0.000266181544683374
14.44,0.000266912697797402
14.5,0.000267641777793918
14.56,0.000268368793477639
14.62,0.000269093753603497
14.68,0.000269816666876985
14.74,0.000270537541954506
14.8,0.000271256387443721
14.86,0.00027197321190389
14.92,0.000272688023846213
14.98,0.000273400831734162
15.04,0.000274111643983824
15.1,0.000274820468964224
15.16,0.000275527314997657
15.22,0.000276232190360013
15.28,0.000276935103281102
15.34,0.000277636061944969
15.4,0.00027833507449022
15.46,0.000279032149010327
15.52,0.00027972729355395
15.58,0.000280420516125239
15.64,0.000281111824684147
15.7,0.000281801227146729
15.76,0.000282488731385452
15.82,0.000283174345229485
15.88,0.000283858076465005
15.94,0.000284539932835486
16,0.000285219922041993
16.06,0.000285898051743474
16.12,0.000286574329557043
16.18,0.000287248763058271
16.24,0.000287921359781464
16.3,0.000288592127219945
16.36,0.000289261072826334
16.42,0.000289928204012822
16.48,0.000290593528151445
16.54,0.000291257052574357
16.6,0.000291918784574098
16.66,0.000292578731403859
16.72,0.000293236900277755
16.78,0.000293893298371076
16.84,0.00029454793282056
16.9,0.000295200810724641
16.96,0.000295851939143712
17.02,0.00029650132510038
17.08,0.000297148975579713
17.14,0.000297794897529496
17.2,0.000298439097860476
17.26,0.00029908158344661
17.32,0.00029972236112531
17.38,0.000300361437697684
17.44,0.000300998819928776
17.5,0.000301634514547809
17.56,0.000302268528248416
17.62,0.00030290086768888
17.68,0.000303531539492364
17.74,0.000304160550247143
17.8,0.000304787906506833
17.86,0.000305413614790621
17.92,0.000306037681583488
17.98,0.000306660113336433
18.04,0.000307280916466696
18.1,0.000307900097357983
18.16,0.000308517662360675
18.22,0.000309133617792054
18.28,0.000309747969936515
18.34,0.00031036072504578
18.4,0.000310971889339108
18.46,0.000311581469003509
18.52,0.000312189470193952
18.58,0.000312795899033569
18.64,0.000313400761613864
18.7,0.000314004063994916
18.76,0.000314605812205582
18.82,0.000315206012243695
18.88,0.000315804670076266
18.94,0.000316401791639683
19,0.000316997382839901
19.06,0.000317591449552647
19.12,0.000318183997623601
19.18,0.000318775032868598
19.24,0.000319364561073813
19.3,0.00031995258799595
19.36,0.000320539119362433
19.42,0.000321124160871587
19.48,0.000321707718192826
19.54,0.000322289796966835
19.6,0.000322870402805751
19.66,0.000323449541293344
19.72,0.000324027217985198
19.78,0.000324603438408886
19.84,0.000325178208064146
19.9,0.000325751532423059
19.96,0.000326323416930218
20.02,0.000326893867002905
20.08,0.000327462888031261
20.14,0.000328030485378452
20.2,0.000328596664380845
20.26,0.000329161430348165
20.32,0.000329724788563671
20.38,0.000330286744284314
20.44,0.000330847302740905
20.5,0.000331406469138273
20.56,0.00033196424865543
20.62,0.000332520646445728
20.68,0.000333075667637019
20.74,0.000333629317331813
20.8,0.000334181600607435
20.86,0.000334732522516176
20.92,0.000335282088085452
20.98,0.000335830302317954
21.04,0.000336377170191803
21.1,0.000336922696660697
21.16,0.00033746688665406
21.22,0.000338009745077196
21.28,0.000338551276811431
21.34,0.000339091486714262
21.4,0.000339630379619501
21.46,0.00034016796033742
21.52,0.000340704233654892
21.58,0.000341239204335538
21.64,0.000341772877119863
21.7,0.000342305256725397
21.76,0.000342836347846838
21.82,0.000343366155156183
21.88,0.000343894683302872
21.94,0.00034442193691392
22,0.000344947920594053
22.06,0.000345472638925841
22.12,0.000345996096469833
22.18,0.000346518297764689
22.24,0.000347039247327309
22.3,0.000347558949652965
22.36,0.000348077409215431
22.42,0.000348594630467108
22.48,0.000349110617839156
22.54,0.000349625375741617
22.6,0.000350138908563543
22.66,0.000350651220673119
22.72,0.000351162316417788
22.78,0.000351672200124371
22.84,0.000352180876099196
22.9,0.000352688348628212
22.96,0.000353194621977113
23.02,0.000353699700391455
23.08,0.00035420358809678
23.14,0.000354706289298728
23.2,0.000355207808183155
23.26,0.000355708148916253
23.32,0.000356207315644662
23.38,0.000356705312495585
23.44,0.000357202143576901
23.5,0.000357697812977282
23.56,0.0003581923247663
23.62,0.000358685682994541
23.68,0.000359177891693715
23.74,0.000359668954876767
23.8,0.000360158876537983
23.86,0.000360647660653104
23.92,0.000361135311179427
23.98,0.000361621832055914
24.04,0.000362107227203302
24.1,0.000362591500524202
24.16,0.000363074655903209
24.22,0.000363556697207002
24.28,0.00036403762828445
24.34,0.000364517452966711
24.4,0.000364996175067339
24.46,0.000365473798382379
24.52,0.000365950326690472
24.58,0.000366425763752952
24.64,0.000366900113313947
24.7,0.000367373379100474
24.76,0.000367845564822541
24.82,0.00036831667417324
24.88,0.000368786710828847
24.94,0.000369255678448914
25,0.000369723580676366
25.06,0.000370190421137594
25.12,0.000370656203442551
25.18,0.000371120931184844
25.24,0.000371584607941824
25.3,0.000372047237274681
25.36,0.000372508822728535
25.42,0.000372969367832524
25.48,0.000373428876099897
25.54,0.0003738873510281
25.6,0.000374344796098869
25.66,0.000374801214778312
25.72,0.000375256610517005
25.78,0.000375710986750071
25.84,0.00037616434689727
25.9,0.000376616694363086
25.96,0.000377068032536809
26.02,0.000377518364792621
26.08,0.000377967694489682
26.14,0.000378416024972211
26.2,0.000378863359569569
26.26,0.000379309701596344
26.32,0.000379755054352431
26.38,0.00038019942112311
26.44,0.000380642805179135
26.5,0.000381085209776808
26.56,0.000381526638158057
26.62,0.000381967093550523
26.68,0.000382406579167632
26.74,0.000382845098208674
26.8,0.000383282653858884
26.86,0.000383719249289516
26.92,0.00038415488765792
26.98,0.00038458957210762
27.04,0.000385023305768387
27.1,0.000385456091756316
27.16,0.0003858879331739
27.22,0.000386318833110104
27.28,0.000386748794640439
27.34,0.000387177820827036
27.4,0.000387605914718715
27.46,0.000388033079351062
27.52,0.000388459317746499
27.58,0.000388884632914354
27.64,0.000389309027850932
27.7,0.000389732505539587
27.76,0.000390155068950793
27.82,0.000390576721042207
27.88,0.000390997464758746
27.94,0.000391417303032652
28,0.000391836238783558
28.06,0.00039225427491856
28.12,0.00039267141433228
28.18,0.000393087659906938
28.24,0.000393503014512411
28.3,0.000393917481006308
28.36,0.000394331062234026
28.42,0.000394743761028824
28.48,0.000395155580211882
28.54,0.000395566522592366
28.6,0.000395976590967493
28.66,0.000396385788122596
28.72,0.000396794116831183
28.78,0.000397201579855003
28.84,0.000397608179944108
28.9,0.000398013919836913
28.96,0.000398418802260258
29.02,0.000398822829929471
29.08,0.000399226005548426
29.14,0.000399628331809607
29.2,0.000400029811394163
29.26,0.000400430446971971
29.32,0.000400830241201695
29.38,0.000401229196730843
29.44,0.000401627316195828
29.5,0.000402024602222024
29.56,0.000402421057423823
29.62,0.000402816684404696
29.68,0.000403211485757247
29.74,0.000403605464063269
29.8,0.000403998621893804
29.86,0.000404390961809194
29.92,0.000404782486359142
29.98,0.00040517319808276
30.04,0.000405563099508634
30.1,0.000405952193154868
30.16,0.000406340481529145
30.22,0.000406727967128779
30.28,0.000407114652440767
30.34,0.000407500539941847
30.4,0.000407885632098543
30.46,0.000408269931367225
30.52,0.000408653440194158
30.58,0.000409036161015554
30.64,0.000409418096257622
30.7,0.000409799248336624
30.76,0.000410179619658921
30.82,0.000410559212621027
30.88,0.000410938029609656
30.94,0.000411316073001776
31,0.000411693345164655
31.06,0.000412069848455915
31.12,0.000412445585223574
31.18,0.000412820557806103
31.24,0.000413194768532468
31.3,0.000413568219722182
31.36,0.000413940913685351
31.42,0.000414312852722723
31.48,0.000414684039125735
31.54,0.000415054475176558
31.6,0.000415424163148147
31.66,0.000415793105304286
31.72,0.000416161303899633
31.78,0.000416528761179769
31.84,0.00041689547938124
31.9,0.000417261460731606
31.96,0.000417626707449481
32.02,0.000417991221744586
32.08,0.000418355005817784
32.14,0.000418718061861131
32.2,0.000419080392057919
32.26,0.000419441998582717
32.32,0.000419802883601416
32.38,0.000420163049271275
32.44,0.000420522497740958
32.5,0.000420881231150584
32.56,0.000421239251631762
32.62,0.00042159656130764
32.68,0.000421953162292942
32.74,0.000422309056694011
32.8,0.000422664246608854
32.86,0.000423018734127178
32.92,0.000423372521330433
32.98,0.000423725610291853
33.04,0.0004240780030765
33.1,0.000424429701741295
33.16,0.000424780708335069
33.22,0.000425131024898594
33.28,0.000425480653464628
33.34,0.000425829596057951
33.4,0.000426177854695409
33.46,0.000426525431385944
33.52,0.000426872328130643
33.58,0.000427218546922768
33.64,0.000427564089747799
33.7,0.000427908958583471
33.76,0.00042825315539981
33.82,0.000428596682159173
33.88,0.000428939540816284
33.94,0.000429281733318269
34,0.000429623261604699
34.06,0.00042996412760762
34.12,0.000430304333251591
34.18,0.000430643880453725
34.24,0.000430982771123717
34.3,0.000431321007163888
34.36,0.000431658590469215
34.42,0.000431995522927367
34.48,0.000432331806418744
34.54,0.000432667442816506
34.6,0.000433002433986615
34.66,0.000433336781787862
34.72,0.000433670488071906
34.78,0.00043400355468331
34.84,0.000434335983459568
34.9,0.000434667776231145
34.96,0.000434998934821509
35.02,0.000435329461047164
35.08,0.000435659356717681
35.14,0.000435988623635737
35.2,0.000436317263597141
35.26,0.000436645278390869
35.32,0.000436972669799102
35.38,0.000437299439597248
35.44,0.000437625589553982
35.5,0.000437951121431277
35.56,0.00043827603698443
35.62,0.000438600337962102
35.68,0.000438924026106342
35.74,0.000439247103152623
35.8,0.000439569570829871
35.86,0.000439891430860497
35.92,0.000440212684960424
35.98,0.000440533334839123
36.04,0.000440853382199639
36.1,0.000441172828738625
36.16,0.000441491676146367
36.22,0.000441809926106819
36.28,0.000442127580297628
36.34,0.000442444640390167
36.4,0.000442761108049564
36.46,0.000443076984934727
36.52,0.00044339227269838
36.58,0.000443706972987084
36.64,0.000444021087441274
36.7,0.000444334617695279
36.76,0.000444647565377358
36.82,0.000444959932109722
36.88,0.000445271719508565
36.94,0.000445582929184094
37,0.000445893562740552
37.06,0.000446203621776247
37.12,0.000446513107883584
37.18,0.000446822022649085
37.24,0.000447130367653421
37.3,0.000447438144471438
37.36,0.000447745354672183
37.42,0.00044805199981893
37.48,0.000448358081469209
37.54,0.000448663601174831
37.6,0.000448968560481914
37.66,0.000449272960930909
37.72,0.000449576804056625
37.78,0.000449880091388259
37.84,0.000450182824449415
37.9,0.000450485004758137
37.96,0.000450786633826928
38.02,0.000451087713162778
38.08,0.00045138824426719
38.14,0.000451688228636202
38.2,0.000451987667760417
38.26,0.000452286563125019
38.32,0.000452584916209809
38.38,0.000452882728489219
38.44,0.000453180001432343
38.5,0.000453476736502957
38.56,0.000453772935159545
38.62,0.000454068598855325
38.68,0.000454363729038268
38.74,0.000454658327151124
38.8,0.000454952394631448
38.86,0.000455245932911618
38.92,0.000455538943418864
38.98,0.000455831427575287
39.04,0.000456123386797882
39.1,0.000456414822498566
39.16,0.000456705736084193
39.22,0.000456996128956584
39.28,0.000457286002512543
39.34,0.000457575358143886
39.4,0.000457864197237456
39.46,0.000458152521175153
39.52,0.00045844033133395
39.58,0.000458727629085916
39.64,0.000459014415798241
39.7,0.000459300692833254
39.76,0.000459586461548446
39.82,0.000459871723296493
39.88,0.000460156479425273
39.94,0.000460440731277894
40,0.000460724480192707
