"ResDensity","N_TraitValue"
1,0.000104605486402031
1.046,0.000108667482234611
1.092,0.000112674181857834
1.138,0.000116626706764482
1.184,0.000120526148323507
1.23,0.000124373568784712
1.276,0.000128170002243488
1.322,0.000131916455567445
1.368,0.000135613909286688
1.414,0.00013926331844939
1.46,0.000142865613444226
1.506,0.000146421700791157
1.552,0.00014993246390198
1.598,0.000153398763811982
1.644,0.000156821439883964
1.69,0.000160201310485859
1.736,0.000163539173643078
1.782,0.000166835807666683
1.828,0.000170091971758432
1.874,0.000173308406593668
1.92,0.000176485834883007
1.966,0.000179624961913713
2.012,0.000182726476071611
2.058,0.000185791049344355
2.104,0.000188819337806817
2.15,0.000191811982089334
2.196,0.000194769607829523
2.242,0.000197692826108322
2.288,0.000200582233870907
2.334,0.000203438414333081
2.38,0.000206261937373727
2.426,0.000209053359913877
2.472,0.000211813226282921
2.518,0.000214542068572471
2.564,0.00021724040697835
2.61,0.000219908750131191
2.656,0.000222547595416053
2.702,0.000225157429281511
2.748,0.000227738727538602
2.794,0.000230291955650013
2.84,0.000232817569009895
2.886,0.000235316013214641
2.932,0.000237787724324972
2.978,0.000240233129119661
3.024,0.000242652645341187
3.07,0.000245046681933641
3.116,0.00024741563927315
3.162,0.00024975990939109
3.208,0.000252079876190372
3.254,0.000254375915655021
3.3,0.000256648396053315
3.346,0.000258897678134693
3.392,0.000261124115320671
3.438,0.00026332805388997
3.484,0.000265509833158052
3.53,0.000267669785651277
3.576,0.000269808237275854
3.622,0.000271925507481773
3.668,0.000274021909421891
3.714,0.000276097750106332
3.76,0.000278153330552375
3.806,0.000280188945929966
3.852,0.000282204885703016
3.898,0.000284201433766618
3.944,0.000286178868580325
3.99,0.00028813746329762
4.036,0.000290077485891701
4.082,0.000291999199277702
4.128,0.000293902861431476
4.174,0.000295788725505044
4.22,0.000297657039938815
4.266,0.000299508048570698
4.312,0.000301341990742189
4.358,0.000303159101401538
4.404,0.000304959611204087
4.45,0.000306743746609879
4.496,0.000308511729978603
4.542,0.000310263779661981
4.588,0.000312000110093668
4.634,0.000313720931876737
4.68,0.000315426451868838
4.726,0.00031711687326509
4.772,0.00031879239567878
4.818,0.000320453215219946
4.864,0.000322099524571891
4.91,0.000323731513065701
4.956,0.000325349366752839
5.002,0.00032695326847584
5.048,0.000328543397937206
5.094,0.00033011993176652
5.14,0.000331683043585849
5.186,0.000333232904073487
5.232,0.000334769681026083
5.278,0.000336293539419196
5.324,0.000337804641466337
5.37,0.000339303146676534
5.416,0.000340789211910454
5.462,0.000342262991435145
5.508,0.00034372463697742
5.554,0.000345174297775928
5.6,0.000346612120631948
5.646,0.000348038249958949
5.692,0.000349452827830942
5.738,0.000350855994029657
5.784,0.000352247886090596
5.83,0.000353628639347967
5.876,0.000354998386978548
5.922,0.000356357260044512
5.968,0.000357705387535228
6.014,0.000359042896408077
6.06,0.000360369911628308
6.106,0.000361686556207962
6.152,0.000362992951243881
6.198,0.000364289215954839
6.244,0.000365575467717806
6.29,0.000366851822103382
6.336,0.000368118392910411
6.382,0.000369375292199804
6.428,0.000370622630327591
6.474,0.000371860515977218
6.52,0.000373089056191117
6.566,0.000374308356401561
6.612,0.000375518520460827
6.658,0.000376719650670682
6.704,0.000377911847811211
6.75,0.000379095211169004
6.796,0.000380269838564724
6.842,0.000381435826380057
6.888,0.000382593269584078
6.934,0.000383742261759037
6.98,0.000384882895125577
7.026,0.000386015260567415
7.072,0.000387139447655474
7.118,0.000388255544671508
7.164,0.000389363638631208
7.21,0.000390463815306818
7.256,0.000391556159249268
7.302,0.000392640753809833
7.348,0.000393717681161335
7.394,0.000394787022318899
7.44,0.000395848857160265
7.486,0.00039690326444568
7.532,0.000397950321837374
7.578,0.000398990105918626
7.624,0.000400022692212436
7.67,0.000401048155199813
7.716,0.000402066568337681
7.762,0.000403078004076423
7.808,0.000404082533877058
7.854,0.000405080228228076
7.9,0.000406071156661923
7.946,0.000407055387771156
7.992,0.000408032989224272
8.038,0.000409004027781212
8.084,0.000409968569308565
8.13,0.000410926678794455
8.176,0.000411878420363142
8.222,0.000412823857289327
8.268,0.000413763052012171
8.314,0.000414696066149049
8.36,0.000415622960509018
8.406,0.000416543795106034
8.452,0.000417458629171899
8.498,0.00041836752116897
8.544,0.000419270528802604
8.59,0.000420167709033376
8.636,0.000421059118089057
8.682,0.000421944811476357
8.728,0.000422824843992449
8.774,0.000423699269736269
8.82,0.000424568142119606
8.866,0.000425431513877971
8.912,0.00042628943708127
8.958,0.000427141963144274
9.004,0.000427989142836886
9.05,0.000428831026294225
9.096,0.000429667663026511
9.142,0.000430499101928772
9.188,0.000431325391290373
9.234,0.00043214657880436
9.28,0.000432962711576641
9.326,0.000433773836134991
9.372,0.000434579998437894
9.418,0.000435381243883225
9.464,0.000436177617316769
9.51,0.000436969163040592
9.556,0.000437755924821255
9.602,0.000438537945897877
9.648,0.000439315268990064
9.694,0.000440087936305681
9.74,0.000440855989548496
9.786,0.000441619469925681
9.832,0.000442378418155182
9.878,0.000443132874472962
9.924,0.000443882878640103
9.97,0.0004446284699498
10.016,0.000445369687234219
10.062,0.000446106568871237
10.108,0.000446839152791071
10.154,0.000447567476482782
10.2,0.000448291577000672
10.246,0.000449011490970567
10.292,0.000449727254595993
10.338,0.000450438903664246
10.384,0.000451146473552356
10.43,0.000451849999232947
10.476,0.000452549515280002
10.522,0.000453245055874528
10.568,0.000453936654810119
10.614,0.000454624345498431
10.66,0.000455308160974567
10.706,0.00045598813390236
10.752,0.000456664296579577
10.798,0.000457336680943037
10.844,0.00045800531857363
10.89,0.000458670240701272
10.936,0.000459331478209759
10.982,0.000459989061641553
11.028,0.000460643021202484
11.074,0.000461293386766373
11.12,0.000461940187879586
11.166,0.000462583453765503
11.212,0.000463223213328921
11.258,0.000463859495160385
11.304,0.000464492327540448
11.35,0.000465121738443857
11.396,0.000465747755543678
11.442,0.000466370406215352
11.488,0.000466989717540684
11.534,0.00046760571631177
11.58,0.000468218429034862
11.626,0.000468827881934169
11.672,0.000469434100955597
11.718,0.000470037111770433
11.764,0.000470636939778968
11.81,0.000471233610114064
11.856,0.000471827147644663
11.902,0.000472417576979245
11.948,0.000473004922469225
11.994,0.000473589208212304
12.04,0.000474170458055764
12.086,0.000474748695599711
12.132,0.000475323944200271
12.178,0.000475896226972736
12.224,0.000476465566794656
12.27,0.00047703198630889
12.316,0.000477595507926608
12.362,0.000478156153830248
12.408,0.000478713945976423
12.454,0.000479268906098792
12.5,0.000479821055710879
12.546,0.000480370416108854
12.592,0.000480917008374272
12.638,0.000481460853376771
12.684,0.000482001971776724
12.73,0.000482540384027858
12.776,0.000483076110379832
12.822,0.000483609170880776
12.868,0.000484139585379786
12.914,0.000484667373529396
12.96,0.000485192554788
13.006,0.000485715148422246
13.052,0.00048623517350939
13.098,0.000486752648939617
13.144,0.000487267593418333
13.19,0.000487780025468412
13.236,0.000488289963432423
13.282,0.000488797425474816
13.328,0.000489302429584078
13.374,0.000489804993574861
13.42,0.000490305135090073
13.466,0.000490802871602949
13.512,0.000491298220419078
13.558,0.000491791198678416
13.604,0.000492281823357256
13.65,0.000492770111270184
13.696,0.000493256079071993
13.742,0.000493739743259583
13.788,0.000494221120173822
13.834,0.00049470022600139
13.88,0.000495177076776593
13.926,0.000495651688383149
13.972,0.000496124076555955
14.018,0.000496594256882826
14.064,0.000497062244806205
14.11,0.000497528055624859
14.156,0.000497991704495545
14.202,0.000498453206434649
14.248,0.000498912576319816
14.294,0.00049936982889154
14.34,0.000499824978754746
14.386,0.000500278040380344
14.432,0.000500729028106762
14.478,0.000501177956141458
14.524,0.000501624838562413
14.57,0.000502069689319605
14.616,0.000502512522236453
14.662,0.000502953351011259
14.708,0.000503392189218611
14.754,0.000503829050310785
14.8,0.000504263947619111
14.846,0.000504696894355336
14.892,0.000505127903612959
14.938,0.000505556988368552
14.984,0.000505984161483059
15.03,0.000506409435703086
15.076,0.000506832823662166
15.122,0.00050725433788201
15.168,0.000507673990773741
15.214,0.000508091794639116
15.26,0.000508507761671722
15.306,0.000508921903958166
15.352,0.000509334233479247
15.398,0.000509744762111108
15.444,0.000510153501626377
15.49,0.000510560463695294
15.536,0.000510965659886821
15.582,0.000511369101669737
15.628,0.000511770800413722
15.674,0.000512170767390423
15.72,0.00051256901377451
15.766,0.000512965550644716
15.812,0.000513360388984866
15.858,0.000513753539684887
15.904,0.000514145013541814
15.95,0.000514534821260774
15.996,0.000514922973455967
16.042,0.000515309480651625
16.088,0.000515694353282964
16.134,0.000516077601697124
16.18,0.000516459236154098
16.226,0.000516839266827642
16.272,0.000517217703806187
16.318,0.000517594557093725
16.364,0.000517969836610693
16.41,0.000518343552194843
16.456,0.000518715713602105
16.502,0.00051908633050743
16.548,0.000519455412505633
16.594,0.000519822969112219
16.64,0.000520189009764202
16.686,0.000520553543820911
16.732,0.000520916580564789
16.778,0.000521278129202181
16.824,0.000521638198864112
16.87,0.000521996798607054
16.916,0.000522353937413689
16.962,0.000522709624193654
17.008,0.000523063867784288
17.054,0.000523416676951359
17.1,0.000523768060389788
17.146,0.000524118026724365
17.192,0.000524466584510454
17.238,0.000524813742234689
17.284,0.000525159508315665
17.33,0.000525503891104615
17.376,0.000525846898886086
17.422,0.000526188539878603
17.468,0.000526528822235321
17.514,0.00052686775404468
17.56,0.000527205343331041
17.606,0.000527541598055322
17.652,0.000527876526115621
17.698,0.000528210135347838
17.744,0.000528542433526283
17.79,0.000528873428364283
17.836,0.000529203127514775
17.882,0.000529531538570899
17.928,0.000529858669066578
17.974,0.000530184526477099
18.02,0.000530509118219677
18.066,0.000530832451654019
18.112,0.000531154534082885
18.158,0.00053147537275263
18.204,0.000531794974853754
18.25,0.000532113347521437
18.296,0.000532430497836067
18.342,0.00053274643282377
18.388,0.000533061159456927
18.434,0.000533374684654683
18.48,0.000533687015283462
18.526,0.000533998158157459
18.572,0.000534308120039144
18.618,0.000534616907639747
18.664,0.000534924527619742
18.71,0.00053523098658933
18.756,0.000535536291108907
18.802,0.000535840447689539
18.848,0.000536143462793417
18.894,0.000536445342834321
18.94,0.000536746094178069
18.986,0.000537045723142967
19.032,0.000537344236000247
19.078,0.000537641638974512
19.124,0.000537937938244161
19.17,0.00053823313994182
19.216,0.000538527250154768
19.262,0.00053882027492535
19.308,0.000539112220251394
19.354,0.000539403092086621
19.4,0.000539692896341046
19.446,0.000539981638881382
19.492,0.000540269325531435
19.538,0.000540555962072494
19.584,0.000540841554243721
19.63,0.000541126107742531
19.676,0.000541409628224971
19.722,0.0005416921213061
19.768,0.000541973592560351
19.814,0.000542254047521907
19.86,0.000542533491685055
19.906,0.000542811930504551
19.952,0.000543089369395974
19.998,0.000543365813736073
20.044,0.000543641268863119
20.09,0.000543915740077246
20.136,0.000544189232640794
20.182,0.00054446175177864
20.228,0.000544733302678537
20.274,0.000545003890491437
20.32,0.000545273520331822
20.366,0.000545542197278024
20.412,0.000545809926372542
20.458,0.000546076712622361
20.504,0.000546342560999262
20.55,0.00054660747644013
20.596,0.000546871463847263
20.642,0.000547134528088672
20.688,0.000547396673998378
20.734,0.000547657906376713
20.78,0.00054791822999061
20.826,0.000548177649573894
20.872,0.000548436169827567
20.918,0.000548693795420096
20.964,0.000548950530987689
21.01,0.000549206381134576
21.056,0.000549461350433286
21.102,0.000549715443424915
21.148,0.000549968664619398
21.194,0.000550221018495777
21.24,0.000550472509502463
21.286,0.000550723142057498
21.332,0.000550972920548813
21.378,0.000551221849334488
21.424,0.000551469932742998
21.47,0.000551717175073473
21.516,0.000551963580595938
21.562,0.000552209153551564
21.608,0.000552453898152909
21.654,0.000552697818584161
21.7,0.000552940919001375
21.746,0.000553183203532707
21.792,0.000553424676278652
21.838,0.000553665341312273
21.884,0.000553905202679429
21.93,0.000554144264399004
21.976,0.00055438253046313
22.022,0.000554620004837409
22.068,0.000554856691461135
22.114,0.000555092594247509
22.16,0.000555327717083856
22.206,0.000555562063831841
22.252,0.000555795638327675
22.298,0.000556028444382328
22.344,0.000556260485781737
22.39,0.000556491766287009
22.436,0.000556722289634626
22.482,0.000556952059536642
22.528,0.00055718107968089
22.574,0.000557409353731172
22.62,0.000557636885327458
22.666,0.000557863678086078
22.712,0.000558089735599915
22.758,0.000558315061438594
22.804,0.00055853965914867
22.85,0.000558763532253814
22.896,0.000558986684254996
22.942,0.000559209118630669
22.988,0.000559430838836953
23.034,0.000559651848307805
23.08,0.000559872150455204
23.126,0.000560091748669327
23.172,0.000560310646318717
23.218,0.000560528846750459
23.264,0.000560746353290352
23.31,0.000560963169243072
23.356,0.000561179297892348
23.402,0.000561394742501122
23.448,0.000561609506311711
23.494,0.000561823592545978
23.54,0.000562037004405486
23.586,0.000562249745071658
23.632,0.00056246181770594
23.678,0.000562673225449953
23.724,0.000562883971425649
23.77,0.000563094058735467
23.816,0.000563303490462481
23.862,0.000563512269670556
23.908,0.000563720399404493
23.954,0.000563927882690179
24,0.000564134722534735
