"ResDensity","N_TraitValue"
25,0.00666109457579583
26.95,0.00703244415218841
28.9,0.00738877372371508
30.85,0.00773097649946482
32.8,0.00805987624204059
34.75,0.0083762338881523
36.7,0.00868075342598159
38.65,0.00897408712487156
40.6,0.00925684019910735
42.55,0.00952957497596609
44.5,0.00979281462844099
46.45,0.010047046524777
48.4,0.0102927252399391
50.35,0.0105302752681617
52.3,0.0107600934706333
54.25,0.0109825512880042
56.2,0.0111979967436655
58.15,0.011406756260524
60.1,0.0116091363112209
62.05,0.011805424919341
64,0.0119958930270765
65.95,0.0121807957430034
67.9,0.0123603734820547
69.85,0.0125348530084013
71.8,0.012704448390755
73.75,0.0128693618785537
75.7,0.0130297847065702
77.65,0.0131858978346746
79.6,0.0133378726287661
81.55,0.0134858714882623
83.5,0.0136300484249754
85.45,0.0137705495977126
87.4,0.0139075138065039
89.35,0.0140410729499681
91.3,0.0141713524489855
93.25,0.01429847163954
95.2,0.0144225441373128
97.15,0.0145436781763743
99.1,0.0146619769240909
101.05,0.0147775387741776
103,0.0148904576196416
104.95,0.0150008231072114
106.9,0.0151087208746985
108.85,0.0152142327726137
110.8,0.0153174370712428
112.75,0.0154184086542819
114.7,0.015517219200041
116.65,0.0156139373511359
118.6,0.0157086288735122
120.55,0.0158013568055775
122.5,0.0158921815981503
124.45,0.0159811612458804
126.4,0.0160683514107394
128.35,0.0161538055381357
130.3,0.0162375749661609
132.25,0.0163197090284391
134.2,0.0164002551510101
136.15,0.0164792589436475
138.1,0.0165567642859807
140.05,0.0166328134087623
142,0.016707446970598
143.95,0.0167807041304305
145.9,0.0168526226160508
147.85,0.0169232387888864
149.8,0.0169925877053027
151.75,0.0170607031746327
153.7,0.0171276178141378
155.65,0.0171933631010875
157.6,0.0172579694221319
159.55,0.0173214661201311
161.5,0.0173838815385909
163.45,0.0174452430638491
165.4,0.017505577165142
167.35,0.0175649094326744
169.3,0.0176232646138101
171.25,0.0176806666474882
173.2,0.0177371386969667
175.15,0.0177927031809874
177.1,0.0178473818034508
179.05,0.0179011955816819
181,0.0179541648733664
182.95,0.0180063094022278
184.9,0.0180576482825147
186.85,0.0181082000423618
188.8,0.0181579826460846
190.75,0.0182070135154639
192.7,0.0182553095500735
194.65,0.018302887146701
196.6,0.0183497622179076
198.55,0.0183959502097722
200.5,0.0184414661188613
202.45,0.0184863245084627
204.4,0.0185305395241212
206.35,0.0185741249085103
208.3,0.0186170940156736
210.25,0.0186594598246655
212.2,0.0187012349526223
214.15,0.0187424316672895
216.1,0.018783061899033
218.05,0.0188231372523577
220,0.0188626690169576
221.95,0.0189016681783194
223.9,0.0189401454279001
225.85,0.0189781111728988
227.8,0.0190155755456418
229.75,0.0190525484125973
231.7,0.0190890393830388
233.65,0.0191250578173711
235.6,0.0191606128351354
237.55,0.0191957133227069
239.5,0.0192303679406998
241.45,0.0192645851310912
243.4,0.0192983731240771
245.35,0.0193317399446725
247.3,0.0193646934190654
249.25,0.0193972411807367
251.2,0.0194293906763554
253.15,0.0194611491714584
255.1,0.0194925237559247
257.05,0.0195235213492518
259,0.0195541487056437
260.95,0.019584412418917
262.9,0.0196143189272336
264.85,0.0196438745176668
266.8,0.0196730853306077
268.75,0.0197019573640178
270.7,0.0197304964775354
272.65,0.0197587083964395
274.6,0.0197865987154797
276.55,0.019814172902574
278.5,0.0198414363023837
280.45,0.0198683941397661
282.4,0.019895051523113
284.35,0.0199214134475779
286.3,0.0199474847981962
288.25,0.0199732703529032
290.2,0.0199987747854531
292.15,0.0200240026682432
294.1,0.0200489584750466
296.05,0.0200736465836569
298,0.0200980712784488
299.95,0.0201222367528564
301.9,0.0201461471117733
303.85,0.0201698063738774
305.8,0.0201932184738824
307.75,0.0202163872647193
309.7,0.0202393165196503
311.65,0.0202620099343175
313.6,0.0202844711287282
315.55,0.0203067036491805
317.5,0.0203287109701293
319.45,0.0203504964959969
321.4,0.0203720635629285
323.35,0.0203934154404952
325.3,0.0204145553333465
327.25,0.0204354863828138
329.2,0.0204562116684663
331.15,0.0204767342096218
333.1,0.0204970569668127
335.05,0.0205171828432099
337,0.0205371146860055
338.95,0.0205568552877552
340.9,0.020576407387683
342.85,0.020595773672948
344.8,0.0206149567798756
346.75,0.0206339592951542
348.7,0.0206527837569974
350.65,0.0206714326562748
352.6,0.0206899084376101
354.55,0.0207082135004502
356.5,0.0207263502001031
358.45,0.020744320848749
360.4,0.0207621277164224
362.35,0.0207797730319682
364.3,0.0207972589839717
366.25,0.0208145877216637
368.2,0.0208317613558008
370.15,0.0208487819595226
372.1,0.0208656515691862
374.05,0.0208823721851779
376,0.0208989457727044
377.95,0.0209153742625627
379.9,0.0209316595518897
381.85,0.0209478035048926
383.8,0.0209638079535605
385.75,0.0209796746983572
387.7,0.0209954055088965
389.65,0.0210110021246
391.6,0.0210264662553386
393.55,0.0210417995820569
395.5,0.0210570037573828
397.45,0.0210720804062208
399.4,0.0210870311263315
401.35,0.0211018574888954
403.3,0.0211165610390637
405.25,0.0211311432964951
407.2,0.0211456057558792
409.15,0.0211599498874476
411.1,0.0211741771374714
413.05,0.0211882889287483
415,0.0212022866610759
416.95,0.0212161717117155
418.9,0.0212299454358432
420.85,0.0212436091669909
422.8,0.0212571642174771
424.75,0.0212706118788264
426.7,0.0212839534221803
428.65,0.0212971900986976
430.6,0.0213103231399452
432.55,0.0213233537582806
434.5,0.0213362831472244
436.45,0.0213491124818252
438.4,0.0213618429190156
440.35,0.0213744755979595
442.3,0.0213870116403924
444.25,0.0213994521509531
446.2,0.0214117982175086
448.15,0.0214240509114707
450.1,0.0214362112881064
452.05,0.0214482803868404
454,0.0214602592315517
455.95,0.0214721488308631
457.9,0.0214839501784241
459.85,0.0214956642531877
461.8,0.0215072920196813
463.75,0.0215188344282714
465.7,0.0215302924154225
467.65,0.0215416669039504
469.6,0.0215529588032697
471.55,0.0215641690096367
473.5,0.0215752984063861
475.45,0.0215863478641631
477.4,0.0215973182411506
479.35,0.0216082103832914
481.3,0.0216190251245053
483.25,0.0216297632869024
485.2,0.0216404256809911
487.15,0.0216510131058821
489.1,0.0216615263494882
491.05,0.0216719661887197
493,0.0216823333896756
494.95,0.0216926287078311
496.9,0.0217028528882212
498.85,0.0217130066656205
500.8,0.0217230907647191
502.75,0.0217331059002948
504.7,0.0217430527773824
506.65,0.0217529320914389
508.6,0.0217627445285057
510.55,0.0217724907653674
512.5,0.0217821714697072
514.45,0.0217917873002597
516.4,0.02180133890696
518.35,0.0218108269310906
520.3,0.0218202520054243
522.25,0.0218296147543653
524.2,0.021838915794087
526.15,0.0218481557326673
528.1,0.0218573351702208
530.05,0.021866454699029
532,0.0218755149036675
533.95,0.0218845163611313
535.9,0.0218934596409566
537.85,0.0219023453053417
539.8,0.0219111739092643
541.75,0.0219199460005971
543.7,0.0219286621202213
545.65,0.0219373228021377
547.6,0.0219459285735758
549.55,0.0219544799551007
551.5,0.021962977460718
553.45,0.0219714215979772
555.4,0.0219798128680721
557.35,0.0219881517659405
559.3,0.0219964387803614
561.25,0.0220046743940503
563.2,0.0220128590837531
565.15,0.0220209933203382
567.1,0.0220290775688864
569.05,0.0220371122887801
571,0.0220450979337898
572.95,0.0220530349521597
574.9,0.022060923786692
576.85,0.0220687648748284
578.8,0.0220765586487318
580.75,0.022084305535365
582.7,0.0220920059565693
584.65,0.0220996603291406
586.6,0.0221072690649048
588.55,0.0221148325707916
590.5,0.0221223512489071
592.45,0.0221298254966051
594.4,0.022137255706557
596.35,0.0221446422668205
598.3,0.0221519855609073
600.25,0.0221592859678497
602.2,0.0221665438622652
604.15,0.0221737596144211
606.1,0.0221809335902974
608.05,0.0221880661516484
610,0.0221951576560637
611.95,0.0222022084570282
613.9,0.0222092189039803
615.85,0.0222161893423699
617.8,0.0222231201137155
619.75,0.0222300115556593
621.7,0.0222368640020225
623.65,0.022243677782859
625.6,0.0222504532245086
627.55,0.0222571906496488
629.5,0.0222638903773464
631.45,0.0222705527231073
633.4,0.0222771779989268
635.35,0.0222837665133376
637.3,0.0222903185714581
639.25,0.0222968344750394
641.2,0.0223033145225116
643.15,0.0223097590090294
645.1,0.0223161682265167
647.05,0.0223225424637111
649,0.0223288820062069
650.95,0.022335187136498
652.9,0.0223414581340196
654.85,0.0223476952751898
656.8,0.0223538988334498
658.75,0.0223600690793043
660.7,0.0223662062803606
662.65,0.0223723107013671
664.6,0.022378382604252
666.55,0.0223844222481599
668.5,0.0223904298894894
670.45,0.022396405781929
672.4,0.0224023501764928
674.35,0.0224082633215559
676.3,0.0224141454628889
678.25,0.0224199968436917
680.2,0.0224258177046274
682.15,0.0224316082838549
684.1,0.0224373688170618
686.05,0.022443099537496
688,0.0224488006759976
689.95,0.0224544724610294
691.9,0.0224601151187077
693.85,0.0224657288728324
695.8,0.0224713139449165
697.75,0.0224768705542152
699.7,0.0224823989177546
701.65,0.0224878992503601
703.6,0.022493371764684
705.55,0.022498816671233
707.5,0.0225042341783954
709.45,0.0225096244924673
711.4,0.0225149878176791
713.35,0.0225203243562211
715.3,0.0225256343082691
717.25,0.0225309178720091
719.2,0.0225361752436624
721.15,0.0225414066175096
723.1,0.0225466121859144
725.05,0.0225517921393478
727,0.0225569466664105
728.95,0.0225620759538564
730.9,0.0225671801866149
732.85,0.0225722595478131
734.8,0.0225773142187979
736.75,0.0225823443791575
738.7,0.0225873502067425
740.65,0.0225923318776871
742.6,0.0225972895664294
744.55,0.0226022234457323
746.5,0.0226071336867033
748.45,0.022612020458814
750.4,0.02261688392992
752.35,0.02262172426628
754.3,0.0226265416325746
756.25,0.0226313361919254
758.2,0.0226361081059127
760.15,0.0226408575345944
762.1,0.0226455846365234
764.05,0.0226502895687653
766,0.0226549724869161
767.95,0.0226596335451191
769.9,0.0226642728960819
771.85,0.0226688906910928
773.8,0.0226734870800377
775.75,0.0226780622114162
777.7,0.0226826162323572
779.65,0.0226871492886353
781.6,0.0226916615246857
783.55,0.0226961530836201
785.5,0.0227006241072415
787.45,0.0227050747360592
789.4,0.0227095051093036
791.35,0.0227139153649406
793.3,0.022718305639686
795.25,0.0227226760690195
797.2,0.022727026787199
799.15,0.0227313579272738
801.1,0.0227356696210987
803.05,0.0227399619993469
805,0.0227442351915235
806.95,0.0227484893259787
808.9,0.02275272452992
810.85,0.0227569409294256
812.8,0.0227611386494565
814.75,0.0227653178138688
816.7,0.0227694785454264
818.65,0.0227736209658122
820.6,0.0227777451956408
822.55,0.0227818513544694
824.5,0.0227859395608103
826.45,0.0227900099321412
828.4,0.0227940625849174
830.35,0.0227980976345825
832.3,0.0228021151955792
834.25,0.0228061153813605
836.2,0.0228100983044002
838.15,0.0228140640762032
840.1,0.0228180128073163
842.05,0.0228219446073384
844,0.0228258595849305
845.95,0.0228297578478255
847.9,0.0228336395028388
849.85,0.0228375046558772
851.8,0.0228413534119491
853.75,0.0228451858751739
855.7,0.0228490021487912
857.65,0.0228528023351703
859.6,0.0228565865358192
861.55,0.0228603548513938
863.5,0.0228641073817064
865.45,0.0228678442257352
867.4,0.0228715654816325
869.35,0.0228752712467334
871.3,0.0228789616175643
873.25,0.0228826366898513
875.2,0.0228862965585286
877.15,0.0228899413177462
879.1,0.0228935710608788
881.05,0.0228971858805329
883,0.0229007858685553
884.95,0.0229043711160405
886.9,0.0229079417133386
888.85,0.0229114977500628
890.8,0.022915039315097
892.75,0.022918566496603
894.7,0.0229220793820279
896.65,0.0229255780581117
898.6,0.0229290626108937
900.55,0.0229325331257201
902.5,0.022935989687251
904.45,0.0229394323794668
906.4,0.0229428612856755
908.35,0.0229462764885193
910.3,0.022949678069981
912.25,0.0229530661113909
914.2,0.0229564406934329
916.15,0.0229598018961513
918.1,0.0229631497989569
920.05,0.0229664844806332
922,0.0229698060193429
923.95,0.0229731144926336
925.9,0.0229764099774441
927.85,0.0229796925501102
929.8,0.0229829622863708
931.75,0.0229862192613736
933.7,0.0229894635496808
935.65,0.0229926952252748
937.6,0.022995914361564
939.55,0.0229991210313883
941.5,0.0230023153070242
943.45,0.0230054972601909
945.4,0.0230086669620553
947.35,0.023011824483237
949.3,0.0230149698938144
951.25,0.0230181032633288
953.2,0.0230212246607906
955.15,0.0230243341546835
957.1,0.0230274318129701
959.05,0.0230305177030963
961,0.0230335918919969
962.95,0.0230366544460997
964.9,0.0230397054313309
966.85,0.0230427449131195
968.8,0.0230457729564019
970.75,0.0230487896256267
972.7,0.0230517949847595
974.65,0.0230547890972868
976.6,0.023057772026221
978.55,0.0230607438341048
980.5,0.023063704583015
982.45,0.0230666543345678
984.4,0.023069593149922
986.35,0.023072521089784
988.3,0.0230754382144118
990.25,0.0230783445836189
992.2,0.0230812402567786
994.15,0.0230841252928279
996.1,0.0230869997502719
998.05,0.023089863687187
1000,0.0230927171612256
