"ResDensity","N_TraitValue"
14.84784624,30.1330727891404
16.30293516132,33.0013817019475
17.75802408264,35.8550368960509
19.21311300396,38.6941503804924
20.66820192528,41.5188330256598
22.1232908466,44.3291945777184
23.57837976792,47.1253436728255
25.03346868924,49.9073878511279
26.48855761056,52.6754335705492
27.94364653188,55.4295862203694
29.3987354532,58.1699501346004
30.85382437452,60.8966286051606
32.30891329584,63.6097238948536
33.76400221716,66.3093372501529
35.21909113848,68.9955689137961
36.6741800598,71.668518137193
38.12926898112,74.3282831926498
39.58435790244,76.9749613854126
41.03944682376,79.6086490655339
42.49453574508,82.2294416395647
43.9496246664,84.8374335820753
45.40471358772,87.4327184470077
46.85980250904,90.0153888788621
48.31489143036,92.5855366237214
49.76998035168,95.1432525401153
51.225069273,97.688626609727
52.68015819432,100.221747947945
54.13524711564,102.742704814265
55.59033603696,105.251584622539
57.04542495828,107.748473951078
58.5005138796,110.233458552616
59.95560280092,112.70662336412
61.41069172224,115.168052516475
62.86578064356,117.617829344018
64.32086956488,120.056036393947
65.7759584862,122.482755435588
67.23104740752,124.898067469543
68.68613632884,127.302052736695
70.14122525016,129.6947907271
71.59631417148,132.076360188745
73.0514030928,134.446839136188
74.50649201412,136.806304859078
75.96158093544,139.154833930554
77.41666985676,141.49250221553
78.87175877808,143.819384878861
80.3268476994,146.135556393404
81.78193662072,148.441090547959
83.23702554204,150.736060455108
84.69211446336,153.020538558942
86.14720338468,155.294596642684
87.602292306,157.558305836209
89.05738122732,159.811736623459
90.51247014864,162.054958849758
91.96755906996,164.28804172903
93.42264799128,166.511053850919
94.8777369126,168.724063187807
96.33282583392,170.927137101746
97.78791475524,173.120342351291
99.24300367656,175.303745098244
100.69809259788,177.477410914309
102.1531815192,179.641404787652
103.60827044052,181.795791129381
105.06335936184,183.940633779936
106.51844828316,186.075996015395
107.97353720448,188.201940553696
109.4286261258,190.31852956078
110.88371504712,192.425824656646
112.33880396844,194.523886921335
113.79389288976,196.61277690083
115.24898181108,198.692554612878
116.7040707324,200.763279552743
118.15915965372,202.825010698875
119.61424857504,204.877806518513
121.06933749636,206.921724973207
122.52442641768,208.95682352428
123.979515339,210.983159138207
125.43460426032,213.000788291932
126.88969318164,215.009766978118
128.34478210296,217.010150710323
129.79987102428,219.001994528115
131.2549599456,220.985353002121
132.71004886692,222.960280239009
134.16513778824,224.926829886407
135.62022670956,226.885055137767
137.07531563088,228.835008737152
138.5304045522,230.77674298398
139.98549347352,232.710309737694
141.44058239484,234.635760422383
142.89567131616,236.553146031337
144.35076023748,238.462517131552
145.8058491588,240.363923868174
147.26093808012,242.257415968888
148.71602700144,244.143042748257
150.17111592276,246.020853111998
151.62620484408,247.890895561213
153.0812937654,249.753218196566
154.53638268672,251.607868722403
155.99147160804,253.45489445083
157.44656052936,255.294342305733
158.90164945068,257.126258826754
160.356738372,258.950690173215
161.81182729332,260.767682127992
163.26691621464,262.577280101352
164.72200513596,264.379529134728
166.17709405728,266.174473904461
167.6321829786,267.962158725492
169.08727189992,269.742627555006
170.54236082124,271.515923996035
171.99744974256,273.28209130102
173.45253866388,275.041172375328
174.9076275852,276.793209780722
176.36271650652,278.538245738799
177.81780542784,280.276322134377
179.27289434916,282.007480518849
180.72798327048,283.731762113496
182.1830721918,285.449207812752
183.63816111312,287.159858187445
185.09325003444,288.863753487986
186.54833895576,290.56093364753
188.00342787708,292.251438285091
189.4585167984,293.93530670863
190.91360571972,295.612577918098
192.36869464104,297.283290608449
193.82378356236,298.947483172614
195.27887248368,300.605193704445
196.733961405,302.256460001618
198.18905032632,303.901319568508
199.64413924764,305.539809619027
201.09922816896,307.171967079432
202.55431709028,308.797828591098
204.0094060116,310.417430513261
205.46449493292,312.030808925728
206.91958385424,313.637999631556
208.37467277556,315.239038159698
209.82976169688,316.833959767626
211.2848506182,318.422799443917
212.73993953952,320.005591910809
214.19502846084,321.582371626735
215.65011738216,323.153172788819
217.10520630348,324.718029335352
218.5602952248,326.276974948234
220.01538414612,327.830043055391
221.47047306744,329.377266833167
222.92556198876,330.918679208681
224.38065091008,332.454312862167
225.8357398314,333.984200229284
227.29082875272,335.508373503395
228.74591767404,337.026864637832
230.20100659536,338.539705348122
231.65609551668,340.046927114201
233.111184438,341.548561182593
234.56627335932,343.044638568572
236.02136228064,344.535190058298
237.47645120196,346.020246210925
238.93154012328,347.499837360692
240.3866290446,348.973993618991
241.84171796592,350.442744876403
243.29680688724,351.906120804725
244.75189580856,353.364150858964
246.20698472988,354.816864279315
247.6620736512,356.264290093115
249.11716257252,357.706457116778
250.57225149384,359.143393957703
252.02734041516,360.575129016171
253.48242933648,362.001690487214
254.9375182578,363.423106362464
256.39260717912,364.839404431985
257.84769610044,366.250612286087
259.30278502176,367.656757317112
260.75787394308,369.057866721212
262.2129628644,370.453967500097
263.66805178572,371.845086462775
265.12314070704,373.231250227265
266.57822962836,374.612485222292
268.03331854968,375.988817688975
269.488407471,377.360273682479
270.94349639232,378.726879073665
272.39858531364,380.088659550718
273.85367423496,381.445640620752
275.30876315628,382.797847611403
276.7638520776,384.14530567241
278.21894099892,385.488039777169
279.67402992024,386.826074724276
281.12911884156,388.159435139059
282.58420776288,389.488145475081
284.0392966842,390.812230015642
285.49438560552,392.131712875253
286.94947452684,393.446618001102
288.40456344816,394.756969174506
289.85965236948,396.062790012338
291.3147412908,397.364103968451
292.76983021212,398.660934335081
294.22491913344,399.953304244236
295.68000805476,401.241236669071
297.13509697608,402.524754425251
298.5901858974,403.803880172298
300.04527481872,405.078636414921
301.50036374004,406.349045504342
302.95545266136,407.615129639597
304.41054158268,408.87691086883
305.865630504,410.134411090577
307.32071942532,411.387652055027
308.77580834664,412.636655365279
310.23089726796,413.881442478585
311.68598618928,415.122034707574
313.1410751106,416.358453221474
314.59616403192,417.59071904731
316.05125295324,418.818853071102
317.50634187456,420.042876039042
318.96143079588,421.262808558661
320.4165197172,422.478671099988
321.87160863852,423.690483996694
323.32669755984,424.898267447225
324.78178648116,426.102041515924
326.23687540248,427.301826134145
327.6919643238,428.497641101348
329.14705324512,429.689506086194
330.60214216644,430.877440627617
332.05723108776,432.061464135897
333.51232000908,433.241595893716
334.9674089304,434.417855057202
336.42249785172,435.59026065697
337.87758677304,436.758831599142
339.33267569436,437.923586666371
340.78776461568,439.084544518842
342.242853537,440.241723695269
343.69794245832,441.395142613885
345.15303137964,442.544819573414
346.60812030096,443.690772754045
348.06320922228,444.833020218384
349.5182981436,445.971579912408
350.97338706492,447.106469666401
352.42847598624,448.237707195889
353.88356490756,449.365310102557
355.33865382888,450.489295875165
356.7937427502,451.609681890453
358.24883167152,452.726485414033
359.70392059284,453.839723601279
361.15900951416,454.949413498204
362.61409843548,456.05557204233
364.0691873568,457.158216063551
365.52427627812,458.257362284984
366.97936519944,459.353027323819
368.43445412076,460.44522769215
369.88954304208,461.533979797811
371.3446319634,462.619299945193
372.79972088472,463.701204336059
374.25480980604,464.779709070353
375.70989872736,465.854830146994
377.16498764868,466.926583464671
378.62007657,467.994984822624
380.07516549132,469.060049921424
381.53025441264,470.121794363735
382.98534333396,471.180233655086
384.44043225528,472.235383204617
385.8955211766,473.28725832583
387.35061009792,474.335874237332
388.80569901924,475.381246063564
390.26078794056,476.423388835535
391.71587686188,477.462317491535
393.1709657832,478.498046877854
394.62605470452,479.530591749487
396.08114362584,480.559966770835
397.53623254716,481.586186516399
398.99132146848,482.60926547147
400.4464103898,483.629218032806
401.90149931112,484.646058509312
403.35658823244,485.659801122707
404.81167715376,486.670460008186
406.26676607508,487.67804921508
407.7218549964,488.682582707505
409.17694391772,489.684074365005
410.63203283904,490.682537983196
412.08712176036,491.677987274396
413.54221068168,492.670435868255
414.997299603,493.659897312373
416.45238852432,494.646385072924
417.90747744564,495.629912535256
419.36256636696,496.610493004509
420.81765528828,497.588139706203
422.2727442096,498.562865786842
423.72783313092,499.534684314499
425.18292205224,500.503608279397
426.63801097356,501.469650594495
428.09309989488,502.432824096058
429.5481888162,503.393141544222
431.00327773752,504.350615623565
432.45836665884,505.305258943659
433.91345558016,506.257084039625
435.36854450148,507.206103372687
436.8236334228,508.152329330706
438.27872234412,509.095774228729
439.73381126544,510.036450309516
441.18890018676,510.974369744074
442.64398910808,511.909544632178
444.0990780294,512.841987002896
445.55416695072,513.771708815101
447.00925587204,514.698721957984
448.46434479336,515.62303825156
449.91943371468,516.544669447172
451.374522636,517.463627227985
452.82961155732,518.379923209485
454.28470047864,519.293568939965
455.73978939996,520.204575901012
457.19487832128,521.112955507985
458.6499672426,522.018719110495
460.10505616392,522.921877992876
461.56014508524,523.822443374654
463.01523400656,524.720426411013
464.47032292788,525.615838193253
465.9254118492,526.508689749247
467.38050077052,527.398992043897
468.83558969184,528.28675597958
470.29067861316,529.17199239659
471.74576753448,530.054712073588
473.2008564558,530.93492572803
474.65594537712,531.812644016608
476.11103429844,532.687877535676
477.56612321976,533.560636821677
479.02121214108,534.430932351565
480.4763010624,535.298774543229
481.93138998372,536.164173755903
483.38647890504,537.02714029058
484.84156782636,537.887684390423
486.29665674768,538.745816241166
487.751745669,539.60154597152
489.20683459032,540.454883653569
490.66192351164,541.305839303167
492.11701243296,542.154422880328
493.57210135428,543.000644289615
495.0271902756,543.844513380527
496.48227919692,544.686039947879
497.93736811824,545.525233732182
499.39245703956,546.362104420018
500.84754596088,547.196661644415
502.3026348822,548.028914985215
503.75772380352,548.858873969439
505.21281272484,549.686548071653
506.66790164616,550.511946714327
508.12299056748,551.335079268194
509.5780794888,552.155955052605
511.03316841012,552.974583335876
512.48825733144,553.790973335643
513.94334625276,554.605134219206
515.39843517408,555.417075103869
516.8535240954,556.226805057284
518.30861301672,557.034333097788
519.76370193804,557.839668194737
521.21879085936,558.642819268836
522.67387978068,559.443795192474
524.128968702,560.242604790045
525.58405762332,561.039256838275
527.03914654464,561.833760066544
528.49423546596,562.626123157201
529.94932438728,563.416354745886
531.4044133086,564.204463421839
532.85950222992,564.990457728213
534.31459115124,565.774346162383
535.76968007256,566.556137176251
537.22476899388,567.335839176552
538.6798579152,568.113460525152
540.13494683652,568.88900953935
541.59003575784,569.662494492175
543.04512467916,570.433923612674
544.50021360048,571.203305086213
545.9553025218,571.970647054759
547.41039144312,572.735957617172
548.86548036444,573.499244829486
550.32056928576,574.260516705195
551.77565820708,575.019781215532
553.2307471284,575.777046289748
554.68583604972,576.532319815385
556.14092497104,577.285609638554
557.59601389236,578.036923564205
559.05110281368,578.786269356397
560.506191735,579.533654738563
561.96128065632,580.279087393779
563.41636957764,581.022574965025
564.87145849896,581.764125055446
566.32654742028,582.503745228614
567.7816363416,583.24144300878
569.23672526292,583.977225881135
570.69181418424,584.71110129206
572.14690310556,585.443076649376
573.60199202688,586.173159322596
575.0570809482,586.901356643172
576.51216986952,587.627675904738
577.96725879084,588.352124363356
579.42234771216,589.074709237757
580.87743663348,589.795437709579
582.3325255548,590.51431692361
583.78761447612,591.231353988016
585.24270339744,591.946555974582
586.69779231876,592.659929918943
588.15288124008,593.371482820814
589.6079701614,594.081221644217
591.06305908272,594.789153317711
592.51814800404,595.495284734619
593.97323692536,596.199622753245
595.42832584668,596.902174197105
596.883414768,597.602945855139
598.33850368932,598.301944481936
599.79359261064,598.999176797946
601.24868153196,599.694649489701
602.70377045328,600.388369210022
604.1588593746,601.080342578238
605.61394829592,601.770576180391
607.06903721724,602.459076569448
608.52412613856,603.145850265508
609.97921505988,603.830903756006
611.4343039812,604.51424349592
612.88939290252,605.195875907973
614.34448182384,605.875807382831
615.79957074516,606.554044279308
617.25465966648,607.230592924561
618.7097485878,607.905459614285
620.16483750912,608.578650612915
621.61992643044,609.250172153811
623.07501535176,609.920030439458
624.53010427308,610.588231641652
625.9851931944,611.254781901693
627.44028211572,611.919687330569
628.89537103704,612.582954009148
630.35045995836,613.244587988359
631.80554887968,613.904595289379
633.260637801,614.562981903811
634.71572672232,615.219753793873
636.17081564364,615.874916892572
637.62590456496,616.528477103882
639.08099348628,617.180440302926
640.5360824076,617.830812336149
641.99117132892,618.479599021494
643.44626025024,619.126806148575
644.90134917156,619.772439478846
646.35643809288,620.416504745779
647.8115270142,621.059007655028
649.26661593552,621.6999538846
650.72170485684,622.33934908502
652.17679377816,622.977198879501
653.63188269948,623.613508864103
655.0869716208,624.248284607903
656.54206054212,624.881531653155
657.99714946344,625.513255515447
659.45223838476,626.143461683869
660.90732730608,626.772155621166
662.3624162274,627.399342763899
663.81750514872,628.025028522599
665.27259407004,628.649218281924
666.72768299136,629.271917400816
668.18277191268,629.89313121265
669.637860834,630.512865025388
671.09294975532,631.131124121732
672.54803867664,631.74791375927
674.00312759796,632.363239170629
675.45821651928,632.977105563623
676.9133054406,633.589518121396
678.36839436192,634.20048200257
679.82348328324,634.810002341393
681.27857220456,635.418084247878
682.73366112588,636.024732807947
684.1887500472,636.629953083575
685.64383896852,637.233750112929
687.09892788984,637.836128910508
688.55401681116,638.437094467283
690.00910573248,639.036651750831
691.4641946538,639.634805705478
692.91928357512,640.231561252429
694.37437249644,640.826923289908
695.82946141776,641.420896693287
697.28455033908,642.013486315224
698.7396392604,642.604696985791
700.19472818172,643.194533512607
701.64981710304,643.783000680971
703.10490602436,644.370103253986
704.55999494568,644.955845972691
706.015083867,645.540233556188
707.47017278832,646.123270701769
708.92526170964,646.704962085041
710.38035063096,647.285312360052
711.83543955228,647.864326159415
713.2905284736,648.442008094428
714.74561739492,649.018362755202
716.20070631624,649.593394710781
717.65579523756,650.167108509259
719.11088415888,650.739508677902
720.5659730802,651.31059972327
722.02106200152,651.880386131332
723.47615092284,652.448872367584
724.93123984416,653.016062877166
726.38632876548,653.581962084977
727.8414176868,654.146574395793
729.29650660812,654.709904194377
730.75159552944,655.271955845597
732.20668445076,655.832733694533
733.66177337208,656.392242066596
735.1168622934,656.950485267634
736.57195121472,657.507467584043
738.02704013604,658.06319328288
739.48212905736,658.617666611969
740.93721797868,659.170891800008
742.3923069,659.722873056681
