"ResDensity","N_TraitValue"
1.9271,1.15453269695653e-05
1.931389,1.15710225262943e-05
1.935678,1.15967180830233e-05
1.939967,1.16224136397523e-05
1.944256,1.16481091964813e-05
1.948545,1.16738047532103e-05
1.952834,1.16995003099393e-05
1.957123,1.17251958666683e-05
1.961412,1.17508914233973e-05
1.965701,1.17765869801263e-05
1.96999,1.18022825368553e-05
1.974279,1.18279780935843e-05
1.978568,1.18536736503133e-05
1.982857,1.18793692070423e-05
1.987146,1.19050647637713e-05
1.991435,1.19307603205004e-05
1.995724,1.19564558772294e-05
2.000013,1.19821514339584e-05
2.004302,1.20078469906874e-05
2.008591,1.20335425474164e-05
2.01288,1.20592381041454e-05
2.017169,1.20849336608744e-05
2.021458,1.21106292176034e-05
2.025747,1.21363247743324e-05
2.030036,1.21620203310614e-05
2.034325,1.21877158877904e-05
2.038614,1.22134114445194e-05
2.042903,1.22391070012484e-05
2.047192,1.22648025579774e-05
2.051481,1.22904981147064e-05
2.05577,1.23161936714354e-05
2.060059,1.23418892281644e-05
2.064348,1.23675847848934e-05
2.068637,1.23932803416224e-05
2.072926,1.24189758983514e-05
2.077215,1.24446714550804e-05
2.081504,1.24703670118095e-05
2.085793,1.24960625685385e-05
2.090082,1.25217581252675e-05
2.094371,1.25474536819965e-05
2.09866,1.25731492387255e-05
2.102949,1.25988447954545e-05
2.107238,1.26245403521835e-05
2.111527,1.26502359089125e-05
2.115816,1.26759314656415e-05
2.120105,1.27016270223705e-05
2.124394,1.27273225790995e-05
2.128683,1.27530181358285e-05
2.132972,1.27787136925575e-05
2.137261,1.28044092492865e-05
2.14155,1.28301048060155e-05
2.145839,1.28558003627445e-05
2.150128,1.28814959194735e-05
2.154417,1.29071914762025e-05
2.158706,1.29328870329315e-05
2.162995,1.29585825896606e-05
2.167284,1.29842781463896e-05
2.171573,1.30099737031186e-05
2.175862,1.30356692598476e-05
2.180151,1.30613648165766e-05
2.18444,1.30870603733056e-05
2.188729,1.31127559300346e-05
2.193018,1.31384514867636e-05
2.197307,1.31641470434926e-05
2.201596,1.31898426002216e-05
2.205885,1.32155381569506e-05
2.210174,1.32412337136796e-05
2.214463,1.32669292704086e-05
2.218752,1.32926248271376e-05
2.223041,1.33183203838666e-05
2.22733,1.33440159405956e-05
2.231619,1.33697114973246e-05
2.235908,1.33954070540536e-05
2.240197,1.34211026107826e-05
2.244486,1.34467981675116e-05
2.248775,1.34724937242407e-05
2.253064,1.34981892809697e-05
2.257353,1.35238848376987e-05
2.261642,1.35495803944277e-05
2.265931,1.35752759511567e-05
2.27022,1.36009715078857e-05
2.274509,1.36266670646147e-05
2.278798,1.36523626213437e-05
2.283087,1.36780581780727e-05
2.287376,1.37037537348017e-05
2.291665,1.37294492915307e-05
2.295954,1.37551448482597e-05
2.300243,1.37808404049887e-05
2.304532,1.38065359617177e-05
2.308821,1.38322315184467e-05
2.31311,1.38579270751757e-05
2.317399,1.38836226319047e-05
2.321688,1.39093181886337e-05
2.325977,1.39350137453627e-05
2.330266,1.39607093020917e-05
2.334555,1.39864048588207e-05
2.338844,1.40121004155498e-05
2.343133,1.40377959722788e-05
2.347422,1.40634915290078e-05
2.351711,1.40891870857368e-05
2.356,1.41148826424658e-05
2.360289,1.41405781991948e-05
2.364578,1.41662737559238e-05
2.368867,1.41919693126528e-05
2.373156,1.42176648693818e-05
2.377445,1.42433604261108e-05
2.381734,1.42690559828398e-05
2.386023,1.42947515395688e-05
2.390312,1.43204470962978e-05
2.394601,1.43461426530268e-05
2.39889,1.43718382097558e-05
2.403179,1.43975337664848e-05
2.407468,1.44232293232138e-05
2.411757,1.44489248799428e-05
2.416046,1.44746204366718e-05
2.420335,1.45003159934008e-05
2.424624,1.45260115501299e-05
2.428913,1.45517071068589e-05
2.433202,1.45774026635879e-05
2.437491,1.46030982203169e-05
2.44178,1.46287937770459e-05
2.446069,1.46544893337749e-05
2.450358,1.46801848905039e-05
2.454647,1.47058804472329e-05
2.458936,1.47315760039619e-05
2.463225,1.47572715606909e-05
2.467514,1.47829671174199e-05
2.471803,1.48086626741489e-05
2.476092,1.48343582308779e-05
2.480381,1.48600537876069e-05
2.48467,1.48857493443359e-05
2.488959,1.49114449010649e-05
2.493248,1.49371404577939e-05
2.497537,1.49628360145229e-05
2.501826,1.49885315712519e-05
2.506115,1.50142271279809e-05
2.510404,1.503992268471e-05
2.514693,1.5065618241439e-05
2.518982,1.5091313798168e-05
2.523271,1.5117009354897e-05
2.52756,1.5142704911626e-05
2.531849,1.5168400468355e-05
2.536138,1.5194096025084e-05
2.540427,1.5219791581813e-05
2.544716,1.5245487138542e-05
2.549005,1.5271182695271e-05
2.553294,1.5296878252e-05
2.557583,1.5322573808729e-05
2.561872,1.5348269365458e-05
2.566161,1.5373964922187e-05
2.57045,1.5399660478916e-05
2.574739,1.5425356035645e-05
2.579028,1.5451051592374e-05
2.583317,1.5476747149103e-05
2.587606,1.5502442705832e-05
2.591895,1.5528138262561e-05
2.596184,1.55538338192901e-05
2.600473,1.55795293760191e-05
2.604762,1.56052249327481e-05
2.609051,1.56309204894771e-05
2.61334,1.56566160462061e-05
2.617629,1.56823116029351e-05
2.621918,1.57080071596641e-05
2.626207,1.57337027163931e-05
2.630496,1.57593982731221e-05
2.634785,1.57850938298511e-05
2.639074,1.58107893865801e-05
2.643363,1.58364849433091e-05
2.647652,1.58621805000381e-05
2.651941,1.58878760567671e-05
2.65623,1.59135716134961e-05
2.660519,1.59392671702251e-05
2.664808,1.59649627269541e-05
2.669097,1.59906582836831e-05
2.673386,1.60163538404121e-05
2.677675,1.60420493971411e-05
2.681964,1.60677449538702e-05
2.686253,1.60934405105992e-05
2.690542,1.61191360673282e-05
2.694831,1.61448316240572e-05
2.69912,1.61705271807862e-05
2.703409,1.61962227375152e-05
2.707698,1.62219182942442e-05
2.711987,1.62476138509732e-05
2.716276,1.62733094077022e-05
2.720565,1.62990049644312e-05
2.724854,1.63247005211602e-05
2.729143,1.63503960778892e-05
2.733432,1.63760916346182e-05
2.737721,1.64017871913472e-05
2.74201,1.64274827480762e-05
2.746299,1.64531783048052e-05
2.750588,1.64788738615342e-05
2.754877,1.65045694182632e-05
2.759166,1.65302649749922e-05
2.763455,1.65559605317212e-05
2.767744,1.65816560884503e-05
2.772033,1.66073516451793e-05
2.776322,1.66330472019083e-05
2.780611,1.66587427586373e-05
2.7849,1.66844383153663e-05
2.789189,1.67101338720953e-05
2.793478,1.67358294288243e-05
2.797767,1.67615249855533e-05
2.802056,1.67872205422823e-05
2.806345,1.68129160990113e-05
2.810634,1.68386116557403e-05
2.814923,1.68643072124693e-05
2.819212,1.68900027691983e-05
2.823501,1.69156983259273e-05
2.82779,1.69413938826563e-05
2.832079,1.69670894393853e-05
2.836368,1.69927849961143e-05
2.840657,1.70184805528433e-05
2.844946,1.70441761095723e-05
2.849235,1.70698716663013e-05
2.853524,1.70955672230304e-05
2.857813,1.71212627797594e-05
2.862102,1.71469583364884e-05
2.866391,1.71726538932174e-05
2.87068,1.71983494499464e-05
2.874969,1.72240450066754e-05
2.879258,1.72497405634044e-05
2.883547,1.72754361201334e-05
2.887836,1.73011316768624e-05
2.892125,1.73268272335914e-05
2.896414,1.73525227903204e-05
2.900703,1.73782183470494e-05
2.904992,1.74039139037784e-05
2.909281,1.74296094605074e-05
2.91357,1.74553050172364e-05
2.917859,1.74810005739654e-05
2.922148,1.75066961306944e-05
2.926437,1.75323916874234e-05
2.930726,1.75580872441524e-05
2.935015,1.75837828008814e-05
2.939304,1.76094783576104e-05
2.943593,1.76351739143395e-05
2.947882,1.76608694710685e-05
2.952171,1.76865650277975e-05
2.95646,1.77122605845265e-05
2.960749,1.77379561412555e-05
2.965038,1.77636516979845e-05
2.969327,1.77893472547135e-05
2.973616,1.78150428114425e-05
2.977905,1.78407383681715e-05
2.982194,1.78664339249005e-05
2.986483,1.78921294816295e-05
2.990772,1.79178250383585e-05
2.995061,1.79435205950875e-05
2.99935,1.79692161518165e-05
3.003639,1.79949117085455e-05
3.007928,1.80206072652745e-05
3.012217,1.80463028220035e-05
3.016506,1.80719983787325e-05
3.020795,1.80976939354615e-05
3.025084,1.81233894921905e-05
3.029373,1.81490850489196e-05
3.033662,1.81747806056486e-05
3.037951,1.82004761623776e-05
3.04224,1.82261717191066e-05
3.046529,1.82518672758356e-05
3.050818,1.82775628325646e-05
3.055107,1.83032583892936e-05
3.059396,1.83289539460226e-05
3.063685,1.83546495027516e-05
3.067974,1.83803450594806e-05
3.072263,1.84060406162096e-05
3.076552,1.84317361729386e-05
3.080841,1.84574317296676e-05
3.08513,1.84831272863966e-05
3.089419,1.85088228431256e-05
3.093708,1.85345183998546e-05
3.097997,1.85602139565836e-05
3.102286,1.85859095133126e-05
3.106575,1.86116050700416e-05
3.110864,1.86373006267706e-05
3.115153,1.86629961834997e-05
3.119442,1.86886917402287e-05
3.123731,1.87143872969577e-05
3.12802,1.87400828536867e-05
3.132309,1.87657784104157e-05
3.136598,1.87914739671447e-05
3.140887,1.88171695238737e-05
3.145176,1.88428650806027e-05
3.149465,1.88685606373317e-05
3.153754,1.88942561940607e-05
3.158043,1.89199517507897e-05
3.162332,1.89456473075187e-05
3.166621,1.89713428642477e-05
3.17091,1.89970384209767e-05
3.175199,1.90227339777057e-05
3.179488,1.90484295344347e-05
3.183777,1.90741250911637e-05
3.188066,1.90998206478927e-05
3.192355,1.91255162046217e-05
3.196644,1.91512117613507e-05
3.200933,1.91769073180798e-05
3.205222,1.92026028748088e-05
3.209511,1.92282984315378e-05
3.2138,1.92539939882668e-05
3.218089,1.92796895449958e-05
3.222378,1.93053851017248e-05
3.226667,1.93310806584538e-05
3.230956,1.93567762151828e-05
3.235245,1.93824717719118e-05
3.239534,1.94081673286408e-05
3.243823,1.94338628853698e-05
3.248112,1.94595584420988e-05
3.252401,1.94852539988278e-05
3.25669,1.95109495555568e-05
3.260979,1.95366451122858e-05
3.265268,1.95623406690148e-05
3.269557,1.95880362257438e-05
3.273846,1.96137317824728e-05
3.278135,1.96394273392018e-05
3.282424,1.96651228959308e-05
3.286713,1.96908184526598e-05
3.291002,1.97165140093889e-05
3.295291,1.97422095661179e-05
3.29958,1.97679051228469e-05
3.303869,1.97936006795759e-05
3.308158,1.98192962363049e-05
3.312447,1.98449917930339e-05
3.316736,1.98706873497629e-05
3.321025,1.98963829064919e-05
3.325314,1.99220784632209e-05
3.329603,1.99477740199499e-05
3.333892,1.99734695766789e-05
3.338181,1.99991651334079e-05
3.34247,2.00248606901369e-05
3.346759,2.00505562468659e-05
3.351048,2.00762518035949e-05
3.355337,2.01019473603239e-05
3.359626,2.01276429170529e-05
3.363915,2.01533384737819e-05
3.368204,2.01790340305109e-05
3.372493,2.02047295872399e-05
3.376782,2.0230425143969e-05
3.381071,2.0256120700698e-05
3.38536,2.0281816257427e-05
3.389649,2.0307511814156e-05
3.393938,2.0333207370885e-05
3.398227,2.0358902927614e-05
3.402516,2.0384598484343e-05
3.406805,2.0410294041072e-05
3.411094,2.0435989597801e-05
3.415383,2.046168515453e-05
3.419672,2.0487380711259e-05
3.423961,2.0513076267988e-05
3.42825,2.0538771824717e-05
3.432539,2.0564467381446e-05
3.436828,2.0590162938175e-05
3.441117,2.0615858494904e-05
3.445406,2.0641554051633e-05
3.449695,2.0667249608362e-05
3.453984,2.0692945165091e-05
3.458273,2.071864072182e-05
3.462562,2.07443362785491e-05
3.466851,2.07700318352781e-05
3.47114,2.07957273920071e-05
3.475429,2.08214229487361e-05
3.479718,2.08471185054651e-05
3.484007,2.08728140621941e-05
3.488296,2.08985096189231e-05
3.492585,2.09242051756521e-05
3.496874,2.09499007323811e-05
3.501163,2.09755962891101e-05
3.505452,2.10012918458391e-05
3.509741,2.10269874025681e-05
3.51403,2.10526829592971e-05
3.518319,2.10783785160261e-05
3.522608,2.11040740727551e-05
3.526897,2.11297696294841e-05
3.531186,2.11554651862131e-05
3.535475,2.11811607429421e-05
3.539764,2.12068562996711e-05
3.544053,2.12325518564001e-05
3.548342,2.12582474131292e-05
3.552631,2.12839429698582e-05
3.55692,2.13096385265872e-05
3.561209,2.13353340833162e-05
3.565498,2.13610296400452e-05
3.569787,2.13867251967742e-05
3.574076,2.14124207535032e-05
3.578365,2.14381163102322e-05
3.582654,2.14638118669612e-05
3.586943,2.14895074236902e-05
3.591232,2.15152029804192e-05
3.595521,2.15408985371482e-05
3.59981,2.15665940938772e-05
3.604099,2.15922896506062e-05
3.608388,2.16179852073352e-05
3.612677,2.16436807640642e-05
3.616966,2.16693763207932e-05
3.621255,2.16950718775222e-05
3.625544,2.17207674342512e-05
3.629833,2.17464629909802e-05
3.634122,2.17721585477093e-05
3.638411,2.17978541044383e-05
3.6427,2.18235496611673e-05
3.646989,2.18492452178963e-05
3.651278,2.18749407746253e-05
3.655567,2.19006363313543e-05
3.659856,2.19263318880833e-05
3.664145,2.19520274448123e-05
3.668434,2.19777230015413e-05
3.672723,2.20034185582703e-05
3.677012,2.20291141149993e-05
3.681301,2.20548096717283e-05
3.68559,2.20805052284573e-05
3.689879,2.21062007851863e-05
3.694168,2.21318963419153e-05
3.698457,2.21575918986443e-05
3.702746,2.21832874553733e-05
3.707035,2.22089830121023e-05
3.711324,2.22346785688313e-05
3.715613,2.22603741255603e-05
3.719902,2.22860696822894e-05
3.724191,2.23117652390184e-05
3.72848,2.23374607957474e-05
3.732769,2.23631563524764e-05
3.737058,2.23888519092054e-05
3.741347,2.24145474659344e-05
3.745636,2.24402430226634e-05
3.749925,2.24659385793924e-05
3.754214,2.24916341361214e-05
3.758503,2.25173296928504e-05
3.762792,2.25430252495794e-05
3.767081,2.25687208063084e-05
3.77137,2.25944163630374e-05
3.775659,2.26201119197664e-05
3.779948,2.26458074764954e-05
3.784237,2.26715030332244e-05
3.788526,2.26971985899534e-05
3.792815,2.27228941466824e-05
3.797104,2.27485897034114e-05
3.801393,2.27742852601404e-05
3.805682,2.27999808168695e-05
3.809971,2.28256763735985e-05
3.81426,2.28513719303275e-05
3.818549,2.28770674870565e-05
3.822838,2.29027630437855e-05
3.827127,2.29284586005145e-05
3.831416,2.29541541572435e-05
3.835705,2.29798497139725e-05
3.839994,2.30055452707015e-05
3.844283,2.30312408274305e-05
3.848572,2.30569363841595e-05
3.852861,2.30826319408885e-05
3.85715,2.31083274976175e-05
3.861439,2.31340230543465e-05
3.865728,2.31597186110755e-05
3.870017,2.31854141678045e-05
3.874306,2.32111097245335e-05
3.878595,2.32368052812625e-05
3.882884,2.32625008379915e-05
3.887173,2.32881963947205e-05
3.891462,2.33138919514496e-05
3.895751,2.33395875081786e-05
3.90004,2.33652830649076e-05
3.904329,2.33909786216366e-05
3.908618,2.34166741783656e-05
3.912907,2.34423697350946e-05
3.917196,2.34680652918236e-05
3.921485,2.34937608485526e-05
3.925774,2.35194564052816e-05
3.930063,2.35451519620106e-05
3.934352,2.35708475187396e-05
3.938641,2.35965430754686e-05
3.94293,2.36222386321976e-05
3.947219,2.36479341889266e-05
3.951508,2.36736297456556e-05
3.955797,2.36993253023846e-05
3.960086,2.37250208591136e-05
3.964375,2.37507164158426e-05
3.968664,2.37764119725716e-05
3.972953,2.38021075293006e-05
3.977242,2.38278030860296e-05
3.981531,2.38534986427587e-05
3.98582,2.38791941994877e-05
3.990109,2.39048897562167e-05
3.994398,2.39305853129457e-05
3.998687,2.39562808696747e-05
4.002976,2.39819764264037e-05
4.007265,2.40076719831327e-05
4.011554,2.40333675398617e-05
4.015843,2.40590630965907e-05
4.020132,2.40847586533197e-05
4.024421,2.41104542100487e-05
4.02871,2.41361497667777e-05
4.032999,2.41618453235067e-05
4.037288,2.41875408802357e-05
4.041577,2.42132364369647e-05
4.045866,2.42389319936937e-05
4.050155,2.42646275504227e-05
4.054444,2.42903231071517e-05
4.058733,2.43160186638807e-05
4.063022,2.43417142206098e-05
4.067311,2.43674097773388e-05
4.0716,2.43931053340678e-05
