"ResDensity","N_TraitValue"
5,0.143257099662713
5.23,0.14853868859446
5.46,0.153728853940953
5.69,0.158829949128166
5.92,0.163844247493435
6.15,0.168773945663548
6.38,0.173621166763291
6.61,0.178387963464285
6.84,0.183076320883314
7.07,0.18768815933874
7.3,0.192225336973052
7.53,0.196689652249061
7.76,0.201082846326803
7.99,0.205406605327736
8.22,0.209662562492416
8.45,0.213852300237467
8.68,0.217977352117274
8.91,0.222039204695505
9.14,0.226039299331276
9.37,0.229979033884457
9.6,0.233859764344351
9.83,0.237682806385751
10.06,0.241449436856105
10.29,0.245160895197339
10.52,0.248818384805649
10.75,0.252423074332407
10.98,0.25597609892913
11.21,0.259478561439292
11.44,0.262931533539627
11.67,0.266336056833378
11.9,0.269693143897857
12.13,0.273003779288517
12.36,0.27626892050163
12.59,0.279489498897549
12.82,0.282666420586428
13.05,0.285800567278158
13.28,0.288892797098209
13.51,0.291943945370948
13.74,0.294954825371951
13.97,0.297926229050716
14.2,0.300858927725139
14.43,0.303753672749027
14.66,0.306611196153861
14.89,0.309432211265956
15.12,0.312217413300129
15.35,0.314967479930884
15.58,0.317683071842128
15.81,0.320364833256338
16.04,0.32301339244407
16.27,0.325629362214665
16.5,0.328213340388953
16.73,0.330765910254713
16.96,0.33328764100563
17.19,0.335779088164439
17.42,0.33824079399091
17.65,0.340673287875316
17.88,0.343077086717968
18.11,0.345452695295403
18.34,0.347800606613762
18.57,0.350121302249882
18.8,0.352415252680588
19.03,0.354682917600675
19.26,0.356924746230013
19.49,0.359141177610222
19.72,0.36133264089131
19.95,0.363499555608694
20.18,0.365642331950949
20.41,0.367761371018664
20.64,0.369857065074748
20.87,0.371929797786498
21.1,0.373979944459762
21.33,0.376007872265489
21.56,0.378013940458945
21.79,0.379998500591885
22.02,0.381961896717937
22.25,0.383904465591444
22.48,0.385826536860018
22.71,0.387728433251031
22.94,0.389610470752254
23.17,0.39147295878688
23.4,0.393316200383117
23.63,0.395140492338541
23.86,0.396946125379421
24.09,0.39873338431517
24.32,0.400502548188107
24.55,0.402253890418697
24.78,0.403987678946417
25.01,0.405704176366412
25.24,0.407403640062083
25.47,0.409086322333745
25.7,0.410752470523493
25.93,0.412402327136407
26.16,0.414036129958214
26.39,0.415654112169542
26.62,0.417256502456855
26.85,0.418843525120214
27.08,0.42041540017794
27.31,0.421972343468297
27.54,0.423514566748295
27.77,0.425042277789699
28,0.426555680472344
28.23,0.428054974874838
28.46,0.429540357362738
28.69,0.431012020674291
28.92,0.432470154003798
29.15,0.433914943082704
29.38,0.435346570258454
29.61,0.436765214571224
29.84,0.438171051828554
30.07,0.439564254677983
30.3,0.440944992677732
30.53,0.442313432365487
30.76,0.443669737325371
30.99,0.445014068253126
31.22,0.446346583019585
31.45,0.447667436732472
31.68,0.448976781796594
31.91,0.450274767972461
32.14,0.451561542433384
32.37,0.452837249821112
32.6,0.454102032300021
32.83,0.455356029609937
33.06,0.456599379117598
33.29,0.457832215866818
33.52,0.459054672627382
33.75,0.46026687994271
33.98,0.461468966176333
34.21,0.462661057557199
34.44,0.463843278223864
34.67,0.465015750267585
34.9,0.46617859377435
35.13,0.467331926865881
35.36,0.46847586573963
35.59,0.469610524707808
35.82,0.470736016235462
36.05,0.471852450977633
36.28,0.472959937815629
36.51,0.474058583892417
36.74,0.47514849464718
36.97,0.476229773849047
37.2,0.477302523630031
37.43,0.478366844517186
37.66,0.47942283546401
37.89,0.480470593881111
38.12,0.481510215666167
38.35,0.482541795233179
38.58,0.483565425541059
38.81,0.48458119812155
39.04,0.485589203106512
39.27,0.486589529254582
39.5,0.487582263977227
39.73,0.488567493364208
39.96,0.489545302208465
40.19,0.490515774030442
40.42,0.491478991101875
40.65,0.492435034469035
40.88,0.493383983975463
41.11,0.494325918284201
41.34,0.495260914899523
41.57,0.496189050188199
41.8,0.497110399400285
42.03,0.49802503668946
42.26,0.498933035132924
42.49,0.499834466750857
42.72,0.500729402525465
42.95,0.501617912419611
43.18,0.502500065395049
43.41,0.503375929430262
43.64,0.50424557153793
43.87,0.505109057782018
44.1,0.505966453294506
44.33,0.506817822291768
44.56,0.507663228090602
44.79,0.508502733123929
45.02,0.509336398956162
45.25,0.510164286298256
45.48,0.510986455022446
45.71,0.511802964176682
45.94,0.512613871998763
46.17,0.513419235930187
46.4,0.514219112629713
46.63,0.515013557986646
46.86,0.515802627133862
47.09,0.516586374460553
47.32,0.517364853624732
47.55,0.518138117565472
47.78,0.518906218514914
48.01,0.519669208010022
48.24,0.520427136904113
48.47,0.521180055378154
48.7,0.521928012951839
48.93,0.522671058494443
49.16,0.523409240235469
49.39,0.524142605775081
49.62,0.524871202094337
49.85,0.525595075565221
50.08,0.526314271960482
50.31,0.527028836463281
50.54,0.527738813676655
50.77,0.528444247632798
51,0.529145181802161
51.23,0.529841659102387
51.46,0.530533721907064
51.69,0.531221412054326
51.92,0.531904770855277
52.15,0.53258383910227
52.38,0.533258657077019
52.61,0.533929264558568
52.84,0.534595700831106
53.07,0.535258004691637
53.3,0.535916214457512
53.53,0.536570367973815
53.76,0.53722050262062
53.99,0.537866655320109
54.22,0.538508862543564
54.45,0.539147160318225
54.68,0.539781584234032
54.91,0.540412169450238
55.14,0.541038950701904
55.37,0.541661962306276
55.6,0.54228123816905
55.83,0.542896811790524
56.06,0.543508716271636
56.29,0.544116984319899
56.52,0.544721648255228
56.75,0.545322740015667
56.98,0.545920291163008
57.21,0.54651433288832
57.44,0.547104896017371
57.67,0.547692011015967
57.9,0.548275707995184
58.13,0.548856016716521
58.36,0.549432966596956
58.59,0.550006586713916
58.82,0.550576905810165
59.05,0.551143952298602
59.28,0.551707754266982
59.51,0.552268339482553
59.74,0.552825735396611
59.97,0.553379969148988
60.2,0.553931067572451
60.43,0.554479057197035
60.66,0.555023964254301
60.89,0.555565814681518
61.12,0.556104634125784
61.35,0.556640447948067
61.58,0.557173281227191
61.81,0.557703158763739
62.04,0.558230105083911
62.27,0.558754144443301
62.5,0.559275300830624
62.73,0.559793597971371
62.96,0.560309059331415
63.19,0.560821708120549
63.42,0.56133156729597
63.65,0.561838659565709
63.88,0.562343007391996
64.11,0.562844632994583
64.34,0.563343558354006
64.57,0.563839805214792
64.8,0.564333395088622
65.03,0.564824349257436
65.26,0.565312688776497
65.49,0.565798434477395
65.72,0.566281606971013
65.95,0.56676222665044
66.18,0.567240313693843
66.41,0.567715888067288
66.64,0.568188969527521
66.87,0.568659577624705
67.1,0.56912773170511
67.33,0.569593450913767
67.56,0.570056754197075
67.79,0.570517660305375
68.02,0.570976187795473
68.25,0.571432355033139
68.48,0.571886180195549
68.71,0.572337681273708
68.94,0.572786876074822
69.17,0.573233782224644
69.4,0.573678417169775
69.63,0.574120798179935
69.86,0.574560942350202
70.09,0.574998866603212
70.32,0.575434587691324
70.55,0.575868122198767
70.78,0.576299486543731
71.01,0.576728696980449
71.24,0.577155769601235
71.47,0.577580720338496
71.7,0.578003564966712
71.93,0.578424319104389
72.16,0.578842998215982
72.39,0.579259617613792
72.62,0.579674192459827
72.85,0.580086737767646
73.08,0.58049726840417
73.31,0.580905799091469
73.54,0.58131234440852
73.77,0.581716918792942
74,0.582119536542706
74.23,0.582520211817817
74.46,0.582918958641978
74.69,0.583315790904222
74.92,0.583710722360528
75.15,0.584103766635409
75.38,0.584494937223477
75.61,0.58488424749099
75.84,0.585271710677375
76.07,0.585657339896726
76.3,0.586041148139286
76.53,0.586423148272904
76.76,0.586803353044474
76.99,0.587181775081353
77.22,0.587558426892758
77.45,0.587933320871146
77.68,0.588306469293572
77.91,0.588677884323028
78.14,0.589047578009768
78.37,0.589415562292607
78.6,0.58978184900021
78.83,0.590146449852357
79.06,0.590509376461195
79.29,0.590870640332467
79.52,0.591230252866733
79.75,0.591588225360566
79.98,0.591944569007735
80.21,0.592299294900373
80.44,0.592652414030127
80.67,0.593003937289295
80.9,0.593353875471943
81.13,0.593702239275012
81.36,0.594049039299408
81.59,0.594394286051077
81.82,0.594737989942064
82.05,0.595080161291563
82.28,0.595420810326948
82.51,0.595759947184793
82.74,0.596097581911874
82.97,0.596433724466166
83.2,0.59676838471782
83.43,0.597101572450127
83.66,0.597433297360475
83.89,0.597763569061286
84.12,0.598092397080949
84.35,0.598419790864732
84.58,0.598745759775689
84.81,0.599070313095551
85.04,0.599393460025609
85.27,0.599715209687582
85.5,0.600035571124474
85.73,0.600354553301425
85.96,0.600672165106544
86.19,0.600988415351736
86.42,0.601303312773517
86.65,0.601616866033817
86.88,0.601929083720778
87.11,0.602239974349532
87.34,0.602549546362981
87.57,0.602857808132557
87.8,0.603164767958982
88.03,0.603470434073006
88.26,0.603774814636147
88.49,0.604077917741418
88.72,0.604379751414043
88.95,0.604680323612163
89.18,0.60497964222754
89.41,0.605277715086245
89.64,0.605574549949339
89.87,0.605870154513549
90.1,0.606164536411934
90.33,0.606457703214537
90.56,0.60674966242904
90.79,0.6070404215014
91.02,0.607329987816486
91.25,0.607618368698701
91.48,0.607905571412601
91.71,0.608191603163507
91.94,0.608476471098102
92.17,0.608760182305032
92.4,0.609042743815491
92.63,0.609324162603802
92.86,0.609604445587993
93.09,0.609883599630362
93.32,0.610161631538035
93.55,0.610438548063524
93.78,0.61071435590527
94.01,0.610989061708186
94.24,0.611262672064186
94.47,0.611535193512719
94.7,0.611806632541284
94.93,0.612076995585948
95.16,0.612346289031852
95.39,0.612614519213719
95.62,0.612881692416344
95.85,0.61314781487509
96.08,0.613412892776369
96.31,0.613676932258127
96.54,0.613939939410311
96.77,0.614201920275341
97,0.614462880848574
97.23,0.614722827078759
97.46,0.614981764868489
97.69,0.615239700074647
97.92,0.615496638508853
98.15,0.615752585937892
98.38,0.616007548084153
98.61,0.616261530626051
98.84,0.61651453919845
99.07,0.616766579393081
99.3,0.617017656758951
99.53,0.617267776802752
99.76,0.617516944989264
99.99,0.617765166741753
100.22,0.618012447442363
100.45,0.618258792432506
100.68,0.618504207013246
100.91,0.618748696445681
101.14,0.618992265951318
101.37,0.619234920712443
101.6,0.61947666587249
101.83,0.619717506536405
102.06,0.619957447771005
102.29,0.620196494605334
102.52,0.62043465203101
102.75,0.62067192500258
102.98,0.620908318437857
103.21,0.621143837218262
103.44,0.621378486189161
103.67,0.621612270160198
103.9,0.621845193905619
104.13,0.622077262164602
104.36,0.622308479641576
104.59,0.622538851006541
104.82,0.622768380895379
105.05,0.622997073910166
105.28,0.623224934619483
105.51,0.623451967558717
105.74,0.62367817723036
105.97,0.623903568104313
106.2,0.624128144618173
106.43,0.62435191117753
106.66,0.624574872156254
106.89,0.624797031896775
107.12,0.625018394710373
107.35,0.62523896487745
107.58,0.625458746647809
107.81,0.625677744240929
108.04,0.625895961846228
108.27,0.62611340362334
108.5,0.62633007370237
108.73,0.626545976184161
108.96,0.626761115140552
109.19,0.626975494614632
109.42,0.627189118620995
109.65,0.62740199114599
109.88,0.62761411614797
110.11,0.627825497557534
110.34,0.628036139277776
110.57,0.628246045184517
110.8,0.628455219126552
111.03,0.628663664925875
111.26,0.628871386377922
111.49,0.629078387251794
111.72,0.629284671290489
111.95,0.629490242211124
112.18,0.629695103705162
112.41,0.629899259438631
112.64,0.630102713052343
112.87,0.630305468162112
113.1,0.630507528358963
113.33,0.630708897209351
113.56,0.630909578255366
113.79,0.631109575014944
114.02,0.631308890982068
114.25,0.631507529626976
114.48,0.63170549439636
114.71,0.631902788713568
114.94,0.632099415978796
115.17,0.632295379569288
115.4,0.63249068283953
115.63,0.632685329121437
115.86,0.632879321724546
116.09,0.633072663936201
116.32,0.633265359021743
116.55,0.633457410224689
116.78,0.633648820766916
117.01,0.633839593848841
117.24,0.634029732649601
117.47,0.634219240327227
117.7,0.634408120018821
117.93,0.634596374840726
118.16,0.634784007888702
118.39,0.634971022238091
118.62,0.635157420943988
118.85,0.635343207041408
119.08,0.635528383545448
119.31,0.63571295345145
119.54,0.635896919735166
119.77,0.636080285352915
120,0.636263053241743
