"ResDensity","N_TraitValue"
53.733,5.39311309995519e-06
54.538003,5.47391023067194e-06
55.343006,5.55470736138869e-06
56.148009,5.63550449210545e-06
56.953012,5.7163016228222e-06
57.758015,5.79709875353895e-06
58.563018,5.8778958842557e-06
59.368021,5.95869301497245e-06
60.173024,6.0394901456892e-06
60.978027,6.12028727640596e-06
61.78303,6.20108440712271e-06
62.588033,6.28188153783946e-06
63.393036,6.36267866855621e-06
64.198039,6.44347579927296e-06
65.003042,6.52427292998972e-06
65.808045,6.60507006070647e-06
66.613048,6.68586719142322e-06
67.418051,6.76666432213997e-06
68.223054,6.84746145285672e-06
69.028057,6.92825858357347e-06
69.83306,7.00905571429023e-06
70.638063,7.08985284500698e-06
71.443066,7.17064997572373e-06
72.248069,7.25144710644048e-06
73.053072,7.33224423715724e-06
73.858075,7.41304136787399e-06
74.663078,7.49383849859074e-06
75.468081,7.57463562930749e-06
76.273084,7.65543276002424e-06
77.078087,7.73622989074099e-06
77.88309,7.81702702145775e-06
78.688093,7.8978241521745e-06
79.493096,7.97862128289125e-06
80.298099,8.059418413608e-06
81.103102,8.14021554432475e-06
81.908105,8.22101267504151e-06
82.713108,8.30180980575826e-06
83.518111,8.38260693647501e-06
84.323114,8.46340406719176e-06
85.128117,8.54420119790851e-06
85.93312,8.62499832862527e-06
86.738123,8.70579545934202e-06
87.543126,8.78659259005877e-06
88.348129,8.86738972077552e-06
89.153132,8.94818685149227e-06
89.958135,9.02898398220902e-06
90.763138,9.10978111292578e-06
91.568141,9.19057824364253e-06
92.373144,9.27137537435928e-06
93.178147,9.35217250507603e-06
93.98315,9.43296963579278e-06
94.788153,9.51376676650954e-06
95.593156,9.59456389722629e-06
96.398159,9.67536102794304e-06
97.203162,9.75615815865979e-06
98.008165,9.83695528937654e-06
98.813168,9.91775242009329e-06
99.618171,9.99854955081005e-06
100.423174,1.00793466815268e-05
101.228177,1.01601438122435e-05
102.03318,1.02409409429603e-05
102.838183,1.03217380736771e-05
103.643186,1.04025352043938e-05
104.448189,1.04833323351106e-05
105.253192,1.05641294658273e-05
106.058195,1.06449265965441e-05
106.863198,1.07257237272608e-05
107.668201,1.08065208579776e-05
108.473204,1.08873179886943e-05
109.278207,1.09681151194111e-05
110.08321,1.10489122501278e-05
110.888213,1.11297093808446e-05
111.693216,1.12105065115613e-05
112.498219,1.12913036422781e-05
113.303222,1.13721007729948e-05
114.108225,1.14528979037116e-05
114.913228,1.15336950344283e-05
115.718231,1.16144921651451e-05
116.523234,1.16952892958618e-05
117.328237,1.17760864265786e-05
118.13324,1.18568835572953e-05
118.938243,1.19376806880121e-05
119.743246,1.20184778187288e-05
120.548249,1.20992749494456e-05
121.353252,1.21800720801623e-05
122.158255,1.22608692108791e-05
122.963258,1.23416663415959e-05
123.768261,1.24224634723126e-05
124.573264,1.25032606030294e-05
125.378267,1.25840577337461e-05
126.18327,1.26648548644629e-05
126.988273,1.27456519951796e-05
127.793276,1.28264491258964e-05
128.598279,1.29072462566131e-05
129.403282,1.29880433873299e-05
130.208285,1.30688405180466e-05
131.013288,1.31496376487634e-05
131.818291,1.32304347794801e-05
132.623294,1.33112319101969e-05
133.428297,1.33920290409136e-05
134.2333,1.34728261716304e-05
135.038303,1.35536233023471e-05
135.843306,1.36344204330639e-05
136.648309,1.37152175637806e-05
137.453312,1.37960146944974e-05
138.258315,1.38768118252141e-05
139.063318,1.39576089559309e-05
139.868321,1.40384060866476e-05
140.673324,1.41192032173644e-05
141.478327,1.42000003480811e-05
142.28333,1.42807974787979e-05
143.088333,1.43615946095146e-05
143.893336,1.44423917402314e-05
144.698339,1.45231888709482e-05
145.503342,1.46039860016649e-05
146.308345,1.46847831323817e-05
147.113348,1.47655802630984e-05
147.918351,1.48463773938152e-05
148.723354,1.49271745245319e-05
149.528357,1.50079716552487e-05
150.33336,1.50887687859654e-05
151.138363,1.51695659166822e-05
151.943366,1.52503630473989e-05
152.748369,1.53311601781157e-05
153.553372,1.54119573088324e-05
154.358375,1.54927544395492e-05
155.163378,1.55735515702659e-05
155.968381,1.56543487009827e-05
156.773384,1.57351458316994e-05
157.578387,1.58159429624162e-05
158.38339,1.58967400931329e-05
159.188393,1.59775372238497e-05
159.993396,1.60583343545664e-05
160.798399,1.61391314852832e-05
161.603402,1.62199286159999e-05
162.408405,1.63007257467167e-05
163.213408,1.63815228774334e-05
164.018411,1.64623200081502e-05
164.823414,1.65431171388669e-05
165.628417,1.66239142695837e-05
166.43342,1.67047114003005e-05
167.238423,1.67855085310172e-05
168.043426,1.6866305661734e-05
168.848429,1.69471027924507e-05
169.653432,1.70278999231675e-05
170.458435,1.71086970538842e-05
171.263438,1.7189494184601e-05
172.068441,1.72702913153177e-05
172.873444,1.73510884460345e-05
173.678447,1.74318855767512e-05
174.48345,1.7512682707468e-05
175.288453,1.75934798381847e-05
176.093456,1.76742769689015e-05
176.898459,1.77550740996182e-05
177.703462,1.7835871230335e-05
178.508465,1.79166683610517e-05
179.313468,1.79974654917685e-05
180.118471,1.80782626224852e-05
180.923474,1.8159059753202e-05
181.728477,1.82398568839187e-05
182.53348,1.83206540146355e-05
183.338483,1.84014511453522e-05
184.143486,1.8482248276069e-05
184.948489,1.85630454067857e-05
185.753492,1.86438425375025e-05
186.558495,1.87246396682193e-05
187.363498,1.8805436798936e-05
188.168501,1.88862339296528e-05
188.973504,1.89670310603695e-05
189.778507,1.90478281910863e-05
190.58351,1.9128625321803e-05
191.388513,1.92094224525198e-05
192.193516,1.92902195832365e-05
192.998519,1.93710167139533e-05
193.803522,1.945181384467e-05
194.608525,1.95326109753868e-05
195.413528,1.96134081061035e-05
196.218531,1.96942052368203e-05
197.023534,1.9775002367537e-05
197.828537,1.98557994982538e-05
198.63354,1.99365966289705e-05
199.438543,2.00173937596873e-05
200.243546,2.0098190890404e-05
201.048549,2.01789880211208e-05
201.853552,2.02597851518375e-05
202.658555,2.03405822825543e-05
203.463558,2.0421379413271e-05
204.268561,2.05021765439878e-05
205.073564,2.05829736747045e-05
205.878567,2.06637708054213e-05
206.68357,2.0744567936138e-05
207.488573,2.08253650668548e-05
208.293576,2.09061621975715e-05
209.098579,2.09869593282883e-05
209.903582,2.10677564590051e-05
210.708585,2.11485535897218e-05
211.513588,2.12293507204386e-05
212.318591,2.13101478511553e-05
213.123594,2.13909449818721e-05
213.928597,2.14717421125888e-05
214.7336,2.15525392433056e-05
215.538603,2.16333363740223e-05
216.343606,2.17141335047391e-05
217.148609,2.17949306354558e-05
217.953612,2.18757277661726e-05
218.758615,2.19565248968893e-05
219.563618,2.20373220276061e-05
220.368621,2.21181191583228e-05
221.173624,2.21989162890396e-05
221.978627,2.22797134197563e-05
222.78363,2.23605105504731e-05
223.588633,2.24413076811898e-05
224.393636,2.25221048119066e-05
225.198639,2.26029019426233e-05
226.003642,2.26836990733401e-05
226.808645,2.27644962040568e-05
227.613648,2.28452933347736e-05
228.418651,2.29260904654903e-05
229.223654,2.30068875962071e-05
230.028657,2.30876847269239e-05
230.83366,2.31684818576406e-05
231.638663,2.32492789883574e-05
232.443666,2.33300761190741e-05
233.248669,2.34108732497909e-05
234.053672,2.34916703805076e-05
234.858675,2.35724675112244e-05
235.663678,2.36532646419411e-05
236.468681,2.37340617726579e-05
237.273684,2.38148589033746e-05
238.078687,2.38956560340914e-05
238.88369,2.39764531648081e-05
239.688693,2.40572502955249e-05
240.493696,2.41380474262416e-05
241.298699,2.42188445569584e-05
242.103702,2.42996416876751e-05
242.908705,2.43804388183919e-05
243.713708,2.44612359491086e-05
244.518711,2.45420330798254e-05
245.323714,2.46228302105421e-05
246.128717,2.47036273412589e-05
246.93372,2.47844244719756e-05
247.738723,2.48652216026924e-05
248.543726,2.49460187334091e-05
249.348729,2.50268158641259e-05
250.153732,2.51076129948426e-05
250.958735,2.51884101255594e-05
251.763738,2.52692072562762e-05
252.568741,2.53500043869929e-05
253.373744,2.54308015177097e-05
254.178747,2.55115986484264e-05
254.98375,2.55923957791432e-05
255.788753,2.56731929098599e-05
256.593756,2.57539900405767e-05
257.398759,2.58347871712934e-05
258.203762,2.59155843020102e-05
259.008765,2.59963814327269e-05
259.813768,2.60771785634437e-05
260.618771,2.61579756941604e-05
261.423774,2.62387728248772e-05
262.228777,2.63195699555939e-05
263.03378,2.64003670863107e-05
263.838783,2.64811642170274e-05
264.643786,2.65619613477442e-05
265.448789,2.66427584784609e-05
266.253792,2.67235556091777e-05
267.058795,2.68043527398944e-05
267.863798,2.68851498706112e-05
268.668801,2.69659470013279e-05
269.473804,2.70467441320447e-05
270.278807,2.71275412627614e-05
271.08381,2.72083383934782e-05
271.888813,2.72891355241949e-05
272.693816,2.73699326549117e-05
273.498819,2.74507297856284e-05
274.303822,2.75315269163452e-05
275.108825,2.7612324047062e-05
275.913828,2.76931211777787e-05
276.718831,2.77739183084955e-05
277.523834,2.78547154392122e-05
278.328837,2.7935512569929e-05
279.13384,2.80163097006457e-05
279.938843,2.80971068313625e-05
280.743846,2.81779039620792e-05
281.548849,2.8258701092796e-05
282.353852,2.83394982235127e-05
283.158855,2.84202953542295e-05
283.963858,2.85010924849462e-05
284.768861,2.8581889615663e-05
285.573864,2.86626867463797e-05
286.378867,2.87434838770965e-05
287.18387,2.88242810078132e-05
287.988873,2.890507813853e-05
288.793876,2.89858752692467e-05
289.598879,2.90666723999635e-05
290.403882,2.91474695306802e-05
291.208885,2.9228266661397e-05
292.013888,2.93090637921137e-05
292.818891,2.93898609228305e-05
293.623894,2.94706580535472e-05
294.428897,2.9551455184264e-05
295.2339,2.96322523149808e-05
296.038903,2.97130494456975e-05
296.843906,2.97938465764143e-05
297.648909,2.9874643707131e-05
298.453912,2.99554408378478e-05
299.258915,3.00362379685645e-05
300.063918,3.01170350992813e-05
300.868921,3.0197832229998e-05
301.673924,3.02786293607148e-05
302.478927,3.03594264914315e-05
303.28393,3.04402236221483e-05
304.088933,3.0521020752865e-05
304.893936,3.06018178835818e-05
305.698939,3.06826150142985e-05
306.503942,3.07634121450153e-05
307.308945,3.0844209275732e-05
308.113948,3.09250064064488e-05
308.918951,3.10058035371655e-05
309.723954,3.10866006678823e-05
310.528957,3.1167397798599e-05
311.33396,3.12481949293158e-05
312.138963,3.13289920600325e-05
312.943966,3.14097891907493e-05
313.748969,3.1490586321466e-05
314.553972,3.15713834521828e-05
315.358975,3.16521805828995e-05
316.163978,3.17329777136163e-05
316.968981,3.18137748443331e-05
317.773984,3.18945719750498e-05
318.578987,3.19753691057666e-05
319.38399,3.20561662364833e-05
320.188993,3.21369633672001e-05
320.993996,3.22177604979168e-05
321.798999,3.22985576286336e-05
322.604002,3.23793547593503e-05
323.409005,3.24601518900671e-05
324.214008,3.25409490207838e-05
325.019011,3.26217461515006e-05
325.824014,3.27025432822173e-05
326.629017,3.27833404129341e-05
327.43402,3.28641375436508e-05
328.239023,3.29449346743676e-05
329.044026,3.30257318050843e-05
329.849029,3.31065289358011e-05
330.654032,3.31873260665178e-05
331.459035,3.32681231972346e-05
332.264038,3.33489203279513e-05
333.069041,3.34297174586681e-05
333.874044,3.35105145893848e-05
334.679047,3.35913117201016e-05
335.48405,3.36721088508183e-05
336.289053,3.37529059815351e-05
337.094056,3.38337031122519e-05
337.899059,3.39145002429686e-05
338.704062,3.39952973736854e-05
339.509065,3.40760945044021e-05
340.314068,3.41568916351189e-05
341.119071,3.42376887658356e-05
341.924074,3.43184858965524e-05
342.729077,3.43992830272691e-05
343.53408,3.44800801579859e-05
344.339083,3.45608772887026e-05
345.144086,3.46416744194194e-05
345.949089,3.47224715501361e-05
346.754092,3.48032686808529e-05
347.559095,3.48840658115696e-05
348.364098,3.49648629422864e-05
349.169101,3.50456600730031e-05
349.974104,3.51264572037199e-05
350.779107,3.52072543344366e-05
351.58411,3.52880514651534e-05
352.389113,3.53688485958701e-05
353.194116,3.54496457265869e-05
353.999119,3.55304428573036e-05
354.804122,3.56112399880204e-05
355.609125,3.56920371187371e-05
356.414128,3.57728342494539e-05
357.219131,3.58536313801706e-05
358.024134,3.59344285108874e-05
358.829137,3.60152256416041e-05
359.63414,3.60960227723209e-05
360.439143,3.61768199030377e-05
361.244146,3.62576170337544e-05
362.049149,3.63384141644712e-05
362.854152,3.64192112951879e-05
363.659155,3.65000084259047e-05
364.464158,3.65808055566214e-05
365.269161,3.66616026873382e-05
366.074164,3.67423998180549e-05
366.879167,3.68231969487717e-05
367.68417,3.69039940794884e-05
368.489173,3.69847912102052e-05
369.294176,3.70655883409219e-05
370.099179,3.71463854716387e-05
370.904182,3.72271826023554e-05
371.709185,3.73079797330722e-05
372.514188,3.73887768637889e-05
373.319191,3.74695739945057e-05
374.124194,3.75503711252224e-05
374.929197,3.76311682559392e-05
375.7342,3.77119653866559e-05
376.539203,3.77927625173727e-05
377.344206,3.78735596480894e-05
378.149209,3.79543567788062e-05
378.954212,3.80351539095229e-05
379.759215,3.81159510402397e-05
380.564218,3.81967481709565e-05
381.369221,3.82775453016732e-05
382.174224,3.835834243239e-05
382.979227,3.84391395631067e-05
383.78423,3.85199366938235e-05
384.589233,3.86007338245402e-05
385.394236,3.8681530955257e-05
386.199239,3.87623280859737e-05
387.004242,3.88431252166905e-05
387.809245,3.89239223474072e-05
388.614248,3.9004719478124e-05
389.419251,3.90855166088407e-05
390.224254,3.91663137395575e-05
391.029257,3.92471108702742e-05
391.83426,3.9327908000991e-05
392.639263,3.94087051317077e-05
393.444266,3.94895022624245e-05
394.249269,3.95702993931412e-05
395.054272,3.9651096523858e-05
395.859275,3.97318936545747e-05
396.664278,3.98126907852915e-05
397.469281,3.98934879160082e-05
398.274284,3.9974285046725e-05
399.079287,4.00550821774417e-05
399.88429,4.01358793081585e-05
400.689293,4.02166764388752e-05
401.494296,4.0297473569592e-05
402.299299,4.03782707003088e-05
403.104302,4.04590678310255e-05
403.909305,4.05398649617423e-05
404.714308,4.0620662092459e-05
405.519311,4.07014592231758e-05
406.324314,4.07822563538925e-05
407.129317,4.08630534846093e-05
407.93432,4.0943850615326e-05
408.739323,4.10246477460428e-05
409.544326,4.11054448767595e-05
410.349329,4.11862420074763e-05
411.154332,4.1267039138193e-05
411.959335,4.13478362689098e-05
412.764338,4.14286333996265e-05
413.569341,4.15094305303433e-05
414.374344,4.159022766106e-05
415.179347,4.16710247917768e-05
415.98435,4.17518219224935e-05
416.789353,4.18326190532103e-05
417.594356,4.1913416183927e-05
418.399359,4.19942133146438e-05
419.204362,4.20750104453605e-05
420.009365,4.21558075760773e-05
420.814368,4.2236604706794e-05
421.619371,4.23174018375108e-05
422.424374,4.23981989682275e-05
423.229377,4.24789960989443e-05
424.03438,4.25597932296611e-05
424.839383,4.26405903603778e-05
425.644386,4.27213874910946e-05
426.449389,4.28021846218113e-05
427.254392,4.28829817525281e-05
428.059395,4.29637788832448e-05
428.864398,4.30445760139616e-05
429.669401,4.31253731446783e-05
430.474404,4.32061702753951e-05
431.279407,4.32869674061118e-05
432.08441,4.33677645368286e-05
432.889413,4.34485616675453e-05
433.694416,4.35293587982621e-05
434.499419,4.36101559289788e-05
435.304422,4.36909530596956e-05
436.109425,4.37717501904123e-05
436.914428,4.38525473211291e-05
437.719431,4.39333444518458e-05
438.524434,4.40141415825626e-05
439.329437,4.40949387132793e-05
440.13444,4.41757358439961e-05
440.939443,4.42565329747128e-05
441.744446,4.43373301054296e-05
442.549449,4.44181272361463e-05
443.354452,4.44989243668631e-05
444.159455,4.45797214975798e-05
444.964458,4.46605186282966e-05
445.769461,4.47413157590134e-05
446.574464,4.48221128897301e-05
447.379467,4.49029100204469e-05
448.18447,4.49837071511636e-05
448.989473,4.50645042818804e-05
449.794476,4.51453014125971e-05
450.599479,4.52260985433139e-05
451.404482,4.53068956740306e-05
452.209485,4.53876928047474e-05
453.014488,4.54684899354641e-05
453.819491,4.55492870661809e-05
454.624494,4.56300841968976e-05
455.429497,4.57108813276144e-05
456.2345,4.57916784583311e-05
