"ResDensity","N_TraitValue"
10,0.000448716081987678
10.3,0.000459772565179079
10.6,0.000470714576429166
10.9,0.000481543884339227
11.2,0.000492262221263834
11.5,0.000502871284234683
11.8,0.000513372735856326
12.1,0.000523768205174783
12.4,0.000534059288519984
12.7,0.000544247550322958
13,0.000554334523908661
13.3,0.000564321712265262
13.6,0.000574210588790712
13.9,0.000584002598017388
14.2,0.000593699156315524
14.5,0.00060330165257619
14.8,0.000612811448874481
15.1,0.000622229881113593
15.4,0.000631558259650427
15.7,0.000640797869903329
16,0.000649949972942569
16.3,0.000659015806064112
16.6,0.000667996583347254
16.9,0.000676893496196617
17.2,0.000685707713869052
17.5,0.000694440383985899
17.8,0.000703092633031107
18.1,0.000711665566835649
18.4,0.000720160271048677
18.7,0.000728577811595838
19,0.000736919235125159
19.3,0.000745185569440885
19.6,0.000753377823925659
19.9,0.000761496989951397
20.2,0.000769544041279221
20.5,0.000777519934448778
20.8,0.000785425609157277
21.1,0.000793261988628558
21.4,0.000801029979972504
21.7,0.000808730474535078
22,0.000816364348239275
22.3,0.000823932461917269
22.6,0.000831435661634005
22.9,0.000838874779002507
23.2,0.000846250631491138
23.5,0.000853564022723054
23.8,0.000860815742768083
24.1,0.000868006568427251
24.4,0.000875137263510173
24.7,0.000882208579105507
25,0.000889221253844688
25.3,0.000896176014159124
25.6,0.000903073574531042
25.9,0.00090991463773818
26.2,0.00091669989509248
26.5,0.00092343002667297
26.8,0.000930105701552994
27.1,0.000936727578021939
27.4,0.000943296303801635
27.7,0.000949812516257559
28,0.00095627684260499
28.3,0.000962689900110267
28.6,0.000969052296287273
28.9,0.00097536462908928
29.2,0.000981627487096285
29.5,0.000987841449697958
29.8,0.000994007087272322
30.1,0.00100012496136028
30.4,0.00100619562483609
30.7,0.00101221962207394
31,0.00101819748911067
31.3,0.00102412975380477
31.6,0.00103001693599176
31.9,0.00103585954763604
32.2,0.0010416580929793
32.5,0.00104741306868562
32.8,0.00105312496398324
33.1,0.00105879426080322
33.4,0.00106442143391497
33.7,0.00107000695105881
34,0.00107555127307558
34.3,0.00108105485403335
34.6,0.00108651814135142
34.9,0.00109194157592156
35.2,0.00109732559222661
35.5,0.00110267061845652
35.8,0.00110797707662188
36.1,0.00111324538266494
36.4,0.00111847594656837
36.7,0.00112366917246156
37,0.00112882545872471
37.3,0.00113394519809073
37.6,0.00113902877774494
37.9,0.00114407657942267
38.2,0.00114908897950483
38.5,0.00115406634911145
38.8,0.0011590090541933
39.1,0.00116391745562154
39.4,0.00116879190927559
39.7,0.00117363276612912
40,0.00117844037233431
40.3,0.00118321506930431
40.6,0.00118795719379416
40.9,0.00119266707797985
41.2,0.00119734504953597
41.5,0.00120199143171166
41.8,0.00120660654340508
42.1,0.00121119069923638
42.4,0.00121574420961918
42.7,0.00122026738083064
43,0.00122476051508017
43.3,0.00122922391057666
43.6,0.00123365786159455
43.9,0.00123806265853842
44.2,0.00124243858800647
44.5,0.00124678593285261
44.8,0.00125110497224745
45.1,0.00125539598173807
45.4,0.00125965923330658
45.7,0.00126389499542762
46,0.0012681035331247
46.3,0.00127228510802549
46.6,0.00127643997841602
46.9,0.00128056839929389
47.2,0.00128467062242039
47.5,0.00128874689637173
47.8,0.00129279746658923
48.1,0.00129682257542857
48.4,0.00130082246220816
48.7,0.00130479736325653
49,0.00130874751195891
49.3,0.00131267313880291
49.6,0.00131657447142332
49.9,0.00132045173464613
50.2,0.00132430515053173
50.5,0.00132813493841729
50.8,0.00133194131495837
51.1,0.0013357244941698
51.4,0.00133948468746578
51.7,0.00134322210369925
52,0.00134693694920059
52.3,0.00135062942781554
52.6,0.00135429974094254
52.9,0.00135794808756934
53.2,0.00136157466430893
53.5,0.00136517966543487
53.8,0.001368763282916
54.1,0.00137232570645052
54.4,0.00137586712349943
54.7,0.00137938771931944
55,0.00138288767699526
55.3,0.00138636717747136
55.6,0.00138982639958313
55.9,0.00139326552008752
56.2,0.00139668471369317
56.5,0.00140008415308996
56.8,0.00140346400897814
57.1,0.00140682445009683
57.4,0.00141016564325215
57.7,0.00141348775334483
58,0.00141679094339729
58.3,0.00142007537458035
58.6,0.00142334120623944
58.9,0.00142658859592033
59.2,0.00142981769939452
59.5,0.00143302867068412
59.8,0.00143622166208634
60.1,0.00143939682419755
60.4,0.001442554305937
60.7,0.00144569425457008
61,0.0014488168157312
61.3,0.00145192213344634
61.6,0.00145501035015516
61.9,0.00145808160673279
62.2,0.00146113604251129
62.5,0.00146417379530065
62.8,0.00146719500140958
63.1,0.00147019979566586
63.4,0.00147318831143641
63.7,0.00147616068064703
64,0.0014791170338018
64.3,0.00148205750000217
64.6,0.00148498220696581
64.9,0.00148789128104501
65.2,0.00149078484724495
65.5,0.0014936630292416
65.8,0.00149652594939928
66.1,0.00149937372878809
66.4,0.00150220648720089
66.7,0.00150502434317017
67,0.00150782741398452
67.3,0.00151061581570497
67.6,0.00151338966318095
67.9,0.0015161490700661
68.2,0.00151889414883375
68.5,0.00152162501079224
68.8,0.00152434176609998
69.1,0.00152704452378018
69.4,0.00152973339173554
69.7,0.00153240847676253
70,0.00153506988456555
70.3,0.0015377177197709
70.6,0.00154035208594042
70.9,0.00154297308558502
71.2,0.00154558082017801
71.5,0.00154817539016813
71.8,0.00155075689499252
72.1,0.00155332543308937
72.4,0.00155588110191045
72.7,0.00155842399793343
73,0.00156095421667404
73.3,0.00156347185269801
73.6,0.00156597699963285
73.9,0.00156846975017947
74.2,0.0015709501961236
74.5,0.00157341842834708
74.8,0.00157587453683893
75.1,0.00157831861070631
75.4,0.00158075073818526
75.7,0.00158317100665138
76,0.00158557950263025
76.3,0.00158797631180772
76.6,0.00159036151904015
76.9,0.00159273520836433
77.2,0.00159509746300742
77.5,0.00159744836539666
77.8,0.00159978799716893
78.1,0.00160211643918023
78.4,0.00160443377151499
78.7,0.00160674007349523
79,0.00160903542368965
79.3,0.0016113198999225
79.6,0.00161359357928244
79.9,0.00161585653813115
80.2,0.00161810885211192
80.5,0.00162035059615805
80.8,0.00162258184450119
81.1,0.0016248026706795
81.4,0.00162701314754577
81.7,0.00162921334727534
82,0.00163140334137399
82.3,0.00163358320068569
82.6,0.00163575299540018
82.9,0.00163791279506061
83.2,0.00164006266857085
83.5,0.00164220268420292
83.8,0.00164433290960415
84.1,0.00164645341180433
84.4,0.00164856425722275
84.7,0.00165066551167513
85,0.00165275724038045
85.3,0.0016548395079677
85.6,0.00165691237848255
85.9,0.0016589759153939
86.2,0.00166103018160039
86.5,0.00166307523943673
86.8,0.00166511115068006
87.1,0.00166713797655615
87.4,0.00166915577774554
87.7,0.00167116461438961
88,0.00167316454609651
88.3,0.0016751556319471
88.6,0.00167713793050078
88.9,0.00167911149980116
89.2,0.00168107639738181
89.5,0.00168303268027179
89.8,0.00168498040500119
90.1,0.00168691962760659
90.4,0.00168885040363641
90.7,0.00169077278815622
91,0.00169268683575397
91.3,0.00169459260054518
91.6,0.00169649013617802
91.9,0.00169837949583835
92.2,0.00170026073225467
92.5,0.00170213389770308
92.8,0.00170399904401204
93.1,0.00170585622256724
93.4,0.00170770548431625
93.7,0.00170954687977321
94,0.00171138045902341
94.3,0.00171320627172787
94.6,0.00171502436712778
94.9,0.00171683479404894
95.2,0.00171863760090616
95.5,0.00172043283570753
95.8,0.0017222205460587
96.1,0.00172400077916712
96.4,0.00172577358184613
96.7,0.00172753900051911
97,0.00172929708122355
97.3,0.00173104786961499
97.6,0.00173279141097101
97.9,0.00173452775019515
98.2,0.00173625693182073
98.5,0.00173797900001467
98.8,0.00173969399858126
99.1,0.00174140197096586
99.4,0.00174310296025856
99.7,0.00174479700919786
100,0.00174648416017417
100.3,0.0017481644552334
100.6,0.00174983793608043
100.9,0.00175150464408258
101.2,0.00175316462027299
101.5,0.00175481790535402
101.8,0.00175646453970053
102.1,0.00175810456336324
102.4,0.0017597380160719
102.7,0.00176136493723855
103,0.00176298536596067
103.3,0.00176459934102429
103.6,0.00176620690090715
103.9,0.00176780808378169
104.2,0.00176940292751809
104.5,0.0017709914696873
104.8,0.00177257374756391
105.1,0.00177414979812914
105.4,0.00177571965807368
105.7,0.00177728336380055
106,0.00177884095142791
106.3,0.00178039245679184
106.6,0.00178193791544909
106.9,0.00178347736267981
107.2,0.00178501083349021
107.5,0.00178653836261523
107.8,0.00178805998452115
108.1,0.0017895757334082
108.4,0.00179108564321312
108.7,0.00179258974761165
109,0.00179408808002111
109.3,0.00179558067360282
109.6,0.00179706756126455
109.9,0.00179854877566296
110.2,0.00180002434920598
110.5,0.00180149431405516
110.8,0.00180295870212803
111.1,0.00180441754510041
111.4,0.00180587087440867
111.7,0.001807318721252
112,0.00180876111659465
112.3,0.00181019809116813
112.6,0.00181162967547341
112.9,0.00181305589978305
113.2,0.00181447679414333
113.5,0.0018158923883764
113.8,0.00181730271208233
114.1,0.00181870779464121
114.4,0.00182010766521513
114.7,0.00182150235275026
115,0.00182289188597881
115.3,0.00182427629342101
115.6,0.00182565560338707
115.9,0.00182702984397909
116.2,0.00182839904309301
116.5,0.00182976322842044
116.8,0.00183112242745056
117.1,0.00183247666747198
117.4,0.00183382597557453
117.7,0.0018351703786511
118,0.0018365099033994
118.3,0.00183784457632375
118.6,0.0018391744237368
118.9,0.0018404994717613
119.2,0.00184181974633178
119.5,0.00184313527319622
119.8,0.0018444460779178
120.1,0.00184575218587647
120.4,0.00184705362227066
120.7,0.00184835041211883
121,0.00184964258026113
121.3,0.00185093015136098
121.6,0.0018522131499066
121.9,0.0018534916002126
122.2,0.00185476552642152
122.5,0.00185603495250529
122.8,0.00185729990226682
123.1,0.00185856039934143
123.4,0.00185981646719833
123.7,0.00186106812914211
124,0.00186231540831411
124.3,0.00186355832769393
124.6,0.0018647969101008
124.9,0.00186603117819495
125.2,0.00186726115447906
125.5,0.00186848686129955
125.8,0.00186970832084801
126.1,0.00187092555516246
126.4,0.00187213858612877
126.7,0.00187334743548186
127,0.00187455212480709
127.3,0.00187575267554152
127.6,0.00187694910897514
127.9,0.00187814144625218
128.2,0.00187932970837236
128.5,0.00188051391619205
128.8,0.00188169409042557
129.1,0.00188287025164638
129.4,0.00188404242028823
129.7,0.00188521061664641
130,0.00188637486087886
130.3,0.00188753517300738
130.6,0.00188869157291874
130.9,0.00188984408036583
131.2,0.00189099271496881
131.5,0.00189213749621617
131.8,0.00189327844346588
132.1,0.00189441557594645
132.4,0.00189554891275803
132.7,0.00189667847287349
133,0.00189780427513942
133.3,0.00189892633827727
133.6,0.00190004468088428
133.9,0.00190115932143462
134.2,0.00190227027828032
134.5,0.00190337756965232
134.8,0.00190448121366144
135.1,0.00190558122829941
135.4,0.0019066776314398
135.7,0.00190777044083903
136,0.00190885967413728
136.3,0.00190994534885949
136.6,0.00191102748241627
136.9,0.00191210609210484
137.2,0.00191318119510995
137.5,0.00191425280850479
137.8,0.00191532094925189
138.1,0.00191638563420403
138.4,0.00191744688010512
138.7,0.00191850470359106
139,0.00191955912119064
139.3,0.00192061014932637
139.6,0.00192165780431537
139.9,0.00192270210237017
140.2,0.00192374305959958
140.5,0.0019247806920095
140.8,0.00192581501550377
141.1,0.00192684604588492
141.4,0.00192787379885504
141.7,0.00192889829001656
142,0.00192991953487301
142.3,0.00193093754882983
142.6,0.00193195234719514
142.9,0.00193296394518052
143.2,0.00193397235790172
143.5,0.00193497760037949
143.8,0.00193597968754024
144.1,0.00193697863421687
144.4,0.00193797445514941
144.7,0.00193896716498582
145,0.00193995677828267
145.3,0.00194094330950585
145.6,0.0019419267730313
145.9,0.00194290718314569
146.2,0.00194388455404709
146.5,0.0019448588998457
146.8,0.00194583023456453
147.1,0.00194679857214001
147.4,0.00194776392642272
147.7,0.00194872631117802
148,0.00194968574008673
148.3,0.00195064222674575
148.6,0.0019515957846687
148.9,0.00195254642728659
149.2,0.00195349416794843
149.5,0.00195443901992183
149.8,0.00195538099639367
150.1,0.00195632011047068
150.4,0.00195725637518006
150.7,0.00195818980347007
151,0.00195912040821064
151.3,0.00196004820219396
151.6,0.00196097319813504
151.9,0.00196189540867235
152.2,0.00196281484636834
152.5,0.00196373152371001
152.8,0.00196464545310954
153.1,0.00196555664690476
153.4,0.00196646511735978
153.7,0.00196737087666549
154,0.00196827393694015
154.3,0.00196917431022989
154.6,0.00197007200850926
154.9,0.00197096704368177
155.2,0.0019718594275804
155.5,0.00197274917196814
155.8,0.00197363628853849
156.1,0.00197452078891599
156.4,0.0019754026846567
156.7,0.00197628198724874
157,0.00197715870811275
157.3,0.00197803285860243
157.6,0.00197890445000497
157.9,0.00197977349354159
158.2,0.00198064000036801
158.5,0.0019815039815749
158.8,0.00198236544818837
159.1,0.00198322441117046
159.4,0.00198408088141957
159.7,0.00198493486977095
160,0.00198578638699713
