"ResDensity","N_TraitValue"
10,7.58706064380514e-05
10.12,7.67258907803288e-05
10.24,7.7579947056035e-05
10.36,7.84327779082657e-05
10.48,7.92843859725371e-05
10.6,8.01347738768133e-05
10.72,8.09839442415334e-05
10.84,8.1831899679638e-05
10.96,8.26786427965964e-05
11.08,8.35241761904331e-05
11.2,8.43685024517545e-05
11.32,8.52116241637751e-05
11.44,8.60535439023443e-05
11.56,8.68942642359721e-05
11.68,8.77337877258555e-05
11.8,8.85721169259047e-05
11.92,8.94092543827685e-05
12.04,9.02452026358606e-05
12.16,9.10799642173848e-05
12.28,9.19135416523611e-05
12.4,9.27459374586506e-05
12.52,9.35771541469813e-05
12.64,9.4407194220973e-05
12.76,9.52360601771629e-05
12.88,9.606375450503e-05
13,9.68902796870205e-05
13.12,9.77156381985725e-05
13.24,9.85398325081406e-05
13.36,9.93628650772208e-05
13.48,0.000100184738360374
13.6,0.000101005454805253
13.72,0.000101825016852623
13.84,0.000102643426936389
13.96,0.000103460687483619
14.08,0.000104276800914565
14.2,0.000105091769642693
14.32,0.000105905596074702
14.44,0.000106718282610549
14.56,0.000107529831643472
14.68,0.000108340245560016
14.8,0.000109149526740052
14.92,0.000109957677556804
15.04,0.000110764700376872
15.16,0.000111570597560254
15.28,0.000112375371460367
15.4,0.000113179024424074
15.52,0.000113981558791704
15.64,0.000114782976897077
15.76,0.000115583281067523
15.88,0.000116382473623908
16,0.000117180556880656
16.12,0.000117977533145768
16.24,0.000118773404720848
16.36,0.000119568173901126
16.48,0.000120361842975475
16.6,0.000121154414226437
16.72,0.000121945889930243
16.84,0.000122736272356838
16.96,0.000123525563769899
17.08,0.000124313766426856
17.2,0.000125100882578919
17.32,0.000125886914471092
17.44,0.000126671864342202
17.56,0.000127455734424914
17.68,0.000128238526945755
17.8,0.000129020244125137
17.92,0.000129800888177371
18.04,0.000130580461310698
18.16,0.0001313589657273
18.28,0.000132136403623329
18.4,0.00013291277718892
18.52,0.000133688088608218
18.64,0.000134462340059397
18.76,0.000135235533714675
18.88,0.000136007671740342
19,0.000136778756296777
19.12,0.000137548789538465
19.24,0.000138317773614024
19.36,0.000139085710666218
19.48,0.000139852602831981
19.6,0.000140618452242435
19.72,0.000141383261022913
19.84,0.000142147031292973
19.96,0.000142909765166422
20.08,0.000143671464751335
20.2,0.000144432132150073
20.32,0.000145191769459302
20.44,0.000145950378770016
20.56,0.00014670796216755
20.68,0.000147464521731605
20.8,0.000148220059536264
20.92,0.000148974577650011
21.04,0.000149728078135751
21.16,0.000150480563050828
21.28,0.000151232034447044
21.4,0.000151982494370678
21.52,0.000152731944862503
21.64,0.000153480387957806
21.76,0.000154227825686408
21.88,0.000154974260072678
22,0.000155719693135554
22.12,0.000156464126888563
22.24,0.000157207563339835
22.36,0.000157950004492123
22.48,0.000158691452342823
22.6,0.000159431908883988
22.72,0.000160171376102348
22.84,0.00016090985597933
22.96,0.00016164735049107
23.08,0.000162383861608437
23.2,0.000163119391297044
23.32,0.000163853941517272
23.44,0.000164587514224284
23.56,0.000165320111368041
23.68,0.000166051734893323
23.8,0.000166782386739743
23.92,0.000167512068841765
24.04,0.000168240783128722
24.16,0.000168968531524834
24.28,0.000169695315949222
24.4,0.000170421138315924
24.52,0.000171146000533919
24.64,0.000171869904507134
24.76,0.000172592852134468
24.88,0.000173314845309806
25,0.000174035885922035
25.12,0.000174755975855061
25.24,0.000175475116987826
25.36,0.000176193311194323
25.48,0.000176910560343615
25.6,0.000177626866299846
25.72,0.000178342230922264
25.84,0.000179056656065231
25.96,0.000179770143578244
26.08,0.000180482695305945
26.2,0.000181194313088143
26.32,0.000181904998759828
26.44,0.000182614754151184
26.56,0.000183323581087608
26.68,0.000184031481389723
26.8,0.000184738456873397
26.92,0.000185444509349754
27.04,0.000186149640625195
27.16,0.000186853852501408
27.28,0.000187557146775387
27.4,0.000188259525239445
27.52,0.00018896098968123
27.64,0.000189661541883743
27.76,0.000190361183625348
27.88,0.000191059916679789
28,0.000191757742816209
28.12,0.000192454663799157
28.24,0.000193150681388611
28.36,0.000193845797339988
28.48,0.000194540013404159
28.6,0.000195233331327466
28.72,0.000195925752851733
28.84,0.000196617279714286
28.96,0.000197307913647963
29.08,0.000197997656381129
29.2,0.000198686509637692
29.32,0.000199374475137117
29.44,0.000200061554594439
29.56,0.000200747749720279
29.68,0.000201433062220857
29.8,0.000202117493798008
29.92,0.000202801046149191
30.04,0.000203483720967511
30.16,0.000204165519941726
30.28,0.000204846444756264
30.4,0.000205526497091236
30.52,0.000206205678622452
30.64,0.000206883991021432
30.76,0.000207561435955419
30.88,0.000208238015087397
31,0.000208913730076101
31.12,0.000209588582576032
31.24,0.000210262574237469
31.36,0.000210935706706484
31.48,0.000211607981624955
31.6,0.000212279400630579
31.72,0.000212949965356887
31.84,0.000213619677433253
31.96,0.000214288538484913
32.08,0.000214956550132974
32.2,0.000215623713994426
32.32,0.000216290031682161
32.44,0.00021695550480498
32.56,0.000217620134967609
32.68,0.000218283923770711
32.8,0.000218946872810899
32.92,0.000219608983680748
33.04,0.00022027025796881
33.16,0.000220930697259624
33.28,0.000221590303133731
33.4,0.000222249077167685
33.52,0.000222907020934065
33.64,0.000223564136001491
33.76,0.000224220423934631
33.88,0.000224875886294219
34,0.000225530524637064
34.12,0.000226184340516063
34.24,0.000226837335480213
34.36,0.000227489511074625
34.48,0.000228140868840534
34.6,0.000228791410315311
34.72,0.000229441137032478
34.84,0.000230090050521717
34.96,0.000230738152308884
35.08,0.000231385443916019
35.2,0.00023203192686136
35.32,0.000232677602659353
35.44,0.000233322472820665
35.56,0.000233966538852197
35.68,0.000234609802257092
35.8,0.000235252264534751
35.92,0.00023589392718084
36.04,0.000236534791687306
36.16,0.000237174859542387
36.28,0.000237814132230622
36.4,0.000238452611232866
36.52,0.000239090298026296
36.64,0.000239727194084427
36.76,0.000240363300877124
36.88,0.000240998619870609
37,0.000241633152527473
37.12,0.000242266900306693
37.24,0.000242899864663635
37.36,0.000243532047050071
37.48,0.000244163448914188
37.6,0.000244794071700599
37.72,0.000245423916850354
37.84,0.000246052985800951
37.96,0.000246681279986348
38.08,0.000247308800836972
38.2,0.000247935549779732
38.32,0.000248561528238028
38.44,0.000249186737631763
38.56,0.000249811179377352
38.68,0.000250434854887735
38.8,0.000251057765572386
38.92,0.000251679912837325
39.04,0.000252301298085128
39.16,0.000252921922714935
39.28,0.000253541788122465
39.4,0.000254160895700024
39.52,0.000254779246836514
39.64,0.000255396842917448
39.76,0.000256013685324956
39.88,0.000256629775437795
40,0.000257245114631363
40.12,0.000257859704277707
40.24,0.000258473545745534
40.36,0.00025908664040022
40.48,0.000259698989603819
40.6,0.000260310594715077
40.72,0.00026092145708944
40.84,0.000261531578079062
40.96,0.00026214095903282
41.08,0.000262749601296316
41.2,0.000263357506211897
41.32,0.000263964675118655
41.44,0.000264571109352445
41.56,0.00026517681024589
41.68,0.000265781779128389
41.8,0.000266386017326135
41.92,0.000266989526162116
42.04,0.000267592306956127
42.16,0.000268194361024785
42.28,0.000268795689681529
42.4,0.00026939629423664
42.52,0.00026999617599724
42.64,0.000270595336267311
42.76,0.000271193776347699
42.88,0.000271791497536124
43,0.000272388501127189
43.12,0.000272984788412393
43.24,0.000273580360680137
43.36,0.000274175219215733
43.48,0.000274769365301413
43.6,0.000275362800216343
43.72,0.000275955525236626
43.84,0.000276547541635315
43.96,0.000277138850682419
44.08,0.000277729453644916
44.2,0.000278319351786759
44.32,0.000278908546368887
44.44,0.000279497038649232
44.56,0.000280084829882728
44.68,0.000280671921321323
44.8,0.000281258314213985
44.92,0.000281844009806711
45.04,0.000282429009342537
45.16,0.000283013314061547
45.28,0.000283596925200878
45.4,0.000284179843994737
45.52,0.000284762071674398
45.64,0.000285343609468223
45.76,0.000285924458601661
45.88,0.000286504620297261
46,0.000287084095774681
46.12,0.000287662886250696
46.24,0.000288240992939203
46.36,0.000288818417051235
46.48,0.000289395159794966
46.6,0.000289971222375722
46.72,0.000290546605995984
46.84,0.000291121311855405
46.96,0.00029169534115081
47.08,0.000292268695076208
47.2,0.000292841374822802
47.32,0.000293413381578993
47.44,0.000293984716530392
47.56,0.000294555380859827
47.68,0.000295125375747349
47.8,0.000295694702370243
47.92,0.000296263361903037
48.04,0.000296831355517505
48.16,0.00029739868438268
48.28,0.00029796534966486
48.4,0.000298531352527617
48.52,0.000299096694131801
48.64,0.000299661375635557
48.76,0.000300225398194321
48.88,0.000300788762960837
49,0.000301351471085162
49.12,0.000301913523714672
49.24,0.000302474921994074
49.36,0.000303035667065408
49.48,0.00030359576006806
49.6,0.000304155202138767
49.72,0.000304713994411625
49.84,0.000305272138018099
49.96,0.000305829634087025
50.08,0.000306386483744625
50.2,0.000306942688114509
50.32,0.000307498248317683
50.44,0.000308053165472561
50.56,0.000308607440694968
50.68,0.000309161075098147
50.8,0.000309714069792772
50.92,0.00031026642588695
51.04,0.000310818144486229
51.16,0.000311369226693608
51.28,0.000311919673609543
51.4,0.000312469486331953
51.52,0.00031301866595623
51.64,0.000313567213575244
51.76,0.000314115130279351
51.88,0.000314662417156402
52,0.000315209075291745
52.12,0.000315755105768238
52.24,0.000316300509666254
52.36,0.000316845288063688
52.48,0.000317389442035962
52.6,0.000317932972656037
52.72,0.000318475880994414
52.84,0.000319018168119148
52.96,0.000319559835095847
53.08,0.000320100882987686
53.2,0.000320641312855411
53.32,0.000321181125757346
53.44,0.000321720322749397
53.56,0.000322258904885066
53.68,0.000322796873215452
53.8,0.00032333422878926
53.92,0.000323870972652805
54.04,0.000324407105850025
54.16,0.000324942629422481
54.28,0.000325477544409369
54.4,0.000326011851847521
54.52,0.000326545552771418
54.64,0.000327078648213194
54.76,0.00032761113920264
54.88,0.000328143026767216
55,0.000328674311932051
55.12,0.000329204995719957
55.24,0.00032973507915143
55.36,0.000330264563244657
55.48,0.000330793449015527
55.6,0.000331321737477632
55.72,0.000331849429642277
55.84,0.000332376526518485
55.96,0.000332903029113003
56.08,0.00033342893843031
56.2,0.000333954255472623
56.32,0.000334478981239901
56.44,0.000335003116729855
56.56,0.000335526662937952
56.68,0.000336049620857422
56.8,0.000336571991479263
56.92,0.000337093775792251
57.04,0.000337614974782941
57.16,0.000338135589435678
57.28,0.000338655620732598
57.4,0.000339175069653641
57.52,0.000339693937176551
57.64,0.000340212224276884
57.76,0.000340729931928018
57.88,0.000341247061101152
58,0.000341763612765317
58.12,0.000342279587887382
58.24,0.000342794987432058
58.36,0.000343309812361905
58.48,0.000343824063637337
58.6,0.00034433774221663
58.72,0.000344850849055927
58.84,0.000345363385109243
58.96,0.000345875351328473
59.08,0.000346386748663393
59.2,0.000346897578061674
59.32,0.00034740784046888
59.44,0.00034791753682848
59.56,0.000348426668081848
59.68,0.000348935235168272
59.8,0.000349443239024963
59.92,0.000349950680587053
60.04,0.000350457560787607
60.16,0.000350963880557627
60.28,0.000351469640826056
60.4,0.000351974842519788
60.52,0.000352479486563666
60.64,0.000352983573880497
60.76,0.000353487105391051
60.88,0.000353990082014068
61,0.000354492504666266
61.12,0.000354994374262343
61.24,0.000355495691714987
61.36,0.000355996457934875
61.48,0.000356496673830685
61.6,0.000356996340309099
61.72,0.000357495458274807
61.84,0.000357994028630516
61.96,0.00035849205227695
62.08,0.000358989530112861
62.2,0.000359486463035033
62.32,0.000359982851938283
62.44,0.000360478697715473
62.56,0.000360974001257512
62.68,0.00036146876345336
62.8,0.000361962985190035
62.92,0.000362456667352619
63.04,0.000362949810824263
63.16,0.000363442416486191
63.28,0.000363934485217705
63.4,0.000364426017896192
63.52,0.000364917015397129
63.64,0.000365407478594088
63.76,0.000365897408358739
63.88,0.000366386805560857
64,0.00036687567106833
64.12,0.000367364005747157
64.24,0.000367851810461462
64.36,0.00036833908607349
64.48,0.000368825833443619
64.6,0.000369312053430362
64.72,0.000369797746890374
64.84,0.000370282914678453
64.96,0.00037076755764755
65.08,0.00037125167664877
65.2,0.00037173527253138
65.32,0.000372218346142812
65.44,0.000372700898328669
65.56,0.000373182929932728
65.68,0.000373664441796949
65.8,0.000374145434761474
65.92,0.000374625909664639
66.04,0.000375105867342973
66.16,0.000375585308631204
66.28,0.000376064234362268
66.4,0.000376542645367306
66.52,0.000377020542475678
66.64,0.00037749792651496
66.76,0.000377974798310953
66.88,0.000378451158687689
67,0.000378927008467429
67.12,0.000379402348470675
67.24,0.000379877179516173
67.36,0.000380351502420914
67.48,0.000380825318000143
67.6,0.000381298627067361
67.72,0.000381771430434332
67.84,0.000382243728911085
67.96,0.000382715523305921
68.08,0.000383186814425414
68.2,0.000383657603074422
68.32,0.000384127890056085
68.44,0.000384597676171834
68.56,0.000385066962221391
68.68,0.00038553574900278
68.8,0.000386004037312325
68.92,0.000386471827944658
69.04,0.000386939121692726
69.16,0.000387405919347787
69.28,0.000387872221699424
69.4,0.000388338029535543
69.52,0.000388803343642382
69.64,0.000389268164804511
69.76,0.000389732493804839
69.88,0.000390196331424619
70,0.00039065967844345
