"ResDensity","N_TraitValue"
15,0.000946356544393994
15.156,0.00095321259269368
15.312,0.000960025953553307
15.468,0.000966797024409331
15.624,0.000973526197779757
15.78,0.00098021386133999
15.936,0.000986860397997285
16.092,0.000993466185963832
16.248,0.00100003159882849
16.404,0.00100655700562723
16.56,0.00101304277091227
16.716,0.00101948925481996
16.872,0.00102589681313747
17.028,0.0010322657973682
17.184,0.00103859655479612
17.34,0.00104488942854883
17.496,0.0010511447576596
17.652,0.00105736287712823
17.808,0.00106354411798088
17.964,0.00106968880732878
18.12,0.00107579726842597
18.276,0.00108186982072596
18.432,0.00108790677993744
18.588,0.00109390845807897
18.744,0.00109987516353277
18.9,0.0011058072010975
19.056,0.00111170487204019
19.212,0.00111756847414726
19.368,0.00112339830177457
19.524,0.00112919464589677
19.68,0.00113495779415565
19.836,0.00114068803090773
19.992,0.00114638563727104
20.148,0.0011520508911711
20.304,0.0011576840673861
20.46,0.00116328543759131
20.616,0.0011688552704028
20.772,0.00117439383142034
20.928,0.00117990138326964
21.084,0.00118537818564382
21.24,0.00119082449534432
21.396,0.00119624056632093
21.552,0.00120162664971133
21.708,0.00120698299387991
21.864,0.00121230984445589
22.02,0.00121760744437094
22.176,0.00122287603389604
22.332,0.00122811585067787
22.488,0.0012333271297745
22.644,0.00123851010369056
22.8,0.0012436650024118
22.956,0.00124879205343914
23.112,0.0012538914818221
23.268,0.00125896351019176
23.424,0.00126400835879316
23.58,0.00126902624551713
23.736,0.00127401738593173
23.892,0.0012789819933131
24.048,0.00128392027867579
24.204,0.00128883245080272
24.36,0.00129371871627458
24.516,0.00129857927949879
24.672,0.00130341434273799
24.828,0.00130822410613812
24.984,0.00131300876775604
25.14,0.00131776852358668
25.296,0.00132250356758983
25.452,0.00132721409171651
25.608,0.00133190028593486
25.764,0.00133656233825568
25.92,0.00134120043475765
26.076,0.00134581475961197
26.232,0.00135040549510684
26.388,0.00135497282167141
26.544,0.00135951691789943
26.7,0.00136403796057253
26.856,0.00136853612468317
27.012,0.00137301158345716
27.168,0.00137746450837595
27.324,0.00138189506919851
27.48,0.00138630343398292
27.636,0.00139068976910759
27.792,0.00139505423929222
27.948,0.0013993970076184
28.104,0.00140371823554993
28.26,0.00140801808295283
28.416,0.00141229670811508
28.572,0.001416554267766
28.728,0.0014207909170954
28.884,0.00142500680977246
29.04,0.0014292020979643
29.196,0.00143337693235426
29.352,0.00143753146215997
29.508,0.00144166583515115
29.664,0.00144578019766706
29.82,0.00144987469463383
29.976,0.00145394946958145
30.132,0.00145800466466055
30.288,0.00146204042065892
30.444,0.00146605687701781
30.6,0.001470054171848
30.756,0.00147403244194561
30.912,0.00147799182280772
31.068,0.00148193244864776
31.224,0.00148585445241063
31.38,0.00148975796578773
31.536,0.00149364311923163
31.692,0.00149751004197063
31.848,0.0015013588620231
32.004,0.00150518970621156
32.16,0.00150900270017669
32.316,0.00151279796839098
32.472,0.00151657563417234
32.628,0.00152033581969743
32.784,0.00152407864601481
32.94,0.00152780423305797
33.096,0.00153151269965812
33.252,0.00153520416355684
33.408,0.0015388787414185
33.564,0.00154253654884261
33.72,0.00154617770037589
33.876,0.00154980230952424
34.032,0.00155341048876458
34.188,0.00155700234955642
34.344,0.00156057800235337
34.5,0.00156413755661445
34.656,0.00156768112081528
34.812,0.00157120880245909
34.968,0.00157472070808757
35.124,0.00157821694329162
35.28,0.00158169761272193
35.436,0.00158516282009943
35.592,0.00158861266822555
35.748,0.00159204725899244
35.904,0.00159546669339297
36.06,0.00159887107153065
36.216,0.00160226049262937
36.372,0.00160563505504307
36.528,0.00160899485626522
36.684,0.00161233999293825
36.84,0.00161567056086279
36.996,0.00161898665500681
37.152,0.00162228836951468
37.308,0.00162557579771602
37.464,0.00162884903213458
37.62,0.00163210816449682
37.776,0.00163535328574057
37.932,0.00163858448602343
38.088,0.00164180185473114
38.244,0.0016450054804858
38.4,0.00164819545115407
38.556,0.00165137185385513
38.712,0.00165453477496864
38.868,0.00165768430014258
39.024,0.00166082051430097
39.18,0.0016639435016515
39.336,0.00166705334569309
39.492,0.0016701501292233
39.648,0.00167323393434569
39.804,0.00167630484247708
39.96,0.00167936293435472
40.116,0.00168240829004335
40.272,0.00168544098894221
40.428,0.00168846110979191
40.584,0.00169146873068127
40.74,0.00169446392905404
40.896,0.00169744678171556
41.052,0.0017004173648393
41.208,0.00170337575397337
41.364,0.0017063220240469
41.52,0.0017092562493764
41.676,0.00171217850367197
41.832,0.00171508886004349
41.988,0.00171798739100673
42.144,0.00172087416848935
42.3,0.00172374926383686
42.456,0.00172661274781852
42.612,0.00172946469063308
42.768,0.00173230516191461
42.924,0.00173513423073808
43.08,0.00173795196562502
43.236,0.00174075843454902
43.392,0.00174355370494121
43.548,0.00174633784369565
43.704,0.00174911091717469
43.86,0.0017518729912142
44.016,0.00175462413112882
44.172,0.0017573644017171
44.328,0.00176009386726657
44.484,0.00176281259155878
44.64,0.00176552063787428
44.796,0.0017682180689975
44.952,0.00177090494722163
45.108,0.00177358133435339
45.264,0.00177624729171781
45.42,0.00177890288016286
45.576,0.00178154816006413
45.732,0.00178418319132936
45.888,0.001786808033403
46.044,0.00178942274527066
46.2,0.00179202738546354
46.356,0.00179462201206278
46.512,0.0017972066827038
46.668,0.00179978145458054
46.824,0.00180234638444972
46.98,0.00180490152863496
47.136,0.00180744694303095
47.292,0.00180998268310748
47.448,0.00181250880391352
47.604,0.00181502536008115
47.76,0.00181753240582954
47.916,0.00182002999496883
48.072,0.00182251818090398
48.228,0.00182499701663857
48.384,0.00182746655477856
48.54,0.00182992684753605
48.696,0.00183237794673289
48.852,0.00183481990380441
49.008,0.00183725276980291
49.164,0.00183967659540132
49.32,0.00184209143089666
49.476,0.0018444973262135
49.632,0.00184689433090749
49.788,0.00184928249416866
49.944,0.00185166186482484
50.1,0.00185403249134498
50.256,0.00185639442184246
50.412,0.00185874770407829
50.568,0.00186109238546437
50.724,0.00186342851306669
50.88,0.00186575613360842
51.036,0.00186807529347311
51.192,0.00187038603870767
51.348,0.0018726884150255
51.504,0.00187498246780948
51.66,0.00187726824211493
51.816,0.00187954578267257
51.972,0.00188181513389147
52.128,0.00188407633986188
52.284,0.00188632944435815
52.44,0.0018885744908415
52.596,0.00189081152246282
52.752,0.00189304058206548
52.908,0.00189526171218802
53.064,0.00189747495506688
53.22,0.00189968035263905
53.376,0.00190187794654475
53.532,0.00190406777813003
53.688,0.00190624988844939
53.844,0.00190842431826831
54,0.00191059110806579
54.156,0.00191275029803692
54.312,0.00191490192809527
54.468,0.00191704603787545
54.624,0.00191918266673545
54.78,0.00192131185375914
54.936,0.00192343363775857
55.092,0.00192554805727639
55.248,0.00192765515058813
55.404,0.00192975495570457
55.56,0.00193184751037398
55.716,0.00193393285208439
55.872,0.00193601101806584
56.028,0.0019380820452926
56.184,0.00194014597048534
56.34,0.00194220283011332
56.496,0.00194425266039653
56.652,0.00194629549730782
56.808,0.001948331376575
56.964,0.00195036033368292
57.12,0.00195238240387555
57.276,0.00195439762215799
57.432,0.00195640602329852
57.588,0.00195840764183059
57.744,0.00196040251205478
57.9,0.00196239066804079
58.056,0.00196437214362936
58.212,0.00196634697243418
58.368,0.00196831518784385
58.524,0.00197027682302366
58.68,0.00197223191091756
58.836,0.00197418048424992
58.992,0.0019761225755274
59.148,0.00197805821704077
59.304,0.00197998744086664
59.46,0.0019819102788693
59.616,0.00198382676270244
59.772,0.00198573692381086
59.928,0.00198764079343227
60.084,0.00198953840259891
60.24,0.00199142978213927
60.396,0.00199331496267977
60.552,0.00199519397464641
60.708,0.00199706684826638
60.864,0.00199893361356971
61.02,0.00200079430039086
61.176,0.00200264893837032
61.332,0.00200449755695617
61.488,0.00200634018540566
61.644,0.00200817685278674
61.8,0.00201000758797957
61.956,0.00201183241967807
62.112,0.00201365137639139
62.268,0.00201546448644542
62.424,0.00201727177798423
62.58,0.00201907327897157
62.736,0.00202086901719226
62.892,0.00202265902025364
63.048,0.00202444331558702
63.204,0.00202622193044902
63.36,0.002027994891923
63.516,0.00202976222692042
63.672,0.00203152396218221
63.828,0.0020332801242801
63.984,0.00203503073961797
64.14,0.00203677583443319
64.296,0.0020385154347979
64.452,0.00204024956662032
64.608,0.00204197825564604
64.764,0.00204370152745928
64.92,0.0020454194074842
65.076,0.00204713192098606
65.232,0.00204883909307256
65.388,0.00205054094869499
65.544,0.00205223751264949
65.7,0.00205392880957824
65.856,0.00205561486397065
66.012,0.00205729570016453
66.168,0.0020589713423473
66.324,0.00206064181455711
66.48,0.00206230714068401
66.636,0.00206396734447108
66.792,0.00206562244951557
66.948,0.00206727247927002
67.104,0.00206891745704332
67.26,0.0020705574060019
67.416,0.00207219234917071
67.572,0.00207382230943439
67.728,0.00207544730953828
67.884,0.0020770673720895
68.04,0.00207868251955801
68.196,0.0020802927742776
68.352,0.002081898158447
68.508,0.00208349869413081
68.664,0.00208509440326057
68.82,0.00208668530763576
68.976,0.00208827142892476
69.132,0.00208985278866587
69.288,0.00209142940826825
69.444,0.00209300130901292
69.6,0.00209456851205368
69.756,0.0020961310384181
69.912,0.00209768890900843
70.068,0.00209924214460255
70.224,0.00210079076585489
70.38,0.00210233479329733
70.536,0.00210387424734012
70.692,0.00210540914827278
70.848,0.00210693951626501
71.004,0.00210846537136752
71.16,0.00210998673351296
71.316,0.00211150362251677
71.472,0.00211301605807802
71.628,0.00211452405978031
71.784,0.00211602764709254
71.94,0.00211752683936984
72.096,0.00211902165585432
72.252,0.00212051211567595
72.408,0.00212199823785335
72.564,0.00212348004129458
72.72,0.002124957544798
72.876,0.00212643076705299
73.032,0.0021278997266408
73.188,0.00212936444203532
73.344,0.00213082493160381
73.5,0.00213228121360773
73.656,0.00213373330620345
73.812,0.00213518122744303
73.968,0.00213662499527499
74.124,0.00213806462754499
74.28,0.00213950014199662
74.436,0.0021409315562721
74.592,0.00214235888791304
74.748,0.00214378215436108
74.904,0.0021452013729587
75.06,0.00214661656094984
75.216,0.00214802773548065
75.372,0.00214943491360017
75.528,0.00215083811226098
75.684,0.00215223734831995
75.84,0.00215363263853886
75.996,0.00215502399958509
76.152,0.00215641144803228
76.308,0.00215779500036098
76.464,0.00215917467295932
76.62,0.00216055048212365
76.776,0.00216192244405918
76.932,0.00216329057488061
77.088,0.00216465489061277
77.244,0.00216601540719124
77.4,0.00216737214046297
77.556,0.00216872510618692
77.712,0.00217007432003462
77.868,0.00217141979759082
78.024,0.00217276155435407
78.18,0.00217409960573731
78.336,0.00217543396706849
78.492,0.00217676465359112
78.648,0.00217809168046486
78.804,0.0021794150627661
78.96,0.00218073481548855
79.116,0.00218205095354378
79.272,0.00218336349176177
79.428,0.00218467244489151
79.584,0.00218597782760152
79.74,0.0021872796544804
79.896,0.00218857794003739
80.052,0.0021898726987029
80.208,0.00219116394482903
80.364,0.00219245169269013
80.52,0.0021937359564833
80.676,0.00219501675032893
80.832,0.00219629408827121
80.988,0.00219756798427862
81.144,0.00219883845224448
81.3,0.00220010550598745
81.456,0.002201369159252
81.612,0.00220262942570893
81.768,0.00220388631895584
81.924,0.00220513985251768
82.08,0.00220639003984714
82.236,0.00220763689432522
82.392,0.00220888042926167
82.548,0.00221012065789544
82.704,0.00221135759339518
82.86,0.00221259124885973
83.016,0.00221382163731853
83.172,0.00221504877173208
83.328,0.00221627266499245
83.484,0.0022174933299237
83.64,0.00221871077928229
83.796,0.00221992502575759
83.952,0.00222113608197229
84.108,0.00222234396048283
84.264,0.00222354867377984
84.42,0.00222475023428857
84.576,0.00222594865436934
84.732,0.00222714394631792
84.888,0.002228336122366
85.044,0.00222952519468155
85.2,0.00223071117536929
85.356,0.00223189407647107
85.512,0.00223307390996629
85.668,0.00223425068777227
85.824,0.00223542442174472
85.98,0.00223659512367808
86.136,0.00223776280530592
86.292,0.00223892747830136
86.448,0.00224008915427744
86.604,0.00224124784478752
86.76,0.00224240356132562
86.916,0.00224355631532688
87.072,0.00224470611816785
87.228,0.00224585298116693
87.384,0.0022469969155847
87.54,0.00224813793262432
87.696,0.00224927604343185
87.852,0.00225041125909667
88.008,0.00225154359065182
88.164,0.00225267304907432
88.32,0.00225379964528558
88.476,0.00225492339015171
88.632,0.0022560442944839
88.788,0.00225716236903876
88.944,0.00225827762451863
89.1,0.00225939007157197
89.256,0.00226049972079367
89.412,0.0022616065827254
89.568,0.00226271066785593
89.724,0.00226381198662148
89.88,0.00226491054940603
90.036,0.00226600636654166
90.192,0.00226709944830885
90.348,0.00226818980493685
90.504,0.00226927744660395
90.66,0.00227036238343781
90.816,0.0022714446255158
90.972,0.00227252418286528
91.128,0.00227360106546391
91.284,0.00227467528323999
91.44,0.00227574684607274
91.596,0.0022768157637926
91.752,0.00227788204618154
91.908,0.00227894570297336
92.064,0.00228000674385397
92.22,0.00228106517846171
92.376,0.00228212101638762
92.532,0.00228317426717575
92.688,0.00228422494032342
92.844,0.00228527304528153
93,0.00228631859145483
