"ResDensity","N_TraitValue"
15,0.000183275201033475
15.21,0.000185504480057281
15.42,0.000187725698854938
15.63,0.000189938901061633
15.84,0.000192144129998158
16.05,0.000194341428673729
16.26,0.000196530839788786
16.47,0.000198712405737758
16.68,0.000200886168611798
16.89,0.000203052170201494
17.1,0.000205210451999541
17.31,0.000207361055203397
17.52,0.000209504020717899
17.73,0.00021163938915786
17.94,0.000213767200850634
18.15,0.000215887495838653
18.36,0.00021800031388194
18.57,0.000220105694460597
18.78,0.000222203676777258
18.99,0.000224294299759528
19.2,0.000226377602062389
19.41,0.000228453622070579
19.62,0.000230522397900956
19.83,0.000232583967404824
20.04,0.000234638368170248
20.25,0.000236685637524332
20.46,0.000238725812535484
20.67,0.000240758930015654
20.88,0.000242785026522544
21.09,0.000244804138361802
21.3,0.000246816301589192
21.51,0.000248821552012734
21.72,0.000250819925194837
21.93,0.000252811456454394
22.14,0.000254796180868866
22.35,0.000256774133276341
22.56,0.000258745348277572
22.77,0.000260709860237997
22.98,0.00026266770328973
23.19,0.000264618911333545
23.4,0.000266563518040828
23.61,0.000268501556855517
23.82,0.000270433060996016
24.03,0.000272358063457095
24.24,0.000274276597011768
24.45,0.000276188694213154
24.66,0.000278094387396318
24.87,0.000279993708680091
25.08,0.000281886689968878
25.29,0.000283773362954444
25.5,0.00028565375911768
25.71,0.000287527909730357
25.92,0.000289395845856856
26.13,0.000291257598355888
26.34,0.000293113197882194
26.55,0.000294962674888221
26.76,0.000296806059625796
26.97,0.000298643382147769
27.18,0.000300474672309651
27.39,0.000302299959771229
27.6,0.000304119273998165
27.81,0.000305932644263585
28.02,0.00030774009964965
28.23,0.000309541669049106
28.44,0.000311337381166827
28.65,0.000313127264521338
28.86,0.000314911347446329
29.07,0.000316689658092141
29.28,0.000318462224427256
29.49,0.000320229074239759
29.7,0.00032199023513879
29.91,0.000323745734555982
30.12,0.000325495599746886
30.33,0.000327239857792383
30.54,0.000328978535600078
30.75,0.000330711659905685
30.96,0.000332439257274398
31.17,0.000334161354102249
31.38,0.000335877976617448
31.59,0.000337589150881722
31.8,0.000339294902791625
32.01,0.000340995258079854
32.22,0.000342690242316533
32.43,0.000344379880910504
32.64,0.00034606419911059
32.85,0.000347743222006856
33.06,0.000349416974531855
33.27,0.000351085481461859
33.48,0.000352748767418085
33.69,0.000354406856867905
33.9,0.000356059774126045
34.11,0.000357707543355774
34.32,0.000359350188570082
34.53,0.000360987733632845
34.74,0.000362620202259982
34.95,0.000364247618020601
35.16,0.000365870004338129
35.37,0.000367487384491442
35.58,0.000369099781615972
35.79,0.000370707218704815
36,0.000372309718609822
36.21,0.00037390730404268
36.42,0.000375499997575989
36.63,0.000377087821644324
36.84,0.000378670798545284
37.05,0.000380248950440543
37.26,0.000381822299356877
37.47,0.000383390867187196
37.68,0.000384954675691552
37.89,0.000386513746498151
38.1,0.000388068101104349
38.31,0.000389617760877636
38.52,0.000391162747056621
38.73,0.000392703080751998
38.94,0.000394238782947511
39.15,0.000395769874500902
39.36,0.00039729637614486
39.57,0.000398818308487955
39.78,0.000400335692015565
39.99,0.000401848547090797
40.2,0.000403356893955395
40.41,0.000404860752730644
40.62,0.000406360143418266
40.83,0.000407855085901305
41.04,0.000409345599945009
41.25,0.000410831705197695
41.46,0.000412313421191619
41.67,0.000413790767343828
41.88,0.000415263762957009
42.09,0.000416732427220329
42.3,0.000418196779210271
42.51,0.000419656837891455
42.72,0.000421112622117464
42.93,0.000422564150631646
43.14,0.000424011442067928
43.35,0.000425454514951606
43.56,0.000426893387700141
43.77,0.000428328078623938
43.98,0.000429758605927124
44.19,0.000431184987708321
44.4,0.000432607241961406
44.61,0.000434025386576267
44.82,0.000435439439339556
45.03,0.000436849417935432
45.24,0.000438255339946296
45.45,0.000439657222853523
45.66,0.000441055084038188
45.87,0.000442448940781783
46.08,0.000443838810266929
46.29,0.000445224709578083
46.5,0.000446606655702235
46.71,0.000447984665529608
46.92,0.000449358755854341
47.13,0.000450728943375171
47.34,0.000452095244696115
47.55,0.000453457676327134
47.76,0.000454816254684801
47.97,0.000456170996092963
48.18,0.00045752191678339
48.39,0.000458869032896425
48.6,0.000460212360481629
48.81,0.000461551915498415
49.02,0.000462887713816683
49.23,0.000464219771217445
49.44,0.000465548103393445
49.65,0.000466872725949779
49.86,0.000468193654404505
50.07,0.000469510904189246
50.28,0.000470824490649794
50.49,0.000472134429046705
50.7,0.00047344073455589
50.91,0.0004747434222692
51.12,0.000476042507195011
51.33,0.000477338004258794
51.54,0.000478629928303693
51.75,0.000479918294091088
51.96,0.000481203116301157
52.17,0.000482484409533439
52.38,0.000483762188307378
52.59,0.00048503646706288
52.8,0.000486307260160851
53.01,0.000487574581883739
53.22,0.00048883844643607
53.43,0.000490098867944977
53.64,0.000491355860460727
53.85,0.000492609437957243
54.06,0.000493859614332621
54.27,0.000495106403409645
54.48,0.000496349818936296
54.69,0.000497589874586257
54.9,0.000498826583959415
55.11,0.000500059960582357
55.32,0.000501290017908864
55.53,0.0005025167693204
55.74,0.000503740228126596
55.95,0.000504960407565735
56.16,0.000506177320805225
56.37,0.000507390980942075
56.58,0.000508601401003365
56.79,0.000509808593946712
57,0.000511012572660732
57.21,0.000512213349965497
57.42,0.000513410938612993
57.63,0.000514605351287571
57.84,0.000515796600606392
58.05,0.000516984699119876
58.26,0.000518169659312137
58.47,0.000519351493601425
58.68,0.000520530214340557
58.89,0.000521705833817351
59.1,0.000522878364255047
59.31,0.000524047817812736
59.52,0.000525214206585778
59.73,0.00052637754260622
59.94,0.000527537837843209
60.15,0.000528695104203401
60.36,0.000529849353531372
60.57,0.000531000597610019
60.78,0.000532148848160962
60.99,0.000533294116844941
61.2,0.000534436415262213
61.41,0.000535575754952942
61.62,0.000536712147397586
61.83,0.000537845604017287
62.04,0.000538976136174248
62.25,0.000540103755172119
62.46,0.000541228472256367
62.67,0.000542350298614655
62.88,0.000543469245377212
63.09,0.000544585323617199
63.3,0.000545698544351075
63.51,0.000546808918538963
63.72,0.000547916457085002
63.93,0.000549021170837713
64.14,0.000550123070590347
64.35,0.000551222167081238
64.56,0.000552318470994153
64.77,0.000553411992958637
64.98,0.000554502743550357
65.19,0.000555590733291442
65.4,0.000556675972650825
65.61,0.000557758472044573
65.82,0.000558838241836224
66.03,0.000559915292337118
66.24,0.000560989633806722
66.45,0.000562061276452961
66.66,0.000563130230432536
66.87,0.000564196505851248
67.08,0.000565260112764315
67.29,0.000566321061176689
67.5,0.000567379361043369
67.71,0.000568435022269715
67.92,0.000569488054711751
68.13,0.000570538468176479
68.34,0.000571586272422177
68.55,0.000572631477158707
68.76,0.000573674092047809
68.97,0.000574714126703406
69.18,0.00057575159069189
69.39,0.000576786493532426
69.6,0.000577818844697233
69.81,0.000578848653611881
70.02,0.000579875929655574
70.23,0.000580900682161434
70.44,0.000581922920416786
70.65,0.000582942653663438
70.86,0.000583959891097957
71.07,0.000584974641871951
71.28,0.000585986915092336
71.49,0.000586996719821616
71.7,0.000588004065078148
71.91,0.000589008959836413
72.12,0.000590011413027281
72.33,0.000591011433538277
72.54,0.000592009030213844
72.75,0.000593004211855601
72.96,0.000593996987222604
73.17,0.000594987365031604
73.38,0.000595975353957301
73.59,0.000596960962632595
73.8,0.00059794419964884
74.01,0.000598925073556095
74.22,0.000599903592863368
74.43,0.000600879766038865
74.64,0.000601853601510233
74.85,0.000602825107664802
75.06,0.000603794292849828
75.27,0.00060476116537273
75.48,0.000605725733501329
75.69,0.000606688005464081
75.9,0.000607647989450314
76.11,0.000608605693610457
76.32,0.000609561126056277
76.53,0.000610514294861099
76.74,0.00061146520806004
76.95,0.000612413873650234
77.16,0.000613360299591054
77.37,0.000614304493804335
77.58,0.000615246464174596
77.79,0.00061618621854926
78,0.000617123764738871
78.21,0.00061805911051731
78.42,0.00061899226362201
78.63,0.00061992323175417
78.84,0.000620852022578968
79.05,0.000621778643725767
79.26,0.000622703102788329
79.47,0.000623625407325019
79.68,0.000624545564859014
79.89,0.000625463582878505
80.1,0.000626379468836899
80.31,0.000627293230153026
80.52,0.000628204874211333
80.73,0.000629114408362087
80.94,0.000630021839921574
81.15,0.000630927176172287
81.36,0.000631830424363132
81.57,0.000632731591709613
81.78,0.000633630685394027
81.99,0.000634527712565655
82.2,0.000635422680340953
82.41,0.000636315595803737
82.62,0.000637206466005371
82.83,0.000638095297964954
83.04,0.000638982098669503
83.25,0.000639866875074138
83.46,0.000640749634102259
83.67,0.000641630382645733
83.88,0.000642509127565068
84.09,0.000643385875689596
84.3,0.000644260633817644
84.51,0.000645133408716716
84.72,0.000646004207123663
84.93,0.000646873035744858
85.14,0.000647739901256368
85.35,0.000648604810304125
85.56,0.000649467769504096
85.77,0.000650328785442453
85.98,0.000651187864675736
86.19,0.000652045013731026
86.4,0.000652900239106103
86.61,0.000653753547269618
86.82,0.00065460494466125
87.03,0.00065545443769187
87.24,0.000656302032743702
87.45,0.000657147736170484
87.66,0.000657991554297625
87.87,0.000658833493422363
88.08,0.000659673559813923
88.29,0.00066051175971367
88.5,0.000661348099335266
88.71,0.000662182584864824
88.92,0.000663015222461057
89.13,0.000663846018255432
89.34,0.000664674978352323
89.55,0.000665502108829153
89.76,0.000666327415736553
89.97,0.000667150905098499
90.18,0.000667972582912465
90.39,0.000668792455149568
90.6,0.00066961052775471
90.81,0.000670426806646726
91.02,0.000671241297718519
91.23,0.000672054006837213
91.44,0.000672864939844283
91.65,0.000673674102555702
91.86,0.000674481500762077
92.07,0.000675287140228788
92.28,0.000676091026696126
92.49,0.000676893165879426
92.7,0.000677693563469208
92.91,0.000678492225131306
93.12,0.000679289156507005
93.33,0.000680084363213174
93.54,0.000680877850842394
93.75,0.000681669624963096
93.96,0.000682459691119685
94.17,0.000683248054832671
94.38,0.000684034721598799
94.59,0.000684819696891177
94.8,0.000685602986159402
95.01,0.000686384594829684
95.22,0.000687164528304975
95.43,0.000687942791965092
95.64,0.000688719391166839
95.85,0.000689494331244134
96.06,0.000690267617508126
96.27,0.000691039255247322
96.48,0.0006918092497277
96.69,0.000692577606192838
96.9,0.000693344329864025
97.11,0.000694109425940384
97.32,0.000694872899598988
97.53,0.000695634755994976
97.74,0.000696395000261672
97.95,0.000697153637510696
98.16,0.000697910672832082
98.37,0.000698666111294389
98.58,0.000699419957944818
98.79,0.00070017221780932
99,0.000700922895892711
99.21,0.000701671997178782
99.42,0.000702419526630408
99.63,0.00070316548918966
99.84,0.000703909889777912
100.05,0.000704652733295948
100.26,0.000705394024624075
100.47,0.000706133768622224
100.68,0.000706871970130059
100.89,0.00070760863396708
101.1,0.000708343764932734
101.31,0.000709077367806512
101.52,0.000709809447348056
101.73,0.000710540008297262
101.94,0.000711269055374383
102.15,0.000711996593280128
102.36,0.000712722626695766
102.57,0.000713447160283224
102.78,0.000714170198685187
102.99,0.0007148917465252
103.2,0.000715611808407763
103.41,0.000716330388918433
103.62,0.000717047492623914
103.83,0.000717763124072163
104.04,0.00071847728779248
104.25,0.000719189988295606
104.46,0.000719901230073815
104.67,0.000720611017601013
104.88,0.000721319355332829
105.09,0.000722026247706708
105.3,0.000722731699142004
105.51,0.000723435714040073
105.72,0.000724138296784365
105.93,0.000724839451740511
106.14,0.00072553918325642
106.35,0.000726237495662363
106.56,0.000726934393271064
106.77,0.00072762988037779
106.98,0.00072832396126044
107.19,0.00072901664017963
107.4,0.00072970792137878
107.61,0.000730397809084205
107.82,0.000731086307505197
108.03,0.000731773420834111
108.24,0.000732459153246452
108.45,0.000733143508900958
108.66,0.000733826491939684
108.87,0.000734508106488089
109.08,0.000735188356655113
109.29,0.000735867246533263
109.5,0.000736544780198698
109.71,0.000737220961711303
109.92,0.000737895795114778
110.13,0.000738569284436714
110.34,0.000739241433688673
110.55,0.000739912246866272
110.76,0.000740581727949256
110.97,0.000741249880901581
111.18,0.000741916709671491
111.39,0.000742582218191597
111.6,0.00074324641037895
111.81,0.000743909290135124
112.02,0.000744570861346288
112.23,0.000745231127883283
112.44,0.0007458900936017
112.65,0.000746547762341949
112.86,0.000747204137929341
113.07,0.000747859224174157
113.28,0.000748513024871723
113.49,0.000749165543802484
113.7,0.000749816784732077
113.91,0.000750466751411404
114.12,0.000751115447576699
114.33,0.000751762876949608
114.54,0.000752409043237253
114.75,0.000753053950132306
114.96,0.00075369760131306
115.17,0.000754340000443497
115.38,0.000754981151173356
115.59,0.000755621057138209
115.8,0.000756259721959521
116.01,0.000756897149244725
116.22,0.000757533342587286
116.43,0.000758168305566769
116.64,0.00075880204174891
116.85,0.000759434554685678
117.06,0.000760065847915342
117.27,0.000760695924962539
117.48,0.00076132478933834
117.69,0.000761952444540312
117.9,0.000762578894052586
118.11,0.000763204141345919
118.32,0.000763828189877761
118.53,0.000764451043092316
118.74,0.000765072704420605
118.95,0.000765693177280534
119.16,0.00076631246507695
119.37,0.000766930571201706
119.58,0.000767547499033726
119.79,0.000768163251939063
120,0.000768777833270959
