"ResDensity","N_TraitValue"
10,0.000111179221695413
10.3,0.000114075877638786
10.6,0.000116950423338535
10.9,0.000119803110984198
11.2,0.000122634188944539
11.5,0.000125443901839635
11.8,0.00012823249061133
12.1,0.000131000192592118
12.4,0.000133747241572471
12.7,0.000136473867866672
13,0.000139180298377186
13.3,0.000141866756657605
13.6,0.000144533462974199
13.9,0.000147180634366125
14.2,0.000149808484704308
14.5,0.000152417224749041
14.8,0.000155007062206337
15.1,0.000157578201783051
15.4,0.000160130845240822
15.7,0.000162665191448851
16,0.000165181436435543
16.3,0.00016767977343906
16.6,0.000170160392956781
16.9,0.000172623482793731
17.2,0.00017506922810997
17.5,0.000177497811467001
17.8,0.000179909412873188
18.1,0.000182304209828239
18.4,0.000184682377366754
18.7,0.000187044088100871
19,0.000189389512262029
19.3,0.000191718817741873
19.6,0.000194032170132313
19.9,0.000196329732764771
20.2,0.000198611666748615
20.5,0.000200878131008827
20.8,0.00020312928232289
21.1,0.000205365275356948
21.4,0.00020758626270122
21.7,0.00020979239490472
22,0.000211983820509269
22.3,0.000214160686082838
22.6,0.000216323136252225
22.9,0.000218471313735085
23.2,0.000220605359371329
23.5,0.000222725412153904
23.8,0.000224831609258971
24.1,0.000226924086075493
24.4,0.000229002976234244
24.7,0.000231068411636258
25,0.000233120522480727
25.3,0.00023515943729236
25.6,0.000237185282948216
25.9,0.00023919818470402
26.2,0.000241198266219984
26.5,0.000243185649586125
26.8,0.000245160455347113
27.1,0.000247122802526644
27.4,0.000249072808651349
27.7,0.000251010589774261
28,0.00025293626049784
28.3,0.000254849933996561
28.6,0.000256751722039091
28.9,0.000258641735010048
29.2,0.000260520081931359
29.5,0.000262386870483219
29.8,0.000264242207024677
30.1,0.000266086196613829
30.4,0.000267918943027648
30.7,0.000269740548781458
31,0.000271551115148045
31.3,0.000273350742176426
31.6,0.000275139528710279
31.9,0.000276917572406039
32.2,0.000278684969750671
32.5,0.000280441816079123
32.8,0.00028218820559147
33.1,0.000283924231369747
33.4,0.000285649985394492
33.7,0.000287365558560987
34,0.000289071040695219
34.3,0.000290766520569558
34.6,0.000292452085918161
34.9,0.0002941278234521
35.2,0.000295793818874239
35.5,0.00029745015689384
35.8,0.000299096921240922
36.1,0.00030073419468037
36.4,0.000302362059025802
36.7,0.000303980595153196
37,0.000305589883014283
37.3,0.000307190001649717
37.6,0.000308781029202007
37.9,0.000310363042928247
38.2,0.000311936119212616
38.5,0.000313500333578673
38.8,0.000315055760701444
39.1,0.000316602474419304
39.4,0.000318140547745666
39.7,0.000319670052880464
40,0.000321191061221455
40.3,0.000322703643375327
40.6,0.000324207869168626
40.9,0.0003257038076585
41.2,0.000327191527143268
41.5,0.000328671095172813
41.8,0.000330142578558808
42.1,0.000331606043384771
42.4,0.00033306155501596
42.7,0.000334509178109102
43,0.000335948976621971
43.3,0.000337381013822802
43.6,0.000338805352299565
43.9,0.000340222053969079
44.2,0.000341631180085986
44.5,0.000343032791251576
44.8,0.000344426947422482
45.1,0.000345813707919222
45.4,0.000347193131434617
45.7,0.000348565276042069
46,0.000349930199203714
46.3,0.00035128795777844
46.6,0.000352638608029786
46.9,0.000353982205633711
47.2,0.000355318805686243
47.5,0.000356648462711018
47.8,0.000357971230666682
48.1,0.000359287162954203
48.4,0.000360596312424046
48.7,0.000361898731383256
49,0.000363194471602422
49.3,0.000364483584322537
49.6,0.000365766120261752
49.9,0.000367042129622028
50.2,0.000368311662095687
50.5,0.000369574766871862
50.8,0.00037083149264285
51.1,0.00037208188761037
51.4,0.000373325999491725
51.7,0.000374563875525872
52,0.000375795562479403
52.3,0.000377021106652429
52.6,0.00037824055388439
52.9,0.000379453949559762
53.2,0.000380661338613695
53.5,0.000381862765537553
53.8,0.000383058274384384
54.1,0.000384247908774302
54.4,0.000385431711899795
54.7,0.000386609726530948
55,0.000387781995020598
55.3,0.000388948559309407
55.6,0.000390109460930869
55.9,0.00039126474101623
56.2,0.000392414440299356
56.5,0.000393558599121512
56.8,0.000394697257436087
57.1,0.000395830454813241
57.4,0.00039695823044449
57.7,0.000398080623147222
58,0.000399197671369155
58.3,0.000400309413192724
58.6,0.000401415886339409
58.9,0.000402517128174004
59.2,0.000403613175708818
59.5,0.000404704065607827
59.8,0.00040578983419076
60.1,0.000406870517437128
60.4,0.000407946150990202
60.7,0.000409016770160928
61,0.000410082409931795
61.3,0.000411143104960641
61.6,0.000412198889584414
61.9,0.000413249797822875
62.2,0.000414295863382253
62.5,0.000415337119658848
62.8,0.000416373599742587
63.1,0.000417405336420527
63.4,0.000418432362180311
63.7,0.000419454709213583
64,0.000420472409419348
64.3,0.000421485494407288
64.6,0.000422493995501041
64.9,0.000423497943741422
65.2,0.000424497369889613
65.5,0.000425492304430302
65.8,0.000426482777574785
66.1,0.000427468819264021
66.4,0.00042845045917165
66.7,0.000429427726706974
67,0.000430400651017886
67.3,0.000431369260993774
67.6,0.000432333585268379
67.9,0.000433293652222615
68.2,0.000434249489987356
68.5,0.000435201126446182
68.8,0.000436148589238089
69.1,0.000437091905760167
69.4,0.000438031103170243
69.7,0.000438966208389479
70,0.000439897248104956
70.3,0.000440824248772202
70.6,0.000441747236617703
70.9,0.000442666237641378
71.2,0.000443581277619017
71.5,0.000444492382104691
71.8,0.000445399576433133
72.1,0.000446302885722084
72.4,0.000447202334874614
72.7,0.000448097948581408
73,0.000448989751323026
73.3,0.000449877767372133
73.6,0.000450762020795704
73.9,0.000451642535457194
74.2,0.000452519335018688
74.5,0.000453392442943019
74.8,0.000454261882495861
75.1,0.000455127676747798
75.4,0.000455989848576359
75.7,0.00045684842066804
76,0.000457703415520289
76.3,0.000458554855443472
76.6,0.000459402762562815
76.9,0.00046024715882032
77.2,0.000461088065976656
77.5,0.000461925505613031
77.8,0.000462759499133037
78.1,0.000463590067764473
78.4,0.000464417232561146
78.7,0.000465241014404652
79,0.00046606143400613
79.3,0.000466878511908001
79.6,0.000467692268485679
79.9,0.00046850272394927
80.2,0.000469309898345239
80.5,0.000470113811558066
80.8,0.00047091448331188
81.1,0.00047171193317207
81.4,0.000472506180546878
81.7,0.000473297244688978
82,0.000474085144697025
82.3,0.000474869899517198
82.6,0.000475651527944716
82.9,0.000476430048625338
83.2,0.000477205480056847
83.5,0.000477977840590514
83.8,0.000478747148432547
84.1,0.000479513421645521
84.4,0.00048027667814979
84.7,0.000481036935724886
85,0.0004817942120109
85.3,0.000482548524509843
85.6,0.000483299890587001
85.9,0.000484048327472258
86.2,0.000484793852261421
86.5,0.000485536481917521
86.8,0.000486276233272093
87.1,0.000487013123026456
87.4,0.000487747167752965
87.7,0.000488478383896254
88,0.000489206787774464
88.3,0.000489932395580459
88.6,0.000490655223383024
88.9,0.00049137528712805
89.2,0.000492092602639709
89.5,0.000492807185621615
89.8,0.000493519051657962
90.1,0.000494228216214667
90.4,0.000494934694640483
90.7,0.000495638502168108
91,0.000496339653915282
91.3,0.000497038164885868
91.6,0.00049773404997092
91.9,0.000498427323949746
92.2,0.00049911800149095
92.5,0.000499806097153467
92.8,0.000500491625387591
93.1,0.000501174600535979
93.4,0.000501855036834656
93.7,0.000502532948414004
94,0.000503208349299739
94.3,0.000503881253413877
94.6,0.000504551674575694
94.9,0.000505219626502669
95.2,0.000505885122811423
95.5,0.000506548177018638
95.8,0.000507208802541981
96.1,0.000507867012700999
96.4,0.000508522820718025
96.7,0.000509176239719054
97,0.000509827282734623
97.3,0.000510475962700679
97.6,0.00051112229245943
97.9,0.0005117662847602
98.2,0.00051240795226026
98.5,0.000513047307525662
98.8,0.000513684363032059
99.1,0.000514319131165513
99.4,0.000514951624223302
99.7,0.000515581854414712
100,0.000516209833861821
100.3,0.000516835574600281
100.6,0.000517459088580081
100.9,0.000518080387666313
101.2,0.000518699483639921
101.5,0.000519316388198447
101.8,0.000519931112956769
102.1,0.000520543669447827
102.4,0.000521154069123346
102.7,0.000521762323354551
103,0.000522368443432869
103.3,0.000522972440570635
103.6,0.000523574325901772
103.9,0.000524174110482489
104.2,0.000524771805291946
104.5,0.00052536742123293
104.8,0.000525960969132517
105.1,0.000526552459742729
105.4,0.00052714190374118
105.7,0.000527729311731722
106,0.000528314694245078
106.3,0.000528898061739474
106.6,0.000529479424601261
106.9,0.000530058793145529
107.2,0.000530636177616721
107.5,0.000531211588189233
107.8,0.000531785034968015
108.1,0.000532356527989161
108.4,0.000532926077220494
108.7,0.000533493692562145
109,0.00053405938384713
109.3,0.000534623160841913
109.6,0.000535185033246973
109.9,0.000535745010697355
110.2,0.000536303102763227
110.5,0.000536859318950418
110.8,0.000537413668700966
111.1,0.000537966161393644
111.4,0.000538516806344494
111.7,0.00053906561280735
112,0.000539612589974357
112.3,0.000540157746976478
112.6,0.000540701092884013
112.9,0.000541242636707093
113.2,0.000541782387396182
113.5,0.000542320353842568
113.8,0.000542856544878854
114.1,0.000543390969279439
114.4,0.000543923635760999
114.7,0.000544454552982957
115,0.000544983729547957
115.3,0.000545511174002325
115.6,0.000546036894836531
115.9,0.000546560900485644
116.2,0.000547083199329782
116.5,0.000547603799694562
116.8,0.000548122709851538
117.1,0.000548639938018644
117.4,0.000549155492360622
117.7,0.000549669380989457
118,0.000550181611964799
118.3,0.000550692193294388
118.6,0.000551201132934465
118.9,0.000551708438790193
119.2,0.00055221411871606
119.5,0.000552718180516287
119.8,0.000553220631945231
120.1,0.000553721480707779
120.4,0.000554220734459746
120.7,0.00055471840080826
121,0.000555214487312153
121.3,0.000555709001482342
121.6,0.000556201950782208
121.9,0.000556693342627971
122.2,0.000557183184389063
122.5,0.000557671483388494
122.8,0.000558158246903222
123.1,0.000558643482164508
123.4,0.000559127196358279
123.7,0.000559609396625481
124,0.00056009009006243
124.3,0.000560569283721161
124.6,0.000561046984609771
124.9,0.000561523199692764
125.2,0.000561997935891387
125.5,0.000562471200083965
125.8,0.000562942999106234
126.1,0.000563413339751671
126.4,0.00056388222877182
126.7,0.000564349672876611
127,0.000564815678734688
127.3,0.000565280252973717
127.6,0.000565743402180707
127.9,0.00056620513290232
128.2,0.000566665451645175
128.5,0.00056712436487616
128.8,0.000567581879022732
129.1,0.000568038000473214
129.4,0.000568492735577099
129.7,0.000568946090645339
130,0.000569398071950639
130.3,0.000569848685727747
130.6,0.00057029793817374
130.9,0.000570745835448306
131.2,0.000571192383674029
131.5,0.000571637588936668
131.8,0.000572081457285428
132.1,0.000572523994733243
132.4,0.000572965207257039
132.7,0.000573405100798006
133,0.000573843681261868
133.3,0.000574280954519143
133.6,0.000574716926405406
133.9,0.00057515160272155
134.2,0.000575584989234042
134.5,0.000576017091675179
134.8,0.000576447915743337
135.1,0.000576877467103229
135.4,0.000577305751386147
135.7,0.000577732774190207
136,0.000578158541080601
136.3,0.000578583057589831
136.6,0.000579006329217949
136.9,0.000579428361432801
137.2,0.000579849159670256
137.5,0.000580268729334441
137.8,0.000580687075797975
138.1,0.000581104204402194
138.4,0.000581520120457382
138.7,0.000581934829242995
139,0.000582348336007883
139.3,0.000582760645970514
139.6,0.000583171764319192
139.9,0.000583581696212275
140.2,0.000583990446778391
140.5,0.00058439802111665
140.8,0.000584804424296859
141.1,0.00058520966135973
141.4,0.000585613737317091
141.7,0.000586016657152088
142,0.000586418425819395
142.3,0.000586819048245413
142.6,0.000587218529328475
142.9,0.000587616873939042
143.2,0.000588014086919904
143.5,0.000588410173086373
143.8,0.000588805137226483
144.1,0.000589198984101175
144.4,0.000589591718444496
144.7,0.000589983344963785
145,0.00059037386833986
145.3,0.000590763293227208
145.6,0.000591151624254166
145.9,0.000591538866023108
146.2,0.000591925023110623
146.5,0.0005923101000677
146.8,0.000592694101419902
147.1,0.000593077031667547
147.4,0.000593458895285881
147.7,0.000593839696725254
148,0.000594219440411294
148.3,0.000594598130745074
148.6,0.000594975772103286
148.9,0.000595352368838412
149.2,0.000595727925278882
149.5,0.000596102445729251
149.8,0.000596475934470354
150.1,0.000596848395759475
150.4,0.000597219833830508
150.7,0.000597590252894114
151,0.000597959657137885
151.3,0.000598328050726496
151.6,0.000598695437801868
151.9,0.00059906182248332
152.2,0.000599427208867719
152.5,0.000599791601029642
152.8,0.000600155003021519
153.1,0.000600517418873787
153.4,0.000600878852595037
153.7,0.000601239308172167
154,0.000601598789570521
154.3,0.00060195730073404
154.6,0.000602314845585403
154.9,0.000602671428026174
155.2,0.00060302705193694
155.5,0.000603381721177451
155.8,0.000603735439586766
156.1,0.000604088210983384
156.4,0.000604440039165387
156.7,0.000604790927910572
157,0.00060514088097659
157.3,0.000605489902101077
157.6,0.00060583799500179
157.9,0.000606185163376735
158.2,0.000606531410904304
158.5,0.000606876741243398
158.8,0.000607221158033562
159.1,0.000607564664895107
159.4,0.000607907265429243
159.7,0.000608248963218199
160,0.000608589761825353
