"ResDensity","N_TraitValue"
10,0.000844245802985616
10.78,0.000896038162314604
11.56,0.00094625472864613
12.34,0.000994966340078976
13.12,0.00104223965146123
13.9,0.0010881374386932
14.68,0.00113271887684808
15.46,0.00117603979470138
16.24,0.00121815290797129
17.02,0.00125910803331864
17.8,0.00129895228493324
18.58,0.00133773025533748
19.36,0.00137548418186605
20.14,0.00141225410012842
20.92,0.0014480779856262
21.7,0.00148299188457865
22.48,0.00151703003490355
23.26,0.00155022497820721
24.04,0.00158260766355347
24.82,0.00161420754370728
25.6,0.00164505266448201
26.38,0.00167516974776016
27.16,0.00170458426870405
27.94,0.00173332052762528
28.72,0.00176140171693929
29.5,0.00178884998359262
30.28,0.001815686487316
31.06,0.00184193145502549
31.84,0.0018676042316653
32.62,0.00189272332776124
33.4,0.00191730646393008
34.18,0.00194137061257008
34.96,0.00196493203693852
35.74,0.00198800632780558
36.52,0.00201060843785787
37.3,0.00203275271401142
38.08,0.00205445292778069
38.86,0.0020757223038387
39.64,0.00209657354689288
40.42,0.00211701886699115
41.2,0.00213707000336446
41.98,0.00215673824690332
42.76,0.00217603446135899
43.54,0.00219496910335277
44.32,0.00221355224127101
45.1,0.00223179357311744
45.88,0.00224970244338941
46.66,0.00226728785903973
47.44,0.00228455850458133
48.22,0.00230152275638806
49,0.00231818869624107
49.78,0.00233456412416678
50.56,0.00235065657060925
51.34,0.00236647330797699
52.12,0.00238202136160125
52.9,0.00239730752014062
53.68,0.0024123383454642
54.46,0.00242712018204364
55.24,0.00244165916588226
56.02,0.00245596123300769
56.8,0.00247003212755265
57.58,0.00248387740944711
58.36,0.00249750246174324
59.14,0.00251091249759375
59.92,0.00252411256690231
60.7,0.00253710756266409
61.48,0.00254990222701299
62.26,0.0025625011569914
63.04,0.00257490881005717
63.82,0.00258712950934158
64.6,0.00259916744867149
65.38,0.00261102669736778
66.16,0.00262271120483178
66.94,0.0026342248049303
67.72,0.00264557122018977
68.5,0.0026567540658089
69.28,0.00266777685349913
70.06,0.00267864299516128
70.84,0.00268935580640654
71.62,0.00269991850992958
72.4,0.00271033423874069
73.18,0.00272060603926402
73.96,0.0027307368743083
74.74,0.00274072962591596
75.52,0.00275058709809671
76.3,0.00276031201945065
77.08,0.00276990704568646
77.86,0.00277937476203923
78.64,0.0027887176855927
79.42,0.00279793826751035
80.2,0.00280703889517928
80.98,0.0028160218942711
81.76,0.00282488953072335
82.54,0.00283364401264503
83.32,0.00284228749214974
84.1,0.00285082206711947
84.88,0.00285924978290212
85.66,0.00286757263394573
86.44,0.002875792565372
87.22,0.00288391147449186
88,0.00289193121226545
88.78,0.00289985358470897
89.56,0.00290768035425056
90.34,0.00291541324103741
91.12,0.00292305392419612
91.9,0.00293060404304825
92.68,0.00293806519828282
93.46,0.00294543895308773
94.24,0.00295272683424159
95.02,0.00295993033316759
95.8,0.00296705090695103
96.58,0.00297408997932188
97.36,0.00298104894160385
98.14,0.00298792915363111
98.92,0.00299473194463423
99.7,0.00300145861409623
100.48,0.00300811043258019
101.26,0.00301468864252923
102.04,0.00302119445904024
102.82,0.00302762907061207
103.6,0.00303399363986939
104.38,0.00304028930426298
105.16,0.00304651717674738
105.94,0.00305267834643687
106.72,0.00305877387924034
107.5,0.0030648048184761
108.28,0.00307077218546718
109.06,0.00307667698011793
109.84,0.00308252018147255
110.62,0.0030883027482563
111.4,0.00309402561939983
112.18,0.00309968971454749
112.96,0.00310529593454995
113.74,0.00311084516194187
114.52,0.00311633826140501
115.3,0.00312177608021744
116.08,0.00312715944868916
116.86,0.00313248918058479
117.64,0.00313776607353362
118.42,0.00314299090942757
119.2,0.00314816445480739
119.98,0.00315328746123759
120.76,0.00315836066567039
121.54,0.00316338479079912
122.32,0.00316836054540145
123.1,0.00317328862467269
123.88,0.00317816971054962
124.66,0.00318300447202502
125.44,0.0031877935654534
126.22,0.00319253763484799
127,0.00319723731216946
127.78,0.00320189321760657
128.56,0.00320650595984898
129.34,0.00321107613635258
130.12,0.00321560433359738
130.9,0.00322009112733847
131.68,0.00322453708285003
132.46,0.00322894275516277
133.24,0.00323330868929488
134.02,0.00323763542047679
134.8,0.00324192347436995
135.58,0.00324617336727968
136.36,0.00325038560636244
137.14,0.00325456068982754
137.92,0.00325869910713364
138.7,0.00326280133917996
139.48,0.00326686785849264
140.26,0.00327089912940614
141.04,0.00327489560823998
141.82,0.00327885774347097
142.6,0.00328278597590095
143.38,0.00328668073882027
144.16,0.00329054245816715
144.94,0.00329437155268289
145.72,0.00329816843406331
146.5,0.00330193350710624
147.28,0.00330566716985546
148.06,0.00330936981374092
148.84,0.00331304182371555
149.62,0.00331668357838871
150.4,0.00332029545015629
151.18,0.00332387780532767
151.96,0.00332743100424954
152.74,0.00333095540142676
153.52,0.00333445134564025
154.3,0.00333791918006206
155.08,0.00334135924236766
155.86,0.00334477186484553
156.64,0.00334815737450421
157.42,0.00335151609317669
158.2,0.00335484833762245
158.98,0.00335815441962702
159.76,0.00336143464609923
160.54,0.00336468931916619
161.32,0.00336791873626606
162.1,0.00337112319023864
162.88,0.00337430296941392
163.66,0.00337745835769853
164.44,0.00338058963466028
165.22,0.00338369707561069
166,0.00338678095168571
166.78,0.00338984152992459
167.56,0.00339287907334692
168.34,0.00339589384102802
169.12,0.00339888608817259
169.9,0.00340185606618671
170.68,0.00340480402274829
171.46,0.00340773020187586
172.24,0.00341063484399598
173.02,0.00341351818600904
173.8,0.00341638046135367
174.58,0.00341922190006978
175.36,0.00342204272886013
176.14,0.00342484317115068
176.92,0.00342762344714957
177.7,0.00343038377390481
178.48,0.00343312436536079
179.26,0.00343584543241357
180.04,0.00343854718296494
180.82,0.00344122982197542
181.6,0.00344389355151605
182.38,0.00344653857081914
183.16,0.00344916507632795
183.94,0.00345177326174535
184.72,0.00345436331808138
185.5,0.00345693543369994
186.28,0.00345948979436442
187.06,0.00346202658328243
187.84,0.00346454598114962
188.62,0.00346704816619257
189.4,0.0034695333142108
190.18,0.00347200159861799
190.96,0.00347445319048228
191.74,0.0034768882585658
192.52,0.00347930696936341
193.3,0.00348170948714064
194.08,0.00348409597397086
194.86,0.00348646658977176
195.64,0.00348882149234105
196.42,0.00349116083739146
197.2,0.00349348477858512
197.98,0.00349579346756713
198.76,0.00349808705399859
199.54,0.00350036568558895
200.32,0.00350262950812769
201.1,0.00350487866551543
201.88,0.00350711329979442
202.66,0.00350933355117844
203.44,0.00351153955808213
204.22,0.00351373145714975
205,0.00351590938328341
205.78,0.00351807346967072
206.56,0.00352022384781197
207.34,0.00352236064754675
208.12,0.00352448399708006
208.9,0.00352659402300802
209.68,0.00352869085034295
210.46,0.00353077460253811
211.24,0.00353284540151193
212.02,0.00353490336767176
212.8,0.00353694861993721
213.58,0.00353898127576309
214.36,0.00354100145116188
215.14,0.00354300926072577
215.92,0.00354500481764837
216.7,0.00354698823374597
217.48,0.00354895961947841
218.26,0.00355091908396961
219.04,0.00355286673502769
219.82,0.00355480267916474
220.6,0.00355672702161624
221.38,0.00355863986636015
222.16,0.0035605413161356
222.94,0.00356243147246133
223.72,0.0035643104356537
224.5,0.00356617830484449
225.28,0.00356803517799832
226.06,0.00356988115192975
226.84,0.00357171632232015
227.62,0.00357354078373418
228.4,0.0035753546296361
229.18,0.00357715795240567
229.96,0.00357895084335386
230.74,0.00358073339273827
231.52,0.00358250568977824
232.3,0.00358426782266979
233.08,0.00358601987860022
233.86,0.00358776194376246
234.64,0.00358949410336928
235.42,0.00359121644166711
236.2,0.00359292904194974
236.98,0.00359463198657175
237.76,0.00359632535696166
238.54,0.003598009233635
239.32,0.00359968369620697
240.1,0.00360134882340508
240.88,0.00360300469308141
241.66,0.00360465138222479
242.44,0.00360628896697274
243.22,0.00360791752262317
244,0.00360953712364592
244.78,0.00361114784369417
245.56,0.00361274975561554
246.34,0.00361434293146308
247.12,0.00361592744250613
247.9,0.00361750335924088
248.68,0.00361907075140085
249.46,0.0036206296879672
250.24,0.0036221802371788
251.02,0.00362372246654226
251.8,0.00362525644284163
252.58,0.00362678223214812
253.36,0.00362829989982956
254.14,0.00362980951055973
254.92,0.00363131112832755
255.7,0.00363280481644613
256.48,0.00363429063756165
257.26,0.00363576865366213
258.04,0.00363723892608606
258.82,0.00363870151553087
259.6,0.00364015648206128
260.38,0.00364160388511756
261.16,0.00364304378352356
261.94,0.00364447623549473
262.72,0.00364590129864595
263.5,0.00364731902999927
264.28,0.00364872948599146
265.06,0.0036501327224816
265.84,0.00365152879475833
266.62,0.00365291775754723
267.4,0.00365429966501788
268.18,0.00365567457079095
268.96,0.00365704252794513
269.74,0.00365840358902396
270.52,0.00365975780604253
271.3,0.00366110523049414
272.08,0.00366244591335683
272.86,0.00366377990509979
273.64,0.00366510725568966
274.42,0.00366642801459687
275.2,0.00366774223080166
275.98,0.00366904995280025
276.76,0.00367035122861072
277.54,0.00367164610577894
278.32,0.00367293463138431
279.1,0.00367421685204553
279.88,0.00367549281392619
280.66,0.00367676256274028
281.44,0.00367802614375769
282.22,0.00367928360180961
283,0.00368053498129376
283.78,0.00368178032617967
284.56,0.00368301968001383
285.34,0.00368425308592474
286.12,0.00368548058662792
286.9,0.00368670222443086
287.68,0.00368791804123786
288.46,0.00368912807855482
289.24,0.003690332377494
290.02,0.00369153097877861
290.8,0.00369272392274747
291.58,0.00369391124935948
292.36,0.00369509299819812
293.14,0.00369626920847584
293.92,0.00369743991903838
294.7,0.00369860516836905
295.48,0.00369976499459297
296.26,0.00370091943548122
297.04,0.0037020685284549
297.82,0.00370321231058925
298.6,0.00370435081861755
299.38,0.00370548408893514
300.16,0.00370661215760322
300.94,0.00370773506035272
301.72,0.00370885283258809
302.5,0.00370996550939094
303.28,0.00371107312552381
304.06,0.00371217571543373
304.84,0.00371327331325579
305.62,0.0037143659528167
306.4,0.00371545366763824
307.18,0.00371653649094066
307.96,0.00371761445564615
308.74,0.00371868759438206
309.52,0.0037197559394843
310.3,0.0037208195230005
311.08,0.00372187837669329
311.86,0.0037229325320434
312.64,0.00372398202025281
313.42,0.00372502687224785
314.2,0.00372606711868217
314.98,0.00372710278993981
315.76,0.00372813391613812
316.54,0.00372916052713069
317.32,0.00373018265251023
318.1,0.0037312003216114
318.88,0.00373221356351365
319.66,0.00373322240704395
320.44,0.00373422688077955
321.22,0.00373522701305067
322,0.00373622283194317
322.78,0.00373721436530117
323.56,0.00373820164072964
324.34,0.00373918468559699
325.12,0.00374016352703755
325.9,0.00374113819195412
326.68,0.00374210870702041
327.46,0.00374307509868347
328.24,0.00374403739316609
329.02,0.00374499561646918
329.8,0.00374594979437412
330.58,0.00374689995244505
331.36,0.00374784611603118
332.14,0.00374878831026902
332.92,0.00374972656008462
333.7,0.00375066089019575
334.48,0.0037515913251141
335.26,0.00375251788914742
336.04,0.00375344060640159
336.82,0.00375435950078278
337.6,0.00375527459599945
338.38,0.00375618591556445
339.16,0.00375709348279699
339.94,0.00375799732082462
340.72,0.00375889745258526
341.5,0.00375979390082906
342.28,0.00376068668812037
343.06,0.00376157583683962
343.84,0.00376246136918518
344.62,0.00376334330717522
345.4,0.00376422167264951
346.18,0.00376509648727129
346.96,0.00376596777252894
347.74,0.00376683554973786
348.52,0.00376769984004211
349.3,0.00376856066441619
350.08,0.00376941804366671
350.86,0.00377027199843407
351.64,0.00377112254919412
352.42,0.0037719697162598
353.2,0.00377281351978272
353.98,0.00377365397975484
354.76,0.00377449111600996
355.54,0.00377532494822534
356.32,0.00377615549592319
357.1,0.00377698277847226
357.88,0.00377780681508929
358.66,0.00377862762484053
359.44,0.00377944522664317
360.22,0.00378025963926685
361,0.00378107088133506
361.78,0.00378187897132657
362.56,0.00378268392757681
363.34,0.00378348576827929
364.12,0.00378428451148697
364.9,0.0037850801751136
365.68,0.00378587277693503
366.46,0.0037866623345906
367.24,0.00378744886558441
368.02,0.0037882323872866
368.8,0.00378901291693467
369.58,0.00378979047163469
370.36,0.00379056506836261
371.14,0.00379133672396545
371.92,0.00379210545516254
372.7,0.00379287127854672
373.48,0.00379363421058555
374.26,0.00379439426762247
375.04,0.00379515146587797
375.82,0.00379590582145076
376.6,0.00379665735031891
377.38,0.00379740606834094
378.16,0.00379815199125698
378.94,0.00379889513468987
379.72,0.00379963551414621
380.5,0.0038003731450175
381.28,0.00380110804258115
382.06,0.00380184022200155
382.84,0.00380256969833114
383.62,0.00380329648651142
384.4,0.00380402060137396
385.18,0.00380474205764144
385.96,0.00380546086992862
386.74,0.00380617705274332
387.52,0.00380689062048744
388.3,0.00380760158745789
389.08,0.00380830996784753
389.86,0.00380901577574616
390.64,0.00380971902514143
391.42,0.00381041972991976
392.2,0.00381111790386726
392.98,0.00381181356067063
393.76,0.00381250671391805
394.54,0.0038131973771001
395.32,0.00381388556361058
396.1,0.00381457128674741
396.88,0.00381525455971349
397.66,0.00381593539561752
398.44,0.00381661380747488
399.22,0.00381728980820841
400,0.00381796341064927
