"ResDensity","N_TraitValue"
0.5,0.00552770957541274
0.699,0.00754507001295069
0.898,0.00946926022767979
1.097,0.0113065890273271
1.296,0.0130628082099228
1.495,0.0147431727097582
1.694,0.0163524931146138
1.893,0.017895181659762
2.092,0.0193752926248697
2.291,0.0207965579126488
2.49,0.0221624184666526
2.689,0.0234760520850687
2.888,0.0247403981037879
3.087,0.0259581793523044
3.286,0.0271319217276288
3.485,0.0282639716823507
3.684,0.0293565118816444
3.883,0.0304115752490531
4.082,0.0314310575912298
4.281,0.0324167289665863
4.48,0.033370243941274
4.679,0.0342931508575069
4.878,0.0351869002234377
5.077,0.036052852320211
5.276,0.0368922841101055
5.475,0.0377063955195498
5.674,0.038496315162029
5.873,0.0392631055582818
6.072,0.0400077679045649
6.271,0.0407312464339806
6.47,0.0414344324108168
6.669,0.0421181677934295
6.868,0.0427832485973177
7.067,0.0434304279866355
7.266,0.0440604191193843
7.465,0.0446738977688822
7.664,0.0452715047417678
7.863,0.0458538481107288
8.062,0.0464215052783073
8.261,0.0469750248865074
8.46,0.0475149285854812
8.659,0.0480417126732775
8.858,0.0485558496174884
9.057,0.0490577894685998
9.256,0.049547961173933
9.455,0.0500267738002387
9.654,0.0504946176722697
9.853,0.0509518654339908
10.052,0.051398873038491
10.251,0.0518359806721245
10.45,0.0522635136179222
10.649,0.0526817830628805
10.848,0.0530910868533362
11.047,0.0534917102022827
11.246,0.0538839263521557
11.445,0.0542679971963268
11.644,0.0546441738622737
11.843,0.0550126972591572
12.042,0.0553737985923142
12.241,0.0557276998469736
12.44,0.0560746142433246
12.639,0.0564147466648946
12.838,0.0567482940620478
13.037,0.0570754458322724
13.236,0.0573963841788003
13.435,0.0577112844489859
13.634,0.0580203154537637
13.833,0.0583236397694089
14.032,0.0586214140227332
14.231,0.0589137891607679
14.43,0.0592009107059089
14.629,0.0594829189974305
14.828,0.0597599494202103
15.027,0.060032132621448
15.226,0.060299594716106
15.425,0.0605624574817535
15.624,0.0608208385434427
15.823,0.0610748515492099
16.022,0.0613246063367499
16.221,0.0615702090917781
16.42,0.0618117624985594
16.619,0.0620493658830527
16.818,0.0622831153490897
17.017,0.0625131039079811
17.216,0.0627394216019161
17.415,0.0629621556215009
17.614,0.0631813904177563
17.813,0.0633972078088788
18.012,0.0636096870820475
18.211,0.0638189050905432
18.41,0.0640249363464295
18.609,0.0642278531090311
18.808,0.0644277254694293
19.007,0.0646246214311833
19.206,0.0648186069874715
19.405,0.0650097461948372
19.604,0.0651981012437119
19.803,0.0653837325258791
20.002,0.0655666986990318
20.201,0.0657470567485706
20.4,0.0659248620467761
20.599,0.0661001684094878
20.798,0.0662730281504088
20.997,0.0664434921331539
21.196,0.066611609821147
21.395,0.0667774293254734
21.594,0.0669409974507821
21.793,0.067102359739332
21.992,0.0672615605132672
22.191,0.0674186429152047
22.39,0.0675736489472136
22.589,0.0677266195082573
22.788,0.0678775944301716
22.987,0.0680266125122429
23.186,0.0681737115544511
23.385,0.068318928389436
23.584,0.0684622989132446
23.783,0.0686038581149133
23.982,0.0687436401049355
24.181,0.0688816781426637
24.38,0.0690180046626927
24.579,0.0691526513002674
24.778,0.0692856489157566
24.977,0.0694170276182336
25.176,0.0695468167882011
25.375,0.0696750450994952
25.574,0.069801740540405
25.773,0.0699269304340389
25.972,0.0700506414579686
26.171,0.070172899663182
26.37,0.0702937304923715
26.569,0.0704131587975857
26.768,0.07053120885727
26.967,0.0706479043927209
27.166,0.0707632685839765
27.365,0.0708773240851668
27.564,0.0709900930393442
27.763,0.0711015970928152
27.962,0.0712118574089921
28.161,0.0713208946817846
28.36,0.0714287291485469
28.559,0.0715353806026003
28.758,0.0716408684053445
28.957,0.0717452114979753
29.156,0.0718484284128229
29.355,0.0719505372843249
29.554,0.0720515558596478
29.753,0.07215150150897
29.952,0.0722503912354391
30.151,0.0723482416848149
30.35,0.0724450691548108
30.549,0.0725408896041423
30.748,0.0726357186612962
30.947,0.0727295716330277
31.146,0.0728224635125975
31.345,0.0729144089877567
31.544,0.0730054224484884
31.743,0.073095517994516
31.942,0.073184709442585
32.141,0.0732730103335261
32.34,0.0733604339391093
32.539,0.0734469932686929
32.738,0.0735327010756776
32.937,0.0736175698637707
33.136,0.0737016118930667
33.335,0.073784839185952
33.534,0.0738672635328379
33.733,0.0739488964977287
33.932,0.0740297494236305
34.131,0.0741098334378053
34.33,0.0741891594568762
34.529,0.0742677381917876
34.728,0.0743455801526274
34.927,0.0744226956533122
35.126,0.0744990948161438
35.325,0.0745747875762379
35.524,0.0746497836858315
35.723,0.0747240927184714
35.922,0.0747977240730878
36.121,0.0748706869779581
36.32,0.0749429904945619
36.519,0.0750146435213329
36.718,0.0750856547973095
36.917,0.0751560329056877
37.116,0.0752257862772802
37.315,0.0752949231938825
37.514,0.0753634517915511
37.713,0.0754313800637954
37.912,0.0754987158646857
38.111,0.0755654669118804
38.31,0.0756316407895753
38.509,0.0756972449513754
38.708,0.0757622867230943
38.907,0.0758267733054808
39.106,0.0758907117768764
39.305,0.0759541090958059
39.504,0.076016972103501
39.703,0.0760793075263621
39.902,0.0761411219783572
40.101,0.0762024219633614
40.3,0.076263213877438
40.499,0.076323504011063
40.698,0.0763832985512955
40.897,0.076442603583894
41.096,0.0765014250953808
41.295,0.0765597689750572
41.494,0.0766176410169687
41.693,0.0766750469218229
41.892,0.076731992298862
42.091,0.0767884826676897
42.29,0.0768445234600543
42.489,0.0769001200215903
42.688,0.0769552776135177
42.887,0.0770100014143023
43.086,0.0770642965212757
43.285,0.0771181679522186
43.484,0.0771716206469065
43.683,0.0772246594686195
43.882,0.0772772892056175
44.081,0.0773295145725811
44.28,0.0773813402120195
44.479,0.0774327706956464
44.678,0.0774838105257242
44.877,0.0775344641363777
45.076,0.0775847358948787
45.275,0.0776346301029006
45.474,0.0776841509977461
45.673,0.0777333027535461
45.872,0.077782089482433
46.071,0.0778305152356876
46.27,0.0778785840048602
46.469,0.0779262997228676
46.668,0.0779736662650656
46.867,0.0780206874502985
47.066,0.0780673670419253
47.265,0.0781137087488235
47.464,0.078159716226372
47.663,0.0782053930774116
47.862,0.0782507428531861
48.061,0.0782957690542623
48.26,0.0783404751314309
48.459,0.078384864486588
48.658,0.0784289404735982
48.857,0.0784727063991391
49.056,0.0785161655235286
49.255,0.0785593210615339
49.454,0.0786021761831651
49.653,0.0786447340144506
49.852,0.0786869976381977
50.051,0.0787289700947368
50.25,0.0787706543826505
50.449,0.0788120534594879
50.648,0.078853170242464
50.847,0.0788940076091447
51.046,0.0789345683981185
51.245,0.0789748554096539
51.444,0.0790148714063443
51.643,0.079054619113739
51.842,0.0790941012209621
52.041,0.0791333203813194
52.24,0.0791722792128924
52.439,0.0792109802991209
52.638,0.0792494261893742
52.837,0.0792876193995109
53.036,0.0793255624124277
53.235,0.0793632576785974
53.434,0.0794007076165964
53.633,0.0794379146136223
53.832,0.0794748810260006
54.031,0.0795116091796828
54.23,0.0795481013707337
54.429,0.0795843598658102
54.628,0.0796203869026305
54.827,0.0796561846904344
55.026,0.0796917554104351
55.225,0.0797271012162622
55.424,0.0797622242343959
55.623,0.0797971265645943
55.822,0.079831810280311
56.021,0.0798662774291063
56.22,0.07990053003305
56.419,0.0799345700891166
56.618,0.0799683995695736
56.817,0.0800020204223626
57.016,0.0800354345714727
57.215,0.0800686439173081
57.414,0.0801016503370479
57.613,0.0801344556850003
57.812,0.0801670617929492
58.011,0.080199470470496
58.21,0.0802316835053935
58.409,0.0802637026638753
58.608,0.0802955296909785
58.807,0.0803271663108603
59.006,0.0803586142271098
59.205,0.0803898751230538
59.404,0.0804209506620568
59.603,0.0804518424878165
59.802,0.080482552224653
60.001,0.0805130814777941
60.2,0.0805434318336549
60.399,0.0805736048601123
60.598,0.080603602106775
60.797,0.0806334251052492
60.996,0.0806630753693989
61.195,0.0806925543956023
61.394,0.0807218636630032
61.593,0.0807510046337589
61.792,0.0807799787532829
61.991,0.080808787450484
62.19,0.0808374321380016
62.389,0.0808659142124359
62.588,0.0808942350545754
62.787,0.08092239602962
62.986,0.0809503984874
63.185,0.0809782437625923
63.384,0.081005933174932
63.583,0.0810334680294214
63.782,0.0810608496165343
63.981,0.0810880792124184
64.18,0.0811151580790929
64.379,0.0811420874646441
64.578,0.0811688686034165
64.777,0.0811955027162019
64.976,0.0812219910104246
65.175,0.0812483346803241
65.374,0.0812745349071346
65.573,0.0813005928592611
65.772,0.0813265096924536
65.971,0.0813522865499777
66.17,0.081377924562783
66.369,0.0814034248496682
66.568,0.0814287885174438
66.767,0.0814540166610927
66.966,0.0814791103639271
67.165,0.0815040706977443
67.364,0.0815288987229788
67.563,0.0815535954888525
67.762,0.0815781620335227
67.961,0.0816025993842275
68.16,0.081626908557429
68.359,0.0816510905589541
68.558,0.0816751463841335
68.757,0.0816990770179379
68.956,0.0817228834351128
69.155,0.0817465666003106
69.354,0.081770127468221
69.553,0.0817935669836992
69.752,0.0818168860818924
69.951,0.0818400856883639
70.15,0.0818631667192159
70.349,0.0818861300812095
70.548,0.0819089766718843
70.747,0.0819317073796746
70.946,0.0819543230840249
71.145,0.0819768246555031
71.344,0.0819992129559126
71.543,0.082021488838402
71.742,0.0820436531475736
71.941,0.08206570671959
72.14,0.0820876503822793
72.339,0.0821094849552391
72.538,0.0821312112499378
72.737,0.0821528300698157
72.936,0.0821743422103839
73.135,0.0821957484593216
73.334,0.0822170495965728
73.533,0.0822382463944404
73.732,0.08225933961768
73.931,0.0822803300235918
74.13,0.0823012183621109
74.329,0.082322005375897
74.528,0.0823426918004223
74.727,0.0823632783640581
74.926,0.0823837657881607
75.125,0.0824041547871549
75.324,0.0824244460686179
75.523,0.0824446403333605
75.722,0.0824647382755083
75.921,0.0824847405825808
76.12,0.08250464793557
76.319,0.0825244610090176
76.518,0.0825441804710914
76.717,0.0825638069836602
76.916,0.0825833412023679
77.115,0.0826027837767064
77.314,0.0826221353500879
77.513,0.0826413965599156
77.712,0.0826605680376537
77.911,0.0826796504088966
78.11,0.0826986442934368
78.309,0.082717550305332
78.508,0.0827363690529712
78.707,0.0827551011391402
78.906,0.0827737471610858
79.105,0.0827923077105793
79.304,0.082810783373979
79.503,0.0828291747322923
79.702,0.082847482361236
79.901,0.0828657068312971
80.1,0.0828838487077914
80.299,0.0829019085509225
80.498,0.082919886915839
80.697,0.0829377843526916
80.896,0.0829556014066893
81.095,0.0829733386181548
81.294,0.0829909965225787
81.493,0.0830085756506738
81.692,0.0830260765284282
81.891,0.0830434996771578
82.09,0.0830608456135578
82.289,0.0830781148497541
82.488,0.0830953078933534
82.687,0.0831124252474932
82.886,0.0831294674108907
83.085,0.0831464348778915
83.284,0.0831633281385171
83.483,0.083180147678512
83.682,0.0831968939793907
83.881,0.0832135675184833
84.08,0.0832301687689809
84.279,0.0832466981999805
84.478,0.083263156276529
84.677,0.0832795434596669
84.876,0.0832958602064715
85.075,0.0833121069700991
85.274,0.0833282841998272
85.473,0.0833443923410958
85.672,0.0833604318355482
85.871,0.0833764031210716
86.07,0.0833923066318368
86.269,0.0834081427983376
86.468,0.0834239120474295
86.667,0.0834396148023682
86.866,0.0834552514828474
87.065,0.0834708225050363
87.264,0.0834863282816163
87.463,0.0835017692218179
87.662,0.083517145731456
87.861,0.0835324582129661
88.06,0.0835477070654391
88.259,0.0835628926846561
88.458,0.0835780154631225
88.657,0.083593075790102
88.856,0.0836080740516496
89.055,0.0836230106306453
89.254,0.0836378859068259
89.453,0.0836527002568179
89.652,0.0836674540541685
89.851,0.0836821476693779
90.05,0.0836967814699295
90.249,0.0837113558203209
90.448,0.0837258710820944
90.647,0.0837403276138664
90.846,0.0837547257713572
91.045,0.0837690659074202
91.244,0.0837833483720707
91.443,0.0837975735125144
91.642,0.0838117416731752
91.841,0.0838258531957237
92.04,0.0838399084191039
92.239,0.0838539076795609
92.438,0.0838678513106674
92.637,0.0838817396433504
92.836,0.0838955730059172
93.035,0.0839093517240812
93.234,0.083923076120988
93.433,0.0839367465172399
93.632,0.0839503632309214
93.831,0.0839639265776238
94.03,0.0839774368704692
94.229,0.0839908944201352
94.428,0.0840042995348783
94.627,0.0840176525205574
94.826,0.0840309536806575
95.025,0.084044203316312
95.224,0.0840574017263261
95.423,0.0840705492071989
95.622,0.0840836460531458
95.821,0.0840966925561201
96.02,0.0841096890058351
96.219,0.0841226356897853
96.418,0.0841355328932677
96.617,0.0841483808994028
96.816,0.084161179989155
97.015,0.0841739304413536
97.214,0.0841866325327127
97.413,0.0841992865378511
97.612,0.0842118927293126
97.811,0.0842244513775849
98.01,0.0842369627511197
98.209,0.084249427116351
98.408,0.0842618447377147
98.607,0.084274215877667
98.806,0.0842865407967029
99.005,0.0842988197533746
99.204,0.0843110530043092
99.403,0.0843232408042273
99.602,0.0843353834059599
99.801,0.0843474810604663
100,0.0843595340168516
