"ResDensity","N_TraitValue"
10,0.000358485616679177
10.3,0.000366702192236514
10.6,0.000374806584712607
10.9,0.000382801076027586
11.2,0.000390687886629556
11.5,0.000398469177550719
11.8,0.000406147052381526
12.1,0.000413723559166626
12.4,0.000421200692226218
12.7,0.000428580393906205
13,0.000435864556260369
13.3,0.000443055022667639
13.6,0.000450153589387345
13.9,0.00045716200705522
14.2,0.000464081982122763
14.5,0.000470915178242457
14.8,0.000477663217601194
15.1,0.000484327682204159
15.4,0.0004909101151113
15.7,0.000497412021628429
16,0.000503834870454861
16.3,0.000510180094789453
16.6,0.000516449093396779
16.9,0.000522643231635112
17.2,0.000528763842447792
17.5,0.00053481222731951
17.8,0.000540789657198921
18.1,0.000546697373388991
18.4,0.000552536588406364
18.7,0.000558308486811011
19,0.000564014226007349
19.3,0.000569654937017968
19.6,0.000575231725231056
19.9,0.000580745671122556
20.2,0.000586197830954044
20.5,0.000591589237447282
20.8,0.000596920900436342
21.1,0.000602193807498174
21.4,0.000607408924562441
21.7,0.000612567196501409
22,0.000617669547700656
22.3,0.000622716882611315
22.6,0.000627710086284558
22.9,0.000632650024888963
23.2,0.000637537546211422
23.5,0.000642373480142184
23.8,0.000647158639144618
24.1,0.000651893818710259
24.4,0.000656579797799669
24.7,0.000661217339269628
25,0.000665807190287143
25.3,0.000670350082730753
25.6,0.000674846733579575
25.9,0.000679297845290537
26.2,0.000683704106164203
26.5,0.000688066190699591
26.8,0.000692384759938383
27.1,0.000696660461798874
27.4,0.000700893931400034
27.7,0.000705085791376006
28,0.000709236652181385
28.3,0.000713347112387577
28.6,0.000717417758970548
28.9,0.000721449167590252
29.2,0.00072544190286202
29.5,0.000729396518620172
29.8,0.000733313558174112
30.1,0.000737193554557171
30.4,0.000741037030768405
30.7,0.000744844500007609
31,0.000748616465903757
31.3,0.000752353422737073
31.6,0.000756055855654956
31.9,0.000759724240881942
32.2,0.000763359045923907
32.5,0.000766960729766675
32.8,0.000770529743069237
33.1,0.000774066528351726
33.4,0.000777571520178323
33.7,0.000781045145335256
34,0.000784487823004042
34.3,0.000787899964930111
34.6,0.000791281975586975
34.9,0.000794634252336059
35.2,0.000797957185582333
35.5,0.000801251158925884
35.8,0.000804516549309535
36.1,0.000807753727162636
36.4,0.000810963056541155
36.7,0.000814144895264153
37,0.000817299595046785
37.3,0.000820427501629893
37.6,0.000823528954906329
37.9,0.000826604289044074
38.2,0.000829653832606263
38.5,0.000832677908668208
38.8,0.000835676834931493
39.1,0.000838650923835239
39.4,0.000841600482664616
39.7,0.000844525813656681
40,0.000847427214103614
40.3,0.000850304976453438
40.6,0.000853159388408284
40.9,0.000855990733020269
41.2,0.000858799288785067
41.5,0.000861585329733226
41.8,0.000864349125519297
42.1,0.000867090941508834
42.4,0.000869811038863335
42.7,0.000872509674623164
43,0.000875187101788521
43.3,0.00087784356939851
43.6,0.00088047932260836
43.9,0.000883094602764845
44.2,0.000885689647479947
44.5,0.000888264690702829
44.8,0.000890819962790136
45.1,0.000893355690574695
45.4,0.000895872097432636
45.7,0.000898369403348988
46,0.000900847824981787
46.3,0.000903307575724735
46.6,0.000905748865768448
46.9,0.000908171902160329
47.2,0.000910576888863105
47.5,0.000912964026812062
47.8,0.000915333513971001
48.1,0.000917685545386974
48.4,0.000920020313243797
48.7,0.000922338006914404
49,0.000924638813012045
49.3,0.000926922915440374
49.6,0.000929190495442453
49.9,0.000931441731648691
50.2,0.000933676800123752
50.5,0.000935895874412455
50.8,0.0009380991255847
51.1,0.00094028672227942
51.4,0.000942458830747617
51.7,0.000944615614894476
52,0.000946757236320594
52.3,0.000948883854362346
52.6,0.000950995626131396
52.9,0.000953092706553398
53.2,0.000955175248405874
53.5,0.000957243402355325
53.8,0.000959297316993565
54.1,0.000961337138873304
54.4,0.000963363012543014
54.7,0.000965375080581069
55,0.000967373483629198
55.3,0.000969358360425252
55.6,0.000971329847835317
55.9,0.000973288080885168
56.2,0.000975233192791102
56.5,0.00097716531499014
56.8,0.000979084577169644
57.1,0.000980991107296326
57.4,0.000982885031644693
57.7,0.000984766474824929
58,0.000986635559810218
58.3,0.000988492407963547
58.6,0.000990337139063966
58.9,0.000992169871332351
59.2,0.000993990721456653
59.5,0.000995799804616669
59.8,0.000997597234508329
60.1,0.000999383123367511
60.4,0.0010011575819934
60.7,0.00100292071977143
61,0.0010046726446957
61.3,0.00100641346339111
61.6,0.00100814328113491
61.9,0.00100986220187798
62.2,0.00101157032826562
62.5,0.00101326776165801
62.8,0.00101495460215024
63.1,0.00101663094859199
63.4,0.00101829689860684
63.7,0.00101995254861122
64,0.00102159799383302
64.3,0.00102323332832984
64.6,0.00102485864500691
64.9,0.00102647403563469
65.2,0.00102807959086614
65.5,0.00102967540025368
65.8,0.00103126155226584
66.1,0.00103283813430361
66.4,0.00103440523271649
66.7,0.00103596293281825
67,0.00103751131890243
67.3,0.00103905047425754
67.6,0.00104058048118198
67.9,0.00104210142099872
68.2,0.00104361337406971
68.5,0.00104511641981003
68.8,0.0010466106367018
69.1,0.00104809610230782
69.4,0.00104957289328503
69.7,0.00105104108539766
70,0.00105250075353022
70.3,0.00105395197170017
70.6,0.00105539481307053
70.9,0.00105682934996208
71.2,0.0010582556538655
71.5,0.00105967379545322
71.8,0.00106108384459112
72.1,0.00106248587034997
72.4,0.00106387994101674
72.7,0.00106526612410565
73,0.00106664448636911
73.3,0.00106801509380841
73.6,0.00106937801168427
73.9,0.00107073330452718
74.2,0.00107208103614759
74.5,0.00107342126964595
74.8,0.00107475406742251
75.1,0.00107607949118705
75.4,0.00107739760196839
75.7,0.00107870846012374
76,0.00108001212534793
76.3,0.00108130865668249
76.6,0.0010825981125245
76.9,0.00108388055063544
77.2,0.00108515602814974
77.5,0.00108642460158334
77.8,0.00108768632684196
78.1,0.00108894125922936
78.4,0.00109018945345543
78.7,0.00109143096364409
79,0.00109266584334116
79.3,0.00109389414552206
79.6,0.00109511592259933
79.9,0.00109633122643015
80.2,0.00109754010832365
80.5,0.00109874261904812
80.8,0.00109993880883813
81.1,0.00110112872740153
81.4,0.00110231242392633
81.7,0.00110348994708746
82,0.00110466134505348
82.3,0.00110582666549312
82.6,0.00110698595558176
82.9,0.00110813926200776
83.2,0.00110928663097881
83.5,0.00111042810822799
83.8,0.00111156373901995
84.1,0.00111269356815682
84.4,0.00111381763998416
84.7,0.00111493599839671
85,0.00111604868684412
85.3,0.0011171557483366
85.6,0.00111825722545045
85.9,0.00111935316033348
86.2,0.00112044359471047
86.5,0.00112152856988836
86.8,0.00112260812676156
87.1,0.00112368230581704
87.4,0.00112475114713939
87.7,0.00112581469041583
88,0.00112687297494109
88.3,0.00112792603962228
88.6,0.00112897392298366
88.9,0.0011300166631713
89.2,0.00113105429795773
89.5,0.00113208686474654
89.8,0.0011331144005768
90.1,0.00113413694212754
90.4,0.00113515452572212
90.7,0.00113616718733248
91,0.00113717496258344
91.3,0.00113817788675683
91.6,0.00113917599479563
91.9,0.00114016932130804
92.2,0.00114115790057146
92.5,0.00114214176653641
92.8,0.00114312095283049
93.1,0.00114409549276212
93.4,0.00114506541932441
93.7,0.00114603076519879
94,0.00114699156275876
94.3,0.00114794784407346
94.6,0.00114889964091126
94.9,0.00114984698474326
95.2,0.0011507899067468
95.5,0.00115172843780881
95.8,0.00115266260852926
96.1,0.00115359244922442
96.4,0.00115451798993018
96.7,0.00115543926040529
97,0.0011563562901345
97.3,0.00115726910833177
97.6,0.00115817774394331
97.9,0.00115908222565069
98.2,0.00115998258187383
98.5,0.00116087884077399
98.8,0.00116177103025669
99.1,0.00116265917797463
99.4,0.00116354331133052
99.7,0.00116442345747993
100,0.00116529964333403
100.3,0.00116617189556237
100.6,0.00116704024059557
100.9,0.00116790470462798
101.2,0.00116876531362035
101.5,0.00116962209330237
101.8,0.00117047506917529
102.1,0.00117132426651443
102.4,0.00117216971037166
102.7,0.00117301142557789
103,0.00117384943674548
103.3,0.00117468376827065
103.6,0.00117551444433585
103.9,0.00117634148891209
104.2,0.00117716492576124
104.5,0.00117798477843834
104.8,0.00117880107029378
105.1,0.00117961382447558
105.4,0.00118042306393156
105.7,0.00118122881141148
106,0.00118203108946919
106.3,0.00118282992046473
106.6,0.00118362532656642
106.9,0.00118441732975288
107.2,0.00118520595181508
107.5,0.00118599121435834
107.8,0.00118677313880428
108.1,0.0011875517463928
108.4,0.00118832705818396
108.7,0.00118909909505994
109,0.00118986787772685
109.3,0.00119063342671661
109.6,0.00119139576238881
109.9,0.00119215490493245
110.2,0.00119291087436776
110.5,0.00119366369054798
110.8,0.00119441337316105
111.1,0.00119515994173136
111.4,0.00119590341562142
111.7,0.00119664381403357
112,0.0011973811560116
112.3,0.00119811546044239
112.6,0.00119884674605755
112.9,0.00119957503143496
113.2,0.00120030033500039
113.5,0.00120102267502904
113.8,0.00120174206964707
114.1,0.00120245853683311
114.4,0.00120317209441977
114.7,0.00120388276009512
115,0.00120459055140415
115.3,0.0012052954857502
115.6,0.00120599758039641
115.9,0.00120669685246711
116.2,0.00120739331894921
116.5,0.0012080869966936
116.8,0.0012087779024165
117.1,0.00120946605270076
117.4,0.00121015146399727
117.7,0.00121083415262619
118,0.00121151413477829
118.3,0.00121219142651622
118.6,0.00121286604377578
118.9,0.00121353800236716
119.2,0.00121420731797617
119.5,0.00121487400616548
119.8,0.0012155380823758
120.1,0.00121619956192713
120.4,0.00121685846001984
120.7,0.00121751479173593
121,0.00121816857204012
121.3,0.00121881981578103
121.6,0.00121946853769225
121.9,0.00122011475239352
122.2,0.00122075847439177
122.5,0.00122139971808223
122.8,0.00122203849774951
123.1,0.00122267482756864
123.4,0.00122330872160613
123.7,0.00122394019382101
124,0.00122456925806587
124.3,0.00122519592808782
124.6,0.00122582021752954
124.9,0.00122644213993027
125.2,0.00122706170872675
125.5,0.00122767893725423
125.8,0.00122829383874739
126.1,0.00122890642634133
126.4,0.00122951671307247
126.7,0.00123012471187947
127,0.00123073043560417
127.3,0.00123133389699248
127.6,0.0012319351086953
127.9,0.00123253408326934
128.2,0.00123313083317807
128.5,0.00123372537079254
128.8,0.00123431770839223
129.1,0.00123490785816593
129.4,0.00123549583221255
129.7,0.00123608164254196
130,0.00123666530107577
130.3,0.00123724681964821
130.6,0.00123782621000687
130.9,0.00123840348381351
131.2,0.00123897865264485
131.5,0.00123955172799332
131.8,0.00124012272126787
132.1,0.00124069164379468
132.4,0.00124125850681792
132.7,0.00124182332150052
133,0.00124238609892488
133.3,0.00124294685009358
133.6,0.00124350558593013
133.9,0.00124406231727965
134.2,0.00124461705490959
134.5,0.00124516980951043
134.8,0.00124572059169633
135.1,0.00124626941200587
135.4,0.00124681628090265
135.7,0.00124736120877602
136,0.00124790420594169
136.3,0.00124844528264242
136.6,0.00124898444904864
136.9,0.00124952171525908
137.2,0.00125005709130142
137.5,0.00125059058713291
137.8,0.00125112221264098
138.1,0.00125165197764386
138.4,0.00125217989189117
138.7,0.00125270596506454
139,0.00125323020677818
139.3,0.00125375262657948
139.6,0.00125427323394957
139.9,0.00125479203830393
140.2,0.00125530904899293
140.5,0.00125582427530238
140.8,0.00125633772645413
141.1,0.00125684941160657
141.4,0.00125735933985521
141.7,0.0012578675202332
142,0.00125837396171188
142.3,0.0012588786732013
142.6,0.00125938166355073
142.9,0.00125988294154919
143.2,0.00126038251592596
143.5,0.0012608803953511
143.8,0.00126137658843592
144.1,0.0012618711037335
144.4,0.00126236394973918
144.7,0.00126285513489105
145,0.00126334466757041
145.3,0.00126383255610227
145.6,0.0012643188087558
145.9,0.00126480343374482
146.2,0.00126528643922827
146.5,0.00126576783331061
146.8,0.00126624762404236
147.1,0.00126672581942046
147.4,0.00126720242738878
147.7,0.00126767745583854
148,0.00126815091260872
148.3,0.00126862280548655
148.6,0.00126909314220786
148.9,0.00126956193045757
149.2,0.00127002917787008
149.5,0.00127049489202966
149.8,0.00127095908047092
150.1,0.00127142175067917
150.4,0.00127188291009084
150.7,0.00127234256609385
151,0.00127280072602805
151.3,0.0012732573971856
151.6,0.00127371258681131
151.9,0.00127416630210309
152.2,0.00127461855021229
152.5,0.00127506933824407
152.8,0.00127551867325781
153.1,0.00127596656226744
153.4,0.00127641301224181
153.7,0.00127685803010508
154,0.00127730162273705
154.3,0.00127774379697353
154.6,0.00127818455960667
154.9,0.00127862391738533
155.2,0.00127906187701543
155.5,0.00127949844516026
155.8,0.00127993362844083
156.1,0.00128036743343625
156.4,0.00128079986668397
156.7,0.00128123093468019
157,0.00128166064388016
157.3,0.00128208900069849
157.6,0.00128251601150947
157.9,0.00128294168264739
158.2,0.00128336602040689
158.5,0.0012837890310432
158.8,0.0012842107207725
159.1,0.00128463109577221
159.4,0.00128505016218128
159.7,0.00128546792610052
160,0.00128588439359285
