"ResDensity","N_TraitValue"
2,9.2105862750925e-06
2.124,9.77313651619496e-06
2.248,1.03347092209574e-05
2.372,1.08953069351464e-05
2.496,1.14549321956967e-05
2.62,1.20135875307487e-05
2.744,1.25712754596874e-05
2.868,1.31279984931797e-05
2.992,1.36837591332123e-05
3.116,1.42385598731289e-05
3.24,1.4792403197668e-05
3.364,1.53452915829996e-05
3.488,1.58972274967623e-05
3.612,1.64482133980996e-05
3.736,1.69982517376971e-05
3.86,1.75473449578184e-05
3.984,1.80954954923412e-05
4.108,1.86427057667934e-05
4.232,1.91889781983889e-05
4.356,1.97343151960633e-05
4.48,2.02787191605088e-05
4.604,2.08221924842103e-05
4.728,2.13647375514794e-05
4.852,2.19063567384902e-05
4.976,2.24470524133133e-05
5.1,2.29868269359509e-05
5.224,2.35256826583707e-05
5.348,2.40636219245401e-05
5.472,2.46006470704605e-05
5.596,2.51367604242007e-05
5.72,2.5671964305931e-05
5.844,2.62062610279561e-05
5.968,2.6739652894749e-05
6.092,2.72721422029837e-05
6.216,2.78037312415683e-05
6.34,2.8334422291678e-05
6.464,2.88642176267872e-05
6.588,2.93931195127026e-05
6.712,2.99211302075952e-05
6.836,3.04482519620321e-05
6.96,3.09744870190093e-05
7.084,3.14998376139828e-05
7.208,3.20243059749003e-05
7.332,3.25478943222333e-05
7.456,3.30706048690077e-05
7.58,3.35924398208353e-05
7.704,3.41134013759451e-05
7.828,3.46334917252136e-05
7.952,3.51527130521959e-05
8.076,3.56710675331562e-05
8.2,3.61885573370981e-05
8.324,3.67051846257949e-05
8.448,3.72209515538199e-05
8.572,3.7735860268576e-05
8.696,3.82499129103257e-05
8.82,3.87631116122207e-05
8.944,3.92754585003314e-05
9.068,3.97869556936766e-05
9.192,4.0297605304252e-05
9.316,4.08074094370599e-05
9.44,4.13163701901379e-05
9.564,4.18244896545875e-05
9.688,4.23317699146033e-05
9.812,4.28382130475006e-05
9.936,4.33438211237447e-05
10.06,4.38485962069786e-05
10.184,4.43525403540509e-05
10.308,4.48556556150444e-05
10.432,4.53579440333031e-05
10.556,4.58594076454606e-05
10.68,4.63600484814671e-05
10.804,4.6859868564617e-05
10.928,4.73588699115762e-05
11.052,4.78570545324092e-05
11.176,4.83544244306058e-05
11.3,4.88509816031085e-05
11.424,4.93467280403388e-05
11.548,4.9841665726224e-05
11.672,5.03357966382234e-05
11.796,5.08291227473551e-05
11.92,5.13216460182218e-05
12.044,5.18133684090369e-05
12.168,5.23042918716507e-05
12.292,5.27944183515762e-05
12.416,5.32837497880145e-05
12.54,5.37722881138806e-05
12.664,5.42600352558289e-05
12.788,5.47469931342784e-05
12.912,5.5233163663438e-05
13.036,5.57185487513314e-05
13.16,5.62031502998223e-05
13.284,5.66869702046393e-05
13.408,5.71700103553999e-05
13.532,5.76522726356364e-05
13.656,5.8133758922819e-05
13.78,5.86144710883812e-05
13.904,5.90944109977435e-05
14.028,5.95735805103376e-05
14.152,6.00519814796306e-05
14.276,6.05296157531488e-05
14.4,6.10064851725014e-05
14.524,6.14825915734043e-05
14.648,6.19579367857035e-05
14.772,6.24325226333987e-05
14.896,6.29063509346666e-05
15.02,6.33794235018841e-05
15.144,6.38517421416513e-05
15.268,6.43233086548146e-05
15.392,6.47941248364896e-05
15.516,6.5264192476084e-05
15.64,6.57335133573198e-05
15.764,6.62020892582566e-05
15.888,6.66699219513133e-05
16.012,6.71370132032909e-05
16.136,6.76033647753948e-05
16.26,6.80689784232564e-05
16.384,6.85338558969559e-05
16.508,6.89979989410435e-05
16.632,6.94614092945619e-05
16.756,6.99240886910672e-05
16.88,7.03860388586515e-05
17.004,7.08472615199634e-05
17.128,7.13077583922303e-05
17.252,7.17675311872791e-05
17.376,7.22265816115578e-05
17.5,7.26849113661563e-05
17.624,7.31425221468277e-05
17.748,7.35994156440088e-05
17.872,7.40555935428416e-05
17.996,7.45110575231933e-05
18.12,7.49658092596772e-05
18.244,7.54198504216736e-05
18.368,7.58731826733494e-05
18.492,7.63258076736793e-05
18.616,7.67777270764655e-05
18.74,7.72289425303578e-05
18.864,7.76794556788743e-05
18.988,7.81292681604204e-05
19.112,7.85783816083094e-05
19.236,7.9026797650782e-05
19.36,7.9474517911026e-05
19.484,7.99215440071959e-05
19.608,8.03678775524323e-05
19.732,8.08135201548814e-05
19.856,8.12584734177144e-05
19.98,8.17027389391465e-05
20.104,8.21463183124563e-05
20.228,8.25892131260044e-05
20.352,8.30314249632531e-05
20.476,8.34729554027845e-05
20.6,8.39138060183197e-05
20.724,8.43539783787375e-05
20.848,8.47934740480928e-05
20.972,8.52322945856354e-05
21.096,8.56704415458281e-05
21.22,8.61079164783653e-05
21.344,8.65447209281915e-05
21.468,8.69808564355187e-05
21.592,8.74163245358455e-05
21.716,8.78511267599742e-05
21.84,8.82852646340294e-05
21.964,8.87187396794756e-05
22.088,8.91515534131351e-05
22.212,8.95837073472052e-05
22.336,9.00152029892766e-05
22.46,9.04460418423504e-05
22.584,9.08762254048555e-05
22.708,9.13057551706665e-05
22.832,9.17346326291203e-05
22.956,9.21628592650338e-05
23.08,9.25904365587209e-05
23.204,9.30173659860096e-05
23.328,9.34436490182588e-05
23.452,9.38692871223755e-05
23.576,9.42942817608312e-05
23.7,9.47186343916791e-05
23.824,9.51423464685705e-05
23.948,9.55654194407717e-05
24.072,9.59878547531799e-05
24.196,9.64096538463404e-05
24.32,9.68308181564625e-05
24.444,9.72513491154359e-05
24.568,9.76712481508469e-05
24.692,9.80905166859949e-05
24.816,9.85091561399078e-05
24.94,9.89271679273586e-05
25.064,9.93445534588812e-05
25.188,9.97613141407862e-05
25.312,0.000100177451375176
25.436,0.000100592966559963
25.56,0.000101007861088882
25.684,0.000101422136351506
25.808,0.000101835793733267
25.932,0.000102248834615463
26.056,0.000102661260375281
26.18,0.000103073072385807
26.304,0.000103484272016045
26.428,0.000103894860630929
26.552,0.00010430483959134
26.676,0.000104714210254122
26.8,0.000105122973972094
26.924,0.000105531132094067
27.048,0.000105938685964859
27.172,0.000106345636925307
27.296,0.000106751986312287
27.42,0.000107157735458723
27.544,0.000107562885693604
27.668,0.000107967438342002
27.792,0.000108371394725078
27.916,0.000108774756160104
28.04,0.000109177523960476
28.164,0.000109579699435724
28.288,0.00010998128389153
28.412,0.000110382278629744
28.536,0.000110782684948391
28.66,0.000111182504141693
28.784,0.000111581737500077
28.908,0.000111980386310192
29.032,0.000112378451854922
29.156,0.000112775935413399
29.28,0.00011317283826102
29.404,0.000113569161669454
29.528,0.000113964906906664
29.652,0.000114360075236913
29.776,0.000114754667920782
29.9,0.000115148686215181
30.024,0.000115542131373366
30.148,0.000115935004644947
30.272,0.000116327307275904
30.396,0.000116719040508603
30.52,0.000117110205581803
30.644,0.000117500803730673
30.768,0.000117890836186806
30.892,0.000118280304178228
31.016,0.000118669208929415
31.14,0.000119057551661302
31.264,0.000119445333591299
31.388,0.000119832555933303
31.512,0.000120219219897709
31.636,0.000120605326691424
31.76,0.000120990877517878
31.884,0.000121375873577041
32.008,0.000121760316065429
32.132,0.000122144206176121
32.256,0.000122527545098771
32.38,0.000122910334019616
32.504,0.000123292574121496
32.628,0.000123674266583858
32.752,0.000124055412582773
32.876,0.000124436013290947
33,0.000124816069877734
33.124,0.000125195583509144
33.248,0.000125574555347861
33.372,0.000125952986553249
33.496,0.000126330878281369
33.62,0.000126708231684986
33.744,0.000127085047913585
33.868,0.000127461328113379
33.992,0.000127837073427323
34.116,0.000128212284995125
34.24,0.000128586963953258
34.364,0.000128961111434969
34.488,0.000129334728570294
34.612,0.000129707816486066
34.736,0.000130080376305931
34.86,0.000130452409150353
34.984,0.00013082391613663
35.108,0.000131194898378903
35.232,0.00013156535698817
35.356,0.000131935293072292
35.48,0.000132304707736008
35.604,0.000132673602080946
35.728,0.000133041977205632
35.852,0.000133409834205502
35.976,0.000133777174172912
36.1,0.000134143998197151
36.224,0.000134510307364448
36.348,0.000134876102757988
36.472,0.000135241385457916
36.596,0.000135606156541355
36.72,0.000135970417082411
36.844,0.000136334168152184
36.968,0.000136697410818783
37.092,0.000137060146147331
37.216,0.000137422375199978
37.34,0.000137784099035914
37.464,0.000138145318711372
37.588,0.000138506035279646
37.712,0.000138866249791096
37.836,0.000139225963293163
37.96,0.000139585176830372
38.084,0.000139943891444351
38.208,0.000140302108173833
38.332,0.000140659828054671
38.456,0.000141017052119848
38.58,0.000141373781399482
38.704,0.000141730016920843
38.828,0.000142085759708356
38.952,0.000142441010783616
39.076,0.000142795771165397
39.2,0.000143150041869657
39.324,0.000143503823909553
39.448,0.000143857118295451
39.572,0.000144209926034931
39.696,0.0001445622481328
39.82,0.000144914085591099
39.944,0.000145265439409117
40.068,0.000145616310583397
40.192,0.000145966700107744
40.316,0.000146316608973237
40.44,0.000146666038168241
40.564,0.000147014988678408
40.688,0.000147363461486696
40.812,0.00014771145757337
40.936,0.000148058977916017
41.06,0.000148406023489552
41.184,0.000148752595266228
41.308,0.000149098694215646
41.432,0.000149444321304762
41.556,0.000149789477497897
41.68,0.000150134163756748
41.804,0.000150478381040392
41.928,0.000150822130305302
42.052,0.000151165412505349
42.176,0.000151508228591813
42.3,0.000151850579513395
42.424,0.000152192466216221
42.548,0.000152533889643854
42.672,0.000152874850737301
42.796,0.000153215350435024
42.92,0.000153555389672943
43.044,0.000153894969384453
43.168,0.000154234090500424
43.292,0.000154572753949216
43.416,0.000154910960656684
43.54,0.000155248711546187
43.664,0.000155586007538597
43.788,0.000155922849552309
43.912,0.000156259238503244
44.036,0.000156595175304863
44.16,0.000156930660868173
44.284,0.000157265696101734
44.408,0.000157600281911671
44.532,0.000157934419201676
44.656,0.000158268108873023
44.78,0.000158601351824571
44.904,0.000158934148952775
45.028,0.000159266501151693
45.152,0.000159598409312992
45.276,0.000159929874325961
45.4,0.000160260897077514
45.524,0.000160591478452201
45.648,0.000160921619332212
45.772,0.000161251320597392
45.896,0.00016158058312524
46.02,0.000161909407790924
46.144,0.000162237795467285
46.268,0.000162565747024844
46.392,0.000162893263331816
46.516,0.000163220345254107
46.64,0.000163546993655332
46.764,0.000163873209396816
46.888,0.000164198993337605
47.012,0.000164524346334472
47.136,0.000164849269241924
47.26,0.000165173762912211
47.384,0.000165497828195334
47.508,0.000165821465939048
47.632,0.000166144676988876
47.756,0.000166467462188111
47.88,0.000166789822377825
48.004,0.000167111758396879
48.128,0.000167433271081925
48.252,0.000167754361267417
48.376,0.000168075029785619
48.5,0.000168395277466607
48.624,0.000168715105138284
48.748,0.00016903451362638
48.872,0.000169353503754463
48.996,0.000169672076343943
49.12,0.000169990232214084
49.244,0.000170307972182006
49.368,0.000170625297062695
49.492,0.000170942207669009
49.616,0.000171258704811685
49.74,0.000171574789299345
49.864,0.000171890461938505
49.988,0.000172205723533579
50.112,0.000172520574886891
50.236,0.000172835016798673
50.36,0.000173149050067081
50.484,0.000173462675488198
50.608,0.000173775893856037
50.732,0.000174088705962555
50.856,0.000174401112597655
50.98,0.000174713114549191
51.104,0.00017502471260298
51.228,0.000175335907542805
51.352,0.000175646700150422
51.476,0.000175957091205568
51.6,0.000176267081485965
51.724,0.000176576671767328
51.848,0.000176885862823373
51.972,0.00017719465542582
52.096,0.000177503050344403
52.22,0.000177811048346872
52.344,0.000178118650199004
52.468,0.000178425856664608
52.592,0.000178732668505529
52.716,0.000179039086481657
52.84,0.000179345111350932
52.964,0.000179650743869349
53.088,0.00017995598479097
53.212,0.000180260834867921
53.336,0.000180565294850405
53.46,0.000180869365486708
53.584,0.000181173047523201
53.708,0.00018147634170435
53.832,0.000181779248772719
53.956,0.00018208176946898
54.08,0.000182383904531914
54.204,0.000182685654698421
54.328,0.000182987020703526
54.452,0.000183288003280382
54.576,0.000183588603160277
54.7,0.000183888821072642
54.824,0.000184188657745055
54.948,0.000184488113903247
55.072,0.000184787190271109
55.196,0.000185085887570696
55.32,0.000185384206522235
55.444,0.000185682147844127
55.568,0.000185979712252958
55.692,0.000186276900463501
55.816,0.000186573713188724
55.94,0.000186870151139793
56.064,0.000187166215026079
56.188,0.000187461905555166
56.312,0.000187757223432852
56.436,0.000188052169363159
56.56,0.000188346744048335
56.684,0.000188640948188864
56.808,0.000188934782483466
56.932,0.000189228247629106
57.056,0.000189521344321001
57.18,0.00018981407325262
57.304,0.000190106435115695
57.428,0.000190398430600225
57.552,0.000190690060394478
57.676,0.000190981325185001
57.8,0.000191272225656624
57.924,0.000191562762492464
58.048,0.000191852936373931
58.172,0.000192142747980734
58.296,0.000192432197990885
58.42,0.000192721287080707
58.544,0.000193010015924835
58.668,0.000193298385196227
58.792,0.000193586395566161
58.916,0.000193874047704251
59.04,0.000194161342278441
59.164,0.000194448279955018
59.288,0.000194734861398616
59.412,0.000195021087272216
59.536,0.000195306958237157
59.66,0.000195592474953141
59.784,0.000195877638078232
59.908,0.000196162448268867
60.032,0.000196446906179859
60.156,0.000196731012464404
60.28,0.00019701476777408
60.404,0.00019729817275886
60.528,0.000197581228067111
60.652,0.000197863934345601
60.776,0.000198146292239506
60.9,0.000198428302392409
61.024,0.000198709965446314
61.148,0.000198991282041641
61.272,0.000199272252817237
61.396,0.00019955287841038
61.52,0.000199833159456782
61.644,0.000200113096590597
61.768,0.000200392690444421
61.892,0.000200671941649301
62.016,0.000200950850834739
62.14,0.000201229418628693
62.264,0.000201507645657588
62.388,0.000201785532546316
62.512,0.000202063079918241
62.636,0.000202340288395206
62.76,0.000202617158597536
62.884,0.000202893691144044
63.008,0.000203169886652032
63.132,0.0002034457457373
63.256,0.00020372126901415
63.38,0.000203996457095387
63.504,0.000204271310592325
63.628,0.000204545830114797
63.752,0.00020482001627115
63.876,0.000205093869668256
64,0.000205367390911517
