"ResDensity","N_TraitValue"
53.7633,3.58324217909884e-06
54.5646094,3.63324030860176e-06
55.3659188,3.68314481878398e-06
56.1672282,3.73295597234671e-06
56.9685376,3.78267403100919e-06
57.769847,3.83229925551331e-06
58.5711564,3.88183190562813e-06
59.3724658,3.93127224015443e-06
60.1737752,3.98062051692925e-06
60.9750846,4.02987699283029e-06
61.776394,4.07904192378045e-06
62.5777034,4.12811556475221e-06
63.3790128,4.17709816977209e-06
64.1803222,4.22598999192496e-06
64.9816316,4.27479128335846e-06
65.782941,4.32350229528731e-06
66.5842504,4.37212327799762e-06
67.3855598,4.42065448085119e-06
68.1868692,4.46909615228976e-06
68.9881786,4.51744853983925e-06
69.789488,4.56571189011399e-06
70.5907974,4.61388644882087e-06
71.3921068,4.66197246076358e-06
72.1934162,4.70997016984671e-06
72.9947256,4.75787981907987e-06
73.796035,4.80570165058181e-06
74.5973444,4.85343590558448e-06
75.3986538,4.90108282443713e-06
76.1999632,4.94864264661028e-06
77.0012726,4.99611561069978e-06
77.802582,5.04350195443077e-06
78.6038914,5.09080191466168e-06
79.4052008,5.13801572738816e-06
80.2065102,5.18514362774698e-06
81.0078196,5.23218585001998e-06
81.809129,5.27914262763792e-06
82.6104384,5.32601419318435e-06
83.4117478,5.37280077839945e-06
84.2130572,5.41950261418385e-06
85.0143666,5.46611993060243e-06
85.815676,5.51265295688809e-06
86.6169854,5.55910192144554e-06
87.4182948,5.60546705185496e-06
88.2196042,5.65174857487581e-06
89.0209136,5.69794671645048e-06
89.822223,5.74406170170794e-06
90.6235324,5.79009375496746e-06
91.4248418,5.8360430997422e-06
92.2261512,5.88190995874285e-06
93.0274606,5.92769455388121e-06
93.82877,5.9733971062738e-06
94.6300794,6.01901783624536e-06
95.4313888,6.06455696333248e-06
96.2326982,6.11001470628703e-06
97.0340076,6.15539128307973e-06
97.835317,6.2006869109036e-06
98.6366264,6.24590180617742e-06
99.4379358,6.2910361845492e-06
100.2392452,6.33609026089962e-06
101.0405546,6.38106424934537e-06
101.841864,6.42595836324264e-06
102.6431734,6.47077281519041e-06
103.4444828,6.51550781703386e-06
104.2457922,6.56016357986767e-06
105.0471016,6.60474031403938e-06
105.848411,6.64923822915266e-06
106.6497204,6.6936575340706e-06
107.4510298,6.73799843691899e-06
108.2523392,6.78226114508958e-06
109.0536486,6.82644586524327e-06
109.854958,6.87055280331339e-06
110.6562674,6.91458216450882e-06
111.4575768,6.95853415331726e-06
112.2588862,7.00240897350832e-06
113.0601956,7.04620682813672e-06
113.861505,7.0899279195454e-06
114.6628144,7.13357244936863e-06
115.4641238,7.17714061853514e-06
116.2654332,7.22063262727117e-06
117.0667426,7.26404867510354e-06
117.868052,7.30738896086272e-06
118.6693614,7.35065368268588e-06
119.4706708,7.39384303801985e-06
120.2719802,7.43695722362418e-06
121.0732896,7.4799964355741e-06
121.874599,7.52296086926351e-06
122.6759084,7.56585071940791e-06
123.4772178,7.60866618004738e-06
124.2785272,7.65140744454947e-06
125.0798366,7.69407470561213e-06
125.881146,7.7366681552666e-06
126.6824554,7.77918798488029e-06
127.4837648,7.82163438515966e-06
128.2850742,7.86400754615305e-06
129.0863836,7.90630765725353e-06
129.887693,7.94853490720172e-06
130.6890024,7.99068948408858e-06
131.4903118,8.03277157535824e-06
132.2916212,8.07478136781074e-06
133.0929306,8.11671904760482e-06
133.89424,8.15858480026066e-06
134.6955494,8.2003788106626e-06
135.4968588,8.2421012630619e-06
136.2981682,8.2837523410794e-06
137.0994776,8.32533222770827e-06
137.900787,8.36684110531662e-06
138.7020964,8.40827915565024e-06
139.5034058,8.44964655983519e-06
140.3047152,8.49094349838048e-06
141.1060246,8.53217015118069e-06
141.907334,8.57332669751855e-06
142.7086434,8.61441331606758e-06
143.5099528,8.65543018489466e-06
144.3112622,8.69637748146259e-06
145.1125716,8.73725538263266e-06
145.913881,8.77806406466721e-06
146.7151904,8.81880370323214e-06
147.5164998,8.85947447339945e-06
148.3178092,8.90007654964971e-06
149.1191186,8.94061010587462e-06
149.920428,8.98107531537944e-06
150.7217374,9.02147235088546e-06
151.5230468,9.06180138453251e-06
152.3243562,9.10206258788133e-06
153.1256656,9.14225613191607e-06
153.926975,9.18238218704667e-06
154.7282844,9.22244092311127e-06
155.5295938,9.26243250937864e-06
156.3309032,9.30235711455051e-06
157.1322126,9.34221490676401e-06
157.933522,9.38200605359396e-06
158.7348314,9.42173072205527e-06
159.5361408,9.46138907860524e-06
160.3374502,9.50098128914593e-06
161.1387596,9.54050751902643e-06
161.940069,9.57996793304517e-06
162.7413784,9.61936269545223e-06
163.5426878,9.65869196995161e-06
164.3439972,9.6979559197035e-06
165.1453066,9.7371547073265e-06
165.946616,9.77628849489994e-06
166.7479254,9.81535744396604e-06
167.5492348,9.85436171553218e-06
168.3505442,9.89330147007307e-06
169.1518536,9.93217686753301e-06
169.953163,9.97098806732802e-06
170.7544724,1.00097352283481e-05
171.5557818,1.00484185089592e-05
172.3570912,1.00870380670057e-05
173.1584006,1.01255940598122e-05
173.95971,1.0164086644186e-05
174.7610194,1.02025159764191e-05
175.5623288,1.02408822122899e-05
176.3636382,1.02791855070662e-05
177.1649476,1.03174260155063e-05
177.966257,1.03556038918619e-05
178.7675664,1.03937192898797e-05
179.5688758,1.04317723628036e-05
180.3701852,1.04697632633768e-05
181.1714946,1.05076921438436e-05
181.972804,1.05455591559519e-05
182.7741134,1.05833644509548e-05
183.5754228,1.06211081796128e-05
184.3767322,1.06587904921957e-05
185.1780416,1.06964115384848e-05
185.979351,1.07339714677747e-05
186.7806604,1.07714704288751e-05
187.5819698,1.08089085701135e-05
188.3832792,1.08462860393361e-05
189.1845886,1.08836029839105e-05
189.985898,1.09208595507276e-05
190.7872074,1.09580558862031e-05
191.5885168,1.09951921362798e-05
192.3898262,1.10322684464293e-05
193.1911356,1.10692849616541e-05
193.992445,1.11062418264893e-05
194.7937544,1.11431391850045e-05
195.5950638,1.11799771808058e-05
196.3963732,1.12167559570376e-05
197.1976826,1.12534756563843e-05
197.998992,1.12901364210726e-05
198.8003014,1.13267383928726e-05
199.6016108,1.13632817131004e-05
200.4029202,1.13997665226194e-05
201.2042296,1.14361929618423e-05
202.005539,1.14725611707329e-05
202.8068484,1.15088712888078e-05
203.6081578,1.15451234551384e-05
204.4094672,1.15813178083525e-05
205.2107766,1.1617454486636e-05
206.012086,1.16535336277348e-05
206.8133954,1.16895553689565e-05
207.6147048,1.17255198471722e-05
208.4160142,1.17614271988181e-05
209.2173236,1.17972775598975e-05
210.018633,1.1833071065982e-05
210.8199424,1.18688078522139e-05
211.6212518,1.19044880533073e-05
212.4225612,1.194011180355e-05
213.2238706,1.19756792368054e-05
214.02518,1.20111904865139e-05
214.8264894,1.20466456856945e-05
215.6277988,1.2082044966947e-05
216.4291082,1.21173884624528e-05
217.2304176,1.21526763039774e-05
218.031727,1.21879086228715e-05
218.8330364,1.22230855500728e-05
219.6343458,1.22582072161076e-05
220.4356552,1.22932737510924e-05
221.2369646,1.23282852847356e-05
222.038274,1.23632419463389e-05
222.8395834,1.23981438647991e-05
223.6408928,1.24329911686098e-05
224.4422022,1.24677839858623e-05
225.2435116,1.25025224442482e-05
226.044821,1.253720667106e-05
226.8461304,1.25718367931932e-05
227.6474398,1.26064129371478e-05
228.4487492,1.26409352290297e-05
229.2500586,1.26754037945522e-05
230.051368,1.27098187590377e-05
230.8526774,1.27441802474192e-05
231.6539868,1.27784883842415e-05
232.4552962,1.28127432936633e-05
233.2566056,1.2846945099458e-05
234.057915,1.28810939250158e-05
234.8592244,1.29151898933448e-05
235.6605338,1.29492331270726e-05
236.4618432,1.29832237484477e-05
237.2631526,1.30171618793413e-05
238.064462,1.30510476412482e-05
238.8657714,1.30848811552886e-05
239.6670808,1.31186625422096e-05
240.4683902,1.31523919223864e-05
241.2696996,1.31860694158239e-05
242.071009,1.32196951421581e-05
242.8723184,1.32532692206574e-05
243.6736278,1.32867917702242e-05
244.4749372,1.33202629093961e-05
245.2762466,1.33536827563474e-05
246.077556,1.33870514288906e-05
246.8788654,1.34203690444777e-05
247.6801748,1.34536357202012e-05
248.4814842,1.34868515727964e-05
249.2827936,1.35200167186416e-05
250.084103,1.35531312737605e-05
250.8854124,1.35861953538228e-05
251.6867218,1.36192090741461e-05
252.4880312,1.36521725496967e-05
253.2893406,1.36850858950915e-05
254.09065,1.37179492245989e-05
254.8919594,1.37507626521403e-05
255.6932688,1.37835262912914e-05
256.4945782,1.38162402552834e-05
257.2958876,1.38489046570047e-05
258.097197,1.38815196090015e-05
258.8985064,1.39140852234799e-05
259.6998158,1.39466016123064e-05
260.5011252,1.39790688870098e-05
261.3024346,1.40114871587823e-05
262.103744,1.40438565384804e-05
262.9050534,1.40761771366268e-05
263.7063628,1.41084490634112e-05
264.5076722,1.41406724286916e-05
265.3089816,1.41728473419957e-05
266.110291,1.42049739125222e-05
266.9116004,1.42370522491417e-05
267.7129098,1.42690824603981e-05
268.5142192,1.43010646545102e-05
269.3155286,1.43329989393722e-05
270.116838,1.43648854225554e-05
270.9181474,1.43967242113095e-05
271.7194568,1.44285154125634e-05
272.5207662,1.44602591329265e-05
273.3220756,1.44919554786903e-05
274.123385,1.4523604555829e-05
274.9246944,1.45552064700011e-05
275.7260038,1.45867613265504e-05
276.5273132,1.46182692305071e-05
277.3286226,1.46497302865894e-05
278.129932,1.46811445992039e-05
278.9312414,1.47125122724475e-05
279.7325508,1.47438334101081e-05
280.5338602,1.47751081156658e-05
281.3351696,1.48063364922943e-05
282.136479,1.48375186428617e-05
282.9377884,1.48686546699319e-05
283.7390978,1.48997446757656e-05
284.5404072,1.49307887623213e-05
285.3417166,1.49617870312567e-05
286.143026,1.49927395839295e-05
286.9443354,1.50236465213988e-05
287.7456448,1.50545079444259e-05
288.5469542,1.50853239534757e-05
289.3482636,1.51160946487175e-05
290.149573,1.51468201300264e-05
290.9508824,1.51775004969841e-05
291.7521918,1.520813584888e-05
292.5535012,1.52387262847125e-05
293.3548106,1.52692719031899e-05
294.15612,1.52997728027313e-05
294.9574294,1.53302290814682e-05
295.7587388,1.53606408372448e-05
296.5600482,1.53910081676196e-05
297.3613576,1.54213311698664e-05
298.162667,1.54516099409751e-05
298.9639764,1.54818445776528e-05
299.7652858,1.5512035176325e-05
300.5665952,1.55421818331365e-05
301.3679046,1.55722846439523e-05
302.169214,1.56023437043588e-05
302.9705234,1.56323591096649e-05
303.7718328,1.56623309549028e-05
304.5731422,1.56922593348289e-05
305.3744516,1.57221443439251e-05
306.175761,1.57519860763997e-05
306.9770704,1.57817846261883e-05
307.7783798,1.58115400869548e-05
308.5796892,1.58412525520926e-05
309.3809986,1.58709221147251e-05
310.182308,1.59005488677071e-05
310.9836174,1.59301329036257e-05
311.7849268,1.59596743148013e-05
312.5862362,1.59891731932881e-05
313.3875456,1.60186296308757e-05
314.188855,1.60480437190898e-05
314.9901644,1.60774155491929e-05
315.7914738,1.61067452121857e-05
316.5927832,1.61360327988076e-05
317.3940926,1.61652783995379e-05
318.195402,1.61944821045967e-05
318.9967114,1.62236440039459e-05
319.7980208,1.62527641872897e-05
320.5993302,1.62818427440763e-05
321.4006396,1.63108797634978e-05
322.201949,1.63398753344922e-05
323.0032584,1.63688295457435e-05
323.8045678,1.63977424856829e-05
324.6058772,1.64266142424896e-05
325.4071866,1.6455444904092e-05
326.208496,1.64842345581683e-05
327.0098054,1.65129832921472e-05
327.8111148,1.65416911932095e-05
328.6124242,1.6570358348288e-05
329.4137336,1.65989848440694e-05
330.215043,1.66275707669944e-05
331.0163524,1.66561162032588e-05
331.8176618,1.66846212388146e-05
332.6189712,1.67130859593705e-05
333.4202806,1.67415104503931e-05
334.22159,1.67698947971074e-05
335.0228994,1.67982390844981e-05
335.8242088,1.68265433973099e-05
336.6255182,1.68548078200488e-05
337.4268276,1.68830324369828e-05
338.228137,1.69112173321426e-05
339.0294464,1.69393625893225e-05
339.8307558,1.69674682920816e-05
340.6320652,1.69955345237438e-05
341.4333746,1.70235613673997e-05
342.234684,1.70515489059063e-05
343.0359934,1.70794972218888e-05
343.8373028,1.71074063977407e-05
344.6386122,1.71352765156249e-05
345.4399216,1.71631076574747e-05
346.241231,1.71908999049942e-05
347.0425404,1.72186533396594e-05
347.8438498,1.72463680427188e-05
348.6451592,1.72740440951944e-05
349.4464686,1.73016815778822e-05
350.247778,1.73292805713533e-05
351.0490874,1.73568411559545e-05
351.8503968,1.73843634118092e-05
352.6517062,1.7411847418818e-05
353.4530156,1.74392932566595e-05
354.254325,1.74667010047914e-05
355.0556344,1.74940707424507e-05
355.8569438,1.7521402548655e-05
356.6582532,1.7548696502203e-05
357.4595626,1.75759526816751e-05
358.260872,1.76031711654346e-05
359.0621814,1.7630352031628e-05
359.8634908,1.76574953581861e-05
360.6648002,1.76846012228245e-05
361.4661096,1.77116697030444e-05
362.267419,1.77387008761334e-05
363.0687284,1.77656948191663e-05
363.8700378,1.77926516090055e-05
364.6713472,1.78195713223023e-05
365.4726566,1.78464540354969e-05
366.273966,1.78732998248199e-05
367.0752754,1.79001087662924e-05
367.8765848,1.79268809357269e-05
368.6778942,1.79536164087283e-05
369.4792036,1.79803152606943e-05
370.280513,1.8006977566816e-05
371.0818224,1.8033603402079e-05
371.8831318,1.80601928412639e-05
372.6844412,1.80867459589469e-05
373.4857506,1.81132628295006e-05
374.28706,1.81397435270948e-05
375.0883694,1.81661881256969e-05
375.8896788,1.8192596699073e-05
376.6909882,1.82189693207881e-05
377.4922976,1.82453060642072e-05
378.293607,1.82716070024958e-05
379.0949164,1.82978722086206e-05
379.8962258,1.83241017553502e-05
380.6975352,1.83502957152556e-05
381.4988446,1.83764541607111e-05
382.300154,1.84025771638949e-05
383.1014634,1.84286647967899e-05
383.9027728,1.84547171311838e-05
384.7040822,1.84807342386704e-05
385.5053916,1.85067161906502e-05
386.306701,1.85326630583306e-05
387.1080104,1.85585749127269e-05
387.9093198,1.85844518246629e-05
388.7106292,1.86102938647714e-05
389.5119386,1.86361011034951e-05
390.313248,1.86618736110872e-05
391.1145574,1.86876114576115e-05
391.9158668,1.8713314712944e-05
392.7171762,1.87389834467727e-05
393.5184856,1.87646177285985e-05
394.319795,1.87902176277361e-05
395.1211044,1.8815783213314e-05
395.9224138,1.8841314554276e-05
396.7237232,1.88668117193809e-05
397.5250326,1.88922747772038e-05
398.326342,1.89177037961363e-05
399.1276514,1.89430988443874e-05
399.9289608,1.89684599899839e-05
400.7302702,1.89937873007711e-05
401.5315796,1.90190808444134e-05
402.332889,1.9044340688395e-05
403.1341984,1.90695669000201e-05
403.9355078,1.90947595464141e-05
404.7368172,1.91199186945238e-05
405.5381266,1.9145044411118e-05
406.339436,1.91701367627883e-05
407.1407454,1.91951958159494e-05
407.9420548,1.92202216368401e-05
408.7433642,1.92452142915233e-05
409.5446736,1.92701738458871e-05
410.345983,1.92951003656452e-05
411.1472924,1.93199939163376e-05
411.9486018,1.93448545633306e-05
412.7499112,1.93696823718183e-05
413.5512206,1.93944774068224e-05
414.35253,1.94192397331932e-05
415.1538394,1.94439694156099e-05
415.9551488,1.94686665185813e-05
416.7564582,1.94933311064464e-05
417.5577676,1.95179632433748e-05
418.359077,1.95425629933676e-05
419.1603864,1.95671304202574e-05
419.9616958,1.95916655877094e-05
420.7630052,1.96161685592215e-05
421.5643146,1.96406393981252e-05
422.365624,1.9665078167586e-05
423.1669334,1.9689484930604e-05
423.9682428,1.97138597500142e-05
424.7695522,1.97382026884875e-05
425.5708616,1.97625138085306e-05
426.372171,1.97867931724873e-05
427.1734804,1.98110408425384e-05
427.9747898,1.98352568807025e-05
428.7760992,1.98594413488365e-05
429.5774086,1.98835943086362e-05
430.378718,1.99077158216367e-05
431.1800274,1.99318059492128e-05
431.9813368,1.995586475258e-05
432.7826462,1.99798922927945e-05
433.5839556,2.0003888630754e-05
434.385265,2.00278538271981e-05
435.1865744,2.00517879427088e-05
435.9878838,2.00756910377111e-05
436.7891932,2.00995631724737e-05
437.5905026,2.01234044071088e-05
438.391812,2.01472148015736e-05
439.1931214,2.01709944156699e-05
439.9944308,2.01947433090451e-05
440.7957402,2.02184615411927e-05
441.5970496,2.02421491714526e-05
442.398359,2.02658062590115e-05
443.1996684,2.02894328629039e-05
444.0009778,2.03130290420119e-05
444.8022872,2.03365948550665e-05
445.6035966,2.03601303606471e-05
446.404906,2.0383635617183e-05
447.2062154,2.0407110682953e-05
448.0075248,2.04305556160867e-05
448.8088342,2.04539704745641e-05
449.6101436,2.04773553162171e-05
450.411453,2.05007101987288e-05
451.2127624,2.05240351796351e-05
452.0140718,2.05473303163244e-05
452.8153812,2.05705956660384e-05
453.6166906,2.05938312858726e-05
454.418,2.06170372327765e-05
