"ResDensity","N_TraitValue"
15,0.000783515618453879
15.156,0.000790652077883497
15.312,0.000797770313399618
15.468,0.000804870394719065
15.624,0.000811952391203504
15.78,0.000819016371861706
15.936,0.000826062405351785
16.092,0.000833090559983425
16.248,0.000840100903720086
16.404,0.000847093504181194
16.56,0.000854068428644318
16.716,0.000861025744047325
16.872,0.000867965516990522
17.028,0.000874887813738782
17.184,0.000881792700223653
17.34,0.000888680242045448
17.496,0.000895550504475329
17.652,0.000902403552457364
17.808,0.000909239450610572
17.964,0.000916058263230959
18.12,0.000922860054293532
18.276,0.000929644887454297
18.432,0.000936412826052248
18.588,0.000943163933111337
18.744,0.000949898271342429
18.9,0.000956615903145247
19.056,0.000963316890610296
19.212,0.000970001295520778
19.368,0.000976669179354489
19.524,0.000983320603285705
19.68,0.000989955628187054
19.836,0.000996574314631371
19.992,0.00100317672289354
20.148,0.00100976291295233
20.304,0.0010163329444922
20.46,0.00102288687690512
20.616,0.00102942476929234
20.772,0.00103594668046618
20.928,0.00104245266895178
21.084,0.00104894279298887
21.24,0.00105541711053351
21.396,0.00106187567925977
21.552,0.00106831855656151
21.708,0.00107474579955402
21.864,0.00108115746507575
22.02,0.00108755360968997
22.176,0.00109393428968641
22.332,0.00110029956108296
22.488,0.00110664947962728
22.644,0.0011129841007984
22.8,0.0011193034798084
22.956,0.00112560767160398
23.112,0.00113189673086803
23.268,0.00113817071202124
23.424,0.00114442966922368
23.58,0.00115067365637634
23.736,0.00115690272712265
23.892,0.00116311693485008
24.048,0.00116931633269161
24.204,0.00117550097352728
24.36,0.00118167090998567
24.516,0.00118782619444539
24.672,0.00119396687903661
24.828,0.00120009301564245
24.984,0.00120620465590052
25.14,0.00121230185120433
25.296,0.00121838465270472
25.452,0.00122445311131133
25.608,0.001230507277694
25.764,0.00123654720228416
25.92,0.00124257293527626
26.076,0.00124858452662915
26.232,0.00125458202606746
26.388,0.00126056548308298
26.544,0.001266534946936
26.7,0.00127249046665668
26.856,0.00127843209104638
27.012,0.00128435986867902
27.168,0.00129027384790235
27.324,0.00129617407683934
27.48,0.00130206060338941
27.636,0.00130793347522978
27.792,0.00131379273981672
27.948,0.00131963844438685
28.104,0.00132547063595843
28.26,0.00133128936133255
28.416,0.00133709466709446
28.572,0.00134288659961478
28.728,0.00134866520505071
28.884,0.0013544305293473
29.04,0.00136018261823866
29.196,0.00136592151724912
29.352,0.00137164727169451
29.508,0.00137735992668329
29.664,0.00138305952711776
29.82,0.00138874611769524
29.976,0.00139441974290921
30.132,0.00140008044705052
30.288,0.00140572827420849
30.444,0.00141136326827209
30.6,0.00141698547293108
30.756,0.00142259493167709
30.912,0.00142819168780482
31.068,0.00143377578441306
31.224,0.00143934726440589
31.38,0.00144490617049371
31.536,0.00145045254519437
31.692,0.00145598643083424
31.848,0.00146150786954927
32.004,0.0014670169032861
32.16,0.00147251357380309
32.316,0.00147799792267138
32.472,0.00148346999127594
32.628,0.00148892982081663
32.784,0.0014943774523092
32.94,0.00149981292658634
33.096,0.00150523628429869
33.252,0.00151064756591587
33.408,0.00151604681172747
33.564,0.00152143406184403
33.72,0.00152680935619811
33.876,0.00153217273454517
34.032,0.00153752423646463
34.188,0.00154286390136083
34.344,0.00154819176846395
34.5,0.00155350787683105
34.656,0.00155881226534694
34.812,0.00156410497272519
34.968,0.00156938603750905
35.124,0.00157465549807238
35.28,0.00157991339262058
35.436,0.00158515975919153
35.592,0.0015903946356565
35.748,0.00159561805972103
35.904,0.0016008300689259
36.06,0.00160603070064797
36.216,0.00161121999210109
36.372,0.001616397980337
36.528,0.00162156470224622
36.684,0.00162672019455888
36.84,0.00163186449384565
36.996,0.00163699763651856
37.152,0.00164211965883188
37.308,0.00164723059688297
37.464,0.00165233048661313
37.62,0.00165741936380842
37.776,0.00166249726410053
37.932,0.00166756422296761
38.088,0.00167262027573506
38.244,0.0016776654575764
38.4,0.00168269980351403
38.556,0.0016877233484201
38.712,0.00169273612701727
38.868,0.00169773817387953
39.024,0.001702729523433
39.18,0.00170771020995669
39.336,0.00171268026758333
39.492,0.0017176397303001
39.648,0.00172258863194945
39.804,0.00172752700622985
39.96,0.00173245488669653
40.116,0.00173737230676231
40.272,0.00174227929969825
40.428,0.00174717589863452
40.584,0.00175206213656104
40.74,0.0017569380463283
40.896,0.00176180366064803
41.052,0.00176665901209401
41.208,0.00177150413310269
41.364,0.00177633905597404
41.52,0.00178116381287215
41.676,0.00178597843582601
41.832,0.00179078295673022
41.988,0.00179557740734567
42.144,0.00180036181930022
42.3,0.00180513622408947
42.456,0.00180990065307736
42.612,0.00181465513749693
42.768,0.00181939970845097
42.924,0.00182413439691268
43.08,0.0018288592337264
43.236,0.00183357424960821
43.392,0.00183827947514666
43.548,0.00184297494080339
43.704,0.0018476606769138
43.86,0.00185233671368769
44.016,0.00185700308120996
44.172,0.00186165980944117
44.328,0.00186630692821827
44.484,0.00187094446725518
44.64,0.00187557245614342
44.796,0.0018801909243528
44.952,0.00188479990123197
45.108,0.00188939941600908
45.264,0.00189398949779241
45.42,0.00189857017557097
45.576,0.00190314147821508
45.732,0.00190770343447703
45.888,0.00191225607299165
46.044,0.00191679942227691
46.2,0.00192133351073454
46.356,0.00192585836665058
46.512,0.00193037401819602
46.668,0.00193488049342733
46.824,0.00193937782028708
46.98,0.0019438660266045
47.136,0.00194834514009608
47.292,0.00195281518836609
47.448,0.0019572761989072
47.604,0.00196172819910101
47.76,0.00196617121621862
47.916,0.00197060527742119
48.072,0.00197503040976049
48.228,0.00197944664017946
48.384,0.00198385399551273
48.54,0.00198825250248721
48.696,0.00199264218772257
48.852,0.00199702307773183
49.008,0.00200139519892186
49.164,0.00200575857759394
49.32,0.00201011323994426
49.476,0.00201445921206444
49.632,0.0020187965199421
49.788,0.00202312518946132
49.944,0.00202744524640318
50.1,0.00203175671644628
50.256,0.00203605962516723
50.412,0.00204035399804118
50.568,0.00204463986044229
50.724,0.00204891723764426
50.88,0.00205318615482081
51.036,0.00205744663704618
51.192,0.00206169870929562
51.348,0.00206594239644587
51.504,0.00207017772327567
51.66,0.00207440471446621
51.816,0.00207862339460162
51.972,0.00208283378816947
52.128,0.00208703591956121
52.284,0.00209122981307266
52.44,0.00209541549290448
52.596,0.00209959298316261
52.752,0.00210376230785877
52.908,0.0021079234909109
53.064,0.00211207655614362
53.22,0.00211622152728868
53.376,0.00212035842798541
53.532,0.0021244872817812
53.688,0.00212860811213189
53.844,0.00213272094240227
54,0.0021368257958665
54.156,0.00214092269570852
54.312,0.00214501166502255
54.468,0.00214909272681346
54.624,0.00215316590399725
54.78,0.00215723121940143
54.936,0.00216128869576551
55.092,0.00216533835574137
55.248,0.00216938022189369
55.404,0.00217341431670039
55.56,0.00217744066255305
55.716,0.00218145928175728
55.872,0.00218547019653319
56.028,0.00218947342901576
56.184,0.00219346900125525
56.34,0.00219745693521762
56.496,0.00220143725278494
56.652,0.00220540997575576
56.808,0.00220937512584553
56.964,0.00221333272468699
57.12,0.00221728279383056
57.276,0.00222122535474474
57.432,0.00222516042881648
57.588,0.00222908803735161
57.744,0.00223300820157516
57.9,0.0022369209426318
58.056,0.00224082628158619
58.212,0.00224472423942336
58.368,0.0022486148370491
58.524,0.00225249809529033
58.68,0.00225637403489545
58.836,0.00226024267653473
58.992,0.00226410404080068
59.148,0.00226795814820841
59.304,0.002271805019196
59.46,0.00227564467412482
59.616,0.00227947713327996
59.772,0.00228330241687052
59.928,0.00228712054503003
60.084,0.00229093153781674
60.24,0.002294735415214
60.396,0.00229853219713064
60.552,0.00230232190340123
60.708,0.00230610455378655
60.864,0.00230988016797381
61.02,0.00231364876557707
61.176,0.00231741036613755
61.332,0.00232116498912398
61.488,0.00232491265393294
61.644,0.00232865337988915
61.8,0.00233238718624588
61.956,0.0023361140921852
62.112,0.00233983411681835
62.268,0.00234354727918609
62.424,0.00234725359825897
62.58,0.00235095309293769
62.736,0.0023546457820534
62.892,0.00235833168436803
63.048,0.00236201081857464
63.204,0.00236568320329766
63.36,0.00236934885709328
63.516,0.00237300779844971
63.672,0.00237666004578753
63.828,0.00238030561745996
63.984,0.00238394453175321
64.14,0.00238757680688676
64.296,0.00239120246101365
64.452,0.00239482151222081
64.608,0.00239843397852937
64.764,0.00240203987789491
64.92,0.00240563922820782
65.076,0.00240923204729352
65.232,0.00241281835291285
65.388,0.00241639816276227
65.544,0.00241997149447422
65.7,0.00242353836561735
65.856,0.00242709879369687
66.012,0.0024306527961548
66.168,0.00243420039037023
66.324,0.00243774159365968
66.48,0.00244127642327731
66.636,0.00244480489641521
66.792,0.00244832703020373
66.948,0.0024518428417117
67.104,0.00245535234794673
67.26,0.00245885556585548
67.416,0.00246235251232394
67.572,0.00246584320417771
67.728,0.00246932765818221
67.884,0.00247280589104304
68.04,0.00247627791940618
68.196,0.00247974375985828
68.352,0.00248320342892692
68.508,0.00248665694308088
68.664,0.00249010431873037
68.82,0.00249354557222736
68.976,0.00249698071986575
69.132,0.00250040977788169
69.288,0.00250383276245381
69.444,0.00250724968970348
69.6,0.00251066057569508
69.756,0.00251406543643621
69.912,0.00251746428787799
70.068,0.00252085714591525
70.224,0.00252424402638686
70.38,0.00252762494507589
70.536,0.00253099991770991
70.692,0.00253436895996122
70.848,0.00253773208744709
71.004,0.00254108931573
71.16,0.00254444066031787
71.316,0.00254778613666433
71.472,0.00255112576016894
71.628,0.0025544595461774
71.784,0.00255778750998183
71.94,0.00256110966682099
72.096,0.00256442603188048
72.252,0.00256773662029302
72.408,0.00257104144713866
72.564,0.00257434052744497
72.72,0.00257763387618736
72.876,0.00258092150828921
73.032,0.00258420343862214
73.188,0.00258747968200626
73.344,0.00259075025321033
73.5,0.00259401516695203
73.656,0.00259727443789816
73.812,0.00260052808066489
73.968,0.00260377610981793
74.124,0.00260701853987276
74.28,0.0026102553852949
74.436,0.00261348666050005
74.592,0.00261671237985434
74.748,0.00261993255767456
74.904,0.00262314720822834
75.06,0.00262635634573435
75.216,0.00262955998436258
75.372,0.00263275813823446
75.528,0.00263595082142313
75.684,0.00263913804795362
75.84,0.00264231983180306
75.996,0.00264549618690087
76.152,0.002648667127129
76.308,0.0026518326663221
76.464,0.00265499281826773
76.62,0.00265814759670658
76.776,0.00266129701533261
76.932,0.00266444108779332
77.088,0.00266757982768992
77.244,0.00267071324857749
77.4,0.00267384136396525
77.556,0.00267696418731668
77.712,0.00268008173204975
77.868,0.00268319401153711
78.024,0.00268630103910628
78.18,0.00268940282803983
78.336,0.00269249939157559
78.492,0.00269559074290682
78.648,0.0026986768951824
78.804,0.00270175786150702
78.96,0.00270483365494136
79.116,0.00270790428850229
79.272,0.00271096977516303
79.428,0.00271403012785337
79.584,0.00271708535945981
79.74,0.00272013548282574
79.896,0.00272318051075168
80.052,0.00272622045599539
80.208,0.00272925533127207
80.364,0.00273228514925457
80.52,0.00273530992257352
80.676,0.00273832966381752
80.832,0.00274134438553334
80.988,0.00274435410022606
81.144,0.00274735882035924
81.3,0.00275035855835515
81.456,0.00275335332659486
81.612,0.00275634313741847
81.768,0.00275932800312526
81.924,0.00276230793597384
82.08,0.00276528294818235
82.236,0.00276825305192861
82.392,0.0027712182593503
82.548,0.00277417858254509
82.704,0.00277713403357085
82.86,0.00278008462444578
83.016,0.0027830303671486
83.172,0.00278597127361867
83.328,0.0027889073557562
83.484,0.0027918386254224
83.64,0.0027947650944396
83.796,0.00279768677459145
83.952,0.00280060367762308
84.108,0.00280351581524123
84.264,0.00280642319911441
84.42,0.00280932584087308
84.576,0.0028122237521098
84.732,0.00281511694437936
84.888,0.00281800542919894
85.044,0.0028208892180483
85.2,0.00282376832236987
85.356,0.00282664275356898
85.512,0.00282951252301391
85.668,0.00283237764203615
85.824,0.00283523812193045
85.98,0.00283809397395505
86.136,0.00284094520933176
86.292,0.00284379183924615
86.448,0.0028466338748477
86.604,0.0028494713272499
86.76,0.00285230420753045
86.916,0.00285513252673136
87.072,0.00285795629585913
87.228,0.00286077552588486
87.384,0.00286359022774441
87.54,0.00286640041233855
87.696,0.00286920609053307
87.852,0.00287200727315896
88.008,0.00287480397101251
88.164,0.00287759619485547
88.32,0.00288038395541521
88.476,0.0028831672633848
88.632,0.0028859461294232
88.788,0.00288872056415535
88.944,0.00289149057817238
89.1,0.00289425618203164
89.256,0.00289701738625692
89.412,0.00289977420133855
89.568,0.00290252663773354
89.724,0.0029052747058657
89.88,0.00290801841612578
90.036,0.0029107577788716
90.192,0.00291349280442819
90.348,0.0029162235030879
90.504,0.00291894988511056
90.66,0.00292167196072356
90.816,0.00292438974012202
90.972,0.00292710323346892
91.128,0.00292981245089517
91.284,0.00293251740249983
91.44,0.00293521809835013
91.596,0.00293791454848169
91.752,0.00294060676289856
91.908,0.00294329475157342
92.064,0.00294597852444766
92.22,0.00294865809143149
92.376,0.00295133346240411
92.532,0.00295400464721378
92.688,0.00295667165567798
92.844,0.00295933449758352
93,0.00296199318268664
