"ResDensity","N_TraitValue"
25,0.0416801069847621
25.55,0.0424331821800541
26.1,0.0431804848499439
26.65,0.0439220811129802
27.2,0.0446580360817887
27.75,0.0453884138821305
28.3,0.0461132776715275
28.85,0.0468326896574682
29.4,0.0475467111152044
29.95,0.0482554024051484
30.5,0.0489588229898834
31.05,0.0496570314507946
31.6,0.0503500855043328
32.15,0.0510380420179184
32.7,0.0517209570254964
33.25,0.0523988857427503
33.8,0.0530718825819842
34.35,0.0537400011666809
34.9,0.0544032943457452
35.45,0.0550618142074388
36,0.0557156120930164
36.55,0.0563647386100689
37.1,0.0570092436455818
37.65,0.0576491763787155
38.2,0.0582845852933148
38.75,0.0589155181901542
39.3,0.0595420221989247
39.85,0.0601641437899695
40.4,0.0607819287857745
40.95,0.0613954223722188
41.5,0.0620046691095916
42.05,0.0626097129433822
42.6,0.0632105972148454
43.15,0.0638073646713518
43.7,0.0644000574765249
44.25,0.0649887172201715
44.8,0.0655733849280102
45.35,0.066154101071203
45.9,0.0667309055756929
46.45,0.0673038378313554
47,0.0678729367009649
47.55,0.0684382405289821
48.1,0.0689997871501665
48.65,0.069557613898017
49.2,0.0701117576130463
49.75,0.0706622546508912
50.3,0.0712091408902637
50.85,0.0717524517407456
51.4,0.0722922221504317
51.95,0.0728284866134229
52.5,0.0733612791771749
53.05,0.0738906334497037
53.6,0.0744165826066527
54.15,0.0749391593982232
54.7,0.0754583961559728
55.25,0.0759743247994833
55.8,0.0764869768429018
56.35,0.0769963834013574
56.9,0.0775025751972563
57.45,0.0780055825664589
58,0.0785054354643394
58.55,0.0790021634717329
59.1,0.0794957958007708
59.65,0.0799863613006072
60.2,0.0804738884630395
60.75,0.0809584054280243
61.3,0.0814399399890921
61.85,0.0819185195986616
62.4,0.0823941713732568
62.95,0.0828669220986289
63.5,0.0833367982347844
64.05,0.0838038259209215
64.6,0.0842680309802781
65.15,0.0847294389248908
65.7,0.0851880749602689
66.25,0.0856439639899846
66.8,0.08609713062018
67.35,0.086547599163995
67.9,0.086995393645915
68.45,0.0874405378060422
69,0.0878830551042911
69.55,0.0883229687245098
70.1,0.0887603015785289
70.65,0.0891950763101397
71.2,0.0896273152990016
71.75,0.0900570406644831
72.3,0.0904842742694342
72.85,0.090909037723895
73.4,0.0913313523887387
73.95,0.0917512393792525
74.5,0.0921687195686576
75.05,0.0925838135915672
75.6,0.0929965418473865
76.15,0.0934069245036551
76.7,0.0938149814993311
77.25,0.094220732548021
77.8,0.0946241971411544
78.35,0.0950253945511049
78.9,0.0954243438342589
79.45,0.095821063834033
80,0.096215573183841
80.55,0.0966078903100107
81.1,0.0969980334346533
81.65,0.0973860205784848
82.2,0.0977718695635999
82.75,0.0981555980162021
83.3,0.0985372233692866
83.85,0.0989167628652812
84.4,0.0992942335586428
84.95,0.0996696523184119
85.5,0.100043035830726
86.05,0.10041440060129
86.6,0.100783762957813
87.15,0.101151139052394
87.7,0.101516544863885
88.25,0.101879996200201
88.8,0.102241508700601
89.35,0.102601097837933
89.9,0.102958778920843
90.45,0.103314567095942
91,0.103668477349949
91.55,0.104020524511793
92.1,0.104370723254684
92.65,0.104719088098156
93.2,0.105065633410065
93.75,0.105410373408574
94.3,0.105753322164089
94.85,0.106094493601182
95.4,0.106433901500467
95.95,0.10677155950046
96.5,0.107107481099408
97.05,0.107441679657082
97.6,0.107774168396552
98.15,0.108104960405931
98.7,0.10843406864009
99.25,0.108761505922353
99.8,0.109087284946158
100.35,0.109411418276702
100.9,0.109733918352551
101.45,0.110054797487236
102,0.11037406787082
102.55,0.110691741571437
103.1,0.111007830536817
103.65,0.111322346595783
104.2,0.111635301459727
104.75,0.11194670672406
105.3,0.112256573869649
105.85,0.112564914264226
106.4,0.112871739163778
106.95,0.113177059713915
107.5,0.113480886951224
108.05,0.113783231804594
108.6,0.11408410509653
109.15,0.114383517544442
109.7,0.11468147976192
110.25,0.114978002259986
110.8,0.115273095448329
111.35,0.115566769636528
111.9,0.115859035035246
112.45,0.116149901757421
113,0.116439379819424
113.55,0.116727479142217
114.1,0.11701420955248
114.65,0.117299580783731
115.2,0.117583602477428
115.75,0.117866284184054
116.3,0.118147635364188
116.85,0.118427665389559
117.4,0.118706383544088
117.95,0.118983799024913
118.5,0.119259920943402
119.05,0.11953475832615
119.6,0.119808320115961
120.15,0.120080615172821
120.7,0.120351652274851
121.25,0.120621440119254
121.8,0.120889987323243
122.35,0.121157302424958
122.9,0.121423393884373
123.45,0.121688270084187
124,0.121951939330705
124.55,0.122214409854704
125.1,0.122475689812293
125.65,0.122735787285757
126.2,0.122994710284388
126.75,0.12325246674531
127.3,0.123509064534287
127.85,0.123764511446526
128.4,0.124018815207467
128.95,0.124271983473556
129.5,0.124524023833022
130.05,0.124774943806627
130.6,0.125024750848421
131.15,0.125273452346473
131.7,0.125521055623607
132.25,0.125767567938115
132.8,0.126012996484468
133.35,0.126257348394017
133.9,0.126500630735682
134.45,0.126742850516636
135,0.126984014682974
135.55,0.127224130120382
136.1,0.127463203654788
136.65,0.12770124205301
137.2,0.127938252023395
137.75,0.128174240216451
138.3,0.128409213225465
138.85,0.128643177587119
139.4,0.128876139782099
139.95,0.129108106235688
140.5,0.129339083318361
141.05,0.129569077346365
141.6,0.129798094582299
142.15,0.130026141235676
142.7,0.130253223463493
143.25,0.130479347370775
143.8,0.130704519011131
144.35,0.130928744387289
144.9,0.131152029451631
145.45,0.131374380106719
146,0.131595802205818
146.55,0.131816301553404
147.1,0.132035883905678
147.65,0.132254554971061
148.2,0.132472320410693
148.75,0.132689185838918
149.3,0.132905156823768
149.85,0.133120238887443
150.4,0.133334437506775
150.95,0.133547758113697
151.5,0.133760206095702
152.05,0.133971786796297
152.6,0.134182505515448
153.15,0.134392367510026
153.7,0.134601377994242
154.25,0.13480954214008
154.8,0.135016865077723
155.35,0.135223351895974
155.9,0.135429007642675
156.45,0.135633837325114
157,0.135837845910435
157.55,0.136041038326039
158.1,0.136243419459977
158.65,0.136444994161348
159.2,0.136645767240682
159.75,0.136845743470325
160.3,0.137044927584813
160.85,0.137243324281253
161.4,0.137440938219684
161.95,0.137637774023449
162.5,0.137833836279549
163.05,0.138029129539006
163.6,0.138223658317209
164.15,0.138417427094267
164.7,0.138610440315349
165.25,0.138802702391027
165.8,0.13899421769761
166.35,0.139184990577476
166.9,0.139375025339403
167.45,0.139564326258888
168,0.139752897578475
168.55,0.139940743508064
169.1,0.140127868225229
169.65,0.14031427587553
170.2,0.140499970572812
170.75,0.140684956399514
171.3,0.140869237406964
171.85,0.141052817615679
172.4,0.141235701015652
172.95,0.141417891566646
173.5,0.141599393198478
174.05,0.141780209811301
174.6,0.141960345275882
175.15,0.142139803433882
175.7,0.142318588098128
176.25,0.142496703052878
176.8,0.142674152054096
177.35,0.14285093882971
177.9,0.143027067079876
178.45,0.143202540477236
179,0.143377362667171
179.55,0.143551537268056
180.1,0.143725067871508
180.65,0.143897958042634
181.2,0.144070211320275
181.75,0.144241831217246
182.3,0.144412821220578
182.85,0.14458318479175
183.4,0.144752925366925
183.95,0.144922046357183
184.5,0.145090551148744
185.05,0.145258443103199
185.6,0.145425725557732
186.15,0.14559240182534
186.7,0.145758475195052
187.25,0.145923948932149
187.8,0.14608882627837
188.35,0.146253110452134
188.9,0.14641680464874
189.45,0.14657991204058
190,0.146742435777342
190.55,0.146904378986213
191.1,0.147065744772079
191.65,0.147226536217724
192.2,0.147386756384027
192.75,0.147546408310154
193.3,0.147705495013752
193.85,0.147864019491141
194.4,0.148021984717496
194.95,0.14817939364704
195.5,0.148336249213224
196.05,0.148492554328911
196.6,0.148648311886555
197.15,0.14880352475838
197.7,0.148958195796557
198.25,0.149112327833379
198.8,0.149265923681432
199.35,0.149418986133769
199.9,0.149571517964075
200.45,0.149723521926841
201,0.149875000757521
201.55,0.150025957172706
202.1,0.150176393870279
202.65,0.150326313529579
203.2,0.150475718811557
203.75,0.15062461235894
204.3,0.150772996796378
204.85,0.150920874730605
205.4,0.151068248750591
205.95,0.151215121427688
206.5,0.151361495315785
207.05,0.151507372951455
207.6,0.151652756854098
208.15,0.15179764952609
208.7,0.151942053452927
209.25,0.152085971103361
209.8,0.15222940492955
210.35,0.152372357367188
210.9,0.15251483083565
211.45,0.152656827738125
212,0.152798350461751
212.55,0.15293940137775
213.1,0.153079982841559
213.65,0.153220097192965
214.2,0.153359746756229
214.75,0.153498933840218
215.3,0.153637660738533
215.85,0.153775929729632
216.4,0.153913743076957
216.95,0.154051103029058
217.5,0.154188011819712
218.05,0.154324471668048
218.6,0.154460484778665
219.15,0.15459605334175
219.7,0.154731179533198
220.25,0.154865865514725
220.8,0.155000113433986
221.35,0.155133925424689
221.9,0.155267303606706
222.45,0.155400250086189
223,0.155532766955673
223.55,0.155664856294197
224.1,0.155796520167403
224.65,0.155927760627647
225.2,0.156058579714108
225.75,0.156188979452892
226.3,0.156318961857133
226.85,0.156448528927103
227.4,0.156577682650309
227.95,0.1567064250016
228.5,0.156834757943262
229.05,0.156962683425121
229.6,0.157090203384642
230.15,0.157217319747026
230.7,0.157344034425305
231.25,0.157470349320441
231.8,0.157596266321422
232.35,0.15772178730535
232.9,0.157846914137541
233.45,0.157971648671614
234,0.158095992749583
234.55,0.158219948201949
235.1,0.158343516847787
235.65,0.158466700494838
236.2,0.158589500939596
236.75,0.158711919967394
237.3,0.158833959352493
237.85,0.158955620858166
238.4,0.159076906236783
238.95,0.159197817229896
239.5,0.159318355568322
240.05,0.159438522972224
240.6,0.159558321151198
241.15,0.159677751804345
241.7,0.159796816620361
242.25,0.159915517277611
242.8,0.160033855444209
243.35,0.160151832778095
243.9,0.160269450927116
244.45,0.160386711529099
245,0.160503616211929
245.55,0.160620166593624
246.1,0.160736364282409
246.65,0.16085221087679
247.2,0.160967707965628
247.75,0.161082857128213
248.3,0.161197659934331
248.85,0.161312117944342
249.4,0.161426232709245
249.95,0.161540005770752
250.5,0.161653438661355
251.05,0.161766532904396
251.6,0.161879290014134
252.15,0.161991711495815
252.7,0.162103798845737
253.25,0.162215553551315
253.8,0.16232697709115
254.35,0.162438070935095
254.9,0.162548836544312
255.45,0.162659275371347
256,0.162769388860186
256.55,0.162879178446317
257.1,0.162988645556801
257.65,0.163097791610323
258.2,0.163206618017262
258.75,0.163315126179746
259.3,0.163423317491715
259.85,0.16353119333898
260.4,0.163638755099283
260.95,0.163746004142354
261.5,0.16385294182997
262.05,0.163959569516015
262.6,0.16406588854653
263.15,0.16417190025978
263.7,0.1642776059863
264.25,0.164383007048959
264.8,0.164488104763009
265.35,0.164592900436143
265.9,0.164697395368548
266.45,0.164801590852959
267,0.164905488174715
267.55,0.165009088611806
268.1,0.16511239343493
268.65,0.165215403907544
269.2,0.165318121285915
269.75,0.165420546819171
270.3,0.165522681749354
270.85,0.165624527311464
271.4,0.165726084733516
271.95,0.165827355236587
272.5,0.16592834003486
273.05,0.166029040335681
273.6,0.166129457339601
274.15,0.166229592240426
274.7,0.166329446225264
275.25,0.16642902047457
275.8,0.166528316162196
276.35,0.166627334455436
276.9,0.16672607651507
277.45,0.166824543495411
278,0.166922736544348
278.55,0.167020656803394
279.1,0.167118305407728
279.65,0.167215683486238
280.2,0.167312792161568
280.75,0.167409632550156
281.3,0.167506205762282
281.85,0.167602512902107
282.4,0.167698555067715
282.95,0.167794333351159
283.5,0.167889848838496
284.05,0.167985102609834
284.6,0.168080095739367
285.15,0.168174829295421
285.7,0.168269304340491
286.25,0.168363521931281
286.8,0.168457483118742
287.35,0.168551188948116
287.9,0.168644640458967
288.45,0.168737838685229
289,0.168830784655234
289.55,0.168923479391759
290.1,0.169015923912056
290.65,0.169108119227895
291.2,0.169200066345597
291.75,0.169291766266072
292.3,0.169383219984857
292.85,0.169474428492148
293.4,0.169565392772841
293.95,0.169656113806562
294.5,0.169746592567706
295.05,0.16983683002547
295.6,0.16992682714389
296.15,0.170016584881872
296.7,0.170106104193227
297.25,0.170195386026707
297.8,0.170284431326037
298.35,0.170373241029946
298.9,0.170461816072206
299.45,0.170550157381656
300,0.170638265882244
