"ResDensity","N_TraitValue"
6,7.12710885615624e-05
6.228,7.34559468920868e-05
6.456,7.56101044068246e-05
6.684,7.77342036857774e-05
6.912,7.98288695005936e-05
7.14,8.1894709427245e-05
7.368,8.3932314433583e-05
7.596,8.59422594429669e-05
7.824,8.79251038750928e-05
8.052,8.98813921650937e-05
8.28,9.18116542619207e-05
8.508,9.37164061069648e-05
8.736,9.55961500938269e-05
8.964,9.74513755100964e-05
9.192,9.92825589619553e-05
9.42,0.000101090164782381
9.648,0.000102874645423681
9.876,0.000104636441835061
10.104,0.00010637598382588
10.332,0.000108093690415236
10.56,0.000109789970168453
10.788,0.000111465221521073
11.016,0.000113119833090859
11.244,0.00011475418397834
11.472,0.00011636864405639
11.7,0.000117963574249284
11.928,0.000119539326801701
12.156,0.000121096245538076
12.384,0.000122634666112705
12.612,0.000124154916250993
12.84,0.0001256573159822
13.068,0.000127142177864042
13.296,0.000128609807199462
13.524,0.000130060502245909
13.752,0.000131494554417408
13.98,0.000132912248479712
14.208,0.000134313862738823
14.436,0.000135699669223123
14.664,0.00013706993385939
14.892,0.000138424916642912
15.12,0.00013976487180195
15.348,0.000141090047956755
15.576,0.000142400688273355
15.804,0.000143697030612307
16.032,0.000144979307672606
16.26,0.000146247747130936
16.488,0.000147502571776443
16.716,0.00014874399964118
16.944,0.000149972244126404
17.172,0.00015118751412487
17.4,0.000152390014139269
17.628,0.000153579944396948
17.856,0.00015475750096106
18.084,0.000155922875838256
18.312,0.000157076257083054
18.54,0.000158217828899006
18.768,0.000159347771736772
18.996,0.000160466262389206
19.224,0.000161573474083574
19.452,0.000162669576570989
19.68,0.000163754736213175
19.908,0.000164829116066638
20.136,0.000165892875964344
20.364,0.000166946172594988
20.592,0.000167989159579933
20.82,0.000169021987547903
21.048,0.000170044804207502
21.276,0.000171057754417636
21.504,0.000172060980255906
21.732,0.000173054621085039
21.96,0.00017403881361743
22.188,0.000175013691977841
22.416,0.000175979387764342
22.644,0.000176936030107524
22.872,0.000177883745728066
23.1,0.000178822658992688
23.328,0.000179752891968562
23.556,0.000180674564476214
23.784,0.000181587794140974
24.012,0.000182492696443017
24.24,0.000183389384766047
24.468,0.000184277970444654
24.696,0.000185158562810397
24.924,0.000186031269236648
25.152,0.00018689619518224
25.38,0.000187753444233943
25.608,0.000188603118147828
25.836,0.000189445316889525
26.064,0.000190280138673435
26.292,0.000191107680000909
26.52,0.000191928035697433
26.748,0.000192741298948855
26.976,0.000193547561336664
27.204,0.000194346912872377
27.432,0.000195139442031032
27.66,0.000195925235783837
27.888,0.000196704379629983
28.116,0.000197476957627656
28.344,0.000198243052424271
28.572,0.000199002745285942
28.8,0.000199756116126221
29.028,0.000200503243534117
29.256,0.000201244204801434
29.484,0.000201979075949414
29.712,0.000202707931754748
29.94,0.000203430845774936
30.168,0.000204147890373033
30.396,0.000204859136741797
30.624,0.000205564654927253
30.852,0.000206264513851689
31.08,0.000206958781336098
31.308,0.00020764752412209
31.536,0.00020833080789328
31.764,0.000209008697296168
31.992,0.000209681255960529
32.22,0.000210348546519324
32.448,0.000211010630628142
32.676,0.000211667568984189
32.904,0.000212319421344842
33.132,0.000212966246545765
33.36,0.000213608102518614
33.588,0.000214245046308333
33.816,0.000214877134090052
34.044,0.000215504421185605
34.272,0.000216126962079672
34.5,0.000216744810435551
34.728,0.000217358019110578
34.956,0.000217966640171207
35.184,0.000218570724907741
35.412,0.000219170323848741
35.64,0.000219765486775121
35.868,0.000220356262733916
36.096,0.000220942700051766
36.324,0.000221524846348086
36.552,0.00022210274854796
36.78,0.000222676452894749
37.008,0.000223246004962427
37.236,0.000223811449667647
37.464,0.000224372831281551
37.692,0.000224930193441325
37.92,0.000225483579161506
38.148,0.000226033030845046
38.376,0.000226578590294146
38.604,0.000227120298720854
38.832,0.000227658196757448
39.06,0.000228192324466591
39.288,0.000228722721351277
39.516,0.000229249426364576
39.744,0.000229772477919165
39.972,0.000230291913896667
40.2,0.0002308077716568
40.428,0.000231320088046331
40.656,0.00023182889940785
40.884,0.000232334241588364
41.112,0.000232836149947719
41.34,0.000233334659366842
41.568,0.000233829804255825
41.796,0.000234321618561845
42.024,0.000234810135776915
42.252,0.000235295388945496
42.48,0.000235777410671941
42.708,0.000236256233127802
42.936,0.000236731888058984
43.164,0.000237204406792766
43.392,0.000237673820244674
43.62,0.000238140158925225
43.848,0.00023860345294654
44.076,0.000239063732028825
44.304,0.000239521025506721
44.532,0.000239975362335544
44.76,0.000240426771097392
44.988,0.00024087528000714
45.216,0.000241320916918319
45.444,0.00024176370932888
45.672,0.000242203684386855
45.9,0.000242640868895899
46.128,0.000243075289320739
46.356,0.000243506971792511
46.584,0.000243935942114
46.812,0.000244362225764784
47.04,0.000244785847906274
47.268,0.000245206833386668
47.496,0.000245625206745809
47.724,0.000246040992219956
47.952,0.000246454213746456
48.18,0.000246864894968349
48.408,0.000247273059238867
48.636,0.00024767872962587
48.864,0.000248081928916183
49.092,0.00024848267961987
49.32,0.000248881003974419
49.548,0.000249276923948858
49.776,0.00024967046124779
50.004,0.000250061637315363
50.232,0.000250450473339165
50.46,0.000250836990254049
50.688,0.000251221208745886
50.916,0.000251603149255265
51.144,0.000251982831981106
51.372,0.000252360276884232
51.6,0.00025273550369086
51.828,0.000253108531896038
52.056,0.000253479380767027
52.284,0.000253848069346611
52.512,0.000254214616456361
52.74,0.000254579040699837
52.968,0.000254941360465736
53.196,0.000255301593930983
53.424,0.000255659759063772
53.652,0.000256015873626556
53.88,0.000256369955178978
54.108,0.000256722021080762
54.336,0.000257072088494549
54.564,0.000257420174388684
54.792,0.00025776629553996
55.02,0.000258110468536311
55.248,0.000258452709779466
55.476,0.000258793035487551
55.704,0.00025913146169765
55.932,0.000259468004268329
56.16,0.000259802678882108
56.388,0.0002601355010479
56.616,0.000260466486103407
56.844,0.000260795649217474
57.072,0.000261123005392407
57.3,0.000261448569466252
57.528,0.000261772356115041
57.756,0.000262094379854991
57.984,0.000262414655044677
58.212,0.000262733195887166
58.44,0.000263050016432116
58.668,0.00026336513057784
58.896,0.000263678552073343
59.124,0.000263990294520317
59.352,0.000264300371375112
59.58,0.000264608795950668
59.808,0.000264915581418426
60.036,0.000265220740810197
60.264,0.000265524287020014
60.492,0.000265826232805941
60.72,0.000266126590791866
60.948,0.000266425373469258
61.176,0.000266722593198897
61.404,0.000267018262212584
61.632,0.000267312392614812
61.86,0.000267604996384423
62.088,0.000267896085376235
62.316,0.000268185671322637
62.544,0.00026847376583517
62.772,0.000268760380406079
63,0.000269045526409841
63.228,0.000269329215104666
63.456,0.000269611457633983
63.684,0.0002698922650279
63.912,0.000270171648204634
64.14,0.000270449617971934
64.368,0.000270726185028471
64.596,0.00027100135996521
64.824,0.000271275153266763
65.052,0.000271547575312721
65.28,0.000271818636378966
65.508,0.000272088346638961
65.736,0.000272356716165024
65.964,0.000272623754929584
66.192,0.000272889472806411
66.42,0.000273153879571839
66.648,0.000273416984905961
66.876,0.000273678798393811
67.104,0.000273939329526531
67.332,0.000274198587702512
67.56,0.000274456582228531
67.788,0.000274713322320858
68.016,0.00027496881710636
68.244,0.000275223075623576
68.472,0.000275476106823788
68.7,0.000275727919572071
68.928,0.000275978522648324
69.156,0.000276227924748295
69.384,0.000276476134484584
69.612,0.000276723160387638
69.84,0.000276969010906724
70.068,0.000277213694410894
70.296,0.000277457219189936
70.524,0.000277699593455308
70.752,0.000277940825341064
70.98,0.00027818092290476
71.208,0.000278419894128354
71.436,0.000278657746919088
71.664,0.000278894489110366
71.892,0.000279130128462606
72.12,0.000279364672664093
72.348,0.000279598129331814
72.576,0.000279830506012282
72.804,0.000280061810182352
73.032,0.000280292049250017
73.26,0.000280521230555205
73.488,0.000280749361370557
73.716,0.000280976448902193
73.944,0.000281202500290475
74.172,0.000281427522610756
74.4,0.000281651522874114
74.628,0.000281874508028081
74.856,0.000282096484957365
75.084,0.000282317460484557
75.312,0.000282537441370826
75.54,0.000282756434316614
75.768,0.000282974445962313
75.996,0.000283191482888938
76.224,0.00028340755161879
76.452,0.000283622658616103
76.68,0.0002838368102877
76.908,0.000284050012983617
77.136,0.000284262272997738
77.364,0.000284473596568416
77.592,0.000284683989879075
77.82,0.000284893459058823
78.048,0.000285102010183042
78.276,0.000285309649273976
78.504,0.000285516382301311
78.732,0.000285722215182747
78.96,0.000285927153784565
79.188,0.000286131203922179
79.416,0.000286334371360692
79.644,0.000286536661815435
79.872,0.000286738080952503
80.1,0.000286938634389288
80.328,0.000287138327694997
80.556,0.000287337166391167
80.784,0.000287535155952179
81.012,0.000287732301805756
81.24,0.000287928609333459
81.468,0.00028812408387118
81.696,0.000288318730709622
81.924,0.000288512555094779
82.152,0.000288705562228404
82.38,0.000288897757268478
82.608,0.000289089145329668
82.836,0.00028927973148378
83.064,0.000289469520760207
83.292,0.000289658518146372
83.52,0.000289846728588167
83.748,0.00029003415699038
83.976,0.000290220808217125
84.204,0.000290406687092259
84.432,0.000290591798399802
84.66,0.000290776146884344
84.888,0.000290959737251452
85.116,0.00029114257416807
85.344,0.000291324662262915
85.572,0.000291506006126864
85.8,0.000291686610313347
86.028,0.000291866479338721
86.256,0.000292045617682651
86.484,0.00029222402978848
86.712,0.000292401720063595
86.94,0.000292578692879795
87.168,0.000292754952573642
87.396,0.000292930503446824
87.624,0.000293105349766496
87.852,0.000293279495765633
88.08,0.000293452945643367
88.308,0.000293625703565328
88.536,0.000293797773663974
88.764,0.000293969160038924
88.992,0.000294139866757279
89.22,0.000294309897853949
89.448,0.000294479257331967
89.676,0.000294647949162806
89.904,0.000294815977286687
90.132,0.000294983345612886
90.36,0.00029515005802004
90.588,0.000295316118356443
90.816,0.000295481530440344
91.044,0.00029564629806024
91.272,0.000295810424975163
91.5,0.000295973914914971
91.728,0.000296136771580622
91.956,0.000296298998644461
92.184,0.000296460599750495
92.412,0.000296621578514661
92.64,0.0002967819385251
92.868,0.000296941683342424
93.096,0.000297100816499974
93.324,0.00029725934150409
93.552,0.000297417261834357
93.78,0.000297574580943872
94.008,0.000297731302259483
94.236,0.000297887429182049
94.464,0.000298042965086679
94.692,0.000298197913322977
94.92,0.000298352277215285
95.148,0.000298506060062915
95.376,0.00029865926514039
95.604,0.000298811895697675
95.832,0.000298963954960403
96.06,0.000299115446130107
96.288,0.000299266372384443
96.516,0.00029941673687741
96.744,0.000299566542739574
96.972,0.000299715793078281
97.2,0.000299864490977876
97.428,0.00030001263949991
97.656,0.000300160241683356
97.884,0.000300307300544814
98.112,0.000300453819078715
98.34,0.000300599800257528
98.568,0.000300745247031956
98.796,0.000300890162331142
99.024,0.000301034549062857
99.252,0.000301178410113702
99.48,0.000301321748349296
99.708,0.000301464566614467
99.936,0.000301606867733441
100.164,0.000301748654510029
100.392,0.000301889929727808
100.62,0.000302030696150307
100.848,0.000302170956521184
101.076,0.000302310713564408
101.304,0.000302449969984429
101.532,0.00030258872846636
101.76,0.000302726991676145
101.988,0.000302864762260729
102.216,0.000303002042848232
102.444,0.000303138836048109
102.672,0.000303275144451323
102.9,0.000303410970630501
103.128,0.000303546317140101
103.356,0.000303681186516572
103.584,0.00030381558127851
103.812,0.000303949503926815
104.04,0.000304082956944849
104.268,0.000304215942798586
104.496,0.000304348463936766
104.724,0.000304480522791045
104.952,0.000304612121776143
105.18,0.000304743263289991
105.408,0.00030487394971388
105.636,0.000305004183412598
105.864,0.000305133966734582
106.092,0.000305263302012051
106.32,0.000305392191561149
106.548,0.000305520637682085
106.776,0.000305648642659266
107.004,0.000305776208761437
107.232,0.000305903338241809
107.46,0.000306030033338199
107.688,0.000306156296273155
107.916,0.000306282129254088
108.144,0.000306407534473403
108.372,0.000306532514108623
108.6,0.000306657070322518
108.828,0.000306781205263226
109.056,0.00030690492106438
109.284,0.000307028219845229
109.512,0.000307151103710759
109.74,0.000307273574751812
109.968,0.000307395635045206
110.196,0.000307517286653851
110.424,0.000307638531626867
110.652,0.000307759371999697
110.88,0.000307879809794222
111.108,0.000307999847018875
111.336,0.000308119485668748
111.564,0.000308238727725711
111.792,0.000308357575158511
112.02,0.000308476029922889
112.248,0.000308594093961682
112.476,0.000308711769204933
112.704,0.000308829057569993
112.932,0.000308945960961626
113.16,0.000309062481272114
113.388,0.000309178620381357
113.616,0.000309294380156973
113.844,0.000309409762454403
114.072,0.000309524769117005
114.3,0.000309639401976155
114.528,0.000309753662851342
114.756,0.000309867553550268
114.984,0.000309981075868938
115.212,0.000310094231591759
115.44,0.000310207022491633
115.668,0.000310319450330046
115.896,0.000310431516857164
116.124,0.000310543223811921
116.352,0.000310654572922111
116.58,0.000310765565904474
116.808,0.000310876204464789
117.036,0.000310986490297956
117.264,0.000311096425088086
117.492,0.000311206010508587
117.72,0.000311315248222247
117.948,0.000311424139881319
118.176,0.000311532687127603
118.404,0.000311640891592531
118.632,0.000311748754897248
118.86,0.00031185627865269
119.088,0.00031196346445967
119.316,0.000312070313908952
119.544,0.000312176828581331
119.772,0.000312283010047713
120,0.000312388859869191
