"ResDensity","N_TraitValue"
53.9653,6.84403341936794e-06
54.765863,6.94167368888084e-06
55.566426,7.03920466529333e-06
56.366989,7.13662653200772e-06
57.167552,7.23393947201619e-06
57.968115,7.33114366790194e-06
58.768678,7.42823930184036e-06
59.569241,7.52522655560011e-06
60.369804,7.62210561054432e-06
61.170367,7.71887664763165e-06
61.97093,7.8155398474175e-06
62.771493,7.91209539005506e-06
63.572056,8.00854345529647e-06
64.372619,8.10488422249391e-06
65.173182,8.20111787060074e-06
65.973745,8.29724457817258e-06
66.774308,8.39326452336845e-06
67.574871,8.4891778839518e-06
68.375434,8.58498483729171e-06
69.175997,8.6806855603639e-06
69.97656,8.77628022975186e-06
70.777123,8.87176902164789e-06
71.577686,8.96715211185427e-06
72.378249,9.06242967578424e-06
73.178812,9.15760188846314e-06
73.979375,9.25266892452947e-06
74.779938,9.34763095823594e-06
75.580501,9.44248816345054e-06
76.381064,9.53724071365761e-06
77.181627,9.63188878195891e-06
77.98219,9.72643254107464e-06
78.782753,9.8208721633445e-06
79.583316,9.91520782072877e-06
80.383879,1.00094396848093e-05
81.184442,1.01035679267907e-05
81.985005,1.0197592717501e-05
82.785568,1.02915142273932e-05
83.586131,1.03853326265459e-05
84.386694,1.04790480846645e-05
85.187257,1.05726607710822e-05
85.98782,1.0666170854761e-05
86.788383,1.07595785042927e-05
87.588946,1.08528838879001e-05
88.389509,1.09460871734375e-05
89.190072,1.10391885283925e-05
89.990635,1.11321881198862e-05
90.791198,1.12250861146747e-05
91.591761,1.131788267915e-05
92.392324,1.14105779793409e-05
93.192887,1.15031721809139e-05
93.99345,1.15956654491747e-05
94.794013,1.16880579490684e-05
95.594576,1.17803498451811e-05
96.395139,1.18725413017407e-05
97.195702,1.19646324826177e-05
97.996265,1.20566235513264e-05
98.796828,1.21485146710258e-05
99.597391,1.22403060045205e-05
100.397954,1.23319977142617e-05
101.198517,1.24235899623482e-05
101.99908,1.25150829105274e-05
102.799643,1.2606476720196e-05
103.600206,1.26977715524011e-05
104.400769,1.27889675678415e-05
105.201332,1.28800649268679e-05
106.001895,1.29710637894845e-05
106.802458,1.30619643153497e-05
107.603021,1.31527666637767e-05
108.403584,1.32434709937352e-05
109.204147,1.33340774638517e-05
110.00471,1.34245862324104e-05
110.805273,1.35149974573546e-05
111.605836,1.36053112962873e-05
112.406399,1.3695527906472e-05
113.206962,1.37856474448339e-05
114.007525,1.38756700679607e-05
114.808088,1.39655959321034e-05
115.608651,1.40554251931775e-05
116.409214,1.41451580067633e-05
117.209777,1.42347945281076e-05
118.01034,1.4324334912124e-05
118.810903,1.44137793133939e-05
119.611466,1.45031278861677e-05
120.412029,1.45923807843653e-05
121.212592,1.46815381615772e-05
122.013155,1.47706001710652e-05
122.813718,1.48595669657635e-05
123.614281,1.49484386982796e-05
124.414844,1.50372155208948e-05
125.215407,1.51258975855654e-05
126.01597,1.52144850439237e-05
126.816533,1.53029780472783e-05
127.617096,1.53913767466155e-05
128.417659,1.54796812926001e-05
129.218222,1.55678918355758e-05
130.018785,1.56560085255666e-05
130.819348,1.57440315122774e-05
131.619911,1.58319609450949e-05
132.420474,1.59197969730884e-05
133.221037,1.60075397450105e-05
134.0216,1.60951894092984e-05
134.822163,1.61827461140742e-05
135.622726,1.62702100071461e-05
136.423289,1.63575812360091e-05
137.223852,1.64448599478457e-05
138.024415,1.65320462895272e-05
138.824978,1.66191404076137e-05
139.625541,1.67061424483558e-05
140.426104,1.6793052557695e-05
141.226667,1.68798708812642e-05
142.02723,1.69665975643893e-05
142.827793,1.70532327520892e-05
143.628356,1.71397765890772e-05
144.428919,1.72262292197616e-05
145.229482,1.73125907882463e-05
146.030045,1.73988614383319e-05
146.830608,1.74850413135164e-05
147.631171,1.7571130556996e-05
148.431734,1.76571293116656e-05
149.232297,1.77430377201204e-05
150.03286,1.78288559246555e-05
150.833423,1.79145840672679e-05
151.633986,1.80002222896564e-05
152.434549,1.80857707332228e-05
153.235112,1.81712295390726e-05
154.035675,1.82565988480157e-05
154.836238,1.83418788005672e-05
155.636801,1.84270695369483e-05
156.437364,1.85121711970869e-05
157.237927,1.85971839206184e-05
158.03849,1.86821078468865e-05
158.839053,1.87669431149442e-05
159.639616,1.8851689863554e-05
160.440179,1.8936348231189e-05
161.240742,1.90209183560338e-05
162.041305,1.91054003759851e-05
162.841868,1.91897944286521e-05
163.642431,1.9274100651358e-05
164.442994,1.93583191811401e-05
165.243557,1.94424501547506e-05
166.04412,1.9526493708658e-05
166.844683,1.96104499790467e-05
167.645246,1.9694319101819e-05
168.445809,1.97781012125947e-05
169.246372,1.98617964467127e-05
170.046935,1.99454049392312e-05
170.847498,2.00289268249286e-05
171.648061,2.01123622383043e-05
172.448624,2.01957113135792e-05
173.249187,2.02789741846967e-05
174.04975,2.03621509853233e-05
174.850313,2.04452418488492e-05
175.650876,2.05282469083891e-05
176.451439,2.0611166296783e-05
177.252002,2.06940001465968e-05
178.052565,2.07767485901229e-05
178.853128,2.08594117593813e-05
179.653691,2.09419897861199e-05
180.454254,2.10244828018152e-05
181.254817,2.11068909376734e-05
182.05538,2.11892143246307e-05
182.855943,2.12714530933542e-05
183.656506,2.13536073742423e-05
184.457069,2.14356772974259e-05
185.257632,2.15176629927686e-05
186.058195,2.15995645898677e-05
186.858758,2.16813822180547e-05
187.659321,2.1763116006396e-05
188.459884,2.18447660836937e-05
189.260447,2.19263325784862e-05
190.06101,2.20078156190488e-05
190.861573,2.20892153333945e-05
191.662136,2.21705318492747e-05
192.462699,2.22517652941795e-05
193.263262,2.23329157953391e-05
194.063825,2.24139834797235e-05
194.864388,2.24949684740442e-05
195.664951,2.25758709047538e-05
196.465514,2.26566908980477e-05
197.266077,2.27374285798639e-05
198.06664,2.28180840758842e-05
198.867203,2.28986575115345e-05
199.667766,2.29791490119858e-05
200.468329,2.30595587021545e-05
201.268892,2.31398867067032e-05
202.069455,2.32201331500415e-05
202.870018,2.33002981563263e-05
203.670581,2.33803818494628e-05
204.471144,2.34603843531048e-05
205.271707,2.35403057906557e-05
206.07227,2.36201462852688e-05
206.872833,2.36999059598481e-05
207.673396,2.37795849370488e-05
208.473959,2.38591833392783e-05
209.274522,2.39387012886963e-05
210.075085,2.40181389072158e-05
210.875648,2.40974963165037e-05
211.676211,2.41767736379809e-05
212.476774,2.4255970992824e-05
213.277337,2.43350885019647e-05
214.0779,2.44141262860913e-05
214.878463,2.44930844656488e-05
215.679026,2.45719631608399e-05
216.479589,2.46507624916252e-05
217.280152,2.47294825777243e-05
218.080715,2.48081235386158e-05
218.881278,2.48866854935385e-05
219.681841,2.49651685614915e-05
220.482404,2.50435728612353e-05
221.282967,2.51218985112919e-05
222.08353,2.52001456299458e-05
222.884093,2.52783143352444e-05
223.684656,2.53564047449985e-05
224.485219,2.54344169767832e-05
225.285782,2.55123511479381e-05
226.086345,2.55902073755682e-05
226.886908,2.56679857765445e-05
227.687471,2.57456864675043e-05
228.488034,2.58233095648519e-05
229.288597,2.59008551847593e-05
230.08916,2.59783234431669e-05
230.889723,2.60557144557835e-05
231.690286,2.61330283380876e-05
232.490849,2.62102652053275e-05
233.291412,2.6287425172522e-05
234.091975,2.63645083544609e-05
234.892538,2.64415148657059e-05
235.693101,2.65184448205907e-05
236.493664,2.65952983332217e-05
237.294227,2.6672075517479e-05
238.09479,2.67487764870163e-05
238.895353,2.68254013552619e-05
239.695916,2.69019502354191e-05
240.496479,2.69784232404667e-05
241.297042,2.70548204831597e-05
242.097605,2.713114207603e-05
242.898168,2.72073881313864e-05
243.698731,2.72835587613158e-05
244.499294,2.73596540776831e-05
245.299857,2.74356741921326e-05
246.10042,2.75116192160875e-05
246.900983,2.75874892607514e-05
247.701546,2.76632844371083e-05
248.502109,2.7739004855923e-05
249.302672,2.78146506277425e-05
250.103235,2.78902218628953e-05
250.903798,2.7965718671493e-05
251.704361,2.80411411634304e-05
252.504924,2.81164894483858e-05
253.305487,2.8191763635822e-05
254.10605,2.82669638349866e-05
254.906613,2.83420901549124e-05
255.707176,2.84171427044183e-05
256.507739,2.84921215921094e-05
257.308302,2.85670269263778e-05
258.108865,2.8641858815403e-05
258.909428,2.87166173671525e-05
259.709991,2.87913026893823e-05
260.510554,2.88659148896373e-05
261.311117,2.8940454075252e-05
262.11168,2.90149203533509e-05
262.912243,2.90893138308492e-05
263.712806,2.91636346144528e-05
264.513369,2.92378828106596e-05
265.313932,2.93120585257592e-05
266.114495,2.93861618658339e-05
266.915058,2.94601929367592e-05
267.715621,2.95341518442042e-05
268.516184,2.96080386936318e-05
269.316747,2.96818535902998e-05
270.11731,2.97555966392611e-05
270.917873,2.98292679453639e-05
271.718436,2.99028676132528e-05
272.518999,2.99763957473688e-05
273.319562,3.00498524519501e-05
274.120125,3.01232378310323e-05
274.920688,3.01965519884493e-05
275.721251,3.02697950278335e-05
276.521814,3.03429670526161e-05
277.322377,3.0416068166028e-05
278.12294,3.04890984711003e-05
278.923503,3.05620580706642e-05
279.724066,3.06349470673523e-05
280.524629,3.07077655635982e-05
281.325192,3.0780513661638e-05
282.125755,3.08531914635097e-05
282.926318,3.09257990710544e-05
283.726881,3.09983365859168e-05
284.527444,3.1070804109545e-05
285.328007,3.11432017431918e-05
286.12857,3.12155295879146e-05
286.929133,3.1287787744576e-05
287.729696,3.13599763138447e-05
288.530259,3.14320953961951e-05
289.330822,3.15041450919085e-05
290.131385,3.15761255010735e-05
290.931948,3.1648036723586e-05
291.732511,3.17198788591501e-05
292.533074,3.17916520072784e-05
293.333637,3.18633562672925e-05
294.1342,3.19349917383233e-05
294.934763,3.20065585193118e-05
295.735326,3.20780567090092e-05
296.535889,3.21494864059775e-05
297.336452,3.222084770859e-05
298.137015,3.22921407150317e-05
298.937578,3.23633655232998e-05
299.738141,3.24345222312039e-05
300.538704,3.2505610936367e-05
301.339267,3.25766317362252e-05
302.13983,3.26475847280289e-05
302.940393,3.27184700088427e-05
303.740956,3.2789287675546e-05
304.541519,3.28600378248335e-05
305.342082,3.29307205532158e-05
306.142645,3.30013359570193e-05
306.943208,3.30718841323872e-05
307.743771,3.31423651752798e-05
308.544334,3.32127791814748e-05
309.344897,3.32831262465676e-05
310.14546,3.33534064659721e-05
310.946023,3.3423619934921e-05
311.746586,3.34937667484661e-05
312.547149,3.35638470014788e-05
313.347712,3.36338607886506e-05
314.148275,3.37038082044934e-05
314.948838,3.37736893433401e-05
315.749401,3.38435042993449e-05
316.549964,3.39132531664836e-05
317.350527,3.39829360385543e-05
318.15109,3.40525530091776e-05
318.951653,3.41221041717973e-05
319.752216,3.41915896196804e-05
320.552779,3.42610094459178e-05
321.353342,3.43303637434246e-05
322.153905,3.43996526049407e-05
322.954468,3.44688761230311e-05
323.755031,3.4538034390086e-05
324.555594,3.4607127498322e-05
325.356157,3.46761555397815e-05
326.15672,3.47451186063339e-05
326.957283,3.48140167896757e-05
327.757846,3.4882850181331e-05
328.558409,3.49516188726517e-05
329.358972,3.50203229548181e-05
330.159535,3.50889625188393e-05
330.960098,3.51575376555535e-05
331.760661,3.52260484556285e-05
332.561224,3.52944950095619e-05
333.361787,3.53628774076819e-05
334.16235,3.54311957401473e-05
334.962913,3.5499450096948e-05
335.763476,3.55676405679056e-05
336.564039,3.56357672426735e-05
337.364602,3.57038302107373e-05
338.165165,3.57718295614158e-05
338.965728,3.58397653838603e-05
339.766291,3.59076377670561e-05
340.566854,3.5975446799822e-05
341.367417,3.60431925708113e-05
342.16798,3.6110875168512e-05
342.968543,3.6178494681247e-05
343.769106,3.62460511971747e-05
344.569669,3.63135448042892e-05
345.370232,3.63809755904211e-05
346.170795,3.64483436432371e-05
346.971358,3.65156490502414e-05
347.771921,3.65828918987751e-05
348.572484,3.66500722760172e-05
349.373047,3.67171902689848e-05
350.17361,3.67842459645334e-05
350.974173,3.68512394493574e-05
351.774736,3.69181708099903e-05
352.575299,3.69850401328054e-05
353.375862,3.70518475040158e-05
354.176425,3.71185930096749e-05
354.976988,3.71852767356769e-05
355.777551,3.72518987677569e-05
356.578114,3.73184591914918e-05
357.378677,3.73849580922998e-05
358.17924,3.74513955554417e-05
358.979803,3.75177716660206e-05
359.780366,3.75840865089825e-05
360.580929,3.76503401691167e-05
361.381492,3.77165327310561e-05
362.182055,3.77826642792777e-05
362.982618,3.78487348981027e-05
363.783181,3.7914744671697e-05
364.583744,3.79806936840715e-05
365.384307,3.80465820190827e-05
366.18487,3.81124097604327e-05
366.985433,3.81781769916698e-05
367.785996,3.82438837961887e-05
368.586559,3.8309530257231e-05
369.387122,3.83751164578855e-05
370.187685,3.84406424810883e-05
370.988248,3.85061084096237e-05
371.788811,3.8571514326124e-05
372.589374,3.86368603130702e-05
373.389937,3.87021464527921e-05
374.1905,3.87673728274689e-05
374.991063,3.88325395191293e-05
375.791626,3.88976466096519e-05
376.592189,3.89626941807659e-05
377.392752,3.90276823140507e-05
378.193315,3.90926110909371e-05
378.993878,3.91574805927069e-05
379.794441,3.92222909004938e-05
380.595004,3.92870420952832e-05
381.395567,3.93517342579132e-05
382.19613,3.94163674690743e-05
382.996693,3.94809418093102e-05
383.797256,3.95454573590177e-05
384.597819,3.96099141984474e-05
385.398382,3.96743124077041e-05
386.198945,3.97386520667466e-05
386.999508,3.98029332553886e-05
387.800071,3.98671560532987e-05
388.600634,3.99313205400009e-05
389.401197,3.99954267948747e-05
390.20176,4.00594748971559e-05
391.002323,4.01234649259362e-05
391.802886,4.01873969601643e-05
392.603449,4.02512710786456e-05
393.404012,4.03150873600431e-05
394.204575,4.03788458828769e-05
395.005138,4.04425467255256e-05
395.805701,4.05061899662257e-05
396.606264,4.05697756830723e-05
397.406827,4.06333039540196e-05
398.20739,4.06967748568807e-05
399.007953,4.07601884693284e-05
399.808516,4.08235448688955e-05
400.609079,4.08868441329746e-05
401.409642,4.0950086338819e-05
402.210205,4.10132715635429e-05
403.010768,4.10763998841214e-05
403.811331,4.1139471377391e-05
404.611894,4.12024861200501e-05
405.412457,4.12654441886589e-05
406.21302,4.13283456596403e-05
407.013583,4.13911906092795e-05
407.814146,4.14539791137249e-05
408.614709,4.1516711248988e-05
409.415272,4.15793870909441e-05
410.215835,4.16420067153321e-05
411.016398,4.17045701977554e-05
411.816961,4.17670776136817e-05
412.617524,4.18295290384435e-05
413.418087,4.18919245472384e-05
414.21865,4.19542642151296e-05
415.019213,4.20165481170458e-05
415.819776,4.20787763277817e-05
416.620339,4.21409489219984e-05
417.420902,4.22030659742235e-05
418.221465,4.22651275588517e-05
419.022028,4.23271337501447e-05
419.822591,4.23890846222317e-05
420.623154,4.24509802491099e-05
421.423717,4.25128207046442e-05
422.22428,4.25746060625684e-05
423.024843,4.26363363964844e-05
423.825406,4.26980117798635e-05
424.625969,4.27596322860461e-05
425.426532,4.2821197988242e-05
426.227095,4.28827089595312e-05
427.027658,4.29441652728634e-05
427.828221,4.30055670010591e-05
428.628784,4.30669142168091e-05
429.429347,4.31282069926756e-05
430.22991,4.31894454010918e-05
431.030473,4.32506295143624e-05
431.831036,4.33117594046643e-05
432.631599,4.33728351440462e-05
433.432162,4.34338568044293e-05
434.232725,4.34948244576076e-05
435.033288,4.35557381752478e-05
435.833851,4.36165980288902e-05
436.634414,4.36774040899484e-05
437.434977,4.37381564297099e-05
438.23554,4.37988551193362e-05
439.036103,4.38595002298634e-05
439.836666,4.3920091832202e-05
440.637229,4.39806299971375e-05
441.437792,4.40411147953306e-05
442.238355,4.41015462973176e-05
443.038918,4.41619245735104e-05
443.839481,4.42222496941969e-05
444.640044,4.42825217295414e-05
445.440607,4.43427407495847e-05
446.24117,4.44029068242445e-05
447.041733,4.44630200233156e-05
447.842296,4.45230804164701e-05
448.642859,4.45830880732578e-05
449.443422,4.46430430631064e-05
450.243985,4.47029454553218e-05
451.044548,4.47627953190884e-05
451.845111,4.48225927234693e-05
452.645674,4.48823377374065e-05
453.446237,4.49420304297212e-05
454.2468,4.50016708691144e-05
