"ResDensity","N_TraitValue"
5,1.28266694477372e-06
5.09,1.30575494977965e-06
5.18,1.32884295478558e-06
5.27,1.35193095979151e-06
5.36,1.37501896479743e-06
5.45,1.39810696980336e-06
5.54,1.42119497480929e-06
5.63,1.44428297981521e-06
5.72,1.46737098482114e-06
5.81,1.49045898982707e-06
5.9,1.513546994833e-06
5.99,1.53663499983892e-06
6.08,1.55972300484485e-06
6.17,1.58281100985078e-06
6.26,1.6058990148567e-06
6.35,1.62898701986263e-06
6.44,1.65207502486856e-06
6.53,1.67516302987448e-06
6.62,1.69825103488041e-06
6.71,1.72133903988634e-06
6.8,1.74442704489227e-06
6.89,1.76751504989819e-06
6.98,1.79060305490412e-06
7.07,1.81369105991005e-06
7.16,1.83677906491597e-06
7.25,1.8598670699219e-06
7.34,1.88295507492783e-06
7.43,1.90604307993375e-06
7.52,1.92913108493968e-06
7.61,1.95221908994561e-06
7.7,1.97530709495154e-06
7.79,1.99839509995746e-06
7.88,2.02148310496339e-06
7.97,2.04457110996932e-06
8.06,2.06765911497524e-06
8.15,2.09074711998117e-06
8.24,2.1138351249871e-06
8.33,2.13692312999303e-06
8.42,2.16001113499895e-06
8.51,2.18309914000488e-06
8.6,2.20618714501081e-06
8.69,2.22927515001673e-06
8.78,2.25236315502266e-06
8.87,2.27545116002859e-06
8.96,2.29853916503451e-06
9.05,2.32162717004044e-06
9.14,2.34471517504637e-06
9.23,2.3678031800523e-06
9.32,2.39089118505822e-06
9.41,2.41397919006415e-06
9.5,2.43706719507008e-06
9.59,2.460155200076e-06
9.68,2.48324320508193e-06
9.77,2.50633121008786e-06
9.86,2.52941921509378e-06
9.95,2.55250722009971e-06
10.04,2.57559522510564e-06
10.13,2.59868323011157e-06
10.22,2.62177123511749e-06
10.31,2.64485924012342e-06
10.4,2.66794724512935e-06
10.49,2.69103525013527e-06
10.58,2.7141232551412e-06
10.67,2.73721126014713e-06
10.76,2.76029926515306e-06
10.85,2.78338727015898e-06
10.94,2.80647527516491e-06
11.03,2.82956328017084e-06
11.12,2.85265128517676e-06
11.21,2.87573929018269e-06
11.3,2.89882729518862e-06
11.39,2.92191530019454e-06
11.48,2.94500330520047e-06
11.57,2.9680913102064e-06
11.66,2.99117931521233e-06
11.75,3.01426732021825e-06
11.84,3.03735532522418e-06
11.93,3.06044333023011e-06
12.02,3.08353133523603e-06
12.11,3.10661934024196e-06
12.2,3.12970734524789e-06
12.29,3.15279535025382e-06
12.38,3.17588335525974e-06
12.47,3.19897136026567e-06
12.56,3.2220593652716e-06
12.65,3.24514737027752e-06
12.74,3.26823537528345e-06
12.83,3.29132338028938e-06
12.92,3.3144113852953e-06
13.01,3.33749939030123e-06
13.1,3.36058739530716e-06
13.19,3.38367540031309e-06
13.28,3.40676340531901e-06
13.37,3.42985141032494e-06
13.46,3.45293941533087e-06
13.55,3.47602742033679e-06
13.64,3.49911542534272e-06
13.73,3.52220343034865e-06
13.82,3.54529143535457e-06
13.91,3.5683794403605e-06
14,3.59146744536643e-06
14.09,3.61455545037236e-06
14.18,3.63764345537828e-06
14.27,3.66073146038421e-06
14.36,3.68381946539014e-06
14.45,3.70690747039606e-06
14.54,3.72999547540199e-06
14.63,3.75308348040792e-06
14.72,3.77617148541385e-06
14.81,3.79925949041977e-06
14.9,3.8223474954257e-06
14.99,3.84543550043163e-06
15.08,3.86852350543755e-06
15.17,3.89161151044348e-06
15.26,3.91469951544941e-06
15.35,3.93778752045533e-06
15.44,3.96087552546126e-06
15.53,3.98396353046719e-06
15.62,4.00705153547312e-06
15.71,4.03013954047904e-06
15.8,4.05322754548497e-06
15.89,4.0763155504909e-06
15.98,4.09940355549682e-06
16.07,4.12249156050275e-06
16.16,4.14557956550868e-06
16.25,4.16866757051461e-06
16.34,4.19175557552053e-06
16.43,4.21484358052646e-06
16.52,4.23793158553239e-06
16.61,4.26101959053831e-06
16.7,4.28410759554424e-06
16.79,4.30719560055017e-06
16.88,4.33028360555609e-06
16.97,4.35337161056202e-06
17.06,4.37645961556795e-06
17.15,4.39954762057388e-06
17.24,4.4226356255798e-06
17.33,4.44572363058573e-06
17.42,4.46881163559166e-06
17.51,4.49189964059758e-06
17.6,4.51498764560351e-06
17.69,4.53807565060944e-06
17.78,4.56116365561536e-06
17.87,4.58425166062129e-06
17.96,4.60733966562722e-06
18.05,4.63042767063315e-06
18.14,4.65351567563907e-06
18.23,4.676603680645e-06
18.32,4.69969168565093e-06
18.41,4.72277969065685e-06
18.5,4.74586769566278e-06
18.59,4.76895570066871e-06
18.68,4.79204370567464e-06
18.77,4.81513171068056e-06
18.86,4.83821971568649e-06
18.95,4.86130772069242e-06
19.04,4.88439572569834e-06
19.13,4.90748373070427e-06
19.22,4.9305717357102e-06
19.31,4.95365974071612e-06
19.4,4.97674774572205e-06
19.49,4.99983575072798e-06
19.58,5.02292375573391e-06
19.67,5.04601176073983e-06
19.76,5.06909976574576e-06
19.85,5.09218777075169e-06
19.94,5.11527577575761e-06
20.03,5.13836378076354e-06
20.12,5.16145178576947e-06
20.21,5.18453979077539e-06
20.3,5.20762779578132e-06
20.39,5.23071580078725e-06
20.48,5.25380380579317e-06
20.57,5.2768918107991e-06
20.66,5.29997981580503e-06
20.75,5.32306782081096e-06
20.84,5.34615582581688e-06
20.93,5.36924383082281e-06
21.02,5.39233183582874e-06
21.11,5.41541984083467e-06
21.2,5.43850784584059e-06
21.29,5.46159585084652e-06
21.38,5.48468385585245e-06
21.47,5.50777186085837e-06
21.56,5.5308598658643e-06
21.65,5.55394787087023e-06
21.74,5.57703587587615e-06
21.83,5.60012388088208e-06
21.92,5.62321188588801e-06
22.01,5.64629989089394e-06
22.1,5.66938789589986e-06
22.19,5.69247590090579e-06
22.28,5.71556390591172e-06
22.37,5.73865191091764e-06
22.46,5.76173991592357e-06
22.55,5.7848279209295e-06
22.64,5.80791592593543e-06
22.73,5.83100393094135e-06
22.82,5.85409193594728e-06
22.91,5.87717994095321e-06
23,5.90026794595913e-06
23.09,5.92335595096506e-06
23.18,5.94644395597099e-06
23.27,5.96953196097691e-06
23.36,5.99261996598284e-06
23.45,6.01570797098877e-06
23.54,6.0387959759947e-06
23.63,6.06188398100062e-06
23.72,6.08497198600655e-06
23.81,6.10805999101248e-06
23.9,6.1311479960184e-06
23.99,6.15423600102433e-06
24.08,6.17732400603026e-06
24.17,6.20041201103618e-06
24.26,6.22350001604211e-06
24.35,6.24658802104804e-06
24.44,6.26967602605397e-06
24.53,6.29276403105989e-06
24.62,6.31585203606582e-06
24.71,6.33894004107175e-06
24.8,6.36202804607767e-06
24.89,6.3851160510836e-06
24.98,6.40820405608953e-06
25.07,6.43129206109546e-06
25.16,6.45438006610138e-06
25.25,6.47746807110731e-06
25.34,6.50055607611324e-06
25.43,6.52364408111916e-06
25.52,6.54673208612509e-06
25.61,6.56982009113102e-06
25.7,6.59290809613694e-06
25.79,6.61599610114287e-06
25.88,6.6390841061488e-06
25.97,6.66217211115473e-06
26.06,6.68526011616065e-06
26.15,6.70834812116658e-06
26.24,6.73143612617251e-06
26.33,6.75452413117843e-06
26.42,6.77761213618436e-06
26.51,6.80070014119029e-06
26.6,6.82378814619621e-06
26.69,6.84687615120214e-06
26.78,6.86996415620807e-06
26.87,6.893052161214e-06
26.96,6.91614016621992e-06
27.05,6.93922817122585e-06
27.14,6.96231617623178e-06
27.23,6.9854041812377e-06
27.32,7.00849218624363e-06
27.41,7.03158019124956e-06
27.5,7.05466819625549e-06
27.59,7.07775620126141e-06
27.68,7.10084420626734e-06
27.77,7.12393221127327e-06
27.86,7.14702021627919e-06
27.95,7.17010822128512e-06
28.04,7.19319622629105e-06
28.13,7.21628423129697e-06
28.22,7.2393722363029e-06
28.31,7.26246024130883e-06
28.4,7.28554824631476e-06
28.49,7.30863625132068e-06
28.58,7.33172425632661e-06
28.67,7.35481226133254e-06
28.76,7.37790026633846e-06
28.85,7.40098827134439e-06
28.94,7.42407627635032e-06
29.03,7.44716428135625e-06
29.12,7.47025228636217e-06
29.21,7.4933402913681e-06
29.3,7.51642829637403e-06
29.39,7.53951630137995e-06
29.48,7.56260430638588e-06
29.57,7.58569231139181e-06
29.66,7.60878031639773e-06
29.75,7.63186832140366e-06
29.84,7.65495632640959e-06
29.93,7.67804433141552e-06
30.02,7.70113233642144e-06
30.11,7.72422034142737e-06
30.2,7.7473083464333e-06
30.29,7.77039635143922e-06
30.38,7.79348435644515e-06
30.47,7.81657236145108e-06
30.56,7.839660366457e-06
30.65,7.86274837146293e-06
30.74,7.88583637646886e-06
30.83,7.90892438147479e-06
30.92,7.93201238648071e-06
31.01,7.95510039148664e-06
31.1,7.97818839649257e-06
31.19,8.00127640149849e-06
31.28,8.02436440650442e-06
31.37,8.04745241151035e-06
31.46,8.07054041651627e-06
31.55,8.0936284215222e-06
31.64,8.11671642652813e-06
31.73,8.13980443153406e-06
31.82,8.16289243653998e-06
31.91,8.18598044154591e-06
32,8.20906844655184e-06
32.09,8.23215645155777e-06
32.18,8.25524445656369e-06
32.27,8.27833246156962e-06
32.36,8.30142046657555e-06
32.45,8.32450847158147e-06
32.54,8.3475964765874e-06
32.63,8.37068448159333e-06
32.72,8.39377248659925e-06
32.81,8.41686049160518e-06
32.9,8.43994849661111e-06
32.99,8.46303650161703e-06
33.08,8.48612450662296e-06
33.17,8.50921251162889e-06
33.26,8.53230051663481e-06
33.35,8.55538852164074e-06
33.44,8.57847652664667e-06
33.53,8.6015645316526e-06
33.62,8.62465253665852e-06
33.71,8.64774054166445e-06
33.8,8.67082854667038e-06
33.89,8.69391655167631e-06
33.98,8.71700455668223e-06
34.07,8.74009256168816e-06
34.16,8.76318056669409e-06
34.25,8.78626857170001e-06
34.34,8.80935657670594e-06
34.43,8.83244458171187e-06
34.52,8.85553258671779e-06
34.61,8.87862059172372e-06
34.7,8.90170859672965e-06
34.79,8.92479660173558e-06
34.88,8.9478846067415e-06
34.97,8.97097261174743e-06
35.06,8.99406061675336e-06
35.15,9.01714862175928e-06
35.24,9.04023662676521e-06
35.33,9.06332463177114e-06
35.42,9.08641263677707e-06
35.51,9.10950064178299e-06
35.6,9.13258864678892e-06
35.69,9.15567665179485e-06
35.78,9.17876465680077e-06
35.87,9.2018526618067e-06
35.96,9.22494066681263e-06
36.05,9.24802867181855e-06
36.14,9.27111667682448e-06
36.23,9.29420468183041e-06
36.32,9.31729268683634e-06
36.41,9.34038069184226e-06
36.5,9.36346869684819e-06
36.59,9.38655670185412e-06
36.68,9.40964470686004e-06
36.77,9.43273271186597e-06
36.86,9.4558207168719e-06
36.95,9.47890872187783e-06
37.04,9.50199672688375e-06
37.13,9.52508473188968e-06
37.22,9.54817273689561e-06
37.31,9.57126074190153e-06
37.4,9.59434874690746e-06
37.49,9.61743675191339e-06
37.58,9.64052475691931e-06
37.67,9.66361276192524e-06
37.76,9.68670076693117e-06
37.85,9.7097887719371e-06
37.94,9.73287677694302e-06
38.03,9.75596478194895e-06
38.12,9.77905278695488e-06
38.21,9.8021407919608e-06
38.3,9.82522879696673e-06
38.39,9.84831680197266e-06
38.48,9.87140480697858e-06
38.57,9.89449281198451e-06
38.66,9.91758081699044e-06
38.75,9.94066882199637e-06
38.84,9.96375682700229e-06
38.93,9.98684483200822e-06
39.02,1.00099328370141e-05
39.11,1.00330208420201e-05
39.2,1.0056108847026e-05
39.29,1.00791968520319e-05
39.38,1.01022848570379e-05
39.47,1.01253728620438e-05
39.56,1.01484608670497e-05
39.65,1.01715488720556e-05
39.74,1.01946368770616e-05
39.83,1.02177248820675e-05
39.92,1.02408128870734e-05
40.01,1.02639008920793e-05
40.1,1.02869888970853e-05
40.19,1.03100769020912e-05
40.28,1.03331649070971e-05
40.37,1.03562529121031e-05
40.46,1.0379340917109e-05
40.55,1.04024289221149e-05
40.64,1.04255169271208e-05
40.73,1.04486049321268e-05
40.82,1.04716929371327e-05
40.91,1.04947809421386e-05
41,1.05178689471445e-05
41.09,1.05409569521505e-05
41.18,1.05640449571564e-05
41.27,1.05871329621623e-05
41.36,1.06102209671683e-05
41.45,1.06333089721742e-05
41.54,1.06563969771801e-05
41.63,1.0679484982186e-05
41.72,1.0702572987192e-05
41.81,1.07256609921979e-05
41.9,1.07487489972038e-05
41.99,1.07718370022097e-05
42.08,1.07949250072157e-05
42.17,1.08180130122216e-05
42.26,1.08411010172275e-05
42.35,1.08641890222334e-05
42.44,1.08872770272394e-05
42.53,1.09103650322453e-05
42.62,1.09334530372512e-05
42.71,1.09565410422572e-05
42.8,1.09796290472631e-05
42.89,1.1002717052269e-05
42.98,1.10258050572749e-05
43.07,1.10488930622809e-05
43.16,1.10719810672868e-05
43.25,1.10950690722927e-05
43.34,1.11181570772986e-05
43.43,1.11412450823046e-05
43.52,1.11643330873105e-05
43.61,1.11874210923164e-05
43.7,1.12105090973224e-05
43.79,1.12335971023283e-05
43.88,1.12566851073342e-05
43.97,1.12797731123401e-05
44.06,1.13028611173461e-05
44.15,1.1325949122352e-05
44.24,1.13490371273579e-05
44.33,1.13721251323638e-05
44.42,1.13952131373698e-05
44.51,1.14183011423757e-05
44.6,1.14413891473816e-05
44.69,1.14644771523875e-05
44.78,1.14875651573935e-05
44.87,1.15106531623994e-05
44.96,1.15337411674053e-05
45.05,1.15568291724113e-05
45.14,1.15799171774172e-05
45.23,1.16030051824231e-05
45.32,1.1626093187429e-05
45.41,1.1649181192435e-05
45.5,1.16722691974409e-05
45.59,1.16953572024468e-05
45.68,1.17184452074527e-05
45.77,1.17415332124587e-05
45.86,1.17646212174646e-05
45.95,1.17877092224705e-05
46.04,1.18107972274765e-05
46.13,1.18338852324824e-05
46.22,1.18569732374883e-05
46.31,1.18800612424942e-05
46.4,1.19031492475002e-05
46.49,1.19262372525061e-05
46.58,1.1949325257512e-05
46.67,1.19724132625179e-05
46.76,1.19955012675239e-05
46.85,1.20185892725298e-05
46.94,1.20416772775357e-05
47.03,1.20647652825417e-05
47.12,1.20878532875476e-05
47.21,1.21109412925535e-05
47.3,1.21340292975594e-05
47.39,1.21571173025654e-05
47.48,1.21802053075713e-05
47.57,1.22032933125772e-05
47.66,1.22263813175831e-05
47.75,1.22494693225891e-05
47.84,1.2272557327595e-05
47.93,1.22956453326009e-05
48.02,1.23187333376069e-05
48.11,1.23418213426128e-05
48.2,1.23649093476187e-05
48.29,1.23879973526246e-05
48.38,1.24110853576306e-05
48.47,1.24341733626365e-05
48.56,1.24572613676424e-05
48.65,1.24803493726483e-05
48.74,1.25034373776543e-05
48.83,1.25265253826602e-05
48.92,1.25496133876661e-05
49.01,1.2572701392672e-05
49.1,1.2595789397678e-05
49.19,1.26188774026839e-05
49.28,1.26419654076898e-05
49.37,1.26650534126958e-05
49.46,1.26881414177017e-05
49.55,1.27112294227076e-05
49.64,1.27343174277135e-05
49.73,1.27574054327195e-05
49.82,1.27804934377254e-05
49.91,1.28035814427313e-05
50,1.28266694477372e-05
