"ResDensity","N_TraitValue"
0.2039,0.278874571903919
0.213496,0.288462891890847
0.223092,0.297821758446905
0.232688,0.306959310594591
0.242284,0.315883306918484
0.25188,0.324601147536753
0.261476,0.333119894567332
0.271072,0.341446291207746
0.280668,0.349586779536921
0.290264,0.35754751713773
0.29986,0.36533439263045
0.309456,0.372953040199449
0.319052,0.38040885318844
0.328648,0.387706996833222
0.338244,0.394852420195096
0.34784,0.401849867352882
0.357436,0.408703887906727
0.367032,0.41541884684258
0.376628,0.421998933802271
0.386224,0.428448171800566
0.39582,0.434770425427313
0.405416,0.440969408569814
0.415012,0.447048691687846
0.424608,0.453011708671281
0.434204,0.458861763307979
0.4438,0.464602035387546
0.453396,0.470235586464657
0.462992,0.475765365303893
0.472588,0.481194213026433
0.482184,0.48652486797748
0.49178,0.491759970331938
0.501376,0.496902066454618
0.510972,0.501953613030101
0.520568,0.506916980976333
0.530164,0.511794459155045
0.53976,0.516588257891204
0.549356,0.521300512312867
0.558952,0.525933285522024
0.568548,0.53048857160635
0.578144,0.534968298501077
0.58774,0.539374330709632
0.597336,0.543708471891099
0.606932,0.547972467322054
0.616528,0.552168006239822
0.626124,0.556296724073783
0.63572,0.5603602045709
0.645316,0.564359981821283
0.654912,0.568297542189235
0.664508,0.572174326154871
0.674104,0.575991730071123
0.6837,0.579751107840617
0.693296,0.583453772516666
0.702892,0.587100997832335
0.712488,0.590694019661354
0.722084,0.594234037414356
0.73168,0.59772221537379
0.741276,0.601159683970608
0.750872,0.60454754100568
0.760468,0.607886852818697
0.770064,0.611178655407185
0.77966,0.614423955498099
0.789256,0.617623731574319
0.798852,0.620778934858244
0.808448,0.623890490254572
0.818044,0.626959297254222
0.82764,0.629986230801249
0.837236,0.632972142124521
0.846832,0.635917859535802
0.856428,0.638824189195827
0.866024,0.641691915849847
0.87562,0.644521803534058
0.885216,0.647314596254255
0.894812,0.650071018637967
0.904408,0.652791776561277
0.914004,0.655477557751474
0.9236,0.658129032366605
0.933196,0.660746853552966
0.942792,0.663331657981492
0.952388,0.665884066363983
0.961984,0.66840468395004
0.97158,0.670894101005551
0.981176,0.673352893273508
0.990772,0.675781622417934
1.000368,0.67818083645162
1.009964,0.680551070148353
1.01956,0.682892845440313
1.029156,0.68520667180123
1.038752,0.687493046615901
1.048348,0.689752455536645
1.057944,0.691985372827204
1.06754,0.694192261694634
1.077136,0.696373574609641
1.086732,0.698529753615858
1.096328,0.700661230628481
1.105924,0.702768427722709
1.11552,0.704851757412377
1.125116,0.706911622919173
1.134712,0.708948418432819
1.144308,0.710962529362544
1.153904,0.712954332580219
1.1635,0.714924196655439
1.173096,0.716872482082895
1.182692,0.718799541502307
1.192288,0.720705719911208
1.201884,0.722591354870849
1.21148,0.724456776705486
1.221076,0.726302308695283
1.230672,0.728128267263089
1.240268,0.729934962155297
1.249864,0.731722696617005
1.25946,0.733491767561703
1.269056,0.735242465735661
1.278652,0.736975075877228
1.288248,0.738689876871219
1.297844,0.740387141898561
1.30744,0.742067138581377
1.317036,0.743730129123663
1.326632,0.745376370447708
1.336228,0.747006114326422
1.345824,0.7486196075117
1.35542,0.750217091858966
1.365016,0.751798804448028
1.374612,0.753364977700373
1.384208,0.75491583949302
1.393804,0.75645161326905
1.4034,0.757972518144928
1.412996,0.759478769014717
1.422592,0.760970576651302
1.432188,0.76244814780471
1.441784,0.763911685297633
1.45138,0.765361388118236
1.460976,0.766797451510352
1.470572,0.76822006706114
1.480168,0.769629422786292
1.489764,0.771025703212868
1.49936,0.772409089459838
1.508956,0.773779759316401
1.518552,0.775137887318154
1.528148,0.776483644821184
1.537744,0.777817200074138
1.54734,0.779138718288344
1.556936,0.780448361706044
1.566532,0.781746289666796
1.576128,0.783032658672093
1.585724,0.784307622448281
1.59532,0.785571332007789
1.604916,0.786823935708765
1.614512,0.788065579313129
1.624108,0.789296406043127
1.633704,0.790516556636393
1.6433,0.791726169399603
1.652896,0.792925380260734
1.662492,0.79411432281998
1.672088,0.795293128399376
1.681684,0.796461926091143
1.69128,0.797620842804823
1.700876,0.798770003313208
1.710472,0.799909530297129
1.720068,0.801039544389107
1.729664,0.802160164215934
1.73926,0.803271506440178
1.748856,0.804373685800674
1.758452,0.805466815152014
1.768048,0.806551005503065
1.777644,0.807626366054552
1.78724,0.80869300423572
1.796836,0.809751025740112
1.806432,0.810800534560482
1.816028,0.811841633022868
1.825624,0.812874421819852
1.83522,0.813899000043022
1.844816,0.814915465214665
1.854412,0.815923913318712
1.864008,0.816924438830955
1.873604,0.817917134748546
1.8832,0.818902092618813
1.892796,0.81987940256741
1.902392,0.8208491533258
1.911988,0.821811432258112
1.921584,0.822766325387381
1.93118,0.823713917421181
1.940776,0.824654291776673
1.950372,0.825587530605085
1.959968,0.826513714815637
1.969564,0.827432924098922
1.97916,0.828345236949767
1.988756,0.829250730689571
1.998352,0.830149481488157
2.007948,0.831041564385129
2.017544,0.831927053310754
2.02714,0.832806021106392
2.036736,0.833678539544466
2.046332,0.834544679347999
2.055928,0.835404510209726
2.065524,0.836258100810784
2.07512,0.837105518839005
2.084716,0.8379468310068
2.094312,0.838782103068677
2.103908,0.839611399838364
2.113504,0.840434785205576
2.1231,0.841252322152427
2.132696,0.842064072769485
2.142292,0.842870098271493
2.151888,0.843670459012758
2.161484,0.844465214502215
2.17108,0.845254423418177
2.180676,0.846038143622779
2.190272,0.846816432176113
2.199868,0.847589345350086
2.209464,0.848356938641974
2.21906,0.84911926678771
2.228656,0.849876383774894
2.238252,0.850628342855538
2.247848,0.851375196558553
2.257444,0.852116996701979
2.26704,0.852853794404971
2.276636,0.85358564009954
2.286232,0.854312583542064
2.295828,0.855034673824559
2.305424,0.855751959385738
2.31502,0.856464488021834
2.324616,0.857172306897223
2.334212,0.857875462554829
2.343808,0.858574000926326
2.353404,0.859267967342137
2.363,0.859957406541246
2.372596,0.860642362680807
2.382192,0.861322879345574
2.391788,0.861998999557144
2.401384,0.862670765783028
2.41098,0.863338219945538
2.420576,0.864001403430509
2.430172,0.864660357095856
2.439768,0.865315121279959
2.449364,0.865965735809902
2.45896,0.866612240009544
2.468556,0.867254672707443
2.478152,0.867893072244628
2.487748,0.868527476482229
2.497344,0.869157922808962
2.50694,0.869784448148473
2.516536,0.870407088966546
2.526132,0.871025881278182
2.535728,0.871640860654537
2.545324,0.872252062229745
2.55492,0.872859520707604
2.564516,0.873463270368146
2.574112,0.874063345074087
2.583708,0.874659778277155
2.593304,0.875252603024311
2.6029,0.875841851963848
2.612496,0.876427557351386
2.622092,0.877009751055759
2.631688,0.877588464564796
2.641284,0.878163728990994
2.65088,0.878735575077098
2.660476,0.879304033201575
2.670072,0.879869133383996
2.679668,0.880430905290315
2.689264,0.880989378238069
2.69886,0.88154458120147
2.708456,0.882096542816421
2.718052,0.882645291385438
2.727648,0.883190854882487
2.737244,0.883733260957738
2.74684,0.884272536942236
2.756436,0.884808709852493
2.766032,0.885341806395
2.775628,0.885871852970657
2.785224,0.886398875679137
2.79482,0.886922900323167
2.804416,0.887443952412739
2.814012,0.887962057169252
2.823608,0.888477239529578
2.833204,0.888989524150066
2.8428,0.889498935410472
2.852396,0.890005497417833
2.861992,0.890509234010262
2.871588,0.891010168760694
2.881184,0.891508324980558
2.89078,0.892003725723397
2.900376,0.892496393788423
2.909972,0.892986351724014
2.919568,0.893473621831155
2.929164,0.893958226166821
2.93876,0.894440186547305
2.948356,0.894919524551495
2.957952,0.895396261524087
2.967548,0.895870418578764
2.977144,0.896342016601303
2.98674,0.896811076252648
2.996336,0.897277617971925
3.005932,0.897741661979412
3.015528,0.898203228279459
3.025124,0.898662336663361
3.03472,0.899119006712192
3.044316,0.899573257799585
3.053912,0.900025109094472
3.063508,0.900474579563781
3.073104,0.90092168797509
3.0827,0.901366452899239
3.092296,0.901808892712903
3.101892,0.902249025601119
3.111488,0.90268686955978
3.121084,0.90312244239809
3.13068,0.903555761740975
3.140276,0.90398684503146
3.149872,0.904415709533014
3.159468,0.90484237233185
3.169064,0.905266850339197
3.17866,0.905689160293532
3.188256,0.906109318762782
3.197852,0.90652734214649
3.207448,0.906943246677951
3.217044,0.907357048426309
3.22664,0.907768763298629
3.236236,0.908178407041935
3.245832,0.90858599524522
3.255428,0.908991543341419
3.265024,0.909395066609361
3.27462,0.909796580175685
3.284216,0.910196099016732
3.293812,0.910593637960405
3.303408,0.910989211688006
3.313004,0.911382834736043
3.3226,0.911774521498008
3.332196,0.912164286226134
3.341792,0.912552143033123
3.351388,0.91293810589385
3.360984,0.91332218864704
3.37058,0.913704404996923
3.380176,0.914084768514863
3.389772,0.914463292640966
3.399368,0.914839990685663
3.408964,0.915214875831268
3.41856,0.915587961133516
3.428156,0.915959259523081
3.437752,0.91632878380707
3.447348,0.916696546670492
3.456944,0.917062560677711
3.46654,0.91742683827388
3.476136,0.917789391786347
3.485732,0.91815023342605
3.495328,0.918509375288882
3.504924,0.918866829357049
3.51452,0.919222607500399
3.524116,0.919576721477737
3.533712,0.919929182938119
3.543308,0.920280003422133
3.552904,0.920629194363152
3.5625,0.920976767088584
3.572096,0.921322732821093
3.581692,0.921667102679803
3.591288,0.922009887681499
3.600884,0.922351098741791
3.61048,0.92269074667628
3.620076,0.9230288422017
3.629672,0.923365395937041
3.639268,0.923700418404664
3.648864,0.924033920031398
3.65846,0.92436591114962
3.668056,0.924696401998324
3.677652,0.925025402724171
3.687248,0.925352923382531
3.696844,0.925678973938502
3.70644,0.926003564267928
3.716036,0.926326704158389
3.725632,0.926648403310189
3.735228,0.926968671337327
3.744824,0.927287517768452
3.75442,0.927604952047809
3.764016,0.927920983536172
3.773612,0.928235621511765
3.783208,0.928548875171168
3.792804,0.928860753630215
3.8024,0.929171265924876
3.811996,0.929480421012133
3.821592,0.929788227770836
3.831188,0.93009469500256
3.840784,0.930399831432437
3.85038,0.930703645709989
3.859976,0.931006146409944
3.869572,0.93130734203304
3.879168,0.931607241006826
3.888764,0.931905851686443
3.89836,0.932203182355404
3.907956,0.93249924122636
3.917552,0.932794036441851
3.927148,0.933087576075058
3.936744,0.933379868130539
3.94634,0.933670920544955
3.955936,0.933960741187788
3.965532,0.934249337862052
3.975128,0.934536718304992
3.984724,0.934822890188778
3.99432,0.935107861121184
4.003916,0.935391638646266
4.013512,0.935674230245021
4.023108,0.935955643336056
4.032704,0.936235885276224
4.0423,0.936514963361275
4.051896,0.936792884826486
4.061492,0.937069656847283
4.071088,0.937345286539863
4.080684,0.937619780961802
4.09028,0.937893147112659
4.099876,0.938165391934566
4.109472,0.938436522312824
4.119068,0.938706545076475
4.128664,0.938975466998881
4.13826,0.939243294798287
4.147856,0.939510035138383
4.157452,0.939775694628857
4.167048,0.940040279825935
4.176644,0.94030379723293
4.18624,0.940566253300766
4.195836,0.940827654428511
4.205432,0.941088006963892
4.215028,0.941347317203811
4.224624,0.941605591394854
4.23422,0.941862835733791
4.243816,0.942119056368071
4.253412,0.942374259396314
4.263008,0.942628450868792
4.272604,0.942881636787908
4.2822,0.943133823108673
4.291796,0.943385015739163
4.301392,0.943635220540991
4.310988,0.943884443329757
4.320584,0.9441326898755
4.33018,0.944379965903141
4.339776,0.944626277092928
4.349372,0.944871629080867
4.358968,0.945116027459153
4.368564,0.945359477776596
4.37816,0.945601985539038
4.387756,0.945843556209771
4.397352,0.946084195209947
4.406948,0.946323907918982
4.416544,0.946562699674956
4.42614,0.946800575775014
4.435736,0.947037541475753
4.445332,0.947273601993609
4.454928,0.947508762505246
4.464524,0.947743028147924
4.47412,0.947976404019885
4.483716,0.948208895180713
4.493312,0.948440506651704
4.502908,0.948671243416229
4.512504,0.948901110420087
4.5221,0.949130112571862
4.531696,0.949358254743273
4.541292,0.949585541769513
4.550888,0.949811978449601
4.560484,0.950037569546708
4.57008,0.950262319788504
4.579676,0.950486233867474
4.589272,0.950709316441257
4.598868,0.950931572132963
4.608464,0.951153005531491
4.61806,0.951373621191849
4.627656,0.951593423635464
4.637252,0.951812417350491
4.646848,0.952030606792119
4.656444,0.952247996382871
4.66604,0.952464590512908
4.675636,0.952680393540319
4.685232,0.952895409791416
4.694828,0.953109643561022
4.704424,0.953323099112759
4.71402,0.953535780679327
4.723616,0.953747692462789
4.733212,0.953958838634844
4.742808,0.9541692233371
4.752404,0.954378850681348
4.762,0.954587724749828
4.771596,0.954795849595496
4.781192,0.955003229242281
4.790788,0.95520986768535
4.800384,0.955415768891363
4.80998,0.955620936798726
4.819576,0.95582537531784
4.829172,0.956029088331353
4.838768,0.956232079694407
4.848364,0.956434353234875
4.85796,0.956635912753608
4.867556,0.95683676202467
4.877152,0.957036904795571
4.886748,0.957236344787508
4.896344,0.957435085695587
4.90594,0.957633131189056
4.915536,0.95783048491153
4.925132,0.958027150481215
4.934728,0.958223131491125
4.944324,0.958418431509308
4.95392,0.958613054079056
4.963516,0.958807002719123
4.973112,0.959000280923937
4.982708,0.959192892163806
4.992304,0.959384839885131
5.0019,0.959576127510608
