"ResDensity","N_TraitValue"
19.9323,0.000248686763677742
20.2533294,0.000252524935409867
20.5743588,0.000256358032031472
20.8953882,0.000260186063601926
21.2164176,0.000264009040154034
21.537447,0.000267826971694121
21.8584764,0.000271639868202117
22.1795058,0.00027544773963165
22.5005352,0.000279250595910126
22.8215646,0.000283048446938821
23.142594,0.000286841302592963
23.4636234,0.000290629172721819
23.7846528,0.000294412067148781
24.1056822,0.00029818999567145
24.4267116,0.000301962968061719
24.747741,0.000305730994065862
25.0687704,0.000309494083404612
25.3897998,0.00031325224577325
25.7108292,0.000317005490841685
26.0318586,0.000320753828254536
26.352888,0.000324497267631218
26.6739174,0.000328235818566022
26.9949468,0.000331969490628199
27.3159762,0.000335698293362039
27.6370056,0.000339422236286952
27.958035,0.000343141328897553
28.2790644,0.00034685558066374
28.6000938,0.000350565001030773
28.9211232,0.000354269599419358
29.2421526,0.000357969385225722
29.563182,0.000361664367821696
29.8842114,0.000365354556554793
30.2052408,0.000369039960748288
30.5262702,0.000372720589701293
30.8472996,0.00037639645268884
31.168329,0.000380067558961954
31.4893584,0.000383733917747735
31.8103878,0.000387395538249433
32.1314172,0.000391052429646524
32.4524466,0.00039470460109479
32.773476,0.000398352061726393
33.0945054,0.000401994820649951
33.4155348,0.000405632886950615
33.7365642,0.000409266269690143
34.0575936,0.000412894977906979
34.378623,0.000416519020616321
34.6996524,0.000420138406810203
35.0206818,0.000423753145457565
35.3417112,0.000427363245504328
35.6627406,0.00043096871587347
35.98377,0.000434569565465095
36.3047994,0.00043816580315651
36.6258288,0.000441757437802297
36.9468582,0.000445344478234385
37.2678876,0.000448926933262124
37.588917,0.000452504811672353
37.9099464,0.000456078122229479
38.2309758,0.000459646873675541
38.5520052,0.000463211074730286
38.8730346,0.000466770734091239
39.194064,0.000470325860433772
39.5150934,0.000473876462411178
39.8361228,0.000477422548654736
40.1571522,0.000480964127773788
40.4781816,0.000484501208355802
40.799211,0.000488033798966444
41.1202404,0.000491561908149649
41.4412698,0.000495085544427688
41.7622992,0.000498604716301234
42.0833286,0.000502119432249436
42.404358,0.000505629700729984
42.7253874,0.000509135530179176
43.0464168,0.000512636929011987
43.3674462,0.000516133905622137
43.6884756,0.000519626468382154
44.009505,0.000523114625643449
44.3305344,0.000526598385736372
44.6515638,0.000530077756970287
44.9725932,0.000533552747633634
45.2936226,0.000537023365993996
45.614652,0.000540489620298165
45.9356814,0.000543951518772203
46.2567108,0.000547409069621514
46.5777402,0.000550862281030905
46.8987696,0.00055431116116465
47.219799,0.000557755718166556
47.5408284,0.000561195960160026
47.8618578,0.000564631895248124
48.1828872,0.000568063531513637
48.5039166,0.000571490877019139
48.824946,0.000574913939807058
49.1459754,0.000578332727899729
49.4670048,0.000581747249299469
49.7880342,0.000585157511988631
50.1090636,0.000588563523929668
50.430093,0.000591965293065197
50.7511224,0.000595362827318058
51.0721518,0.000598756134591379
51.3931812,0.000602145222768632
51.7142106,0.000605530099713701
52.03524,0.000608910773270936
52.3562694,0.000612287251265218
52.6772988,0.000615659541502017
52.9983282,0.000619027651767455
53.3193576,0.000622391589828363
53.640387,0.000625751363432341
53.9614164,0.000629106980307819
54.2824458,0.000632458448164116
54.6034752,0.000635805774691498
54.9245046,0.000639148967561238
55.245534,0.000642488034425673
55.5665634,0.000645822982918263
55.8875928,0.000649153820653652
56.2086222,0.000652480555227721
56.5296516,0.000655803194217649
56.850681,0.000659121745181969
57.1717104,0.000662436215660629
57.4927398,0.000665746613175042
57.8137692,0.000669052945228151
58.1347986,0.000672355219304479
58.455828,0.000675653442870189
58.7768574,0.00067894762337314
59.0978868,0.000682237768242942
59.4189162,0.000685523884891013
59.7399456,0.000688805980710633
60.060975,0.000692084063077002
60.3820044,0.000695358139347293
60.7030338,0.000698628216860707
61.0240632,0.00070189430293853
61.3450926,0.000705156404884186
61.666122,0.00070841452998329
61.9871514,0.000711668685503706
62.3081808,0.0007149188786956
62.6292102,0.000718165116791488
62.9502396,0.000721407407006301
63.271269,0.000724645756537426
63.5922984,0.000727880172564769
63.9133278,0.000731110662250803
64.2343572,0.000734337232740622
64.5553866,0.000737559891161994
64.876416,0.000740778644625413
65.1974454,0.000743993500224152
65.5184748,0.000747204465034315
65.8395042,0.000750411546114887
66.1605336,0.00075361475050779
66.481563,0.000756814085237929
66.8025924,0.000760009557313248
67.1236218,0.000763201173724779
67.4446512,0.000766388941446694
67.7656806,0.000769572867436354
68.08671,0.000772752958634361
68.4077394,0.000775929221964609
68.7287688,0.000779101664334333
69.0497982,0.000782270292634159
69.3708276,0.000785435113738156
69.691857,0.000788596134503883
70.0128864,0.000791753361772439
70.3339158,0.000794906802368515
70.6549452,0.00079805646310044
70.9759746,0.000801202350760231
71.297004,0.000804344472123641
71.6180334,0.000807482833950212
71.9390628,0.000810617442983317
72.2600922,0.000813748305950213
72.5811216,0.000816875429562088
72.902151,0.000819998820514105
73.2231804,0.000823118485485458
73.5442098,0.000826234431139413
73.8652392,0.000829346664123357
74.1862686,0.000832455191068845
74.507298,0.000835560018591648
74.8283274,0.000838661153291802
75.1493568,0.00084175860175365
75.4703862,0.000844852370545891
75.7914156,0.000847942466221628
76.112445,0.000851028895318412
76.4334744,0.000854111664358286
76.7545038,0.00085719077984784
77.0755332,0.000860266248278245
77.3965626,0.000863338076125306
77.717592,0.000866406269849507
78.0386214,0.000869470835896052
78.3596508,0.000872531780694916
78.6806802,0.000875589110660885
79.0017096,0.000878642832193604
79.322739,0.000881692951677619
79.6437684,0.000884739475482424
79.9647978,0.000887782409962505
80.2858272,0.000890821761457383
80.6068566,0.000893857536291657
80.927886,0.000896889740775051
81.2489154,0.000899918381202456
81.5699448,0.000902943463853973
81.8909742,0.000905964994994957
82.2120036,0.000908982980876061
82.533033,0.000911997427733279
82.8540624,0.000915008341787986
83.1750918,0.000918015729246985
83.4961212,0.000921019596302548
83.8171506,0.000924019949132457
84.13818,0.00092701679390005
84.4592094,0.000930010136754257
84.7802388,0.00093299998382965
85.1012682,0.000935986341246478
85.4222976,0.000938969215110713
85.743327,0.000941948611514091
86.0643564,0.000944924536534149
86.3853858,0.000947896996234275
86.7064152,0.00095086599666374
87.0274446,0.000953831543857746
87.348474,0.000956793643837463
87.6695034,0.00095975230261007
87.9905328,0.000962707526168798
88.3115622,0.000965659320492969
88.6325916,0.000968607691548034
88.953621,0.000971552645285618
89.2746504,0.000974494187643557
89.5956798,0.000977432324545937
89.9167092,0.000980367061903136
90.2377386,0.000983298405611864
90.558768,0.0009862263615552
90.8797974,0.000989150935602632
91.2008268,0.000992072133610099
91.5218562,0.000994989961420025
91.8428856,0.000997904424861364
92.163915,0.00100081552974963
92.4849444,0.00100372328188696
92.8059738,0.0010066276870621
93.1270032,0.00100952875105051
93.4480326,0.00101242647961435
93.769062,0.00101532087850255
94.0900914,0.00101821195345083
94.4111208,0.00102109971018175
94.7321502,0.00102398415440472
95.0531796,0.00102686529181608
95.374209,0.00102974312809911
95.6952384,0.00103261766892409
96.0162678,0.00103548891994829
96.3372972,0.00103835688681606
96.6583266,0.00104122157515884
96.979356,0.0010440829905952
97.3003854,0.00104694113873089
97.6214148,0.00104979602515885
97.9424442,0.00105264765545926
98.2634736,0.0010554960351996
98.584503,0.00105834116993465
98.9055324,0.00106118306520654
99.2265618,0.00106402172654478
99.5475912,0.00106685715946633
99.8686206,0.00106968936947557
100.18965,0.0010725183620644
100.5106794,0.00107534414271225
100.8317088,0.0010781667168861
101.1527382,0.00108098609004055
101.4737676,0.0010838022676178
101.794797,0.00108661525504777
102.1158264,0.00108942505774803
102.4368558,0.00109223168112394
102.7578852,0.0010950351305686
103.0789146,0.00109783541146294
103.399944,0.00110063252917572
103.7209734,0.00110342648906359
104.0420028,0.00110621729647109
104.3630322,0.00110900495673073
104.6840616,0.001111789475163
105.005091,0.00111457085707637
105.3261204,0.00111734910776741
105.6471498,0.00112012423252072
105.9681792,0.00112289623660906
106.2892086,0.0011256651252933
106.610238,0.00112843090382251
106.9312674,0.00113119357743398
107.2522968,0.00113395315135323
107.5733262,0.00113670963079408
107.8943556,0.00113946302095865
108.215385,0.00114221332703742
108.5364144,0.00114496055420922
108.8574438,0.00114770470764132
109.1784732,0.00115044579248942
109.4995026,0.00115318381389772
109.820532,0.00115591877699888
110.1415614,0.00115865068691414
110.4625908,0.0011613795487533
110.7836202,0.00116410536761477
111.1046496,0.00116682814858558
111.425679,0.00116954789674145
111.7467084,0.00117226461714677
112.0677378,0.0011749783148547
112.3887672,0.00117768899490712
112.7097966,0.00118039666233472
113.030826,0.00118310132215703
113.3518554,0.00118580297938241
113.6728848,0.00118850163900813
113.9939142,0.00119119730602034
114.3149436,0.00119388998539419
114.635973,0.00119657968209376
114.9570024,0.00119926640107216
115.2780318,0.00120195014727154
115.5990612,0.00120463092562313
115.9200906,0.00120730874104722
116.24112,0.00120998359845327
116.5621494,0.00121265550273989
116.8831788,0.00121532445879487
117.2042082,0.00121799047149522
117.5252376,0.00122065354570721
117.846267,0.00122331368628637
118.1672964,0.00122597089807757
118.4883258,0.00122862518591498
118.8093552,0.00123127655462216
119.1303846,0.00123392500901207
119.451414,0.00123657055388708
119.7724434,0.00123921319403902
120.0934728,0.00124185293424919
120.4145022,0.00124448977928844
120.7355316,0.00124712373391713
121.056561,0.00124975480288518
121.3775904,0.00125238299093214
121.6986198,0.00125500830278717
122.0196492,0.00125763074316908
122.3406786,0.00126025031678637
122.661708,0.00126286702833725
122.9827374,0.00126548088250966
123.3037668,0.00126809188398133
123.6247962,0.00127070003741977
123.9458256,0.00127330534748231
124.266855,0.00127590781881614
124.5878844,0.00127850745605831
124.9089138,0.00128110426383581
125.2299432,0.00128369824676553
125.5509726,0.00128628940945434
125.872002,0.00128887775649909
126.1930314,0.00129146329248665
126.5140608,0.00129404602199392
126.8350902,0.00129662594958789
127.1561196,0.00129920307982563
127.477149,0.00130177741725435
127.7981784,0.00130434896641138
128.1192078,0.00130691773182425
128.4402372,0.0013094837180107
128.7612666,0.00131204692947868
129.082296,0.00131460737072639
129.4033254,0.00131716504624235
129.7243548,0.00131971996050534
130.0453842,0.00132227211798452
130.3664136,0.00132482152313938
130.687443,0.0013273681804198
131.0084724,0.00132991209426608
131.3295018,0.00133245326910897
131.6505312,0.00133499170936966
131.9715606,0.00133752741945984
132.29259,0.00134006040378172
132.6136194,0.00134259066672805
132.9346488,0.00134511821268214
133.2556782,0.00134764304601789
133.5767076,0.00135016517109982
133.897737,0.00135268459228311
134.2187664,0.00135520131391357
134.5397958,0.00135771534032773
134.8608252,0.00136022667585282
135.1818546,0.00136273532480684
135.502884,0.00136524129149852
135.8239134,0.0013677445802274
136.1449428,0.00137024519528384
136.4659722,0.00137274314094902
136.7870016,0.00137523842149501
137.108031,0.00137773104118476
137.4290604,0.00138022100427212
137.7500898,0.00138270831500189
138.0711192,0.00138519297760984
138.3921486,0.0013876749963227
138.713178,0.00139015437535822
139.0342074,0.00139263111892521
139.3552368,0.0013951052312235
139.6762662,0.00139757671644401
139.9972956,0.00140004557876879
140.318325,0.00140251182237098
140.6393544,0.0014049754514149
140.9603838,0.00140743647005603
141.2814132,0.00140989488244106
141.6024426,0.00141235069270789
141.923472,0.00141480390498568
142.2445014,0.00141725452339485
142.5655308,0.0014197025520471
142.8865602,0.00142214799504546
143.2075896,0.00142459085648429
143.528619,0.00142703114044931
143.8496484,0.00142946885101764
144.1706778,0.00143190399225777
144.4917072,0.00143433656822966
144.8127366,0.00143676658298468
145.133766,0.0014391940405657
145.4547954,0.00144161894500708
145.7758248,0.00144404130033469
146.0968542,0.00144646111056596
146.4178836,0.00144887837970985
146.738913,0.00145129311176694
147.0599424,0.0014537053107294
147.3809718,0.00145611498058102
147.7020012,0.00145852212529725
148.0230306,0.00146092674884521
148.34406,0.00146332885518373
148.6650894,0.00146572844826332
148.9861188,0.00146812553202627
149.3071482,0.00147052011040661
149.6281776,0.00147291218733013
149.949207,0.00147530176671446
150.2702364,0.00147768885246903
150.5912658,0.00148007344849513
150.9122952,0.00148245555868588
151.2333246,0.00148483518692634
151.554354,0.00148721233709345
151.8753834,0.00148958701305607
152.1964128,0.00149195921867503
152.5174422,0.00149432895780313
152.8384716,0.00149669623428514
153.159501,0.00149906105195788
153.4805304,0.00150142341465017
153.8015598,0.0015037833261829
154.1225892,0.00150614079036903
154.4436186,0.00150849581101363
154.764648,0.00151084839191387
155.0856774,0.00151319853685905
155.4067068,0.00151554624963066
155.7277362,0.00151789153400232
156.0487656,0.00152023439373989
156.369795,0.00152257483260143
156.6908244,0.00152491285433723
157.0118538,0.00152724846268985
157.3328832,0.00152958166139412
157.6539126,0.00153191245417717
157.974942,0.00153424084475846
158.2959714,0.00153656683684975
158.6170008,0.00153889043415521
158.9380302,0.00154121164037134
159.2590596,0.00154353045918706
159.580089,0.0015458468942837
159.9011184,0.00154816094933503
160.2221478,0.00155047262800727
160.5431772,0.0015527819339591
160.8642066,0.00155508887084172
161.185236,0.00155739344229883
161.5062654,0.00155969565196665
161.8272948,0.00156199550347397
162.1483242,0.00156429300044215
162.4693536,0.00156658814648512
162.790383,0.00156888094520943
163.1114124,0.00157117140021426
163.4324418,0.00157345951509143
163.7534712,0.00157574529342542
164.0745006,0.0015780287387934
164.39553,0.00158030985476524
164.7165594,0.00158258864490353
165.0375888,0.00158486511276361
165.3586182,0.00158713926189355
165.6796476,0.00158941109583422
166.000677,0.00159168061811927
166.3217064,0.00159394783227518
166.6427358,0.00159621274182125
166.9637652,0.00159847535026962
167.2847946,0.0016007356611253
167.605824,0.0016029936778862
167.9268534,0.00160524940404313
168.2478828,0.00160750284307981
168.5689122,0.00160975399847289
168.8899416,0.00161200287369201
169.210971,0.00161424947219976
169.5320004,0.00161649379745173
169.8530298,0.00161873585289652
170.1740592,0.00162097564197576
170.4950886,0.00162321316812411
170.816118,0.00162544843476932
171.1371474,0.0016276814453322
171.4581768,0.00162991220322666
171.7792062,0.00163214071185974
172.1002356,0.0016343669746316
172.421265,0.00163659099493556
172.7422944,0.00163881277615809
173.0633238,0.00164103232167886
173.3843532,0.00164324963487074
173.7053826,0.00164546471909981
174.026412,0.0016476775777254
174.3474414,0.00164988821410008
174.6684708,0.00165209663156969
174.9895002,0.00165430283347337
175.3105296,0.00165650682314355
175.631559,0.00165870860390598
175.9525884,0.00166090817907976
176.2736178,0.00166310555197734
176.5946472,0.00166530072590453
176.9156766,0.00166749370416052
177.236706,0.00166968449003794
177.5577354,0.0016718730868228
177.8787648,0.00167405949779456
178.1997942,0.00167624372622615
178.5208236,0.00167842577538394
178.841853,0.00168060564852781
179.1628824,0.00168278334891112
179.4839118,0.00168495887978077
179.8049412,0.00168713224437718
180.1259706,0.00168930344593431
180.447,0.00169147248767971
