"ResDensity","N_TraitValue"
4,3.69236119009768e-05
4.056,3.7356955012497e-05
4.112,3.77883675237369e-05
4.168,3.82178623076365e-05
4.224,3.86454521229435e-05
4.28,3.90711496154762e-05
4.336,3.94949673193707e-05
4.392,3.99169176583108e-05
4.448,4.0337012946742e-05
4.504,4.07552653910695e-05
4.56,4.11716870908407e-05
4.616,4.15862900399115e-05
4.672,4.19990861275983e-05
4.728,4.24100871398142e-05
4.784,4.28193047601908e-05
4.84,4.32267505711854e-05
4.896,4.36324360551735e-05
4.952,4.4036372595528e-05
5.008,4.44385714776833e-05
5.064,4.48390438901866e-05
5.12,4.52378009257358e-05
5.176,4.56348535822028e-05
5.232,4.60302127636454e-05
5.288,4.64238892813054e-05
5.344,4.68158938545936e-05
5.4,4.72062371120632e-05
5.456,4.75949295923702e-05
5.512,4.79819817452219e-05
5.568,4.83674039323133e-05
5.624,4.8751206428252e-05
5.68,4.91333994214709e-05
5.736,4.95139930151298e-05
5.792,4.98929972280057e-05
5.848,5.02704219953723e-05
5.904,5.06462771698676e-05
5.96,5.10205725223514e-05
6.016,5.13933177427524e-05
6.072,5.17645224409038e-05
6.128,5.21341961473697e-05
6.184,5.25023483142603e-05
6.24,5.2868988316038e-05
6.296,5.32341254503127e-05
6.352,5.35977689386278e-05
6.408,5.39599279272366e-05
6.464,5.43206114878694e-05
6.52,5.46798286184904e-05
6.576,5.50375882440463e-05
6.632,5.53938992172054e-05
6.688,5.57487703190879e-05
6.744,5.61022102599871e-05
6.8,5.64542276800822e-05
6.856,5.68048311501422e-05
6.912,5.71540291722217e-05
6.968,5.75018301803479e-05
7.024,5.78482425412001e-05
7.08,5.819327455478e-05
7.136,5.8536934455075e-05
7.192,5.8879230410713e-05
7.248,5.92201705256098e-05
7.304,5.95597628396087e-05
7.36,5.98980153291121e-05
7.416,6.02349359077064e-05
7.472,6.0570532426779e-05
7.528,6.09048126761282e-05
7.584,6.12377843845658e-05
7.64,6.15694552205132e-05
7.696,6.18998327925896e-05
7.752,6.22289246501938e-05
7.808,6.25567382840797e-05
7.864,6.28832811269245e-05
7.92,6.32085605538901e-05
7.976,6.35325838831788e-05
8.032,6.38553583765818e-05
8.088,6.41768912400219e-05
8.144,6.44971896240897e-05
8.2,6.48162606245737e-05
8.256,6.51341112829841e-05
8.312,6.54507485870712e-05
8.368,6.57661794713371e-05
8.424,6.60804108175421e-05
8.48,6.63934494552051e-05
8.536,6.67053021620986e-05
8.592,6.70159756647375e-05
8.648,6.73254766388632e-05
8.704,6.76338117099212e-05
8.76,6.79409874535344e-05
8.816,6.82470103959704e-05
8.872,6.85518870146033e-05
8.928,6.88556237383714e-05
8.984,6.91582269482285e-05
9.04,6.94597029775911e-05
9.096,6.97600581127802e-05
9.152,7.00592985934581e-05
9.208,7.03574306130605e-05
9.264,7.06544603192241e-05
9.32,7.09503938142088e-05
9.376,7.12452371553157e-05
9.432,7.15389963553005e-05
9.488,7.18316773827821e-05
9.544,7.2123286162647e-05
9.6,7.2413828576449e-05
9.656,7.27033104628043e-05
9.712,7.29917376177833e-05
9.768,7.32791157952971e-05
9.824,7.35654507074797e-05
9.88,7.38507480250673e-05
9.936,7.41350133777721e-05
9.992,7.44182523546526e-05
10.048,7.47004705044801e-05
10.104,7.49816733361011e-05
10.16,7.52618663187954e-05
10.216,7.55410548826311e-05
10.272,7.58192444188152e-05
10.328,7.60964402800404e-05
10.384,7.63726477808289e-05
10.44,7.66478721978716e-05
10.496,7.69221187703644e-05
10.552,7.71953927003404e-05
10.608,7.74676991529991e-05
10.664,7.77390432570318e-05
10.72,7.80094301049433e-05
10.776,7.82788647533706e-05
10.832,7.85473522233986e-05
10.888,7.88148975008711e-05
10.944,7.90815055367003e-05
11,7.93471812471718e-05
11.056,7.96119295142466e-05
11.112,7.98757551858606e-05
11.168,8.01386630762201e-05
11.224,8.04006579660949e-05
11.28,8.06617446031079e-05
11.336,8.09219277020221e-05
11.392,8.11812119450242e-05
11.448,8.14396019820055e-05
11.504,8.169710243084e-05
11.56,8.19537178776592e-05
11.616,8.22094528771247e-05
11.672,8.24643119526978e-05
11.728,8.27182995969054e-05
11.784,8.2971420271605e-05
11.84,8.32236784082453e-05
11.896,8.3475078408125e-05
11.952,8.3725624642649e-05
12.008,8.39753214535813e-05
12.064,8.42241731532963e-05
12.12,8.44721840250266e-05
12.176,8.47193583231092e-05
12.232,8.49657002732283e-05
12.288,8.52112140726566e-05
12.344,8.54559038904932e-05
12.4,8.56997738679001e-05
12.456,8.59428281183352e-05
12.512,8.61850707277841e-05
12.568,8.6426505754989e-05
12.624,8.66671372316751e-05
12.68,8.69069691627752e-05
12.736,8.7146005526652e-05
12.792,8.73842502753179e-05
12.848,8.76217073346528e-05
12.904,8.78583806046199e-05
12.96,8.8094273959479e-05
13.016,8.83293912479982e-05
13.072,8.85637362936629e-05
13.128,8.87973128948833e-05
13.184,8.90301248251994e-05
13.24,8.92621758334843e-05
13.296,8.94934696441457e-05
13.352,8.97240099573248e-05
13.408,8.99538004490936e-05
13.464,9.01828447716506e-05
13.52,9.04111465535141e-05
13.576,9.06387093997138e-05
13.632,9.08655368919804e-05
13.688,9.1091632588934e-05
13.744,9.13170000262698e-05
13.8,9.15416427169424e-05
13.856,9.17655641513485e-05
13.912,9.19887677975077e-05
13.968,9.22112571012413e-05
14.024,9.24330354863499e-05
14.08,9.26541063547888e-05
14.136,9.28744730868422e-05
14.192,9.30941390412953e-05
14.248,9.33131075556048e-05
14.304,9.35313819460684e-05
14.36,9.37489655079917e-05
14.416,9.39658615158545e-05
14.472,9.41820732234747e-05
14.528,9.43976038641711e-05
14.584,9.46124566509247e-05
14.64,9.48266347765382e-05
14.696,9.50401414137944e-05
14.752,9.52529797156126e-05
14.808,9.54651528152038e-05
14.864,9.56766638262248e-05
14.92,9.58875158429301e-05
14.976,9.6097711940323e-05
15.032,9.6307255174305e-05
15.088,9.6516148581824e-05
15.144,9.6724395181021e-05
15.2,9.69319979713753e-05
15.256,9.71389599338487e-05
15.312,9.73452840310282e-05
15.368,9.7550973207267e-05
15.424,9.7756030388825e-05
15.48,9.79604584840075e-05
15.536,9.81642603833024e-05
15.592,9.83674389595168e-05
15.648,9.85699970679115e-05
15.704,9.87719375463356e-05
15.76,9.89732632153579e-05
15.816,9.91739768783992e-05
15.872,9.9374081321862e-05
15.928,9.95735793152593e-05
15.984,9.97724736113427e-05
16.04,9.99707669462289e-05
16.096,0.000100168462039525
16.152,0.000100365561594453
16.208,0.000100562068297973
16.264,0.000100757984820905
16.32,0.000100953313818051
16.376,0.000101148057928314
16.432,0.000101342219774815
16.488,0.000101535801965015
16.544,0.000101728807090829
16.6,0.000101921237728741
16.656,0.000102113096439921
16.712,0.000102304385770337
16.768,0.000102495108250868
16.824,0.000102685266397415
16.88,0.000102874862711013
16.936,0.000103063899677939
16.992,0.000103252379769824
17.048,0.000103440305443755
17.104,0.000103627679142387
17.16,0.000103814503294047
17.216,0.000104000780312838
17.272,0.000104186512598745
17.328,0.000104371702537735
17.384,0.000104556352501863
17.44,0.000104740464849369
17.496,0.000104924041924784
17.552,0.000105107086059023
17.608,0.000105289599569488
17.664,0.000105471584760166
17.72,0.000105653043921723
17.776,0.000105833979331603
17.832,0.00010601439325412
17.888,0.000106194287940557
17.944,0.000106373665629256
18,0.00010655252854571
18.056,0.000106730878902661
18.112,0.000106908718900185
18.168,0.000107086050725783
18.224,0.000107262876554476
18.28,0.000107439198548888
18.336,0.000107615018859337
18.392,0.000107790339623922
18.448,0.000107965162968609
18.504,0.000108139491007319
18.56,0.000108313325842011
18.616,0.000108486669562766
18.672,0.000108659524247873
18.728,0.000108831891963911
18.784,0.000109003774765831
18.84,0.00010917517469704
18.896,0.000109346093789476
18.952,0.000109516534063697
19.008,0.000109686497528952
19.064,0.000109855986183266
19.12,0.000110025002013516
19.176,0.000110193546995508
19.232,0.000110361623094055
19.288,0.000110529232263055
19.344,0.000110696376445562
19.4,0.000110863057573866
19.456,0.000111029277569565
19.512,0.000111195038343638
19.568,0.000111360341796522
19.624,0.00011152518981818
19.68,0.000111689584288175
19.736,0.000111853527075744
19.792,0.000112017020039863
19.848,0.000112180065029325
19.904,0.000112342663882801
19.96,0.000112504818428917
20.016,0.000112666530486317
20.072,0.000112827801863733
20.128,0.000112988634360055
20.184,0.000113149029764391
20.24,0.000113308989856142
20.296,0.000113468516405062
20.352,0.000113627611171323
20.408,0.000113786275905584
20.464,0.000113944512349052
20.52,0.000114102322233547
20.576,0.000114259707281562
20.632,0.000114416669206331
20.688,0.000114573209711889
20.744,0.000114729330493129
20.8,0.000114885033235873
20.856,0.000115040319616921
20.912,0.000115195191304123
20.968,0.000115349649956428
21.024,0.000115503697223951
21.08,0.000115657334748028
21.136,0.000115810564161276
21.192,0.000115963387087647
21.248,0.000116115805142492
21.304,0.000116267819932613
21.36,0.00011641943305632
21.416,0.000116570646103488
21.472,0.000116721460655613
21.528,0.000116871878285867
21.584,0.00011702190055915
21.64,0.000117171529032149
21.696,0.000117320765253386
21.752,0.000117469610763279
21.808,0.000117618067094187
21.864,0.000117766135770468
21.92,0.000117913818308529
21.976,0.000118061116216879
22.032,0.000118208030996178
22.088,0.000118354564139291
22.144,0.000118500717131338
22.2,0.00011864649144974
22.256,0.000118791888564275
22.312,0.000118936909937123
22.368,0.000119081557022917
22.424,0.000119225831268792
22.48,0.000119369734114431
22.536,0.000119513266992114
22.592,0.000119656431326767
22.648,0.000119799228536009
22.704,0.000119941660030194
22.76,0.000120083727212464
22.816,0.000120225431478793
22.872,0.000120366774218029
22.928,0.000120507756811945
22.984,0.000120648380635281
23.04,0.000120788647055786
23.096,0.00012092855743427
23.152,0.00012106811312464
23.208,0.000121207315473948
23.264,0.000121346165822435
23.32,0.000121484665503571
23.376,0.000121622815844099
23.432,0.000121760618164077
23.488,0.000121898073776922
23.544,0.000122035183989449
23.6,0.000122171950101915
23.656,0.000122308373408057
23.712,0.000122444455195137
23.768,0.000122580196743977
23.824,0.000122715599329005
23.88,0.00012285066421829
23.936,0.000122985392673586
23.992,0.000123119785950367
24.048,0.000123253845297868
24.104,0.000123387571959126
24.16,0.000123520967171013
24.216,0.00012365403216428
24.272,0.00012378676816359
24.328,0.00012391917638756
24.384,0.000124051258048792
24.44,0.000124183014353919
24.496,0.000124314446503634
24.552,0.000124445555692728
24.608,0.00012457634311013
24.664,0.000124706809938939
24.72,0.000124836957356462
24.776,0.000124966786534248
24.832,0.000125096298638121
24.888,0.000125225494828223
24.944,0.000125354376259038
25,0.000125482944079433
25.056,0.000125611199432693
25.112,0.00012573914345655
25.168,0.00012586677728322
25.224,0.000125994102039434
25.28,0.000126121118846477
25.336,0.000126247828820211
25.392,0.000126374233071118
25.448,0.000126500332704326
25.504,0.000126626128819642
25.56,0.000126751622511587
25.616,0.000126876814869424
25.672,0.000127001706977191
25.728,0.000127126299913735
25.784,0.000127250594752739
25.84,0.000127374592562753
25.896,0.000127498294407227
25.952,0.000127621701344543
26.008,0.000127744814428039
26.064,0.000127867634706044
26.12,0.000127990163221907
26.176,0.000128112401014024
26.232,0.000128234349115872
26.288,0.000128356008556033
26.344,0.000128477380358226
26.4,0.000128598465541335
26.456,0.000128719265119439
26.512,0.000128839780101835
26.568,0.000128960011493074
26.624,0.000129079960292983
26.68,0.000129199627496694
26.736,0.000129319014094673
26.792,0.000129438121072746
26.848,0.000129556949412126
26.904,0.000129675500089443
26.96,0.000129793774076764
27.016,0.000129911772341627
27.072,0.000130029495847064
27.128,0.000130146945551626
27.184,0.00013026412240941
27.24,0.000130381027370088
27.296,0.000130497661378927
27.352,0.000130614025376819
27.408,0.000130730120300304
27.464,0.000130845947081596
27.52,0.000130961506648607
27.576,0.000131076799924974
27.632,0.000131191827830081
27.688,0.000131306591279084
27.744,0.000131421091182938
27.8,0.000131535328448417
27.856,0.00013164930397814
27.912,0.000131763018670596
27.968,0.000131876473420165
28.024,0.000131989669117143
28.08,0.000132102606647765
28.136,0.000132215286894229
28.192,0.000132327710734716
28.248,0.000132439879043416
28.304,0.000132551792690551
28.36,0.000132663452542395
28.416,0.000132774859461295
28.472,0.0001328860143057
28.528,0.000132996917930176
28.584,0.000133107571185431
28.64,0.000133217974918335
28.696,0.000133328129971946
28.752,0.000133438037185527
28.808,0.000133547697394567
28.864,0.000133657111430805
28.92,0.000133766280122252
28.976,0.000133875204293206
29.032,0.00013398388476428
29.088,0.000134092322352417
29.144,0.000134200517870913
29.2,0.000134308472129437
29.256,0.000134416185934051
29.312,0.000134523660087231
29.368,0.000134630895387887
29.424,0.000134737892631378
29.48,0.000134844652609539
29.536,0.000134951176110697
29.592,0.000135057463919689
29.648,0.000135163516817884
29.704,0.0001352693355832
29.76,0.000135374920990124
29.816,0.000135480273809733
29.872,0.000135585394809708
29.928,0.000135690284754356
29.984,0.000135794944404628
30.04,0.000135899374518138
30.096,0.00013600357584918
30.152,0.000136107549148745
30.208,0.000136211295164543
30.264,0.000136314814641017
30.32,0.000136418108319364
30.376,0.000136521176937549
30.432,0.000136624021230328
30.488,0.000136726641929257
30.544,0.000136829039762721
30.6,0.000136931215455938
30.656,0.000137033169730989
30.712,0.000137134903306823
30.768,0.000137236416899285
30.824,0.000137337711221124
30.88,0.000137438786982016
30.936,0.000137539644888574
30.992,0.000137640285644372
31.048,0.000137740709949956
31.104,0.000137840918502861
31.16,0.000137940911997631
31.216,0.000138040691125828
31.272,0.000138140256576056
31.328,0.000138239609033969
31.384,0.000138338749182294
31.44,0.000138437677700842
31.496,0.000138536395266524
31.552,0.000138634902553368
31.608,0.000138733200232533
31.664,0.000138831288972326
31.72,0.000138929169438214
31.776,0.000139026842292843
31.832,0.00013912430819605
31.888,0.000139221567804878
31.944,0.000139318621773593
32,0.000139415470753697
