"ResDensity","N_TraitValue"
7.1218,6.85237901061898e-05
7.4690048,7.11428343575939e-05
7.8162096,7.37098013074035e-05
8.1634144,7.62262289293468e-05
8.5106192,7.86935952271952e-05
8.857824,8.11133211295432e-05
9.2050288,8.34867732185118e-05
9.5522336,8.58152663033876e-05
9.8994384,8.81000658493803e-05
10.2466432,9.03423902709269e-05
10.593848,9.25434130982735e-05
10.9410528,9.47042650254303e-05
11.2882576,9.68260358470093e-05
11.6354624,9.89097762909141e-05
11.9826672,0.000100956499753359
12.329872,0.000102967183942237
12.6770768,0.000104942772434431
13.0242816,0.000106884176152288
13.3714864,0.000108792274764105
13.7186912,0.00011066791801315
14.065896,0.000112511926979435
14.4131008,0.000114325095278188
14.7603056,0.000116108190198686
15.1075104,0.000117861953786884
15.4547152,0.000119587103875064
15.80192,0.000121284335061482
16.1491248,0.000122954319642843
16.4963296,0.000124597708502223
16.8435344,0.000126215131954901
17.1907392,0.000127807200554414
17.537944,0.000129374505861002
17.8851488,0.000130917621174472
18.2323536,0.000132437102233385
18.5795584,0.000133933487882361
18.9267632,0.000135407300709193
19.273968,0.000136859047653332
19.6211728,0.000138289220587259
19.9683776,0.000139698296872113
20.3155824,0.000141086739888927
20.6627872,0.000142454999546684
21.009992,0.000143803512768383
21.3571968,0.000145132703956211
21.7044016,0.000146442985436858
22.0516064,0.000147734757887966
22.3988112,0.000149008410746628
22.746016,0.000150264322600817
23.0932208,0.000151502861564577
23.4404256,0.000152724385637743
23.7876304,0.000153929243050943
24.1348352,0.000155117772596567
24.48204,0.000156290303946383
24.8292448,0.000157447157956397
25.1764496,0.00015858864695958
25.5236544,0.000159715075047001
25.8708592,0.000160826738337905
26.218064,0.000161923925239242
26.5652688,0.000163006916695123
26.9124736,0.000164075986426651
27.2596784,0.000165131401162572
27.6068832,0.000166173420861133
27.954088,0.000167202298923551
28.3012928,0.000168218282399459
28.6484976,0.000169221612184667
28.9957024,0.000170212523211591
29.3429072,0.000171191244632643
29.690112,0.000172157999996906
30.0373168,0.000173113007420355
30.3845216,0.000174056479749923
30.7317264,0.000174988624721648
31.0789312,0.000175909645113164
31.426136,0.00017681973889076
31.7733408,0.00017771909935124
32.1205456,0.00017860791525879
32.4677504,0.000179486370977062
32.8149552,0.000180354646596663
33.16216,0.00018121291805824
33.5093648,0.000182061357271331
33.8565696,0.00018290013222916
34.2037744,0.000183729407119529
34.5509792,0.000184549342431958
34.898184,0.000185360095061236
35.2453888,0.000186161818407505
35.5925936,0.000186954662473017
35.9397984,0.000187738773955701
36.2870032,0.000188514296339649
36.634208,0.000189281369982647
36.9814128,0.000190040132200862
37.3286176,0.00019079071735079
37.6758224,0.000191533256908565
38.0230272,0.000192267879546739
38.370232,0.000192994711208611
38.7174368,0.000193713875180212
39.0646416,0.000194425492160015
39.4118464,0.000195129680326468
39.7590512,0.000195826555403419
40.106256,0.00019651623072352
40.4534608,0.000197198817289665
40.8006656,0.000197874423834555
41.1478704,0.000198543156878433
41.4950752,0.000199205120785079
41.84228,0.000199860417816102
42.1894848,0.000200509148183604
42.5366896,0.000201151410101271
42.8838944,0.000201787299833939
43.2310992,0.000202416911745696
43.578304,0.000203040338346562
43.9255088,0.000203657670337806
44.2727136,0.000204268996655932
44.6199184,0.000204874404515396
44.9671232,0.000205473979450084
45.314328,0.000206067805353594
45.6615328,0.000206655964518373
46.0087376,0.000207238537673733
46.3559424,0.000207815604022786
46.7031472,0.000208387241278346
47.050352,0.000208953525697814
47.3975568,0.000209514532117091
47.7447616,0.000210070333983548
48.0919664,0.000210621003388078
48.4391712,0.000211166611096273
48.786376,0.000211707226578735
49.1335808,0.000212242918040565
49.4807856,0.000212773752450048
49.8279904,0.000213299795566565
50.1751952,0.000213821111967743
50.5224,0.000214337765075887
50.8696048,0.000214849817183703
51.2168096,0.000215357329479329
51.5640144,0.000215860362070717
51.9112192,0.000216358974009359
52.258424,0.000216853223313397
52.6056288,0.000217343166990132
52.9528336,0.000217828861057938
53.3000384,0.000218310360567616
53.6472432,0.000218787719623194
53.994448,0.000219260991402194
54.3416528,0.000219730228175379
54.6888576,0.000220195481326
55.0360624,0.000220656801368548
55.3832672,0.000221114237967045
55.730472,0.00022156783995286
56.0776768,0.00022201765534209
56.4248816,0.000222463731352502
56.7720864,0.000222906114420059
57.1192912,0.000223344850215028
57.466496,0.000223779983657706
57.8137008,0.000224211558933744
58.1609056,0.000224639619509106
58.5081104,0.000225064208144666
58.8553152,0.000225485366910443
59.20252,0.000225903137199499
59.5497248,0.0002263175597415
59.8969296,0.000226728674615954
60.2441344,0.000227136521265131
60.5913392,0.000227541138506679
60.938544,0.000227942564545938
61.2857488,0.000228340836987967
61.6329536,0.000228735992849289
61.9801584,0.000229128068569355
62.3273632,0.000229517100021751
62.674568,0.000229903122525136
63.0217728,0.000230286170853932
63.3689776,0.000230666279248767
63.7161824,0.000231043481426678
64.0633872,0.000231417810591081
64.410592,0.000231789299441513
64.7577968,0.000232157980183156
65.1050016,0.000232523884536142
65.4522064,0.000232887043744654
65.7994112,0.000233247488585815
66.146616,0.000233605249378384
66.4938208,0.000233960355991262
66.8410256,0.000234312837851797
67.1882304,0.00023466272395392
67.5354352,0.000235010042866092
67.88264,0.00023535482273908
68.2298448,0.000235697091313563
68.5770496,0.000236036875927573
68.9242544,0.000236374203523776
69.2714592,0.000236709100656587
69.618664,0.000237041593499145
69.9658688,0.000237371707850131
70.3130736,0.000237699469140435
70.6602784,0.000238024902439695
71.0074832,0.000238348032462682
71.354688,0.000238668883575562
71.7018928,0.000238987479802015
72.0490976,0.000239303844829239
72.3963024,0.000239618002013814
72.7435072,0.000239929974387452
73.090712,0.000240239784662629
73.4379168,0.000240547455238093
73.7851216,0.000240853008204261
74.1323264,0.000241156465348513
74.4795312,0.000241457848160364
74.826736,0.000241757177836538
75.1739408,0.000242054475285943
75.5211456,0.000242349761134532
75.8683504,0.000242643055730077
76.2155552,0.000242934379146845
76.56276,0.000243223751190174
76.9099648,0.000243511191400963
77.2571696,0.000243796719060072
77.6043744,0.000244080353192632
77.9515792,0.000244362112572271
78.298784,0.000244642015725256
78.6459888,0.000244920080934553
78.9931936,0.000245196326243812
79.3403984,0.000245470769461262
79.6876032,0.000245743428163546
80.034808,0.00024601431969947
80.3820128,0.000246283461193682
80.7292176,0.000246550869550281
81.0764224,0.000246816561456359
81.4236272,0.000247080553385467
81.770832,0.000247342861601025
82.1180368,0.000247603502159658
82.4652416,0.000247862490914475
82.8124464,0.000248119843518282
83.1596512,0.000248375575426736
83.506856,0.000248629701901438
83.8540608,0.000248882238012972
84.2012656,0.000249133198643879
84.5484704,0.000249382598491588
84.8956752,0.000249630452071279
85.24288,0.000249876773718699
85.5900848,0.000250121577592934
85.9372896,0.00025036487767911
86.2844944,0.000250606687791069
86.6316992,0.000250847021573971
86.978904,0.000251085892506871
87.3261088,0.000251323313905233
87.6733136,0.000251559298923406
88.0205184,0.000251793860557055
88.3677232,0.000252027011645544
88.714928,0.000252258764874279
89.0621328,0.000252489132777012
89.4093376,0.000252718127738096
89.7565424,0.000252945761994708
90.1037472,0.000253172047639027
90.450952,0.000253396996620376
90.7981568,0.000253620620747324
91.1453616,0.000253842931689754
91.4925664,0.000254063940980893
91.8397712,0.000254283660019305
92.186976,0.000254502100070854
92.5341808,0.000254719272270624
92.8813856,0.000254935187624817
93.2285904,0.000255149857012607
93.5757952,0.000255363291187973
93.923,0.000255575500781489
94.2702048,0.000255786496302094
94.6174096,0.000255996288138824
94.9646144,0.000256204886562516
95.3118192,0.000256412301727489
95.659024,0.000256618543673185
96.0062288,0.000256823622325796
96.3534336,0.00025702754749985
96.7006384,0.000257230328899781
97.0478432,0.000257431976121469
97.395048,0.000257632498653747
97.7422528,0.000257831905879899
98.0894576,0.000258030207079117
98.4366624,0.000258227411427941
98.7838672,0.000258423528001678
99.131072,0.00025861856577579
99.4782768,0.000258812533627267
99.8254816,0.00025900544033597
100.1726864,0.000259197294585961
100.5198912,0.000259388104966799
100.867096,0.000259577879974829
101.2143008,0.000259766628014438
101.5615056,0.000259954357399299
101.9087104,0.00026014107635359
102.2559152,0.000260326793013195
102.60312,0.000260511515426887
102.9503248,0.000260695251557487
103.2975296,0.000260878009283015
103.6447344,0.00026105979639781
103.9919392,0.00026124062061364
104.339144,0.000261420489560792
104.6863488,0.000261599410789148
105.0335536,0.000261777391769238
105.3807584,0.000261954439893281
105.7279632,0.000262130562476208
106.075168,0.000262305766756672
106.4223728,0.000262480059898036
106.7695776,0.000262653448989351
107.1167824,0.000262825941046318
107.4639872,0.000262997543012232
107.811192,0.000263168261758916
108.1583968,0.000263338104087637
108.5056016,0.00026350707673001
108.8528064,0.000263675186348886
109.2000112,0.00026384243953923
109.547216,0.00026400884282898
109.8944208,0.000264174402679902
110.2416256,0.000264339125488418
110.5888304,0.000264503017586439
110.9360352,0.00026466608524217
111.28324,0.00026482833466091
111.6304448,0.000264989771985843
111.9776496,0.000265150403298808
112.3248544,0.000265310234621067
112.6720592,0.000265469271914055
113.019264,0.000265627521080122
113.3664688,0.000265784987963263
113.7136736,0.000265941678349837
114.0608784,0.000266097597969278
114.4080832,0.00026625275249479
114.755288,0.000266407147544036
115.1024928,0.00026656078867982
115.4496976,0.000266713681410749
115.7969024,0.000266865831191894
116.1441072,0.00026701724342544
116.491312,0.000267167923461326
116.8385168,0.000267317876597869
117.1857216,0.000267467108082394
117.5329264,0.000267615623111839
117.8801312,0.000267763426833362
118.227336,0.000267910524344934
118.5745408,0.000268056920695925
118.9217456,0.000268202620887684
119.2689504,0.000268347629874106
119.6161552,0.000268491952562194
119.96336,0.000268635593812614
120.3105648,0.000268778558440239
120.6577696,0.000268920851214687
121.0049744,0.000269062476860854
121.3521792,0.000269203440059433
121.699384,0.000269343745447432
122.0465888,0.000269483397618684
122.3937936,0.000269622401124344
122.7409984,0.000269760760473387
123.0882032,0.000269898480133096
123.435408,0.000270035564529539
123.7826128,0.000270172018048046
124.1298176,0.000270307845033677
124.4770224,0.000270443049791682
124.8242272,0.000270577636587955
125.171432,0.000270711609649486
125.5186368,0.000270844973164799
125.8658416,0.000270977731284392
126.2130464,0.000271109888121168
126.5602512,0.000271241447750855
126.907456,0.000271372414212431
127.2546608,0.000271502791508532
127.6018656,0.000271632583605865
127.9490704,0.000271761794435607
128.2962752,0.0002718904278938
128.64348,0.000272018487841747
128.9906848,0.000272145978106398
129.3378896,0.000272272902480727
129.6850944,0.000272399264724111
130.0322992,0.000272525068562704
130.379504,0.000272650317689798
130.7267088,0.000272775015766185
131.0739136,0.000272899166420519
131.4211184,0.000273022773249662
131.7683232,0.000273145839819034
132.115528,0.000273268369662957
132.4627328,0.00027339036628499
132.8099376,0.000273511833158267
133.1571424,0.000273632773725821
133.5043472,0.000273753191400916
133.851552,0.000273873089567364
134.1987568,0.000273992471579841
134.5459616,0.000274111340764205
134.8931664,0.000274229700417798
135.2403712,0.000274347553809757
135.587576,0.000274464904181311
135.9347808,0.000274581754746082
136.2819856,0.000274698108690371
136.6291904,0.000274813969173458
136.9763952,0.00027492933932788
137.3236,0.000275044222259714
137.6708048,0.000275158621048861
138.0180096,0.000275272538749317
138.3652144,0.000275385978389442
138.7124192,0.000275498942972238
139.059624,0.000275611435475602
139.4068288,0.000275723458852598
139.7540336,0.000275835016031708
140.1012384,0.000275946109917092
140.4484432,0.000276056743388838
140.795648,0.00027616691930321
141.1428528,0.000276276640492897
141.4900576,0.00027638590976725
141.8372624,0.00027649472991253
142.1844672,0.000276603103692136
142.531672,0.000276711033846847
142.8788768,0.000276818523095047
143.2260816,0.000276925574132955
143.5732864,0.000277032189634853
143.9204912,0.000277138372253306
144.267696,0.00027724412461938
144.6149008,0.000277349449342866
144.9621056,0.000277454349012487
145.3093104,0.000277558826196116
145.6565152,0.000277662883440983
146.00372,0.000277766523273881
146.3509248,0.000277869748201373
146.6981296,0.000277972560709993
147.0453344,0.000278074963266444
147.3925392,0.000278176958317797
147.739744,0.000278278548291688
148.0869488,0.000278379735596506
148.4341536,0.000278480522621586
148.7813584,0.000278580911737398
149.1285632,0.00027868090529573
149.475768,0.000278780505629874
149.8229728,0.000278879715054807
150.1701776,0.000278978535867368
150.5173824,0.00027907697034644
150.8645872,0.000279175020753122
151.211792,0.000279272689330901
151.5589968,0.000279369978305826
151.9062016,0.000279466889886676
152.2534064,0.000279563426265126
152.6006112,0.000279659589615914
152.947816,0.000279755382097003
153.2950208,0.000279850805849743
153.6422256,0.000279945862999032
153.9894304,0.000280040555653471
154.3366352,0.00028013488590552
154.68384,0.000280228855831655
155.0310448,0.000280322467492519
155.3782496,0.00028041572293307
155.7254544,0.000280508624182735
156.0726592,0.000280601173255552
156.419864,0.00028069337215032
156.7670688,0.000280785222850739
157.1142736,0.000280876727325555
157.4614784,0.000280967887528701
157.8086832,0.000281058705399432
158.155888,0.000281149182862468
158.5030928,0.000281239321828126
158.8502976,0.000281329124192456
159.1975024,0.000281418591837375
159.5447072,0.000281507726630795
159.891912,0.000281596530426756
160.2391168,0.000281685005065555
160.5863216,0.00028177315237387
160.9335264,0.00028186097416489
161.2807312,0.000281948472238434
161.627936,0.000282035648381079
161.9751408,0.000282122504366279
162.3223456,0.000282209041954485
162.6695504,0.000282295262893266
163.0167552,0.000282381168917423
163.36396,0.000282466761749111
163.7111648,0.000282552043097948
164.0583696,0.000282637014661132
164.4055744,0.000282721678123554
164.7527792,0.000282806035157909
165.099984,0.000282890087424804
165.4471888,0.00028297383657287
165.7943936,0.000283057284238868
166.1415984,0.000283140432047796
166.4888032,0.000283223281612994
166.836008,0.00028330583453625
167.1832128,0.000283388092407902
167.5304176,0.000283470056806939
167.8776224,0.000283551729301105
168.2248272,0.000283633111446996
168.572032,0.00028371420479016
168.9192368,0.000283795010865197
169.2664416,0.000283875531195852
169.6136464,0.000283955767295112
169.9608512,0.000284035720665303
170.308056,0.000284115392798181
170.6552608,0.000284194785175026
171.0024656,0.000284273899266735
171.3496704,0.000284352736533909
171.6968752,0.000284431298426947
172.04408,0.000284509586386133
172.3912848,0.000284587601841726
172.7384896,0.000284665346214042
173.0856944,0.000284742820913547
173.4328992,0.000284820027340937
173.780104,0.000284896966887224
174.1273088,0.000284973640933822
174.4745136,0.000285050050852626
174.8217184,0.000285126198006096
175.1689232,0.000285202083747337
175.516128,0.00028527770942018
175.8633328,0.00028535307635926
176.2105376,0.000285428185890096
176.5577424,0.000285503039329168
176.9049472,0.000285577637983995
177.252152,0.000285651983153208
177.5993568,0.000285726076126629
177.9465616,0.000285799918185343
178.2937664,0.000285873510601776
178.6409712,0.00028594685463976
178.988176,0.000286019951554614
179.3353808,0.000286092802593211
179.6825856,0.00028616540899405
180.0297904,0.000286237771987325
180.3769952,0.000286309892794997
180.7242,0.000286381772630861
