"ResDensity","N_TraitValue"
1,4.85128905280192e-05
1.022,4.90836021181263e-05
1.044,4.9642995105547e-05
1.066,5.01914028973861e-05
1.088,5.07291459333711e-05
1.11,5.12565323102148e-05
1.132,5.1773858370248e-05
1.154,5.22814092566837e-05
1.176,5.27794594377e-05
1.198,5.3268273201366e-05
1.22,5.37481051232841e-05
1.242,5.42192005086898e-05
1.264,5.46817958106198e-05
1.286,5.51361190256477e-05
1.308,5.55823900685779e-05
1.33,5.60208211273925e-05
1.352,5.64516169996534e-05
1.374,5.68749754114818e-05
1.396,5.72910873201576e-05
1.418,5.77001372013119e-05
1.44,5.81023033216213e-05
1.462,5.84977579978486e-05
1.484,5.88866678430229e-05
1.506,5.92691940004965e-05
1.528,5.96454923665706e-05
1.55,6.00157138023347e-05
1.572,6.03800043353253e-05
1.594,6.07385053515703e-05
1.616,6.10913537785483e-05
1.638,6.14386822595629e-05
1.66,6.17806193199952e-05
1.682,6.2117289525875e-05
1.704,6.24488136351802e-05
1.726,6.27753087422507e-05
1.748,6.30968884156802e-05
1.77,6.34136628300261e-05
1.792,6.37257388916596e-05
1.814,6.40332203590563e-05
1.836,6.43362079578134e-05
1.858,6.46347994906601e-05
1.88,6.49290899427145e-05
1.902,6.52191715822237e-05
1.924,6.55051340570135e-05
1.946,6.57870644868568e-05
1.968,6.6065047551964e-05
1.99,6.63391655777805e-05
2.012,6.66094986162731e-05
2.034,6.68761245238714e-05
2.056,6.71391190362247e-05
2.078,6.73985558399255e-05
2.1,6.76545066413409e-05
2.122,6.79070412326892e-05
2.144,6.81562275554866e-05
2.166,6.84021317614888e-05
2.188,6.86448182712381e-05
2.21,6.88843498303293e-05
2.232,6.91207875634938e-05
2.254,6.93541910266021e-05
2.276,6.95846182566774e-05
2.298,6.9812125820007e-05
2.32,7.00367688584374e-05
2.342,7.02586011339312e-05
2.364,7.0477675071462e-05
2.386,7.06940418003188e-05
2.408,7.09077511938891e-05
2.43,7.11188519079847e-05
2.452,7.13273914177727e-05
2.474,7.15334160533701e-05
2.496,7.1736971034159e-05
2.518,7.19381005018745e-05
2.54,7.2136847552517e-05
2.562,7.23332542671375e-05
2.584,7.25273617415408e-05
2.606,7.27192101149532e-05
2.628,7.29088385976929e-05
2.65,7.30962854978877e-05
2.672,7.3281588247274e-05
2.694,7.34647834261166e-05
2.716,7.36459067872823e-05
2.738,7.38249932795023e-05
2.76,7.4002077069853e-05
2.782,7.41771915654875e-05
2.804,7.43503694346463e-05
2.826,7.45216426269738e-05
2.848,7.46910423931693e-05
2.87,7.48585993039959e-05
2.892,7.50243432686724e-05
2.914,7.51883035526719e-05
2.936,7.53505087949482e-05
2.958,7.55109870246125e-05
2.98,7.56697656770804e-05
3.002,7.58268716097073e-05
3.024,7.59823311169342e-05
3.046,7.61361699449581e-05
3.068,7.62884133059469e-05
3.09,7.6439085891814e-05
3.112,7.6588211887569e-05
3.134,7.67358149842585e-05
3.156,7.6881918391514e-05
3.178,7.70265448497178e-05
3.2,7.71697166418023e-05
3.222,7.73114556046957e-05
3.244,7.74517831404246e-05
3.266,7.75907202268874e-05
3.288,7.77282874283089e-05
3.31,7.78645049053871e-05
3.332,7.79993924251424e-05
3.354,7.81329693704803e-05
3.376,7.82652547494769e-05
3.398,7.83962672043951e-05
3.42,7.85260250204433e-05
3.442,7.86545461342829e-05
3.464,7.87818481422934e-05
3.486,7.89079483086043e-05
3.508,7.90328635728995e-05
3.53,7.91566105580038e-05
3.552,7.9279205577257e-05
3.574,7.94006646416826e-05
3.596,7.95210034669592e-05
3.618,7.96402374801987e-05
3.64,7.975838182654e-05
3.662,7.9875451375561e-05
3.684,7.99914607275183e-05
3.706,8.01064242194168e-05
3.728,8.02203559309164e-05
3.75,8.03332696900802e-05
3.772,8.04451790789694e-05
3.794,8.055609743909e-05
3.816,8.06660378766941e-05
3.838,8.07750132679436e-05
3.86,8.08830362639362e-05
3.882,8.09901192956025e-05
3.904,8.10962745784741e-05
3.926,8.1201514117329e-05
3.948,8.13058497107175e-05
3.97,8.14092929553711e-05
3.992,8.15118552505003e-05
4.014,8.16135478019812e-05
4.036,8.17143816264372e-05
4.058,8.18143675552181e-05
4.08,8.19135162382777e-05
4.102,8.20118381479561e-05
4.124,8.21093435826663e-05
4.146,8.22060426704908e-05
4.168,8.2301945372688e-05
4.19,8.23970614871131e-05
4.212,8.24914006515552e-05
4.234,8.25849723469922e-05
4.256,8.26777859007675e-05
4.278,8.27698504896895e-05
4.3,8.28611751430559e-05
4.322,8.2951768745606e-05
4.344,8.30416400404021e-05
4.366,8.31307976316422e-05
4.388,8.32192499874063e-05
4.41,8.3307005442337e-05
4.432,8.3394072200258e-05
4.454,8.34804583367305e-05
4.476,8.35661718015503e-05
4.498,8.36512204211861e-05
4.52,8.37356119011624e-05
4.542,8.3819353828386e-05
4.564,8.39024536734205e-05
4.586,8.39849187927072e-05
4.608,8.40667564307368e-05
4.63,8.41479737221698e-05
4.652,8.42285776939113e-05
4.674,8.43085752671366e-05
4.696,8.43879732592728e-05
4.718,8.44667783859354e-05
4.74,8.45449972628219e-05
4.762,8.4622636407563e-05
4.784,8.46997022415334e-05
4.806,8.47762010916216e-05
4.828,8.48521391919619e-05
4.85,8.49275226856278e-05
4.872,8.50023576262885e-05
4.894,8.50766499798296e-05
4.916,8.51504056259385e-05
4.938,8.52236303596553e-05
4.96,8.52963298928911e-05
4.982,8.53685098559131e-05
5.004,8.54401757987979e-05
5.026,8.55113331928544e-05
5.048,8.5581987432016e-05
5.07,8.56521438342037e-05
5.092,8.57218076426605e-05
5.114,8.57909840272574e-05
5.136,8.58596780857726e-05
5.158,8.59278948451435e-05
5.18,8.59956392626933e-05
5.202,8.60629162273317e-05
5.224,8.61297305607311e-05
5.246,8.61960870184783e-05
5.268,8.62619902912032e-05
5.29,8.63274450056839e-05
5.312,8.63924557259295e-05
5.334,8.64570269542409e-05
5.356,8.65211631322503e-05
5.378,8.65848686419397e-05
5.4,8.66481478066388e-05
5.422,8.6711004892003e-05
5.444,8.67734441069721e-05
5.466,8.68354696047098e-05
5.488,8.68970854835242e-05
5.51,8.69582957877711e-05
5.532,8.70191045087383e-05
5.554,8.70795155855136e-05
5.576,8.71395329058351e-05
5.598,8.71991603069256e-05
5.62,8.72584015763099e-05
5.642,8.73172604526171e-05
5.664,8.73757406263673e-05
5.686,8.74338457407424e-05
5.708,8.7491579392343e-05
5.73,8.75489451319307e-05
5.752,8.76059464651556e-05
5.774,8.76625868532709e-05
5.796,8.77188697138331e-05
5.818,8.77747984213899e-05
5.84,8.78303763081539e-05
5.862,8.78856066646652e-05
5.884,8.79404927404404e-05
5.906,8.79950377446098e-05
5.928,8.80492448465432e-05
5.95,8.81031171764636e-05
5.972,8.81566578260499e-05
5.994,8.82098698490279e-05
6.016,8.82627562617517e-05
6.038,8.83153200437727e-05
6.06,8.83675641384001e-05
6.082,8.84194914532495e-05
6.104,8.84711048607829e-05
6.126,8.85224071988381e-05
6.148,8.85734012711487e-05
6.17,8.86240898478554e-05
6.192,8.8674475666007e-05
6.214,8.87245614300533e-05
6.236,8.87743498123292e-05
6.258,8.88238434535298e-05
6.28,8.88730449631771e-05
6.302,8.89219569200791e-05
6.324,8.89705818727799e-05
6.346,8.90189223400025e-05
6.368,8.9066980811084e-05
6.39,8.91147597464023e-05
6.412,8.91622615777967e-05
6.434,8.920948870898e-05
6.456,8.9256443515944e-05
6.478,8.93031283473582e-05
6.5,8.93495455249613e-05
6.522,8.93956973439459e-05
6.544,8.94415860733373e-05
6.566,8.94872139563646e-05
6.588,8.95325832108273e-05
6.61,8.95776960294534e-05
6.632,8.96225545802538e-05
6.654,8.96671610068689e-05
6.676,8.97115174289102e-05
6.698,8.97556259422964e-05
6.72,8.97994886195828e-05
6.742,8.98431075102869e-05
6.764,8.98864846412068e-05
6.786,8.99296220167355e-05
6.808,8.99725216191694e-05
6.83,9.00151854090126e-05
6.852,9.00576153252746e-05
6.874,9.00998132857649e-05
6.896,9.01417811873814e-05
6.918,9.01835209063948e-05
6.94,9.02250342987286e-05
6.962,9.02663232002335e-05
6.984,9.03073894269585e-05
7.006,9.03482347754172e-05
7.028,9.03888610228493e-05
7.05,9.0429269927479e-05
7.072,9.04694632287682e-05
7.094,9.05094426476662e-05
7.116,9.05492098868557e-05
7.138,9.05887666309937e-05
7.16,9.06281145469502e-05
7.182,9.06672552840421e-05
7.204,9.07061904742634e-05
7.226,9.07449217325123e-05
7.248,9.07834506568144e-05
7.27,9.08217788285424e-05
7.292,9.08599078126325e-05
7.314,9.08978391577977e-05
7.336,9.09355743967369e-05
7.358,9.09731150463418e-05
7.38,9.10104626079001e-05
7.402,9.10476185672952e-05
7.424,9.10845843952041e-05
7.446,9.11213615472906e-05
7.468,9.11579514643969e-05
7.49,9.11943555727315e-05
7.512,9.12305752840547e-05
7.534,9.1266611995861e-05
7.556,9.13024670915587e-05
7.578,9.13381419406472e-05
7.6,9.13736378988914e-05
7.622,9.14089563084929e-05
7.644,9.14440984982599e-05
7.666,9.14790657837734e-05
7.688,9.15138594675516e-05
7.71,9.15484808392113e-05
7.732,9.15829311756277e-05
7.754,9.16172117410911e-05
7.776,9.16513237874614e-05
7.798,9.1685268554321e-05
7.82,9.17190472691244e-05
7.842,9.17526611473466e-05
7.864,9.17861113926284e-05
7.886,9.18193991969208e-05
7.908,9.18525257406257e-05
7.93,9.18854921927361e-05
7.952,9.19182997109735e-05
7.974,9.1950949441923e-05
7.996,9.19834425211675e-05
8.018,9.20157800734188e-05
8.04,9.20479632126478e-05
8.062,9.20799930422121e-05
8.084,9.21118706549823e-05
8.106,9.21435971334662e-05
8.128,9.21751735499313e-05
8.15,9.22066009665259e-05
8.172,9.22378804353978e-05
8.194,9.22690129988117e-05
8.216,9.22999996892655e-05
8.238,9.23308415296038e-05
8.26,9.23615395331309e-05
8.282,9.23920947037216e-05
8.304,9.24225080359306e-05
8.326,9.24527805151004e-05
8.348,9.24829131174679e-05
8.37,9.25129068102692e-05
8.392,9.25427625518429e-05
8.414,9.25724812917326e-05
8.436,9.26020639707872e-05
8.458,9.26315115212604e-05
8.48,9.26608248669085e-05
8.502,9.26900049230872e-05
8.524,9.27190525968465e-05
8.546,9.27479687870252e-05
8.568,9.2776754384343e-05
8.59,9.28054102714926e-05
8.612,9.28339373232295e-05
8.634,9.2862336406461e-05
8.656,9.28906083803344e-05
8.678,9.29187540963231e-05
8.7,9.29467743983127e-05
8.722,9.29746701226847e-05
8.744,9.30024420984002e-05
8.766,9.30300911470818e-05
8.788,9.30576180830947e-05
8.81,9.30850237136265e-05
8.832,9.31123088387664e-05
8.854,9.31394742515828e-05
8.876,9.31665207382002e-05
8.898,9.31934490778752e-05
8.92,9.32202600430709e-05
8.942,9.32469543995314e-05
8.964,9.32735329063541e-05
8.986,9.32999963160621e-05
9.008,9.3326345374675e-05
9.03,9.3352580821779e-05
9.052,9.33787033905961e-05
9.074,9.34047138080526e-05
9.096,9.34306127948463e-05
9.118,9.34564010655131e-05
9.14,9.34820793284928e-05
9.162,9.3507648286194e-05
9.184,9.3533108635058e-05
9.206,9.35584610656222e-05
9.228,9.35837062625822e-05
9.25,9.36088449048541e-05
9.272,9.36338776656346e-05
9.294,9.36588052124616e-05
9.316,9.36836282072732e-05
9.338,9.37083473064668e-05
9.36,9.37329631609563e-05
9.382,9.37574764162297e-05
9.404,9.37818877124055e-05
9.426,9.38061976842881e-05
9.448,9.38304069614231e-05
9.47,9.38545161681515e-05
9.492,9.38785259236637e-05
9.514,9.39024368420521e-05
9.536,9.39262495323635e-05
9.558,9.39499645986511e-05
9.58,9.39735826400253e-05
9.602,9.39971042507043e-05
9.624,9.40205300200638e-05
9.646,9.40438605326866e-05
9.668,9.40670963684105e-05
9.69,9.40902381023772e-05
9.712,9.41132863050791e-05
9.734,9.41362415424064e-05
9.756,9.41591043756935e-05
9.778,9.41818753617648e-05
9.8,9.42045550529796e-05
9.822,9.42271439972771e-05
9.844,9.42496427382201e-05
9.866,9.42720518150392e-05
9.888,9.42943717626756e-05
9.91,9.43166031118233e-05
9.932,9.43387463889718e-05
9.954,9.43608021164471e-05
9.976,9.43827708124532e-05
9.998,9.44046529911124e-05
10.02,9.44264491625057e-05
10.042,9.44481598327121e-05
10.064,9.44697855038478e-05
10.086,9.44913266741052e-05
10.108,9.4512783837791e-05
10.13,9.4534157485364e-05
10.152,9.45554481034722e-05
10.174,9.45766561749905e-05
10.196,9.45977821790561e-05
10.218,9.46188265911057e-05
10.24,9.46397898829104e-05
10.262,9.46606725226112e-05
10.284,9.4681474974754e-05
10.306,9.47021977003237e-05
10.328,9.47228411567788e-05
10.35,9.47434057980842e-05
10.372,9.47638920747455e-05
10.394,9.47843004338412e-05
10.416,9.48046313190552e-05
10.438,9.48248851707096e-05
10.46,9.48450624257956e-05
10.482,9.48651635180058e-05
10.504,9.48851888777645e-05
10.526,9.49051389322591e-05
10.548,9.492501410547e-05
10.57,9.49448148182006e-05
10.592,9.49645414881077e-05
10.614,9.49841945297298e-05
10.636,9.50037743545171e-05
10.658,9.50232813708596e-05
10.68,9.50427159841158e-05
10.702,9.50620785966406e-05
10.724,9.50813696078132e-05
10.746,9.51005894140646e-05
10.768,9.51197384089044e-05
10.79,9.51388169829482e-05
10.812,9.51578255239437e-05
10.834,9.51767644167973e-05
10.856,9.51956340435998e-05
10.878,9.52144347836523e-05
10.9,9.52331670134915e-05
10.922,9.52518311069149e-05
10.944,9.52704274350056e-05
10.966,9.5288956366157e-05
10.988,9.5307418266097e-05
11.01,9.53258134979122e-05
11.032,9.53441424220716e-05
11.054,9.53624053964502e-05
11.076,9.53806027763521e-05
11.098,9.5398734914534e-05
11.12,9.54168021612274e-05
11.142,9.54348048641617e-05
11.164,9.5452743368586e-05
11.186,9.54706180172917e-05
11.208,9.5488429150634e-05
11.23,9.55061771065534e-05
11.252,9.55238622205975e-05
11.274,9.55414848259416e-05
11.296,9.55590452534101e-05
11.318,9.55765438314971e-05
11.34,9.55939808863866e-05
11.362,9.5611356741973e-05
11.384,9.56286717198812e-05
11.406,9.56459261394864e-05
11.428,9.56631203179336e-05
11.45,9.5680254570157e-05
11.472,9.56973292088998e-05
11.494,9.57143445447323e-05
11.516,9.57313008860715e-05
11.538,9.57481985391995e-05
11.56,9.57650378082816e-05
11.582,9.57818189953851e-05
11.604,9.57985424004971e-05
11.626,9.58152083215422e-05
11.648,9.58318170544006e-05
11.67,9.58483688929253e-05
11.692,9.58648641289594e-05
11.714,9.58813030523535e-05
11.736,9.58976859509825e-05
11.758,9.59140131107626e-05
11.78,9.59302848156674e-05
11.802,9.59465013477452e-05
11.824,9.59626629871346e-05
11.846,9.59787700120808e-05
11.868,9.59948226989519e-05
11.89,9.60108213222542e-05
11.912,9.60267661546482e-05
11.934,9.60426574669641e-05
11.956,9.60584955282169e-05
11.978,9.60742806056216e-05
12,9.60900129646085e-05
