"ResDensity","N_TraitValue"
1,1.2684949338886e-05
1.058,1.33681101127475e-05
1.116,1.40459401393376e-05
1.174,1.47185015704129e-05
1.232,1.53858555952916e-05
1.29,1.60480624594111e-05
1.348,1.67051814824585e-05
1.406,1.73572710760838e-05
1.464,1.80043887612084e-05
1.522,1.86465911849396e-05
1.58,1.92839341371002e-05
1.638,1.99164725663853e-05
1.696,2.05442605961543e-05
1.754,2.11673515398686e-05
1.812,2.17857979161846e-05
1.87,2.23996514637097e-05
1.928,2.30089631554315e-05
1.986,2.36137832128268e-05
2.044,2.42141611196613e-05
2.102,2.48101456354849e-05
2.16,2.54017848088325e-05
2.218,2.59891259901373e-05
2.276,2.65722158443629e-05
2.334,2.71511003633632e-05
2.392,2.77258248779746e-05
2.45,2.82964340698494e-05
2.508,2.88629719830358e-05
2.566,2.94254820353099e-05
2.624,2.99840070292688e-05
2.682,3.05385891631863e-05
2.74,3.1089270041642e-05
2.798,3.16360906859247e-05
2.856,3.21790915442196e-05
2.914,3.27183125015814e-05
2.972,3.32537928897005e-05
3.03,3.37855714964664e-05
3.088,3.43136865753341e-05
3.146,3.48381758544963e-05
3.204,3.53590765458689e-05
3.262,3.5876425353891e-05
3.32,3.63902584841472e-05
3.378,3.69006116518135e-05
3.436,3.74075200899326e-05
3.494,3.7911018557522e-05
3.552,3.84111413475197e-05
3.61,3.89079222945696e-05
3.668,3.94013947826521e-05
3.726,3.98915917525625e-05
3.784,4.03785457092409e-05
3.842,4.08622887289574e-05
3.9,4.13428524663549e-05
3.958,4.18202681613549e-05
4.016,4.22945666459261e-05
4.074,4.27657783507229e-05
4.132,4.32339333115929e-05
4.19,4.36990611759593e-05
4.248,4.41611912090797e-05
4.306,4.46203523001838e-05
4.364,4.50765729684939e-05
4.422,4.55298813691292e-05
4.48,4.59803052988985e-05
4.538,4.64278722019818e-05
4.596,4.68726091755041e-05
4.654,4.73145429750047e-05
4.712,4.77537000198025e-05
4.77,4.81901063982609e-05
4.828,4.86237878729538e-05
4.886,4.90547698857354e-05
4.944,4.94830775627158e-05
5.002,4.99087357191436e-05
5.06,5.03317688641988e-05
5.118,5.0752201205697e-05
5.176,5.11700566547073e-05
5.234,5.1585358830085e-05
5.292,5.19981310629225e-05
5.35,5.24083964009179e-05
5.408,5.28161776126654e-05
5.466,5.32214971918667e-05
5.524,5.36243773614679e-05
5.582,5.40248400777206e-05
5.64,5.44229070341707e-05
5.698,5.48185996655758e-05
5.756,5.52119391517528e-05
5.814,5.5602946421357e-05
5.872,5.59916421555935e-05
5.93,5.63780467918645e-05
5.988,5.67621805273505e-05
6.046,5.71440633225301e-05
6.104,5.75237149046369e-05
6.162,5.7901154771057e-05
6.22,5.82764021926664e-05
6.278,5.8649476217111e-05
6.336,5.90203956720294e-05
6.394,5.93891791682205e-05
6.452,5.97558451027562e-05
6.51,6.01204116620404e-05
6.568,6.0482896824816e-05
6.626,6.08433183651207e-05
6.684,6.12016938551918e-05
6.742,6.15580406683224e-05
6.8,6.19123759816685e-05
6.858,6.22647167790095e-05
6.916,6.26150798534616e-05
6.974,6.29634818101456e-05
7.032,6.3309939068811e-05
7.09,6.36544678664145e-05
7.148,6.39970842596577e-05
7.206,6.43378041274807e-05
7.264,6.46766431735158e-05
7.322,6.50136169284999e-05
7.38,6.53487407526474e-05
7.438,6.56820298379843e-05
7.496,6.60134992106439e-05
7.554,6.6343163733125e-05
7.612,6.66710381065131e-05
7.67,6.69971368726661e-05
7.728,6.73214744163638e-05
7.786,6.76440649674238e-05
7.844,6.79649226027816e-05
7.902,6.82840612485391e-05
7.96,6.86014946819792e-05
8.018,6.89172365335479e-05
8.076,6.92313002888063e-05
8.134,6.95436992903497e-05
8.192,6.98544467396973e-05
8.25,7.01635556991525e-05
8.308,7.04710390936322e-05
8.366,7.07769097124689e-05
8.424,7.10811802111841e-05
8.482,7.13838631132333e-05
8.54,7.16849708117244e-05
8.598,7.19845155711092e-05
8.656,7.22825095288486e-05
8.714,7.2578964697052e-05
8.772,7.28738929640913e-05
8.83,7.31673060961903e-05
8.888,7.3459215738989e-05
8.946,7.37496334190849e-05
9.004,7.403857054555e-05
9.062,7.43260384114246e-05
9.12,7.4612048195189e-05
9.178,7.48966109622125e-05
9.236,7.51797376661799e-05
9.294,7.54614391504978e-05
9.352,7.57417261496784e-05
9.41,7.60206092907032e-05
9.468,7.62980990943658e-05
9.526,7.65742059765957e-05
9.584,7.68489402497606e-05
9.642,7.7122312123951e-05
9.7,7.73943317082447e-05
9.758,7.7665009011953e-05
9.816,7.79343539458485e-05
9.874,7.82023763233748e-05
9.932,7.84690858618378e-05
9.99,7.87344921835809e-05
10.048,7.89986048171416e-05
10.106,7.92614331983921e-05
10.164,7.9522986671663e-05
10.222,7.97832744908507e-05
10.28,8.00423058205086e-05
10.338,8.03000897369232e-05
10.396,8.05566352291736e-05
10.454,8.0811951200177e-05
10.512,8.1066046467718e-05
10.57,8.13189297654641e-05
10.628,8.15706097439664e-05
10.686,8.18210949716458e-05
10.744,8.20703939357653e-05
10.802,8.23185150433892e-05
10.86,8.25654666223273e-05
10.918,8.28112569220674e-05
10.976,8.30558941146932e-05
11.034,8.32993862957908e-05
11.092,8.35417414853411e-05
11.15,8.37829676286004e-05
11.208,8.40230725969692e-05
11.266,8.42620641888475e-05
11.324,8.44999501304801e-05
11.382,8.47367380767883e-05
11.44,8.49724356121916e-05
11.498,8.52070502514174e-05
11.556,8.54405894402992e-05
11.614,8.56730605565652e-05
11.672,8.59044709106143e-05
11.73,8.61348277462828e-05
11.788,8.63641382416004e-05
11.846,8.65924095095355e-05
11.904,8.68196485987308e-05
11.962,8.70458624942289e-05
12.02,8.72710581181879e-05
12.078,8.74952423305874e-05
12.136,8.77184219299254e-05
12.194,8.79406036539052e-05
12.252,8.81617941801136e-05
12.31,8.83820001266899e-05
12.368,8.86012280529857e-05
12.426,8.88194844602169e-05
12.484,8.90367757921054e-05
12.542,8.92531084355142e-05
12.6,8.94684887210723e-05
12.658,8.9682922923793e-05
12.716,8.98964172636827e-05
12.774,9.01089779063429e-05
12.832,9.03206109635631e-05
12.89,9.0531322493907e-05
12.948,9.07411185032908e-05
13.006,9.09500049455533e-05
13.064,9.11579877230196e-05
13.122,9.13650726870567e-05
13.18,9.15712656386227e-05
13.238,9.17765723288079e-05
13.296,9.19809984593699e-05
13.354,9.21845496832614e-05
13.412,9.2387231605151e-05
13.47,9.25890497819381e-05
13.528,9.27900097232603e-05
13.586,9.29901168919949e-05
13.644,9.31893767047541e-05
13.702,9.33877945323735e-05
13.76,9.3585375700395e-05
13.818,9.37821254895427e-05
13.876,9.3978049136194e-05
13.934,9.41731518328437e-05
13.992,9.43674387285629e-05
14.05,9.45609149294521e-05
14.108,9.47535854990882e-05
14.166,9.49454554589665e-05
14.224,9.5136529788937e-05
14.282,9.53268134276349e-05
14.34,9.55163112729066e-05
14.398,9.57050281822294e-05
14.456,9.58929689731269e-05
14.514,9.6080138423579e-05
14.572,9.62665412724264e-05
14.63,9.64521822197711e-05
14.688,9.66370659273708e-05
14.746,9.68211970190297e-05
14.804,9.70045800809838e-05
14.862,9.71872196622814e-05
14.92,9.73691202751595e-05
14.978,9.75502863954156e-05
15.036,9.77307224627743e-05
15.094,9.79104328812504e-05
15.152,9.80894220195069e-05
15.21,9.82676942112095e-05
15.268,9.84452537553757e-05
15.326,9.86221049167208e-05
15.384,9.87982519259993e-05
15.442,9.89736989803422e-05
15.5,9.91484502435903e-05
15.558,9.9322509846624e-05
15.616,9.94958818876879e-05
15.674,9.96685704327137e-05
15.732,9.98405795156369e-05
15.79,0.000100011913138712
15.848,0.000100182575272821
15.906,0.000100352569857783
15.964,0.000100521900802655
16.022,0.000100690571986033
16.08,0.000100858587256347
16.138,0.000101025950432154
16.196,0.000101192665302429
16.254,0.000101358735626847
16.312,0.000101524165136071
16.37,0.000101688957532026
16.428,0.000101853116488179
16.486,0.00010201664564981
16.544,0.000102179548634282
16.602,0.000102341829031309
16.66,0.000102503490403218
16.718,0.000102664536285212
16.776,0.000102824970185624
16.834,0.000102984795586174
16.892,0.000103144015942224
16.95,0.000103302634683019
17.008,0.000103460655211943
17.066,0.000103618080906752
17.124,0.000103774915119825
17.182,0.000103931161178395
17.24,0.000104086822384785
17.298,0.000104241902016644
17.356,0.000104396403327175
17.414,0.000104550329545362
17.472,0.000104703683876194
17.53,0.000104856469500892
17.588,0.000105008689577123
17.646,0.000105160347239223
17.704,0.000105311445598408
17.762,0.000105461987742988
17.82,0.000105611976738579
17.878,0.000105761415628308
17.936,0.000105910307433024
17.994,0.000106058655151495
18.052,0.000106206461760614
18.11,0.000106353730215596
18.168,0.000106500463450175
18.226,0.000106646664376802
18.284,0.000106792335886833
18.342,0.000106937480850722
18.4,0.00010708210211821
18.458,0.000107226202518509
18.516,0.000107369784860491
18.574,0.000107512851932865
18.632,0.000107655406504363
18.69,0.000107797451323914
18.748,0.000107938989120822
18.806,0.000108080022604945
18.864,0.00010822055446686
18.922,0.000108360587378042
18.98,0.000108500123991027
19.038,0.000108639166939585
19.096,0.000108777718838881
19.154,0.000108915782285641
19.212,0.000109053359858314
19.27,0.000109190454117236
19.328,0.00010932706760478
19.386,0.000109463202845523
19.444,0.000109598862346395
19.502,0.000109734048596836
19.56,0.000109868764068947
19.618,0.000110003011217642
19.676,0.000110136792480793
19.734,0.000110270110279385
19.792,0.000110402967017654
19.85,0.000110535365083239
19.908,0.000110667306847318
19.966,0.000110798794664754
20.024,0.000110929830874235
20.082,0.00011106041779841
20.14,0.00011119055774403
20.198,0.000111320253002079
20.256,0.000111449505847913
20.314,0.00011157831854139
20.372,0.000111706693327006
20.43,0.000111834632434017
20.488,0.000111962138076577
20.546,0.000112089212453863
20.604,0.000112215857750196
20.662,0.000112342076135175
20.72,0.000112467869763794
20.778,0.000112593240776569
20.836,0.000112718191299656
20.894,0.000112842723444974
20.952,0.000112966839310321
21.01,0.000113090540979495
21.068,0.000113213830522409
21.126,0.000113336709995207
21.184,0.000113459181440378
21.242,0.000113581246886867
21.3,0.000113702908350191
21.358,0.000113824167832549
21.416,0.000113945027322928
21.474,0.000114065488797218
21.532,0.000114185554218315
21.59,0.000114305225536227
21.648,0.000114424504688184
21.706,0.000114543393598739
21.764,0.000114661894179874
21.822,0.000114780008331099
21.88,0.000114897737939556
21.938,0.000115015084880122
21.996,0.000115132051015501
22.054,0.00011524863819633
22.112,0.000115364848261273
22.17,0.000115480683037119
22.228,0.000115596144338876
22.286,0.000115711233969869
22.344,0.00011582595372183
22.402,0.000115940305374992
22.46,0.000116054290698185
22.518,0.000116167911448922
22.576,0.000116281169373491
22.634,0.000116394066207046
22.692,0.000116506603673694
22.75,0.000116618783486584
22.808,0.000116730607347992
22.866,0.00011684207694941
22.924,0.000116953193971628
22.982,0.00011706396008482
23.04,0.000117174376948629
23.098,0.000117284446212249
23.156,0.000117394169514504
23.214,0.000117503548483935
23.272,0.000117612584738877
23.33,0.000117721279887538
23.388,0.000117829635528082
23.446,0.000117937653248702
23.504,0.000118045334627704
23.562,0.000118152681233576
23.62,0.000118259694625072
23.678,0.000118366376351283
23.736,0.000118472727951713
23.794,0.000118578750956351
23.852,0.000118684446885748
23.91,0.000118789817251087
23.968,0.000118894863554257
24.026,0.000118999587287921
24.084,0.00011910398993559
24.142,0.000119208072971694
24.2,0.000119311837861645
24.258,0.000119415286061914
24.316,0.000119518419020094
24.374,0.000119621238174968
24.432,0.000119723744956578
24.49,0.000119825940786289
24.548,0.000119927827076856
24.606,0.000120029405232489
24.664,0.000120130676648917
24.722,0.000120231642713452
24.78,0.000120332304805054
24.838,0.000120432664294391
24.896,0.000120532722543903
24.954,0.000120632480907864
25.012,0.000120731940732439
25.07,0.000120831103355754
25.128,0.000120929970107943
25.186,0.00012102854231122
25.244,0.000121126821279929
25.302,0.000121224808320607
25.36,0.00012132250473204
25.418,0.000121419911805322
25.476,0.00012151703082391
25.534,0.000121613863063682
25.592,0.000121710409792991
25.65,0.000121806672272723
25.708,0.000121902651756349
25.766,0.000121998349489981
25.824,0.000122093766712427
25.882,0.000122188904655242
25.94,0.000122283764542782
25.998,0.000122378347592259
26.056,0.000122472655013787
26.114,0.00012256668801044
26.172,0.000122660447778301
26.23,0.00012275393550651
26.288,0.000122847152377317
26.346,0.000122940099566134
26.404,0.000123032778241578
26.462,0.000123125189565527
26.52,0.000123217334693162
26.578,0.000123309214773022
26.636,0.000123400830947046
26.694,0.000123492184350623
26.752,0.000123583276112637
26.81,0.000123674107355517
26.868,0.000123764679195279
26.926,0.000123854992741577
26.984,0.00012394504909774
27.042,0.000124034849360826
27.1,0.000124124394621662
27.158,0.000124213685964885
27.216,0.000124302724468995
27.274,0.000124391511206388
27.332,0.000124480047243406
27.39,0.000124568333640379
27.448,0.000124656371451663
27.506,0.000124744161725686
27.564,0.00012483170550499
27.622,0.000124919003826269
27.68,0.000125006057720412
27.738,0.000125092868212544
27.796,0.000125179436322064
27.854,0.000125265763062689
27.912,0.000125351849442489
27.97,0.000125437696463929
28.028,0.000125523305123906
28.086,0.00012560867641379
28.144,0.000125693811319461
28.202,0.000125778710821346
28.26,0.000125863375894458
28.318,0.000125947807508434
28.376,0.000126032006627569
28.434,0.000126115974210857
28.492,0.000126199711212022
28.55,0.00012628321857956
28.608,0.000126366497256771
28.666,0.000126449548181794
28.724,0.000126532372287646
28.782,0.000126614970502253
28.84,0.000126697343748488
28.898,0.000126779492944201
28.956,0.00012686141900226
29.014,0.000126943122830576
29.072,0.000127024605332143
29.13,0.000127105867405071
29.188,0.000127186909942616
29.246,0.000127267733833212
29.304,0.000127348339960509
29.362,0.000127428729203401
29.42,0.000127508902436057
29.478,0.000127588860527956
29.536,0.000127668604343917
29.594,0.000127748134744129
29.652,0.000127827452584183
29.71,0.000127906558715103
29.768,0.000127985453983377
29.826,0.000128064139230985
29.884,0.000128142615295431
29.942,0.000128220883009771
30,0.000128298943202644
