"ResDensity","N_TraitValue"
0.5,0.00594991926366043
0.699,0.00782066314628166
0.898,0.00948032751299894
1.097,0.0109627292925564
1.296,0.0122948279050796
1.495,0.0134983796279677
1.694,0.0145911350701089
1.893,0.0155877204880986
2.092,0.0165002962241362
2.291,0.0173390553643796
2.49,0.0181126060943589
2.689,0.0188282682137738
2.888,0.0194923054833066
3.087,0.0201101094402911
3.286,0.0206863461117461
3.485,0.0212250740776383
3.684,0.0217298402057415
3.883,0.0222037578341476
4.082,0.0226495710445636
4.281,0.0230697078302282
4.48,0.0234663243344189
4.679,0.0238413418615262
4.878,0.0241964780017504
5.077,0.0245332729334407
5.276,0.0248531117528197
5.475,0.025157243513918
5.674,0.0254467975306223
5.873,0.0257227973894047
6.072,0.0259861730392295
6.271,0.0262377712595775
6.47,0.0264783647548799
6.669,0.0267086600811387
6.868,0.0269293045760218
7.067,0.0271408924355928
7.266,0.0273439700578088
7.465,0.0275390407539687
7.664,0.0277265689136483
7.863,0.0279069836956778
8.062,0.0280806823069156
8.261,0.0282480329215439
8.46,0.028409377286041
8.659,0.0285650330486197
8.858,0.0287152958465432
9.057,0.0288604411801787
9.256,0.0290007260987857
9.455,0.0291363907197379
9.654,0.0292676596000709
9.853,0.029394742976834
10.052,0.0295178378906587
10.251,0.0296371292051728
10.45,0.0297527905333534
10.649,0.0298649850805823
10.848,0.0299738664130119
11.047,0.0300795791588499
11.246,0.030182259649298
11.445,0.0302820365051154
11.644,0.0303790311741156
11.843,0.0304733584243188
12.042,0.0305651267969694
12.241,0.0306544390231796
12.44,0.0307413924075606
12.639,0.0308260791818535
12.838,0.0309085868312615
13.037,0.0309889983959117
13.236,0.0310673927496285
13.435,0.0311438448579877
13.634,0.0312184260174244
13.833,0.0312912040769993
14.032,0.0313622436442724
14.231,0.031431606276597
14.43,0.0314993506590255
14.629,0.0315655327699064
14.828,0.0316302060351559
15.027,0.0316934214720962
15.226,0.0317552278236758
15.425,0.0318156716838134
15.624,0.0318747976145424
15.823,0.0319326482555752
16.022,0.0319892644268545
16.221,0.0320446852246072
16.42,0.0320989481113797
16.619,0.0321520890004866
16.818,0.0322041423352753
17.017,0.0322551411635734
17.216,0.0323051172076566
17.415,0.0323541009300488
17.614,0.0324021215954416
17.813,0.0324492073289967
18.012,0.0324953851712757
18.211,0.0325406811300238
18.41,0.0325851202290133
18.609,0.0326287265541425
18.808,0.0326715232969659
19.007,0.0327135327958234
19.206,0.0327547765747189
19.405,0.0327952753800941
19.604,0.0328350492156254
19.803,0.0328741173751704
20.002,0.0329124984739751
20.201,0.0329502104782491
20.4,0.0329872707332085
20.599,0.0330236959896755
20.798,0.033059502429324
20.997,0.0330947056886484
21.196,0.0331293208817316
21.395,0.0331633626218813
21.594,0.0331968450421998
21.793,0.0332297818151483
21.992,0.0332621861711622
22.191,0.0332940709163715
22.39,0.0333254484494742
22.589,0.0333563307778127
22.788,0.0333867295326933
22.987,0.0334166559839924
23.186,0.0334461210540874
23.385,0.0334751353311476
23.584,0.03350370908182
23.783,0.0335318522633416
23.982,0.0335595745351083
24.181,0.0335868852697288
24.38,0.0336137935635888
24.579,0.0336403082469533
24.778,0.0336664378936271
24.977,0.033692190830199
25.176,0.0337175751448873
25.375,0.0337425986960103
25.574,0.033767269120096
25.773,0.0337915938396526
25.972,0.0338155800706138
26.171,0.0338392348294752
26.37,0.0338625649401378
26.569,0.0338855770404707
26.768,0.0339082775886078
26.967,0.0339306728689902
27.166,0.0339527689981668
27.365,0.0339745719303634
27.564,0.0339960874628323
27.763,0.0340173212409913
27.962,0.0340382787633619
28.161,0.0340589653863167
28.36,0.0340793863286434
28.559,0.0340995466759337
28.758,0.0341194513848064
28.957,0.0341391052869697
29.156,0.0341585130931315
29.355,0.0341776793967637
29.554,0.0341966086777264
29.753,0.0342153053057592
29.952,0.034233773543844
30.151,0.0342520175514453
30.35,0.0342700413876337
30.549,0.0342878490140964
30.748,0.0343054442980403
30.947,0.0343228310149919
31.146,0.0343400128514982
31.345,0.0343569934077323
31.544,0.0343737762000087
31.743,0.0343903646632104
31.942,0.0344067621531332
32.141,0.034422971948748
32.34,0.0344389972543876
32.539,0.0344548412018578
32.738,0.0344705068524781
32.937,0.0344859971990535
33.136,0.0345013151677809
33.335,0.0345164636200913
33.534,0.0345314453544322
33.733,0.0345462631079911
33.932,0.0345609195583625
34.131,0.0345754173251606
34.33,0.034589758971581
34.529,0.0346039470059108
34.728,0.0346179838829911
34.927,0.0346318720056333
35.126,0.03464561372599
35.325,0.0346592113468834
35.524,0.0346726671230911
35.723,0.0346859832625935
35.922,0.0346991619277808
36.121,0.0347122052366239
36.32,0.0347251152638095
36.519,0.0347378940418396
36.718,0.0347505435620987
36.917,0.0347630657758881
37.116,0.0347754625954295
37.315,0.0347877358948383
37.514,0.0347998875110683
37.713,0.0348119192448282
37.912,0.0348238328614709
38.111,0.0348356300918575
38.31,0.0348473126331949
38.509,0.0348588821498506
38.708,0.0348703402741425
38.907,0.0348816886071069
39.106,0.0348929287192443
39.305,0.0349040621512439
39.504,0.0349150904146875
39.703,0.0349260149927339
39.902,0.0349368373407836
40.101,0.0349475588871254
40.3,0.0349581810335644
40.499,0.0349687051560335
40.698,0.0349791326051871
40.897,0.0349894647069793
41.096,0.0349997027632258
41.295,0.0350098480521506
41.494,0.0350199018289182
41.693,0.0350298653261513
41.892,0.0350397397544344
42.091,0.035049526302804
42.29,0.0350592261392264
42.489,0.0350688404110619
42.688,0.0350783702455176
42.887,0.0350878167500876
43.086,0.0350971810129822
43.285,0.0351064641035459
43.484,0.0351156670726643
43.683,0.035124790953161
43.882,0.0351338367601833
44.081,0.0351428054915798
44.28,0.0351516981282661
44.479,0.0351605156345834
44.678,0.0351692589586469
44.877,0.0351779290326851
45.076,0.035186526773372
45.275,0.0351950530821494
45.474,0.0352035088455426
45.673,0.0352118949354671
45.872,0.0352202122095288
46.071,0.0352284615113162
46.27,0.0352366436706854
46.469,0.0352447595040387
46.668,0.0352528098145961
46.867,0.0352607953926601
47.066,0.0352687170158745
47.265,0.0352765754494768
47.464,0.0352843714465446
47.663,0.0352921057482364
47.862,0.0352997790840259
48.061,0.0353073921719321
48.26,0.0353149457187428
48.459,0.0353224404202333
48.658,0.0353298769613804
48.857,0.0353372560165708
49.056,0.0353445782498051
49.255,0.0353518443148968
49.454,0.0353590548556672
49.653,0.0353662105061353
49.852,0.0353733118907038
50.051,0.0353803596243407
50.25,0.0353873543127568
50.449,0.0353942965525792
50.648,0.035401186931521
50.847,0.0354080260285472
51.046,0.0354148144140368
51.245,0.0354215526499412
51.444,0.0354282412899398
51.643,0.035434880879591
51.842,0.0354414719564811
52.041,0.0354480150503689
52.24,0.0354545106833281
52.439,0.0354609593698859
52.638,0.0354673616171588
52.837,0.0354737179249859
53.036,0.0354800287860585
53.235,0.0354862946860477
53.434,0.035492516103729
53.633,0.0354986935111041
53.832,0.0355048273735204
54.031,0.0355109181497879
54.23,0.0355169662922933
54.429,0.0355229722471124
54.628,0.0355289364541195
54.827,0.035534859347095
55.026,0.0355407413538303
55.225,0.035546582896231
55.424,0.0355523843904179
55.623,0.0355581462468255
55.822,0.0355638688702988
56.021,0.0355695526601884
56.22,0.0355751980104434
56.419,0.0355808053097021
56.618,0.0355863749413814
56.817,0.0355919072837642
57.016,0.035597402710085
57.215,0.0356028615886138
57.414,0.0356082842827384
57.613,0.0356136711510452
57.812,0.0356190225473979
58.011,0.0356243388210153
58.21,0.0356296203165472
58.409,0.0356348673741487
58.608,0.0356400803295534
58.807,0.0356452595141449
59.006,0.0356504052550274
59.205,0.0356555178750939
59.404,0.0356605976930942
59.603,0.0356656450237011
59.802,0.0356706601775754
60.001,0.0356756434614293
60.2,0.0356805951780895
60.399,0.0356855156265579
60.598,0.0356904051020725
60.797,0.0356952638961658
60.996,0.0357000922967231
61.195,0.0357048905880392
61.394,0.0357096590508743
61.593,0.0357143979625089
61.792,0.0357191075967972
61.991,0.0357237882242201
62.19,0.0357284401119368
62.389,0.035733063523836
62.588,0.0357376587205854
62.787,0.0357422259596807
62.986,0.0357467654954941
63.185,0.0357512775793212
63.384,0.0357557624594273
63.583,0.0357602203810933
63.782,0.0357646515866599
63.981,0.035769056315572
64.18,0.0357734348044216
64.379,0.0357777872869903
64.578,0.0357821139942905
64.777,0.035786415154607
64.976,0.0357906909935363
65.175,0.0357949417340268
65.374,0.0357991675964171
65.573,0.0358033687984741
65.772,0.0358075455554307
65.971,0.0358116980800222
66.17,0.0358158265825227
66.369,0.0358199312707804
66.568,0.0358240123502526
66.767,0.0358280700240398
66.966,0.0358321044929196
67.165,0.0358361159553799
67.364,0.0358401046076512
67.563,0.0358440706437385
67.762,0.0358480142554532
67.961,0.0358519356324438
68.16,0.035855834962226
68.359,0.0358597124302131
68.558,0.035863568219745
68.757,0.0358674025121175
68.956,0.0358712154866101
69.155,0.0358750073205147
69.354,0.0358787781891625
69.553,0.035882528265951
69.752,0.0358862577223712
69.951,0.0358899667280331
70.15,0.0358936554506916
70.349,0.0358973240562721
70.548,0.0359009727088948
70.747,0.0359046015708996
70.946,0.0359082108028703
71.145,0.0359118005636577
71.344,0.0359153710104035
71.543,0.0359189222985629
71.742,0.0359224545819273
71.941,0.0359259680126464
72.14,0.0359294627412502
72.339,0.0359329389166703
72.538,0.0359363966862612
72.737,0.0359398361958212
72.936,0.0359432575896125
73.135,0.0359466610103818
73.334,0.0359500465993801
73.533,0.0359534144963819
73.732,0.0359567648397049
73.931,0.0359600977662286
74.13,0.035963413411413
74.329,0.0359667119093171
74.528,0.0359699933926169
74.727,0.035973257992623
74.926,0.0359765058392983
75.125,0.0359797370612755
75.324,0.0359829517858734
75.523,0.0359861501391144
75.722,0.0359893322457402
75.921,0.0359924982292288
76.12,0.0359956482118098
76.319,0.0359987823144806
76.518,0.0360019006570215
76.717,0.0360050033580115
76.916,0.0360080905348427
77.115,0.0360111623037354
77.314,0.036014218779753
77.513,0.0360172600768156
77.712,0.0360202863077151
77.911,0.0360232975841282
78.11,0.0360262940166309
78.309,0.0360292757147115
78.508,0.0360322427867845
78.707,0.036035195340203
78.906,0.0360381334812723
79.105,0.0360410573152623
79.304,0.0360439669464203
79.503,0.0360468624779831
79.702,0.0360497440121895
79.901,0.0360526116502922
80.1,0.0360554654925697
80.299,0.0360583056383378
80.498,0.0360611321859615
80.697,0.0360639452328661
80.896,0.0360667448755482
81.095,0.0360695312095873
81.294,0.0360723043296561
81.493,0.0360750643295317
81.692,0.0360778113021056
81.891,0.0360805453393947
82.09,0.0360832665325515
82.289,0.0360859749718736
82.488,0.0360886707468145
82.687,0.0360913539459931
82.886,0.0360940246572032
83.085,0.0360966829674234
83.284,0.0360993289628266
83.483,0.0361019627287889
83.682,0.036104584349899
83.881,0.0361071939099675
84.08,0.0361097914920356
84.279,0.0361123771783836
84.478,0.0361149510505403
84.677,0.0361175131892909
84.876,0.0361200636746859
85.075,0.0361226025860493
85.274,0.0361251300019865
85.473,0.036127646000393
85.672,0.036130150658462
85.871,0.0361326440526923
86.07,0.0361351262588965
86.269,0.036137597352208
86.468,0.0361400574070892
86.667,0.0361425064973387
86.866,0.0361449446960985
87.065,0.0361473720758617
87.264,0.0361497887084795
87.463,0.0361521946651683
87.662,0.0361545900165163
87.861,0.0361569748324913
88.06,0.0361593491824466
88.259,0.0361617131351281
88.458,0.0361640667586813
88.657,0.0361664101206571
88.856,0.0361687432880188
89.055,0.0361710663271484
89.254,0.0361733793038526
89.453,0.0361756822833694
89.652,0.0361779753303742
89.851,0.0361802585089855
90.05,0.0361825318827711
90.249,0.0361847955147542
90.448,0.0361870494674188
90.647,0.0361892938027158
90.846,0.0361915285820685
91.045,0.0361937538663784
91.244,0.0361959697160304
91.443,0.0361981761908985
91.642,0.0362003733503511
91.841,0.0362025612532566
92.04,0.0362047399579881
92.239,0.036206909522429
92.438,0.0362090700039783
92.637,0.0362112214595551
92.836,0.0362133639456041
93.035,0.0362154975181001
93.234,0.0362176222325533
93.433,0.0362197381440139
93.632,0.0362218453070769
93.831,0.0362239437758868
94.03,0.036226033604142
94.229,0.0362281148450999
94.428,0.0362301875515809
94.627,0.0362322517759731
94.826,0.0362343075702369
95.025,0.036236354985909
95.224,0.0362383940741069
95.423,0.036240424885533
95.622,0.0362424474704792
95.821,0.0362444618788305
96.02,0.0362464681600696
96.219,0.0362484663632805
96.418,0.036250456537153
96.617,0.0362524387299861
96.816,0.0362544129896925
97.015,0.0362563793638018
97.214,0.0362583378994651
97.413,0.0362602886434579
97.612,0.0362622316421845
97.811,0.0362641669416815
98.01,0.0362660945876213
98.209,0.0362680146253156
98.408,0.0362699270997195
98.607,0.0362718320554341
98.806,0.0362737295367111
99.005,0.0362756195874552
99.204,0.036277502251228
99.403,0.0362793775712513
99.602,0.0362812455904104
99.801,0.0362831063512572
100,0.0362849598960138
