"ResDensity","N_TraitValue"
3,0.000293746933900597
3.12,0.000301624032728274
3.24,0.000309303915926407
3.36,0.000316793898333597
3.48,0.000324100937457672
3.6,0.000331231655032001
3.72,0.000338192357029917
3.84,0.000344989052264416
3.96,0.000351627469688436
4.08,0.000358113074500405
4.2,0.000364451083150227
4.32,0.000370646477332296
4.44,0.00037670401704443
4.56,0.000382628252784667
4.68,0.000388423536951609
4.8,0.000394094034508333
4.92,0.000399643732964776
5.04,0.000405076451728885
5.16,0.000410395850872596
5.28,0.000415605439354945
5.4,0.000420708582741117
5.52,0.000425708510453115
5.64,0.000430608322584893
5.76,0.000435410996312146
5.88,0.000440119391924633
6,0.000444736258506696
6.12,0.00044926423928969
6.24,0.000453705876698218
6.36,0.00045806361711042
6.48,0.000462339815351028
6.6,0.000466536738934549
6.72,0.000470656572074614
6.84,0.000474701419474415
6.96,0.000478673309912026
7.08,0.000482574199633465
7.2,0.000486405975565396
7.32,0.000490170458358573
7.44,0.000493869405272333
7.56,0.000497504512909745
7.68,0.000501077419812341
7.8,0.0005045897089228
7.92,0.000508042909923327
8.04,0.000511438501457002
8.16,0.000514777913238877
8.28,0.000518062528063143
8.4,0.000521293683712299
8.52,0.000524472674773853
8.64,0.000527600754369734
8.76,0.000530679135803286
8.88,0.000533708994128366
9,0.000536691467644836
9.12,0.000539627659324426
9.24,0.000542518638170732
9.36,0.000545365440516867
9.48,0.000548169071264074
9.6,0.00055093050506442
9.72,0.000553650687450476
9.84,0.000556330535914758
9.96,0.00055897094094149
10.08,0.000561572766993159
10.2,0.000564136853454124
10.32,0.000566664015533467
10.44,0.000569155045129122
10.56,0.000571610711655191
10.68,0.000574031762834285
10.8,0.000576418925456587
10.92,0.00057877290610726
11.04,0.000581094391863741
11.16,0.000583384050964339
11.28,0.000585642533449542
11.4,0.000587870471777287
11.52,0.000590068481413445
11.64,0.000592237161398662
11.76,0.000594377094892668
11.88,0.00059648884969707
12,0.00059857297875764
12.12,0.000600630020647013
12.24,0.000602660500028685
12.36,0.000604664928103155
12.48,0.000606643803037001
12.6,0.000608597610375652
12.72,0.000610526823440569
12.84,0.000612431903711528
12.96,0.000614313301194638
13.08,0.000616171454776721
13.2,0.000618006792566645
13.32,0.000619819732224146
13.44,0.000621610681276701
13.56,0.000623380037424926
13.68,0.000625128188837004
13.8,0.000626855514432581
13.92,0.000628562384156585
14.04,0.000630249159243366
14.16,0.00063191619247157
14.28,0.000633563828410107
14.4,0.000635192403655591
14.52,0.000636802247061579
14.64,0.000638393679959955
14.76,0.000639967016374747
14.88,0.000641522563228709
15,0.000643060620542921
15.12,0.000644581481629699
15.24,0.000646085433279074
15.36,0.00064757275593908
15.48,0.000649043723890094
15.6,0.000650498605413466
15.72,0.000651937662954632
15.84,0.000653361153280945
15.96,0.000654769327634408
16.08,0.000656162431879501
16.2,0.000657540706646291
16.32,0.000658904387468994
16.44,0.000660253704920157
16.56,0.000661588884740628
16.68,0.000662910147965452
16.8,0.000664217711045864
16.92,0.000665511785967495
17.04,0.000666792580364944
17.16,0.000668060297632842
17.28,0.000669315137033527
17.4,0.000670557293801457
17.52,0.000671786959244473
17.64,0.000673004320842023
17.76,0.000674209562340448
17.88,0.000675402863845441
18,0.000676584401911771
18.12,0.000677754349630363
18.24,0.000678912876712831
18.36,0.000680060149573548
18.48,0.000681196331409331
18.6,0.000682321582276836
18.72,0.000683436059167716
18.84,0.000684539916081643
18.96,0.000685633304097244
19.08,0.000686716371441036
19.2,0.00068778926355441
19.32,0.000688852123158739
19.44,0.000689905090318671
19.56,0.000690948302503662
19.68,0.0006919818946478
19.8,0.000693005999207993
19.92,0.000694020746220548
20.04,0.000695026263356224
20.16,0.000696022675973771
20.28,0.000697010107172034
20.4,0.000697988677840649
20.52,0.00069895850670938
20.64,0.000699919710396144
20.76,0.000700872403453756
20.88,0.000701816698415438
21,0.000702752705839133
21.12,0.000703680534350656
21.24,0.000704600290685714
21.36,0.000705512079730843
21.48,0.000706416004563278
21.6,0.000707312166489799
21.72,0.000708200665084583
21.84,0.000709081598226082
21.96,0.000709955062132969
22.08,0.000710821151399172
22.2,0.000711679959028026
22.32,0.000712531576465559
22.44,0.000713376093632959
22.56,0.000714213598958221
22.68,0.000715044179407015
22.8,0.000715867920512787
22.92,0.000716684906406123
23.04,0.000717495219843394
23.16,0.000718298942234699
23.28,0.00071909615367113
23.4,0.000719886932951379
23.52,0.000720671357607699
23.64,0.00072144950393125
23.76,0.000722221446996827
23.88,0.000722987260687011
24,0.000723747017715736
24.12,0.000724500789651311
24.24,0.000725248646938888
24.36,0.00072599065892241
24.48,0.000726726893866048
24.6,0.000727457418975133
24.72,0.000728182300416606
24.84,0.000728901603338998
24.96,0.000729615391891948
25.08,0.000730323729245275
25.2,0.000731026677607611
25.32,0.000731724298244617
25.44,0.00073241665149678
25.56,0.000733103796796815
25.68,0.000733785792686665
25.8,0.000734462696834134
25.92,0.000735134566049141
26.04,0.000735801456299608
26.16,0.000736463422727009
26.28,0.000737120519661564
26.4,0.000737772800637105
26.52,0.000738420318405616
26.64,0.00073906312495145
26.76,0.000739701271505246
26.88,0.000740334808557541
27,0.000740963785872078
27.12,0.000741588252498847
27.24,0.00074220825678683
27.36,0.000742823846396479
27.48,0.000743435068311934
27.6,0.000744041968852972
27.72,0.000744644593686709
27.84,0.000745242987839058
27.96,0.000745837195705941
28.08,0.00074642726106427
28.2,0.000747013227082695
28.32,0.000747595136332137
28.44,0.000748173030796094
28.56,0.00074874695188074
28.68,0.000749316940424812
28.8,0.000749883036709301
28.92,0.000750445280466939
29.04,0.000751003710891495
29.16,0.000751558366646884
29.28,0.000752109285876089
29.4,0.000752656506209907
29.52,0.000753200064775513
29.64,0.000753739998204865
29.76,0.000754276342642924
29.88,0.000754809133755727
30,0.000755338406738289
30.12,0.000755864196322356
30.24,0.000756386536783999
30.36,0.000756905461951067
30.48,0.000757421005210486
30.6,0.000757933199515421
30.72,0.000758442077392297
30.84,0.000758947670947686
30.96,0.000759450011875059
31.08,0.000759949131461405
31.2,0.000760445060593733
31.32,0.000760937829765439
31.44,0.000761427469082559
31.56,0.000761914008269896
31.68,0.000762397476677042
31.8,0.000762877903284272
31.92,0.000763355316708342
32.04,0.000763829745208167
32.16,0.000764301216690397
32.28,0.00076476975871489
32.4,0.000765235398500081
32.52,0.000765698162928256
32.64,0.00076615807855072
32.76,0.000766615171592882
32.88,0.000767069467959233
33,0.000767520993238243
33.12,0.000767969772707168
33.24,0.000768415831336762
33.36,0.000768859193795913
33.48,0.000769299884456186
33.6,0.000769737927396294
33.72,0.000770173346406481
33.84,0.000770606164992829
33.96,0.000771036406381487
34.08,0.00077146409352283
34.2,0.000771889249095533
34.32,0.000772311895510587
34.44,0.000772732054915233
34.56,0.00077314974919683
34.68,0.000773564999986657
34.8,0.000773977828663649
34.92,0.000774388256358063
35.04,0.000774796303955084
35.16,0.000775201992098368
35.28,0.000775605341193527
35.4,0.000776006371411541
35.52,0.000776405102692133
35.64,0.000776801554747061
35.76,0.000777195747063378
35.88,0.000777587698906617
36,0.000777977429323933
36.12,0.000778364957147187
36.24,0.000778750300995982
36.36,0.00077913347928064
36.48,0.000779514510205142
36.6,0.000779893411770002
36.72,0.000780270201775107
36.84,0.000780644897822505
36.96,0.000781017517319142
37.08,0.000781388077479561
37.2,0.000781756595328552
37.32,0.00078212308770376
37.44,0.000782487571258245
37.56,0.000782850062463014
37.68,0.000783210577609492
37.8,0.000783569132811968
37.92,0.000783925744009997
38.04,0.000784280426970756
38.16,0.000784633197291377
38.28,0.000784984070401223
38.4,0.000785333061564147
38.52,0.000785680185880699
38.64,0.000786025458290306
38.76,0.000786368893573418
38.88,0.000786710506353611
39,0.000787050311099668
39.12,0.000787388322127622
39.24,0.000787724553602762
39.36,0.000788059019541615
39.48,0.000788391733813893
39.6,0.000788722710144411
39.72,0.000789051962114973
39.84,0.000789379503166231
39.96,0.000789705346599514
40.08,0.000790029505578627
40.2,0.000790351993131624
40.32,0.000790672822152556
40.44,0.000790992005403188
40.56,0.000791309555514688
40.68,0.000791625484989298
40.8,0.000791939806201974
40.92,0.000792252531401999
41.04,0.000792563672714575
41.16,0.000792873242142393
41.28,0.000793181251567174
41.4,0.000793487712751189
41.52,0.000793792637338758
41.64,0.000794096036857723
41.76,0.0007943979227209
41.88,0.000794698306227515
42,0.000794997198564609
42.12,0.000795294610808426
42.24,0.000795590553925786
42.36,0.000795885038775429
42.48,0.000796178076109346
42.6,0.000796469676574085
42.72,0.000796759850712041
42.84,0.000797048608962728
42.96,0.00079733596166403
43.08,0.000797621919053435
43.2,0.000797906491269249
43.32,0.000798189688351796
43.44,0.000798471520244601
43.56,0.000798751996795548
43.68,0.000799031127758033
43.8,0.00079930892279209
43.92,0.000799585391465508
44.04,0.00079986054325493
44.16,0.000800134387546933
44.28,0.000800406933639097
44.4,0.00080067819074106
44.52,0.000800948167975549
44.64,0.000801216874379408
44.76,0.000801484318904606
44.88,0.000801750510419228
45,0.000802015457708458
45.12,0.000802279169475544
45.24,0.000802541654342752
45.36,0.000802802920852305
45.48,0.00080306297746731
45.6,0.000803321832572672
45.72,0.000803579494475994
45.84,0.000803835971408468
45.96,0.00080409127152575
46.08,0.000804345402908823
46.2,0.000804598373564854
46.32,0.000804850191428031
46.44,0.000805100864360393
46.56,0.000805350400152652
46.68,0.000805598806524992
46.8,0.000805846091127877
46.92,0.000806092261542824
47.04,0.000806337325283186
47.16,0.000806581289794915
47.28,0.000806824162457314
47.4,0.000807065950583782
47.52,0.000807306661422548
47.64,0.000807546302157396
47.76,0.00080778487990838
47.88,0.000808022401732527
48,0.000808258874624535
48.12,0.00080849430551746
48.24,0.000808728701283389
48.36,0.000808962068734115
48.48,0.000809194414621794
48.6,0.000809425745639594
48.72,0.000809656068422341
48.84,0.000809885389547153
48.96,0.000810113715534065
49.08,0.000810341052846646
49.2,0.000810567407892611
49.32,0.000810792787024422
49.44,0.000811017196539883
49.56,0.000811240642682725
49.68,0.000811463131643186
49.8,0.000811684669558585
49.92,0.000811905262513881
50.04,0.000812124916542236
50.16,0.00081234363762556
50.28,0.000812561431695058
50.4,0.000812778304631762
50.52,0.000812994262267067
50.64,0.000813209310383244
50.76,0.000813423454713967
50.88,0.000813636700944813
51,0.000813849054713771
51.12,0.000814060521611738
51.24,0.000814271107183006
51.36,0.000814480816925753
51.48,0.000814689656292516
51.6,0.000814897630690665
51.72,0.000815104745482871
51.84,0.000815311005987565
51.96,0.000815516417479398
52.08,0.000815720985189681
52.2,0.000815924714306841
52.32,0.000816127609976851
52.44,0.000816329677303665
52.56,0.000816530921349648
52.68,0.000816731347135999
52.8,0.000816930959643167
52.92,0.000817129763811262
53.04,0.000817327764540466
53.16,0.000817524966691435
53.28,0.000817721375085694
53.4,0.000817916994506032
53.52,0.000818111829696892
53.64,0.000818305885364749
53.76,0.000818499166178497
53.88,0.000818691676769816
54,0.000818883421733545
54.12,0.000819074405628049
54.24,0.000819264632975577
54.36,0.000819454108262624
54.48,0.000819642835940276
54.6,0.000819830820424566
54.72,0.000820018066096816
54.84,0.000820204577303973
54.96,0.000820390358358953
55.08,0.000820575413540969
55.2,0.000820759747095859
55.32,0.000820943363236412
55.44,0.000821126266142691
55.56,0.000821308459962344
55.68,0.000821489948810926
55.8,0.000821670736772202
55.92,0.000821850827898456
56.04,0.000822030226210795
56.16,0.000822208935699445
56.28,0.00082238696032405
56.4,0.000822564304013962
56.52,0.000822740970668532
56.64,0.000822916964157395
56.76,0.000823092288320753
56.88,0.000823266946969654
57,0.000823440943886266
57.12,0.000823614282824154
57.24,0.000823786967508547
57.36,0.000823959001636607
57.48,0.000824130388877692
57.6,0.000824301132873614
57.72,0.000824471237238901
57.84,0.000824640705561051
57.96,0.000824809541400784
58.08,0.00082497774829229
58.2,0.000825145329743478
58.32,0.000825312289236217
58.44,0.000825478630226582
58.56,0.000825644356145084
58.68,0.000825809470396916
58.8,0.00082597397636218
58.92,0.000826137877396118
59.04,0.00082630117682934
59.16,0.000826463877968055
59.28,0.000826625984094284
59.4,0.000826787498466092
59.52,0.000826948424317798
59.64,0.000827108764860193
59.76,0.000827268523280756
59.88,0.000827427702743863
60,0.000827586306390995
60.12,0.000827744337340948
60.24,0.000827901798690034
60.36,0.000828058693512285
60.48,0.000828215024859654
60.6,0.00082837079576221
60.72,0.000828526009228337
60.84,0.000828680668244923
60.96,0.000828834775777558
61.08,0.000828988334770718
61.2,0.000829141348147958
61.32,0.000829293818812089
61.44,0.000829445749645372
61.56,0.000829597143509691
61.68,0.000829748003246739
61.8,0.000829898331678189
61.92,0.000830048131605879
62.04,0.000830197405811976
62.16,0.000830346157059157
62.28,0.000830494388090773
62.4,0.000830642101631023
62.52,0.000830789300385115
62.64,0.000830935987039437
62.76,0.000831082164261716
62.88,0.000831227834701183
63,0.000831373000988729
