"ResDensity","N_TraitValue"
1,7.3419750642666e-06
1.046,7.66154036466568e-06
1.092,7.97959743508648e-06
1.138,8.29615692782273e-06
1.184,8.61122939509072e-06
1.23,8.92482529020182e-06
1.276,9.23695496871855e-06
1.322,9.54762868959449e-06
1.368,9.85685661629824e-06
1.414,1.01646488179218e-05
1.46,1.04710152702733e-05
1.506,1.07759658569551e-05
1.552,1.10795103704265e-05
1.598,1.13816585130517e-05
1.644,1.16824198981339e-05
1.69,1.19818040509348e-05
1.736,1.22798204096801e-05
1.782,1.25764783265511e-05
1.828,1.28717870686637e-05
1.874,1.31657558190327e-05
1.92,1.34583936775238e-05
1.966,1.37497096617929e-05
2.012,1.40397127082123e-05
2.058,1.4328411672784e-05
2.104,1.4615815332042e-05
2.15,1.49019323839409e-05
2.196,1.51867714487339e-05
2.242,1.54703410698385e-05
2.288,1.57526497146901e-05
2.334,1.60337057755855e-05
2.38,1.63135175705145e-05
2.426,1.65920933439798e-05
2.472,1.68694412678075e-05
2.518,1.71455694419459e-05
2.564,1.74204858952538e-05
2.61,1.76941985862792e-05
2.656,1.79667154040267e-05
2.702,1.8238044168716e-05
2.748,1.85081926325295e-05
2.794,1.8777168480351e-05
2.84,1.9044979330494e-05
2.886,1.93116327354214e-05
2.932,1.95771361824551e-05
2.978,1.98414970944771e-05
3.024,2.01047228306208e-05
3.07,2.03668206869547e-05
3.116,2.06277978971556e-05
3.162,2.08876616331746e-05
3.208,2.11464190058942e-05
3.254,2.14040770657765e-05
3.3,2.16606428035038e-05
3.346,2.1916123150611e-05
3.392,2.21705249801094e-05
3.438,2.24238551071035e-05
3.484,2.26761202893992e-05
3.53,2.2927327228105e-05
3.576,2.31774825682253e-05
3.622,2.34265928992462e-05
3.668,2.36746647557141e-05
3.714,2.39217046178072e-05
3.76,2.41677189118999e-05
3.806,2.44127140111197e-05
3.852,2.46566962358976e-05
3.898,2.48996718545121e-05
3.944,2.51416470836253e-05
3.99,2.53826280888137e-05
4.036,2.56226209850915e-05
4.082,2.58616318374281e-05
4.128,2.60996666612587e-05
4.174,2.63367314229893e-05
4.22,2.65728320404951e-05
4.266,2.68079743836127e-05
4.312,2.7042164274627e-05
4.358,2.72754074887513e-05
4.404,2.75077097546024e-05
4.45,2.77390767546693e-05
4.496,2.79695141257768e-05
4.542,2.81990274595431e-05
4.588,2.84276223028323e-05
4.634,2.86553041582009e-05
4.68,2.88820784843397e-05
4.726,2.91079506965098e-05
4.772,2.93329261669737e-05
4.818,2.95570102254215e-05
4.864,2.97802081593913e-05
4.91,3.00025252146853e-05
4.956,3.0223966595781e-05
5.002,3.0444537466237e-05
5.048,3.06642429490946e-05
5.094,3.08830881272742e-05
5.14,3.11010780439677e-05
5.186,3.13182177030252e-05
5.232,3.15345120693386e-05
5.278,3.17499660692195e-05
5.324,3.19645845907738e-05
5.37,3.21783724842705e-05
5.416,3.23913345625079e-05
5.462,3.26034756011743e-05
5.508,3.2814800339205e-05
5.554,3.30253134791357e-05
5.6,3.32350196874504e-05
5.646,3.3443923594927e-05
5.692,3.3652029796978e-05
5.738,3.3859342853987e-05
5.784,3.40658672916426e-05
5.83,3.4271607601267e-05
5.876,3.44765682401419e-05
5.922,3.46807536318306e-05
5.968,3.48841681664959e-05
6.014,3.50868162012147e-05
6.06,3.52887020602895e-05
6.106,3.54898300355557e-05
6.152,3.56902043866857e-05
6.198,3.58898293414897e-05
6.244,3.60887090962133e-05
6.29,3.6286847815831e-05
6.336,3.64842496343374e-05
6.382,3.66809186550345e-05
6.428,3.68768589508161e-05
6.474,3.70720745644489e-05
6.52,3.72665695088506e-05
6.566,3.74603477673648e-05
6.612,3.76534132940332e-05
6.658,3.7845770013864e-05
6.704,3.80374218230985e-05
6.75,3.82283725894737e-05
6.796,3.84186261524828e-05
6.842,3.86081863236324e-05
6.888,3.8797056886697e-05
6.934,3.89852415979709e-05
6.98,3.9172744186517e-05
7.026,3.93595683544135e-05
7.072,3.9545717776997e-05
7.118,3.9731196103104e-05
7.164,3.99160069553092e-05
7.21,4.01001539301611e-05
7.256,4.02836405984157e-05
7.302,4.04664705052668e-05
7.348,4.0648647170575e-05
7.394,4.08301740890928e-05
7.44,4.10110547306889e-05
7.486,4.11912925405684e-05
7.532,4.13708909394925e-05
7.578,4.15498533239941e-05
7.624,4.17281830665922e-05
7.67,4.19058835160041e-05
7.716,4.20829579973543e-05
7.762,4.22594098123826e-05
7.808,4.24352422396489e-05
7.854,4.26104585347365e-05
7.9,4.27850619304527e-05
7.946,4.2959055637028e-05
7.992,4.31324428423126e-05
8.038,4.33052267119712e-05
8.084,4.34774103896756e-05
8.13,4.36489969972955e-05
8.176,4.38199896350869e-05
8.222,4.3990391381879e-05
8.268,4.41602052952592e-05
8.314,4.43294344117555e-05
8.36,4.4498081747018e-05
8.406,4.46661502959975e-05
8.452,4.48336430331233e-05
8.498,4.50005629124783e-05
8.544,4.5166912867973e-05
8.59,4.5332695813517e-05
8.636,4.54979146431895e-05
8.682,4.56625722314076e-05
8.728,4.58266714330928e-05
8.774,4.59902150838363e-05
8.82,4.61532060000622e-05
8.866,4.63156469791891e-05
8.912,4.64775407997902e-05
8.958,4.66388902217519e-05
9.004,4.67996979864302e-05
9.05,4.69599668168066e-05
9.096,4.7119699417641e-05
9.142,4.72788984756246e-05
9.188,4.74375666595302e-05
9.234,4.75957066203611e-05
9.28,4.77533209914994e-05
9.326,4.79104123888514e-05
9.372,4.80669834109927e-05
9.418,4.82230366393118e-05
9.464,4.83785746381513e-05
9.51,4.8533599954949e-05
9.556,4.86881151203763e-05
9.602,4.88421226484767e-05
9.648,4.89956250368014e-05
9.694,4.91486247665449e-05
9.74,4.93011243026782e-05
9.786,4.94531260940816e-05
9.832,4.96046325736756e-05
9.878,4.97556461585505e-05
9.924,4.99061692500954e-05
9.97,5.00562042341251e-05
10.016,5.02057534810062e-05
10.062,5.03548193457821e-05
10.108,5.05034041682967e-05
10.154,5.06515102733164e-05
10.2,5.07991399706517e-05
10.246,5.09462955552773e-05
10.292,5.10929793074507e-05
10.338,5.12391934928304e-05
10.384,5.13849403625923e-05
10.43,5.15302221535452e-05
10.476,5.16750410882453e-05
10.522,5.18193993751096e-05
10.568,5.19632992085282e-05
10.614,5.21067427689752e-05
10.66,5.22497322231192e-05
10.706,5.23922697239321e-05
10.752,5.25343574107973e-05
10.798,5.26759974096168e-05
10.844,5.28171918329172e-05
10.89,5.29579427799544e-05
10.936,5.30982523368181e-05
10.982,5.32381225765347e-05
11.028,5.33775555591693e-05
11.074,5.35165533319269e-05
11.12,5.36551179292526e-05
11.166,5.37932513729309e-05
11.212,5.39309556721839e-05
11.258,5.4068232823769e-05
11.304,5.4205084812075e-05
11.35,5.4341513609218e-05
11.396,5.44775211751362e-05
11.442,5.46131094576834e-05
11.488,5.47482803927225e-05
11.534,5.48830359042171e-05
11.58,5.50173779043231e-05
11.626,5.51513082934792e-05
11.672,5.52848289604962e-05
11.718,5.54179417826462e-05
11.764,5.55506486257502e-05
11.81,5.56829513442654e-05
11.856,5.58148517813717e-05
11.902,5.59463517690574e-05
11.948,5.60774531282036e-05
11.994,5.62081576686685e-05
12.04,5.63384671893708e-05
12.086,5.64683834783719e-05
12.132,5.65979083129582e-05
12.178,5.67270434597214e-05
12.224,5.68557906746397e-05
12.27,5.69841517031566e-05
12.316,5.71121282802602e-05
12.362,5.72397221305614e-05
12.408,5.73669349683712e-05
12.454,5.74937684977775e-05
12.5,5.76202244127212e-05
12.546,5.77463043970717e-05
12.592,5.78720101247015e-05
12.638,5.79973432595606e-05
12.684,5.81223054557493e-05
12.73,5.82468983575916e-05
12.776,5.83711235997071e-05
12.822,5.84949828070823e-05
12.868,5.86184775951416e-05
12.914,5.87416095698178e-05
12.96,5.8864380327621e-05
13.006,5.89867914557085e-05
13.052,5.91088445319525e-05
13.098,5.92305411250082e-05
13.144,5.9351882794381e-05
13.19,5.94728710904931e-05
13.236,5.95935075547492e-05
13.282,5.97137937196027e-05
13.328,5.98337311086198e-05
13.374,5.99533212365444e-05
13.42,6.00725656093615e-05
13.466,6.01914657243606e-05
13.512,6.03100230701983e-05
13.558,6.04282391269606e-05
13.604,6.05461153662241e-05
13.65,6.06636532511176e-05
13.696,6.07808542363821e-05
13.742,6.08977197684312e-05
13.788,6.10142512854106e-05
13.834,6.11304502172565e-05
13.88,6.12463179857551e-05
13.926,6.13618560045997e-05
13.972,6.14770656794486e-05
14.018,6.15919484079821e-05
14.064,6.17065055799589e-05
14.11,6.18207385772723e-05
14.156,6.19346487740056e-05
14.202,6.20482375364872e-05
14.248,6.21615062233454e-05
14.294,6.22744561855624e-05
14.34,6.23870887665282e-05
14.386,6.24994053020935e-05
14.432,6.26114071206229e-05
14.478,6.27230955430471e-05
14.524,6.28344718829149e-05
14.57,6.29455374464445e-05
14.616,6.30562935325749e-05
14.662,6.31667414330161e-05
14.708,6.32768824322997e-05
14.754,6.33867178078287e-05
14.8,6.34962488299264e-05
14.846,6.3605476761886e-05
14.892,6.37144028600188e-05
14.938,6.38230283737025e-05
14.984,6.39313545454287e-05
15.03,6.40393826108507e-05
15.076,6.41471137988304e-05
15.122,6.42545493314844e-05
15.168,6.43616904242309e-05
15.214,6.44685382858351e-05
15.26,6.45750941184548e-05
15.306,6.46813591176854e-05
15.352,6.47873344726048e-05
15.398,6.48930213658175e-05
15.444,6.49984209734988e-05
15.49,6.51035344654384e-05
15.536,6.52083630050835e-05
15.582,6.5312907749582e-05
15.628,6.54171698498248e-05
15.674,6.55211504504883e-05
15.72,6.5624850690076e-05
15.766,6.57282717009604e-05
15.812,6.58314146094239e-05
15.858,6.59342805356998e-05
15.904,6.60368705940129e-05
15.95,6.61391858926199e-05
15.996,6.62412275338487e-05
16.042,6.63429966141387e-05
16.088,6.64444942240797e-05
16.134,6.6545721448451e-05
16.18,6.66466793662597e-05
16.226,6.67473690507796e-05
16.272,6.68477915695889e-05
16.318,6.69479479846078e-05
16.364,6.70478393521362e-05
16.41,6.71474667228909e-05
16.456,6.7246831142042e-05
16.502,6.73459336492499e-05
16.548,6.74447752787014e-05
16.594,6.75433570591456e-05
16.64,6.76416800139296e-05
16.686,6.77397451610341e-05
16.732,6.78375535131084e-05
16.778,6.7935106077505e-05
16.824,6.80324038563148e-05
16.87,6.81294478464009e-05
16.916,6.82262390394326e-05
16.962,6.83227784219197e-05
17.008,6.84190669752455e-05
17.054,6.85151056757002e-05
17.1,6.86108954945142e-05
17.146,6.87064373978903e-05
17.192,6.88017323470365e-05
17.238,6.88967812981984e-05
17.284,6.89915852026908e-05
17.33,6.90861450069298e-05
17.376,6.91804616524639e-05
17.422,6.92745360760056e-05
17.468,6.93683692094622e-05
17.514,6.94619619799668e-05
17.56,6.95553153099086e-05
17.606,6.96484301169633e-05
17.652,6.97413073141231e-05
17.698,6.98339478097267e-05
17.744,6.99263525074887e-05
17.79,7.00185223065292e-05
17.836,7.01104581014028e-05
17.882,7.02021607821276e-05
17.928,7.0293631234214e-05
17.974,7.0384870338693e-05
18.02,7.04758789721447e-05
18.066,7.05666580067264e-05
18.112,7.06572083101999e-05
18.158,7.07475307459602e-05
18.204,7.08376261730618e-05
18.25,7.09274954462469e-05
18.296,7.10171394159716e-05
18.342,7.11065589284335e-05
18.388,7.11957548255977e-05
18.434,7.12847279452237e-05
18.48,7.1373479120891e-05
18.526,7.14620091820261e-05
18.572,7.15503189539274e-05
18.618,7.16384092577912e-05
18.664,7.17262809107375e-05
18.71,7.18139347258346e-05
18.756,7.19013715121248e-05
18.802,7.19885920746487e-05
18.848,7.20755972144706e-05
18.894,7.21623877287023e-05
18.94,7.2248964410528e-05
18.986,7.23353280492283e-05
19.032,7.24214794302039e-05
19.078,7.25074193349998e-05
19.124,7.25931485413287e-05
19.17,7.26786678230947e-05
19.216,7.27639779504163e-05
19.262,7.28490796896497e-05
19.308,7.29339738034116e-05
19.354,7.30186610506021e-05
19.4,7.31031421864273e-05
19.446,7.31874179624219e-05
19.492,7.32714891264711e-05
19.538,7.3355356422833e-05
19.584,7.34390205921605e-05
19.63,7.35224823715232e-05
19.676,7.36057424944287e-05
19.722,7.36888016908448e-05
19.768,7.377166068722e-05
19.814,7.3854320206505e-05
19.86,7.39367809681741e-05
19.906,7.40190436882456e-05
19.952,7.41011090793026e-05
19.998,7.41829778505138e-05
20.044,7.42646507076536e-05
20.09,7.43461283531228e-05
20.136,7.44274114859682e-05
20.182,7.45085008019033e-05
20.228,7.45893969933273e-05
20.274,7.46701007493455e-05
20.32,7.47506127557886e-05
20.366,7.48309336952321e-05
20.412,7.49110642470157e-05
20.458,7.49910050872623e-05
20.504,7.5070756888897e-05
20.55,7.51503203216664e-05
20.596,7.52296960521568e-05
20.642,7.5308884743813e-05
20.688,7.53878870569571e-05
20.734,7.54667036488062e-05
20.78,7.55453351734913e-05
20.826,7.56237822820752e-05
20.872,7.570204562257e-05
20.918,7.57801258399555e-05
20.964,7.5858023576197e-05
21.01,7.59357394702622e-05
21.056,7.60132741581393e-05
21.102,7.60906282728542e-05
21.148,7.61678024444877e-05
21.194,7.62447973001924e-05
21.24,7.632161346421e-05
21.286,7.63982515578882e-05
21.332,7.64747121996968e-05
21.378,7.65509960052455e-05
21.424,7.66271035872992e-05
21.47,7.67030355557953e-05
21.516,7.67787925178596e-05
21.562,7.68543750778223e-05
21.608,7.69297838372347e-05
21.654,7.70050193948844e-05
21.7,7.70800823468118e-05
21.746,7.71549732863254e-05
21.792,7.72296928040176e-05
21.838,7.73042414877803e-05
21.884,7.73786199228202e-05
21.93,7.74528286916739e-05
21.976,7.75268683742239e-05
22.022,7.76007395477126e-05
22.068,7.76744427867582e-05
22.114,7.77479786633692e-05
22.16,7.7821347746959e-05
22.206,7.78945506043614e-05
22.252,7.7967587799844e-05
22.298,7.80404598951238e-05
22.344,7.81131674493811e-05
22.39,7.81857110192736e-05
22.436,7.82580911589512e-05
22.482,7.83303084200695e-05
22.528,7.84023633518042e-05
22.574,7.84742565008649e-05
22.62,7.8545988411509e-05
22.666,7.86175596255553e-05
22.712,7.86889706823975e-05
22.758,7.87602221190184e-05
22.804,7.88313144700026e-05
22.85,7.89022482675503e-05
22.896,7.89730240414904e-05
22.942,7.90436423192938e-05
22.988,7.91141036260866e-05
23.034,7.91844084846626e-05
23.08,7.92545574154971e-05
23.126,7.93245509367589e-05
23.172,7.93943895643235e-05
23.218,7.94640738117858e-05
23.264,7.95336041904725e-05
23.31,7.96029812094547e-05
23.356,7.96722053755602e-05
23.402,7.9741277193386e-05
23.448,7.98101971653107e-05
23.494,7.98789657915063e-05
23.54,7.99475835699504e-05
23.586,8.00160509964386e-05
23.632,8.00843685645959e-05
23.678,8.0152536765889e-05
23.724,8.02205560896376e-05
23.77,8.02884270230269e-05
23.816,8.03561500511183e-05
23.862,8.04237256568615e-05
23.908,8.0491154321106e-05
23.954,8.05584365226123e-05
24,8.06255727380633e-05
