"ResDensity","N_TraitValue"
1,0.111304539612245
20.998,0.214135953695987
40.996,0.219072919765611
60.994,0.220825632936872
80.992,0.221723544008222
100.99,0.222269392668413
120.988,0.222636299871914
140.986,0.222899865495339
160.984,0.223098360120291
180.982,0.223253233689972
200.98,0.223377441846413
220.978,0.223479271894786
240.976,0.223564271730637
260.974,0.223636295347202
280.972,0.223698103473222
300.97,0.22375172556036
320.968,0.223798686875713
340.966,0.223840155916761
360.964,0.223877042961807
380.962,0.22391006766357
400.96,0.223939806466445
420.958,0.223966726540739
440.956,0.223991210504349
460.954,0.224013574723466
480.952,0.22403408305725
500.95,0.224052957317039
520.948,0.224070385321219
540.946,0.224086527166788
560.944,0.224101520161836
580.942,0.22411548274105
600.94,0.224128517600736
620.938,0.224140714229042
640.936,0.224152150963242
660.934,0.224162896674119
680.932,0.224173012153974
700.93,0.224182551267382
720.928,0.224191561910687
740.926,0.224200086816326
760.924,0.224208164230494
780.922,0.224215828486816
800.92,0.224223110494192
820.918,0.224230038153418
840.916,0.22423663671444
860.914,0.224242929083866
880.912,0.224248936090648
900.91,0.224254676716418
920.908,0.224260168295841
940.906,0.22426542669145
960.904,0.224270466446675
980.902,0.224275300920163
1000.9,0.224279942404021
1020.898,0.224284402228175
1040.896,0.224288690852701
1060.894,0.224292817949739
1080.892,0.224296792476308
1100.89,0.224300622739198
1120.888,0.224304316452928
1140.886,0.2243078807916
1160.884,0.224311322435411
1180.882,0.224314647612435
1200.88,0.224317862136238
1220.878,0.224320971439799
1240.876,0.224323980606151
1260.874,0.224326894396109
1280.872,0.224329717273409
1300.87,0.224332453427518
1320.868,0.224335106794383
1340.866,0.224337681075324
1360.864,0.22434017975426
1380.862,0.224342606113434
1400.86,0.224344963247807
1420.858,0.224347254078221
1440.856,0.224349481363475
1460.854,0.224351647711411
1480.852,0.224353755589099
1500.85,0.224355807332208
1520.848,0.224357805153638
1540.846,0.224359751151487
1560.844,0.224361647316395
1580.842,0.22436349553834
1600.84,0.224365297612917
1620.838,0.224367055247165
1640.836,0.22436877006495
1660.834,0.224370443611977
1680.832,0.224372077360435
1700.83,0.224373672713314
1720.828,0.224375231008426
1740.826,0.224376753522144
1760.824,0.224378241472893
1780.822,0.224379696024397
1800.82,0.224381118288719
1820.818,0.224382509329093
1840.816,0.224383870162575
1860.814,0.224385201762527
1880.812,0.224386505060932
1900.81,0.224387780950577
1920.808,0.224389030287085
1940.806,0.224390253890836
1960.804,0.224391452548756
1980.802,0.22439262701601
2000.8,0.224393778017588
2020.798,0.224394906249794
2040.796,0.224396012381653
2060.794,0.224397097056236
2080.792,0.224398160891903
2100.79,0.22439920448348
2120.788,0.224400228403368
2140.786,0.22440123320259
2160.784,0.224402219411781
2180.782,0.22440318754212
2200.78,0.224404138086215
2220.778,0.224405071518937
2240.776,0.224405988298216
2260.774,0.224406888865783
2280.772,0.224407773647885
2300.77,0.224408643055957
2320.768,0.224409497487257
2340.766,0.224410337325474
2360.764,0.224411162941302
2380.762,0.224411974692985
2400.76,0.224412772926835
2420.758,0.224413557977726
2440.756,0.224414330169561
2460.754,0.22441508981572
2480.752,0.224415837219479
2500.75,0.22441657267442
2520.748,0.22441729646481
2540.746,0.224418008865972
2560.744,0.22441871014463
2580.742,0.224419400559245
2600.74,0.224420080360331
2620.738,0.22442074979076
2640.736,0.224421409086048
2660.734,0.224422058474634
2680.732,0.224422698178143
2700.73,0.224423328411638
2720.728,0.224423949383862
2740.726,0.224424561297468
2760.724,0.224425164349237
2780.722,0.224425758730295
2800.72,0.224426344626307
2820.718,0.224426922217678
2840.716,0.224427491679734
2860.714,0.224428053182899
2880.712,0.224428606892868
2900.71,0.224429152970767
2920.708,0.224429691573311
2940.706,0.224430222852954
2960.704,0.224430746958032
2980.702,0.224431264032901
3000.7,0.224431774218071
3020.698,0.224432277650333
3040.696,0.224432774462878
3060.694,0.224433264785421
3080.692,0.224433748744306
3100.69,0.224434226462621
3120.688,0.2244346980603
3140.686,0.224435163654222
3160.684,0.22443562335831
3180.682,0.224436077283623
3200.68,0.224436525538443
3220.678,0.224436968228367
3240.676,0.224437405456385
3260.674,0.224437837322958
3280.672,0.224438263926104
3300.67,0.224438685361461
3320.668,0.224439101722367
3340.666,0.224439513099924
3360.664,0.224439919583069
3380.662,0.224440321258631
3400.66,0.2244407182114
3420.658,0.224441110524184
3440.656,0.224441498277865
3460.654,0.224441881551456
3480.652,0.224442260422156
3500.65,0.224442634965399
3520.648,0.224443005254907
3540.646,0.224443371362735
3560.644,0.224443733359322
3580.642,0.224444091313532
3600.64,0.224444445292701
3620.638,0.224444795362676
3640.636,0.224445141587859
3660.634,0.224445484031244
3680.632,0.224445822754458
3700.63,0.224446157817795
3720.628,0.224446489280253
3740.626,0.224446817199569
3760.624,0.224447141632252
3780.622,0.224447462633617
3800.62,0.224447780257812
3820.618,0.224448094557855
3840.616,0.224448405585658
3860.614,0.224448713392059
3880.612,0.224449018026847
3900.61,0.224449319538791
3920.608,0.224449617975664
3940.606,0.224449913384272
3960.604,0.224450205810475
3980.602,0.224450495299209
4000.6,0.224450781894515
4020.598,0.224451065639556
4040.596,0.224451346576643
4060.594,0.224451624747252
4080.592,0.224451900192045
4100.59,0.224452172950894
4120.588,0.224452443062894
4140.586,0.224452710566388
4160.584,0.224452975498979
4180.582,0.224453237897553
4200.58,0.224453497798293
4220.578,0.224453755236696
4240.576,0.224454010247589
4260.574,0.224454262865147
4280.572,0.224454513122906
4300.57,0.224454761053777
4320.568,0.224455006690064
4340.566,0.224455250063473
4360.564,0.224455491205132
4380.562,0.224455730145597
4400.56,0.224455966914872
4420.558,0.224456201542415
4440.556,0.224456434057157
4460.554,0.224456664487508
4480.552,0.224456892861371
4500.55,0.224457119206154
4520.548,0.224457343548779
4540.546,0.224457565915695
4560.544,0.224457786332886
4580.542,0.224458004825884
4600.54,0.224458221419776
4620.538,0.224458436139214
4640.536,0.224458649008427
4660.534,0.224458860051227
4680.532,0.22445906929102
4700.53,0.224459276750812
4720.528,0.224459482453222
4740.526,0.224459686420485
4760.524,0.224459888674463
4780.522,0.224460089236654
4800.52,0.224460288128195
4820.518,0.224460485369874
4840.516,0.224460680982136
4860.514,0.224460874985088
4880.512,0.22446106739851
4900.51,0.224461258241855
4920.508,0.224461447534265
4940.506,0.224461635294569
4960.504,0.224461821541292
4980.502,0.224462006292663
5000.5,0.224462189566619
5020.498,0.224462371380812
5040.496,0.224462551752612
5060.494,0.224462730699116
5080.492,0.224462908237152
5100.49,0.224463084383283
5120.488,0.224463259153815
5140.486,0.224463432564798
5160.484,0.224463604632036
5180.482,0.224463775371086
5200.48,0.224463944797268
5220.478,0.224464112925667
5240.476,0.224464279771137
5260.474,0.224464445348306
5280.472,0.224464609671582
5300.47,0.224464772755154
5320.468,0.224464934612999
5340.466,0.224465095258883
5360.464,0.224465254706368
5380.462,0.224465412968814
5400.46,0.224465570059384
5420.458,0.224465725991045
5440.456,0.224465880776575
5460.454,0.224466034428564
5480.452,0.224466186959418
5500.45,0.224466338381363
5520.448,0.224466488706449
5540.446,0.22446663794655
5560.444,0.224466786113371
5580.442,0.224466933218448
5600.44,0.224467079273153
5620.438,0.224467224288695
5640.436,0.224467368276126
5660.434,0.224467511246341
5680.432,0.22446765321008
5700.43,0.224467794177936
5720.428,0.224467934160349
5740.426,0.224468073167618
5760.424,0.224468211209897
5780.422,0.2244683482972
5800.42,0.224468484439401
5820.418,0.224468619646241
5840.416,0.224468753927327
5860.414,0.224468887292134
5880.412,0.224469019750008
5900.41,0.22446915131017
5920.408,0.224469281981714
5940.406,0.224469411773615
5960.404,0.224469540694723
5980.402,0.224469668753773
6000.4,0.224469795959384
6020.398,0.224469922320058
6040.396,0.224470047844185
6060.394,0.224470172540046
6080.392,0.224470296415812
6100.39,0.224470419479546
6120.388,0.224470541739207
6140.386,0.22447066320265
6160.384,0.224470783877627
6180.382,0.224470903771791
6200.38,0.224471022892696
6220.378,0.224471141247799
6240.376,0.22447125884446
6260.374,0.224471375689947
6280.372,0.224471491791435
6300.37,0.224471607156005
6320.368,0.224471721790654
6340.366,0.224471835702285
6360.364,0.224471948897718
6380.362,0.224472061383687
6400.36,0.224472173166839
6420.358,0.224472284253742
6440.356,0.224472394650881
6460.354,0.224472504364659
6480.352,0.224472613401402
6500.35,0.224472721767358
6520.348,0.224472829468699
6540.346,0.224472936511518
6560.344,0.224473042901838
6580.342,0.224473148645606
6600.34,0.224473253748699
6620.338,0.224473358216921
6640.336,0.224473462056008
6660.334,0.224473565271626
6680.332,0.224473667869372
6700.33,0.224473769854779
6720.328,0.224473871233313
6740.326,0.224473972010373
6760.324,0.224474072191297
6780.322,0.224474171781359
6800.32,0.224474270785771
6820.318,0.224474369209683
6840.316,0.224474467058187
6860.314,0.224474564336314
6880.312,0.224474661049035
6900.31,0.224474757201267
6920.308,0.224474852797868
6940.306,0.22447494784364
6960.304,0.22447504234333
6980.302,0.224475136301631
7000.3,0.224475229723182
7020.298,0.224475322612569
7040.296,0.224475414974327
7060.294,0.224475506812939
7080.292,0.224475598132836
7100.29,0.224475688938401
7120.288,0.224475779233966
7140.286,0.224475869023817
7160.284,0.224475958312191
7180.282,0.224476047103275
7200.28,0.224476135401214
7220.278,0.224476223210104
7240.276,0.224476310533998
7260.274,0.224476397376902
7280.272,0.224476483742779
7300.27,0.224476569635549
7320.268,0.224476655059089
7340.266,0.224476740017233
7360.264,0.224476824513775
7380.262,0.224476908552467
7400.26,0.224476992137019
7420.258,0.224477075271103
7440.256,0.22447715795835
7460.254,0.224477240202354
7480.252,0.22447732200667
7500.25,0.224477403374813
7520.248,0.224477484310262
7540.246,0.224477564816461
7560.244,0.224477644896815
7580.242,0.224477724554693
7600.24,0.224477803793431
7620.238,0.224477882616327
7640.236,0.224477961026647
7660.234,0.224478039027622
7680.232,0.224478116622448
7700.23,0.224478193814289
7720.228,0.224478270606278
7740.226,0.224478347001512
7760.224,0.224478423003058
7780.222,0.224478498613953
7800.22,0.224478573837199
7820.218,0.224478648675771
7840.216,0.224478723132612
7860.214,0.224478797210635
7880.212,0.224478870912723
7900.21,0.224478944241731
7920.208,0.224479017200486
7940.206,0.224479089791783
7960.204,0.224479162018392
7980.202,0.224479233883055
8000.2,0.224479305388485
8020.198,0.224479376537369
8040.196,0.224479447332367
8060.194,0.224479517776114
8080.192,0.224479587871216
8100.19,0.224479657620255
8120.188,0.224479727025788
8140.186,0.224479796090347
8160.184,0.224479864816438
8180.182,0.224479933206543
8200.18,0.224480001263119
8220.178,0.224480068988601
8240.176,0.224480136385399
8260.174,0.224480203455901
8280.172,0.224480270202468
8300.17,0.224480336627444
8320.168,0.224480402733147
8340.166,0.224480468521872
8360.164,0.224480533995895
8380.162,0.224480599157468
8400.16,0.224480664008822
8420.158,0.224480728552167
8440.156,0.224480792789693
8460.154,0.224480856723568
8480.152,0.22448092035594
8500.15,0.224480983688936
8520.148,0.224481046724664
8540.146,0.224481109465213
8560.144,0.224481171912651
8580.142,0.224481234069027
8600.14,0.224481295936372
8620.138,0.224481357516696
8640.136,0.224481418811993
8660.134,0.224481479824236
8680.132,0.224481540555383
8700.13,0.22448160100737
8720.128,0.224481661182119
8740.126,0.224481721081532
8760.124,0.224481780707495
8780.122,0.224481840061875
8800.12,0.224481899146525
8820.118,0.224481957963279
8840.116,0.224482016513954
8860.114,0.224482074800352
8880.112,0.224482132824259
8900.11,0.224482190587443
8920.108,0.224482248091657
8940.106,0.224482305338641
8960.104,0.224482362330115
8980.102,0.224482419067786
9000.1,0.224482475553346
9020.098,0.224482531788473
9040.096,0.224482587774826
9060.094,0.224482643514055
9080.092,0.22448269900779
9100.09,0.224482754257651
9120.088,0.224482809265242
9140.086,0.224482864032153
9160.084,0.224482918559959
9180.082,0.224482972850224
9200.08,0.224483026904495
9220.078,0.22448308072431
9240.076,0.224483134311188
9260.074,0.224483187666641
9280.072,0.224483240792163
9300.07,0.224483293689238
9320.068,0.224483346359336
9340.066,0.224483398803914
9360.064,0.224483451024419
9380.062,0.224483503022283
9400.06,0.224483554798927
9420.058,0.22448360635576
9440.056,0.224483657694178
9460.054,0.224483708815566
9480.052,0.224483759721299
9500.05,0.224483810412737
9520.048,0.224483860891231
9540.046,0.22448391115812
9560.044,0.224483961214731
9580.042,0.224484011062382
9600.04,0.224484060702378
9620.038,0.224484110136014
9640.036,0.224484159364574
9660.034,0.224484208389332
9680.032,0.22448425721155
9700.03,0.224484305832481
9720.028,0.224484354253368
9740.026,0.224484402475442
9760.024,0.224484450499926
9780.022,0.22448449832803
9800.02,0.224484545960959
9820.018,0.224484593399903
9840.016,0.224484640646045
9860.014,0.224484687700559
9880.012,0.224484734564607
9900.01,0.224484781239344
9920.008,0.224484827725915
9940.006,0.224484874025455
9960.004,0.224484920139091
9980.002,0.22448496606794
10000,0.224485011813111
