"ResDensity","N_TraitValue"
0.5,0.0125848579899213
0.699,0.0168152868245802
0.898,0.0206872641121381
1.097,0.0242444965109509
1.296,0.0275238625566069
1.495,0.0305566959550678
1.694,0.0333697899385451
1.893,0.0359861909461404
2.092,0.0384258314445181
2.291,0.0407060386819416
2.49,0.0428419468553895
2.689,0.0448468334277887
2.888,0.0467323953955839
3.087,0.0485089776540487
3.286,0.0501857628782859
3.485,0.0517709302795202
3.684,0.053271789030572
3.883,0.0546948909537213
4.082,0.056046126136338
4.281,0.0573308044174827
4.48,0.0585537251227384
4.679,0.0597192369781345
4.878,0.0608312897797753
5.077,0.0618934791130065
5.276,0.062909085187985
5.475,0.0638811066753804
5.674,0.0648122902774219
5.873,0.0657051566484929
6.072,0.0665620231804164
6.271,0.0673850240861365
6.47,0.0681761281482658
6.669,0.0689371544432328
6.868,0.0696697863053935
7.067,0.0703755837567334
7.266,0.0710559945953308
7.465,0.071712364308444
7.664,0.0723459449530568
7.863,0.0729579031272129
8.062,0.0735493271389201
8.261,0.0741212334653075
8.46,0.0746745725826839
8.659,0.0752102342378399
8.858,0.0757290522220874
9.057,0.076231808701917
9.256,0.0767192381535826
9.455,0.0771920309432389
9.654,0.0776508365893343
9.853,0.0780962667396794
10.052,0.0785288978918858
10.251,0.0789492738826192
10.45,0.0793579081682674
10.649,0.079755285917133
10.848,0.0801418659310765
11.047,0.0805180824126112
11.246,0.0808843465917606
11.445,0.081241048225491
11.644,0.0815885569812156
11.843,0.081927223714692
12.042,0.082257381651601
12.241,0.0825793474811708
12.44,0.0828934223693913
12.639,0.0831998928986333
12.838,0.0834990319398335
13.037,0.0837910994628255
13.236,0.0840763432898746
13.435,0.0843549997970067
13.634,0.0846272945673037
13.833,0.0848934429999589
14.032,0.0851536508785497
14.231,0.0854081149016778
14.43,0.0856570231788529
14.629,0.0859005556942467
14.828,0.0861388847407212
15.027,0.0863721753263287
15.226,0.0866005855553012
15.425,0.0868242669853767
15.624,0.087043364963159
15.823,0.0872580189390719
16.022,0.0874683627633402
16.221,0.0876745249643192
16.42,0.087876629010387
16.619,0.0880747935565236
16.818,0.0882691326766081
17.017,0.0884597560823929
17.216,0.0886467693300361
17.415,0.0888302740150095
17.614,0.0890103679561387
17.813,0.0891871453694758
18.012,0.0893606970326534
18.211,0.0895311104403231
18.41,0.0896984699512374
18.609,0.0898628569274942
18.808,0.0900243498664274
19.007,0.0901830245255924
19.206,0.0903389540412644
19.405,0.0904922090408397
19.604,0.0906428577495019
19.803,0.0907909660914926
20.002,0.0909365977863013
20.201,0.09107981444007
20.4,0.0912206756324881
20.599,0.0913592389994346
20.798,0.0914955603116085
20.997,0.0916296935493736
21.196,0.0917616909740272
21.395,0.0918916031956916
21.594,0.0920194792380138
21.793,0.0921453665998457
21.992,0.0922693113140694
22.191,0.0923913580037202
22.39,0.0925115499355503
22.589,0.0926299290711693
22.788,0.0927465361158881
22.987,0.0928614105653849
23.186,0.0929745907503076
23.385,0.093086113878916
23.584,0.0931960160778648
23.783,0.0933043324312224
23.982,0.0934110970178108
24.181,0.0935163429469534
24.38,0.0936201023927079
24.579,0.0937224066266589
24.778,0.0938232860493394
24.977,0.0939227702203502
25.176,0.0940208878872369
25.375,0.0941176670131855
25.574,0.0942131348035921
25.773,0.09430731773156
25.972,0.094400241562374
26.171,0.0944919313769997
26.37,0.0945824115946529
26.569,0.0946717059944814
26.768,0.0947598377364002
26.967,0.094846829381118
27.166,0.0949327029093909
27.365,0.0950174797405397
27.564,0.0951011807502608
27.763,0.0951838262877645
27.962,0.0952654361922681
28.161,0.0953460298088737
28.36,0.0954256260038558
28.559,0.0955042431793848
28.758,0.0955818992877114
28.957,0.0956586118448327
29.156,0.0957343979436641
29.355,0.0958092742667368
29.554,0.0958832570984397
29.753,0.0959563623368273
29.952,0.0960286055050084
30.151,0.0961000017621353
30.35,0.096170565914008
30.549,0.0962403124233103
30.748,0.096309255419492
30.947,0.0963774087083114
31.146,0.0964447857810518
31.345,0.0965113998234249
31.544,0.0965772637241735
31.743,0.0966423900833852
31.942,0.0967067912205278
32.141,0.096770479182219
32.34,0.0968334657497378
32.539,0.0968957624462907
32.738,0.096957380544039
32.937,0.0970183310708988
33.136,0.0970786248171206
33.335,0.0971382723416574
33.534,0.0971972839783294
33.733,0.0972556698417923
33.932,0.0973134398333166
34.131,0.0973706036463859
34.33,0.0974271707721183
34.529,0.0974831505045205
34.728,0.0975385519455782
34.927,0.0975933840101894
35.126,0.0976476554309473
35.325,0.0977013747627763
35.524,0.0977545503874273
35.723,0.0978071905178381
35.922,0.0978593032023618
36.121,0.0979108963288688
36.32,0.0979619776287274
36.519,0.0980125546806657
36.718,0.0980626349145202
36.917,0.0981122256148744
37.116,0.0981613339245911
37.315,0.0982099668482419
37.514,0.0982581312554385
37.713,0.0983058338840669
37.912,0.0983530813434298
38.111,0.0983998801172995
38.31,0.0984462365668842
38.509,0.0984921569337099
38.708,0.0985376473424223
38.907,0.0985827138035102
39.106,0.0986273622159521
39.305,0.0986715983697911
39.504,0.0987154279486374
39.703,0.0987588565321029
39.902,0.0988018895981691
40.101,0.0988445325254905
40.3,0.0988867905956356
40.499,0.0989286689952677
40.698,0.0989701728182671
40.897,0.0990113070677965
41.096,0.0990520766583115
41.295,0.0990924864175182
41.494,0.0991325410882784
41.693,0.099172245330466
41.892,0.0992116037227734
42.091,0.0992506207644723
42.29,0.0992893008771282
42.489,0.0993276484062705
42.688,0.0993656676230201
42.887,0.0994033627256753
43.086,0.0994407378412569
43.285,0.0994777970270151
43.484,0.0995145442718973
43.683,0.0995509834979791
43.882,0.0995871185618605
44.081,0.0996229532560261
44.28,0.0996584913101718
44.479,0.0996937363924994
44.678,0.0997286921109782
44.877,0.0997633620145767
45.076,0.0997977495944633
45.275,0.0998318582851788
45.474,0.0998656914657792
45.673,0.0998992524609523
45.872,0.0999325445421061
46.071,0.0999655709284327
46.27,0.099998334787945
46.469,0.100030839238491
46.668,0.10006308734874
46.867,0.100095082139153
47.066,0.100126826582922
47.265,0.100158323606893
47.464,0.100189576092462
47.663,0.10022058687646
47.862,0.100251358752006
48.061,0.100281894469348
48.26,0.100312196736682
48.459,0.100342268220952
48.658,0.100372111548634
48.857,0.100401729306499
49.056,0.10043112404236
49.255,0.100460298265807
49.454,0.100489254448916
49.653,0.100517995026948
49.852,0.100546522399036
50.051,0.100574838928847
50.25,0.10060294694524
50.449,0.100630848742899
50.648,0.100658546582963
50.847,0.100686042693633
51.046,0.100713339270771
51.245,0.100740438478485
51.444,0.100767342449699
51.643,0.100794053286715
51.842,0.100820573061761
52.041,0.100846903817521
52.24,0.100873047567669
52.439,0.100899006297375
52.638,0.100924781963809
52.837,0.100950376496634
53.036,0.10097579179849
53.235,0.10100102974546
53.434,0.101026092187534
53.633,0.101050980949063
53.832,0.1010756978292
54.031,0.101100244602333
54.23,0.10112462301851
54.429,0.101148834803857
54.628,0.101172881660983
54.827,0.101196765269377
55.026,0.101220487285805
55.225,0.101244049344689
55.424,0.101267453058483
55.623,0.101290700018041
55.822,0.101313791792978
56.021,0.101336729932022
56.22,0.101359515963362
56.419,0.101382151394987
56.618,0.101404637715016
56.817,0.101426976392028
57.016,0.10144916887538
57.215,0.10147121659552
57.414,0.101493120964294
57.613,0.101514883375251
57.812,0.101536505203932
58.011,0.101557987808167
58.21,0.101579332528353
58.409,0.101600540687738
58.608,0.10162161359269
58.807,0.101642552532969
59.006,0.101663358781987
59.205,0.101684033597069
59.404,0.101704578219703
59.603,0.101724993875792
59.802,0.101745281775897
60.001,0.101765443115473
60.2,0.101785479075108
60.399,0.101805390820751
60.598,0.10182517950394
60.797,0.101844846262022
60.996,0.101864392218371
61.195,0.101883818482605
61.394,0.101903126150793
61.593,0.101922316305661
61.792,0.101941390016794
61.991,0.101960348340841
62.19,0.101979192321699
62.389,0.101997922990714
62.588,0.102016541366867
62.787,0.102035048456955
62.986,0.102053445255776
63.185,0.102071732746308
63.384,0.10208991189988
63.583,0.102107983676348
63.782,0.102125949024261
63.981,0.102143808881032
64.18,0.102161564173093
64.379,0.102179215816061
64.578,0.102196764714896
64.777,0.102214211764052
64.976,0.10223155784763
65.175,0.102248803839529
65.374,0.102265950603591
65.573,0.102282998993748
65.772,0.102299949854159
65.971,0.102316804019354
66.17,0.102333562314367
66.369,0.102350225554876
66.568,0.102366794547329
66.767,0.102383270089077
66.966,0.102399652968505
67.165,0.102415943965152
67.364,0.102432143849839
67.563,0.102448253384786
67.762,0.10246427332374
67.961,0.102480204412081
68.16,0.102496047386948
68.359,0.102511802977347
68.558,0.102527471904265
68.757,0.102543054880776
68.956,0.102558552612157
69.155,0.102573965795987
69.354,0.102589295122254
69.553,0.102604541273461
69.752,0.102619704924722
69.951,0.102634786743865
70.15,0.102649787391532
70.349,0.102664707521268
70.548,0.102679547779626
70.747,0.102694308806251
70.946,0.102708991233978
71.145,0.102723595688921
71.344,0.102738122790559
71.543,0.10275257315183
71.742,0.10276694737921
71.941,0.102781246072803
72.14,0.102795469826421
72.339,0.10280961922767
72.538,0.102823694858026
72.737,0.102837697292921
72.936,0.102851627101815
73.135,0.102865484848278
73.334,0.102879271090061
73.533,0.102892986379179
73.732,0.102906631261974
73.931,0.102920206279197
74.13,0.102933711966075
74.329,0.102947148852379
74.528,0.102960517462501
74.727,0.102973818315513
74.926,0.102987051925241
75.125,0.103000218800328
75.324,0.1030133194443
75.523,0.10302635435563
75.722,0.103039324027802
75.921,0.103052228949372
76.12,0.10306506960403
76.319,0.10307784647066
76.518,0.1030905600234
76.717,0.103103210731702
76.916,0.103115799060387
77.115,0.103128325469703
77.314,0.103140790415382
77.513,0.103153194348695
77.712,0.103165537716505
77.911,0.103177820961323
78.11,0.103190044521359
78.309,0.103202208830575
78.508,0.103214314318735
78.707,0.103226361411458
78.906,0.103238350530267
79.105,0.103250282092637
79.304,0.103262156512044
79.503,0.103273974198012
79.702,0.103285735556165
79.901,0.103297440988265
80.1,0.103309090892264
80.299,0.103320685662349
80.498,0.103332225688982
80.697,0.103343711358947
80.896,0.103355143055396
81.095,0.103366521157884
81.294,0.103377846042419
81.493,0.103389118081497
81.692,0.103400337644149
81.891,0.103411505095975
82.09,0.103422620799187
82.289,0.103433685112651
82.488,0.103444698391918
82.687,0.10345566098927
82.886,0.103466573253753
83.085,0.103477435531214
83.284,0.10348824816434
83.483,0.103499011492693
83.682,0.103509725852745
83.881,0.103520391577912
84.08,0.103531008998593
84.279,0.103541578442197
84.478,0.103552100233184
84.677,0.103562574693094
84.876,0.10357300214058
85.075,0.103583382891442
85.274,0.103593717258657
85.473,0.103604005552411
85.672,0.103614248080132
85.871,0.103624445146518
86.07,0.103634597053567
86.269,0.103644704100611
86.468,0.103654766584338
86.667,0.103664784798831
86.866,0.103674759035586
87.065,0.103684689583549
87.264,0.103694576729137
87.463,0.103704420756273
87.662,0.103714221946405
87.861,0.103723980578539
88.06,0.103733696929262
88.259,0.103743371272772
88.458,0.103753003880898
88.657,0.10376259502313
88.856,0.103772144966643
89.055,0.103781653976323
89.254,0.103791122314787
89.453,0.103800550242412
89.652,0.103809938017358
89.851,0.103819285895589
90.05,0.103828594130899
90.249,0.103837862974934
90.448,0.103847092677214
90.647,0.103856283485157
90.846,0.103865435644099
91.045,0.103874549397317
91.244,0.103883624986052
91.443,0.103892662649528
91.642,0.103901662624973
91.841,0.103910625147641
92.04,0.103919550450832
92.239,0.103928438765914
92.438,0.103937290322339
92.637,0.103946105347666
92.836,0.103954884067579
93.035,0.103963626705909
93.234,0.103972333484648
93.433,0.103981004623971
93.632,0.103989640342257
93.831,0.103998240856101
94.03,0.104006806380338
94.229,0.104015337128058
94.428,0.104023833310623
94.627,0.104032295137687
94.826,0.104040722817211
95.025,0.104049116555482
95.224,0.104057476557127
95.423,0.104065803025135
95.622,0.104074096160865
95.821,0.10408235616407
96.02,0.104090583232909
96.219,0.104098777563966
96.418,0.104106939352261
96.617,0.104115068791269
96.816,0.104123166072934
97.015,0.104131231387686
97.214,0.104139264924453
97.413,0.104147266870677
97.612,0.10415523741233
97.811,0.104163176733925
98.01,0.104171085018534
98.209,0.104178962447801
98.408,0.104186809201954
98.607,0.10419462545982
98.806,0.10420241139884
99.005,0.104210167195079
99.204,0.104217893023244
99.403,0.104225589056693
99.602,0.104233255467449
99.801,0.104240892426215
100,0.104248500102382
