"ResDensity","N_TraitValue"
0.25,1.12833130004434e-05
0.2535,1.1408433249875e-05
0.257,1.15328371542926e-05
0.2605,1.16565308480202e-05
0.264,1.17795203955403e-05
0.2675,1.19018117924852e-05
0.271,1.20234109666117e-05
0.2745,1.21443237787583e-05
0.278,1.22645560237873e-05
0.2815,1.23841134315103e-05
0.285,1.25030016675987e-05
0.2885,1.26212263344784e-05
0.292,1.273879297221e-05
0.2955,1.28557070593543e-05
0.299,1.2971974013823e-05
0.3025,1.30875991937159e-05
0.306,1.3202587898144e-05
0.3095,1.3316945368039e-05
0.313,1.34306767869493e-05
0.3165,1.35437872818238e-05
0.32,1.36562819237818e-05
0.3235,1.37681657288711e-05
0.327,1.38794436588135e-05
0.3305,1.39901206217384e-05
0.334,1.41002014729041e-05
0.3375,1.42096910154083e-05
0.341,1.43185940008862e-05
0.3445,1.44269151301982e-05
0.348,1.45346590541064e-05
0.3515,1.46418303739397e-05
0.355,1.47484336422495e-05
0.3585,1.48544733634537e-05
0.362,1.49599539944718e-05
0.3655,1.50648799453487e-05
0.369,1.51692555798699e-05
0.3725,1.5273085216166e-05
0.376,1.53763731273086e-05
0.3795,1.54791235418961e-05
0.383,1.55813406446311e-05
0.3865,1.56830285768884e-05
0.39,1.57841914372743e-05
0.3935,1.58848332821772e-05
0.397,1.59849581263102e-05
0.4005,1.60845699432441e-05
0.404,1.6183672665934e-05
0.4075,1.62822701872364e-05
0.411,1.6380366360419e-05
0.4145,1.64779649996629e-05
0.418,1.65750698805565e-05
0.4215,1.66716847405829e-05
0.425,1.6767813279599e-05
0.4285,1.68634591603081e-05
0.432,1.6958626008725e-05
0.4355,1.70533174146341e-05
0.439,1.71475369320409e-05
0.4425,1.72412880796166e-05
0.446,1.73345743411364e-05
0.4495,1.74273991659104e-05
0.453,1.75197659692094e-05
0.4565,1.76116781326834e-05
0.46,1.77031390047747e-05
0.4635,1.77941519011236e-05
0.467,1.78847201049704e-05
0.4705,1.79748468675491e-05
0.474,1.80645354084769e-05
0.4775,1.81537889161378e-05
0.481,1.82426105480599e-05
0.4845,1.83310034312882e-05
0.488,1.84189706627514e-05
0.4915,1.85065153096237e-05
0.495,1.8593640409681e-05
0.4985,1.86803489716527e-05
0.502,1.87666439755677e-05
0.5055,1.88525283730959e-05
0.509,1.89380050878848e-05
0.5125,1.90230770158913e-05
0.516,1.91077470257085e-05
0.5195,1.91920179588886e-05
0.523,1.92758926302602e-05
0.5265,1.93593738282422e-05
0.53,1.94424643151526e-05
0.5335,1.95251668275132e-05
0.537,1.96074840763501e-05
0.5405,1.96894187474896e-05
0.544,1.97709735018509e-05
0.5475,1.98521509757338e-05
0.551,1.99329537811025e-05
0.5545,2.00133845058665e-05
0.558,2.00934457141562e-05
0.5615,2.01731399465956e-05
0.565,2.02524697205712e-05
0.5685,2.03314375304969e-05
0.572,2.04100458480756e-05
0.5755,2.04882971225568e-05
0.579,2.05661937809914e-05
0.5825,2.06437382284823e-05
0.586,2.07209328484319e-05
0.5895,2.07977800027867e-05
0.593,2.08742820322778e-05
0.5965,2.09504412566586e-05
0.6,2.10262599749395e-05
0.6035,2.11017404656191e-05
0.607,2.11768849869125e-05
0.6105,2.12516957769763e-05
0.614,2.13261750541311e-05
0.6175,2.14003250170808e-05
0.621,2.14741478451285e-05
0.6245,2.15476456983904e-05
0.628,2.16208207180067e-05
0.6315,2.16936750263489e-05
0.635,2.17662107272254e-05
0.6385,2.18384299060841e-05
0.642,2.19103346302119e-05
0.6455,2.19819269489323e-05
0.649,2.20532088937998e-05
0.6525,2.21241824787925e-05
0.656,2.21948497005013e-05
0.6595,2.22652125383172e-05
0.663,2.23352729546165e-05
0.6665,2.24050328949429e-05
0.67,2.24744942881876e-05
0.6735,2.25436590467671e-05
0.677,2.2612529066799e-05
0.6805,2.26811062282748e-05
0.684,2.27493923952313e-05
0.6875,2.28173894159193e-05
0.691,2.28850991229707e-05
0.6945,2.29525233335628e-05
0.698,2.30196638495807e-05
0.7015,2.30865224577784e-05
0.705,2.31531009299368e-05
0.7085,2.32194010230207e-05
0.712,2.32854244793326e-05
0.7155,2.3351173026666e-05
0.719,2.34166483784561e-05
0.7225,2.3481852233928e-05
0.726,2.35467862782445e-05
0.7295,2.36114521826507e-05
0.733,2.36758516046178e-05
0.7365,2.37399861879842e-05
0.74,2.3803857563096e-05
0.7435,2.38674673469446e-05
0.747,2.39308171433035e-05
0.7505,2.3993908542863e-05
0.754,2.40567431233632e-05
0.7575,2.41193224497257e-05
0.761,2.41816480741833e-05
0.7645,2.42437215364089e-05
0.768,2.43055443636414e-05
0.7715,2.43671180708116e-05
0.775,2.4428444160666e-05
0.7785,2.44895241238886e-05
0.782,2.45503594392218e-05
0.7855,2.46109515735863e-05
0.789,2.4671301982198e-05
0.7925,2.47314121086855e-05
0.796,2.47912833852045e-05
0.7995,2.4850917232552e-05
0.803,2.49103150602785e-05
0.8065,2.49694782667988e-05
0.81,2.50284082395023e-05
0.8135,2.5087106354861e-05
0.817,2.51455739785369e-05
0.8205,2.52038124654878e-05
0.824,2.52618231600721e-05
0.8275,2.5319607396152e-05
0.831,2.53771664971961e-05
0.8345,2.543450177638e-05
0.838,2.54916145366865e-05
0.8415,2.55485060710044e-05
0.845,2.56051776622255e-05
0.8485,2.56616305833417e-05
0.852,2.57178660975398e-05
0.8555,2.57738854582962e-05
0.859,2.58296899094694e-05
0.8625,2.58852806853927e-05
0.866,2.59406590109649e-05
0.8695,2.59958261017403e-05
0.873,2.60507831640175e-05
0.8765,2.61055313949276e-05
0.88,2.61600719825211e-05
0.8835,2.62144061058536e-05
0.887,2.62685349350708e-05
0.8905,2.63224596314927e-05
0.894,2.63761813476967e-05
0.8975,2.64297012275993e-05
0.901,2.64830204065377e-05
0.9045,2.65361400113501e-05
0.908,2.65890611604546e-05
0.9115,2.66417849639283e-05
0.915,2.66943125235845e-05
0.9185,2.67466449330496e-05
0.922,2.67987832778391e-05
0.9255,2.68507286354324e-05
0.929,2.69024820753473e-05
0.9325,2.69540446592132e-05
0.936,2.70054174408439e-05
0.9395,2.7056601466309e-05
0.943,2.71075977740054e-05
0.9465,2.71584073947271e-05
0.95,2.72090313517352e-05
0.9535,2.72594706608257e-05
0.957,2.73097263303984e-05
0.9605,2.73597993615236e-05
0.964,2.74096907480084e-05
0.9675,2.74594014764629e-05
0.971,2.75089325263651e-05
0.9745,2.75582848701251e-05
0.978,2.76074594731486e-05
0.9815,2.76564572939003e-05
0.985,2.77052792839659e-05
0.9885,2.77539263881135e-05
0.992,2.7802399544355e-05
0.9955,2.78506996840061e-05
0.999,2.7898827731746e-05
1.0025,2.79467846056763e-05
1.006,2.79945712173796e-05
1.0095,2.80421884719773e-05
1.013,2.80896372681862e-05
1.0165,2.81369184983758e-05
1.02,2.81840330486238e-05
1.0235,2.82309817987714e-05
1.027,2.82777656224782e-05
1.0305,2.83243853872767e-05
1.034,2.83708419546253e-05
1.0375,2.84171361799618e-05
1.041,2.84632689127558e-05
1.0445,2.85092409965606e-05
1.048,2.85550532690648e-05
1.0515,2.86007065621428e-05
1.055,2.86462017019057e-05
1.0585,2.86915395087505e-05
1.062,2.873672079741e-05
1.0655,2.87817463770013e-05
1.069,2.8826617051074e-05
1.0725,2.88713336176583e-05
1.076,2.89158968693121e-05
1.0795,2.89603075931678e-05
1.083,2.9004566570979e-05
1.0865,2.90486745791658e-05
1.09,2.90926323888607e-05
1.0935,2.91364407659531e-05
1.097,2.91801004711343e-05
1.1005,2.9223612259941e-05
1.104,2.92669768827994e-05
1.1075,2.9310195085068e-05
1.111,2.935326760708e-05
1.1145,2.93961951841866e-05
1.118,2.94389785467977e-05
1.1215,2.94816184204241e-05
1.125,2.9524115525718e-05
1.1285,2.95664705785141e-05
1.132,2.96086842898693e-05
1.1355,2.9650757366103e-05
1.139,2.96926905088358e-05
1.1425,2.97344844150294e-05
1.146,2.97761397770244e-05
1.1495,2.98176572825789e-05
1.153,2.98590376149064e-05
1.1565,2.99002814527133e-05
1.16,2.99413894702356e-05
1.1635,2.99823623372762e-05
1.167,3.00232007192408e-05
1.1705,3.00639052771744e-05
1.174,3.01044766677965e-05
1.1775,3.01449155435367e-05
1.181,3.01852225525696e-05
1.1845,3.02253983388494e-05
1.188,3.02654435421442e-05
1.1915,3.03053587980702e-05
1.195,3.03451447381247e-05
1.1985,3.03848019897202e-05
1.202,3.04243311762168e-05
1.2055,3.04637329169552e-05
1.209,3.05030078272887e-05
1.2125,3.05421565186156e-05
1.216,3.05811795984108e-05
1.2195,3.06200776702569e-05
1.223,3.0658851333876e-05
1.2265,3.06975011851599e-05
1.23,3.07360278162008e-05
1.2335,3.07744318153218e-05
1.237,3.08127137671064e-05
1.2405,3.08508742524286e-05
1.244,3.0888913848482e-05
1.2475,3.09268331288089e-05
1.251,3.09646326633293e-05
1.2545,3.10023130183695e-05
1.258,3.10398747566899e-05
1.2615,3.10773184375135e-05
1.265,3.11146446165538e-05
1.2685,3.11518538460415e-05
1.272,3.11889466747526e-05
1.2755,3.12259236480349e-05
1.279,3.12627853078349e-05
1.2825,3.12995321927241e-05
1.286,3.13361648379254e-05
1.2895,3.13726837753391e-05
1.293,3.14090895335686e-05
1.2965,3.14453826379456e-05
1.3,3.14815636105561e-05
1.3035,3.15176329702647e-05
1.307,3.15535912327396e-05
1.3105,3.15894389104776e-05
1.314,3.16251765128278e-05
1.3175,3.16608045460161e-05
1.321,3.16963235131693e-05
1.3245,3.17317339143381e-05
1.328,3.17670362465214e-05
1.3315,3.18022310036888e-05
1.335,3.18373186768042e-05
1.3385,3.18722997538484e-05
1.342,3.19071747198416e-05
1.3455,3.1941944056866e-05
1.349,3.19766082440881e-05
1.3525,3.20111677577804e-05
1.356,3.20456230713434e-05
1.3595,3.20799746553274e-05
1.363,3.21142229774535e-05
1.3665,3.21483685026351e-05
1.37,3.2182411692999e-05
1.3735,3.22163530079061e-05
1.377,3.2250192903972e-05
1.3805,3.22839318350876e-05
1.384,3.23175702524395e-05
1.3875,3.23511086045298e-05
1.391,3.23845473371965e-05
1.3945,3.24178868936326e-05
1.398,3.24511277144063e-05
1.4015,3.24842702374801e-05
1.405,3.25173148982301e-05
1.4085,3.2550262129465e-05
1.412,3.25831123614452e-05
1.4155,3.26158660219011e-05
1.419,3.26485235360523e-05
1.4225,3.26810853266254e-05
1.426,3.27135518138726e-05
1.4295,3.27459234155896e-05
1.433,3.27782005471336e-05
1.4365,3.28103836214411e-05
1.44,3.28424730490455e-05
1.4435,3.28744692380945e-05
1.447,3.29063725943673e-05
1.4505,3.29381835212919e-05
1.454,3.29699024199623e-05
1.4575,3.3001529689155e-05
1.461,3.30330657253458e-05
1.4645,3.30645109227264e-05
1.468,3.3095865673221e-05
1.4715,3.31271303665024e-05
1.475,3.3158305390008e-05
1.4785,3.31893911289561e-05
1.482,3.32203879663618e-05
1.4855,3.32512962830522e-05
1.489,3.32821164576827e-05
1.4925,3.3312848866752e-05
1.496,3.33434938846176e-05
1.4995,3.33740518835108e-05
1.503,3.34045232335522e-05
1.5065,3.34349083027663e-05
1.51,3.34652074570962e-05
1.5135,3.34954210604188e-05
1.517,3.35255494745587e-05
1.5205,3.35555930593033e-05
1.524,3.35855521724167e-05
1.5275,3.3615427169654e-05
1.531,3.36452184047754e-05
1.5345,3.36749262295602e-05
1.538,3.37045509938207e-05
1.5415,3.37340930454155e-05
1.545,3.3763552730264e-05
1.5485,3.37929303923588e-05
1.552,3.382222637378e-05
1.5555,3.3851441014708e-05
1.559,3.38805746534368e-05
1.5625,3.39096276263871e-05
1.566,3.39386002681193e-05
1.5695,3.39674929113458e-05
1.573,3.39963058869448e-05
1.5765,3.40250395239718e-05
1.58,3.40536941496729e-05
1.5835,3.40822700894968e-05
1.587,3.41107676671075e-05
1.5905,3.41391872043962e-05
1.594,3.41675290214933e-05
1.5975,3.41957934367809e-05
1.601,3.42239807669045e-05
1.6045,3.42520913267845e-05
1.608,3.42801254296286e-05
1.6115,3.43080833869426e-05
1.615,3.43359655085428e-05
1.6185,3.43637721025668e-05
1.622,3.43915034754851e-05
1.6255,3.44191599321124e-05
1.629,3.44467417756187e-05
1.6325,3.44742493075404e-05
1.636,3.45016828277911e-05
1.6395,3.45290426346729e-05
1.643,3.4556329024887e-05
1.6465,3.45835422935442e-05
1.65,3.46106827341758e-05
1.6535,3.46377506387443e-05
1.657,3.46647462976536e-05
1.6605,3.46916699997592e-05
1.664,3.47185220323791e-05
1.6675,3.47453026813035e-05
1.671,3.47720122308052e-05
1.6745,3.47986509636496e-05
1.678,3.48252191611046e-05
1.6815,3.48517171029504e-05
1.685,3.48781450674899e-05
1.6885,3.49045033315576e-05
1.692,3.49307921705299e-05
1.6955,3.49570118583345e-05
1.699,3.49831626674598e-05
1.7025,3.50092448689644e-05
1.706,3.50352587324866e-05
1.7095,3.50612045262537e-05
1.713,3.50870825170907e-05
1.7165,3.51128929704303e-05
1.72,3.51386361503214e-05
1.7235,3.5164312319438e-05
1.727,3.51899217390887e-05
1.7305,3.5215464669225e-05
1.734,3.52409413684505e-05
1.7375,3.52663520940293e-05
1.741,3.52916971018949e-05
1.7445,3.53169766466588e-05
1.748,3.53421909816188e-05
1.7515,3.53673403587676e-05
1.755,3.53924250288012e-05
1.7585,3.54174452411273e-05
1.762,3.54424012438734e-05
1.7655,3.54672932838951e-05
1.769,3.54921216067843e-05
1.7725,3.55168864568771e-05
1.776,3.5541588077262e-05
1.7795,3.55662267097877e-05
1.783,3.55908025950713e-05
1.7865,3.56153159725054e-05
1.79,3.5639767080267e-05
1.7935,3.5664156155324e-05
1.797,3.56884834334439e-05
1.8005,3.57127491492007e-05
1.804,3.57369535359827e-05
1.8075,3.5761096826e-05
1.811,3.57851792502919e-05
1.8145,3.58092010387342e-05
1.818,3.58331624200467e-05
1.8215,3.58570636218002e-05
1.825,3.58809048704238e-05
1.8285,3.59046863912122e-05
1.832,3.59284084083327e-05
1.8355,3.59520711448321e-05
1.839,3.59756748226439e-05
1.8425,3.59992196625952e-05
1.846,3.60227058844134e-05
1.8495,3.60461337067332e-05
1.853,3.60695033471036e-05
1.8565,3.6092815021994e-05
1.86,3.61160689468016e-05
1.8635,3.61392653358577e-05
1.867,3.6162404402434e-05
1.8705,3.61854863587497e-05
1.874,3.62085114159777e-05
1.8775,3.6231479784251e-05
1.881,3.62543916726692e-05
1.8845,3.62772472893047e-05
1.888,3.63000468412091e-05
1.8915,3.63227905344197e-05
1.895,3.63454785739652e-05
1.8985,3.63681111638722e-05
1.902,3.63906885071712e-05
1.9055,3.64132108059027e-05
1.909,3.64356782611233e-05
1.9125,3.64580910729117e-05
1.916,3.64804494403742e-05
1.9195,3.65027535616514e-05
1.923,3.65250036339232e-05
1.9265,3.65471998534153e-05
1.93,3.65693424154046e-05
1.9335,3.65914315142249e-05
1.937,3.66134673432729e-05
1.9405,3.66354500950135e-05
1.944,3.66573799609855e-05
1.9475,3.66792571318073e-05
1.951,3.67010817971822e-05
1.9545,3.67228541459043e-05
1.958,3.67445743658633e-05
1.9615,3.67662426440506e-05
1.965,3.67878591665639e-05
1.9685,3.68094241186134e-05
1.972,3.68309376845264e-05
1.9755,3.68524000477528e-05
1.979,3.68738113908704e-05
1.9825,3.68951718955898e-05
1.986,3.69164817427601e-05
1.9895,3.69377411123732e-05
1.993,3.69589501835695e-05
1.9965,3.69801091346428e-05
2,3.70012181430452e-05
