"ResDensity","N_TraitValue"
1,1.73437719323968e-05
1.062,1.8270541349028e-05
1.124,1.91824821154544e-05
1.186,2.00799473027962e-05
1.248,2.0963278861573e-05
1.31,2.18328080561116e-05
1.372,2.2688855878749e-05
1.434,2.35317334449171e-05
1.496,2.43617423701328e-05
1.558,2.51791751298503e-05
1.62,2.59843154030806e-05
1.682,2.67774384006232e-05
1.744,2.7558811178711e-05
1.806,2.83286929388165e-05
1.868,2.90873353143277e-05
1.93,2.983498264476e-05
1.992,3.05718722381311e-05
2.054,3.1298234622091e-05
2.116,3.20142937843654e-05
2.178,3.27202674030394e-05
2.24,3.3416367067179e-05
2.302,3.41027984882589e-05
2.364,3.47797617028427e-05
2.426,3.54474512669329e-05
2.488,3.61060564423877e-05
2.55,3.67557613757814e-05
2.612,3.73967452700609e-05
2.674,3.80291825493366e-05
2.736,3.86532430171253e-05
2.798,3.92690920083459e-05
2.86,3.9876890535355e-05
2.922,4.04767954282922e-05
2.984,4.10689594699931e-05
3.046,4.16535315257127e-05
3.108,4.22306566678917e-05
3.17,4.2800476296184e-05
3.232,4.33631282529555e-05
3.294,4.39187469344516e-05
3.356,4.44674633978208e-05
3.418,4.50094054641757e-05
3.48,4.55446978178592e-05
3.542,4.60734621020799e-05
3.604,4.65958170110687e-05
3.666,4.71118783789053e-05
3.728,4.76217592651529e-05
3.79,4.81255700374345e-05
3.852,4.86234184510774e-05
3.914,4.91154097259468e-05
3.976,4.96016466205831e-05
4.038,5.00822295037537e-05
4.1,5.05572564235224e-05
4.162,5.10268231739373e-05
4.224,5.14910233594325e-05
4.286,5.19499484570342e-05
4.348,5.24036878764575e-05
4.41,5.28523290181781e-05
4.472,5.32959573295575e-05
4.534,5.37346563590964e-05
4.596,5.41685078088908e-05
4.658,5.4597591585358e-05
4.72,5.50219858482996e-05
4.782,5.54417670583645e-05
4.844,5.58570100229731e-05
4.906,5.6267787940759e-05
4.968,5.66741724445859e-05
5.03,5.70762336431906e-05
5.092,5.7474040161505e-05
5.154,5.78676591797033e-05
5.216,5.82571564710245e-05
5.278,5.8642596438411e-05
5.34,5.90240421500096e-05
5.402,5.94015553735735e-05
5.464,5.97751966098069e-05
5.526,6.01450251246872e-05
5.588,6.05110989808046e-05
5.65,6.08734750677507e-05
5.712,6.1232209131591e-05
5.774,6.1587355803454e-05
5.836,6.1938968627266e-05
5.898,6.22871000866625e-05
5.96,6.26318016311041e-05
6.022,6.29731237012242e-05
6.084,6.33111157534353e-05
6.146,6.36458262838174e-05
6.208,6.39773028513157e-05
6.27,6.43055921002673e-05
6.332,6.46307397822829e-05
6.394,6.49527907775016e-05
6.456,6.52717891152431e-05
6.518,6.55877779940736e-05
6.58,6.5900799801308e-05
6.642,6.62108961319643e-05
6.704,6.65181078071892e-05
6.766,6.68224748921726e-05
6.828,6.71240367135653e-05
6.89,6.74228318764192e-05
6.952,6.77188982806615e-05
7.014,6.80122731371212e-05
7.076,6.8302992983119e-05
7.138,6.85910936976375e-05
7.2,6.88766105160813e-05
7.262,6.91595780446438e-05
7.324,6.94400302742891e-05
7.386,6.97180005943636e-05
7.448,6.99935218058481e-05
7.51,7.026662613426e-05
7.572,7.05373452422188e-05
7.634,7.08057102416828e-05
7.696,7.10717517058683e-05
7.758,7.13354996808609e-05
7.82,7.1596983696927e-05
7.882,7.18562327795362e-05
7.944,7.21132754601014e-05
8.006,7.23681397864462e-05
8.068,7.26208533330079e-05
8.13,7.2871443210782e-05
8.192,7.3119936077018e-05
8.254,7.33663581446728e-05
8.316,7.36107351916283e-05
8.378,7.38530925696806e-05
8.44,7.40934552133074e-05
8.502,7.43318476482196e-05
8.564,7.45682939997037e-05
8.626,7.48028180007606e-05
8.688,7.50354430000466e-05
8.75,7.52661919696225e-05
8.812,7.54950875125156e-05
8.874,7.57221518701008e-05
8.936,7.59474069293047e-05
8.998,7.61708742296383e-05
9.06,7.63925749700633e-05
9.122,7.66125300156955e-05
9.184,7.68307599043513e-05
9.246,7.70472848529401e-05
9.308,7.72621247637075e-05
9.37,7.74752992303341e-05
9.432,7.76868275438918e-05
9.494,7.78967286986636e-05
9.556,7.8105021397829e-05
9.618,7.831172405902e-05
9.68,7.85168548197491e-05
9.742,7.87204315427154e-05
9.804,7.89224718209892e-05
9.866,7.91229929830804e-05
9.928,7.93220120978933e-05
9.99,7.95195459795695e-05
10.052,7.97156111922235e-05
10.114,7.99102240545731e-05
10.176,8.01034006444667e-05
10.238,8.02951568033113e-05
10.3,8.0485508140403e-05
10.362,8.06744700371624e-05
10.424,8.08620576512784e-05
10.486,8.10482859207605e-05
10.548,8.1233169567905e-05
10.61,8.14167231031743e-05
10.672,8.15989608289933e-05
10.734,8.17798968434645e-05
10.796,8.19595450440037e-05
10.858,8.21379191308981e-05
10.92,8.23150326107893e-05
10.982,8.24908988000829e-05
11.044,8.26655308282852e-05
11.106,8.28389416412717e-05
11.168,8.30111440044853e-05
11.23,8.31821505060698e-05
11.292,8.33519735599366e-05
11.354,8.35206254087692e-05
11.416,8.36881181269649e-05
11.478,8.38544636235169e-05
11.54,8.40196736448367e-05
11.602,8.4183759777519e-05
11.664,8.43467334510508e-05
11.726,8.45086059404647e-05
11.788,8.466938836894e-05
11.85,8.48290917103499e-05
11.912,8.49877267917585e-05
11.974,8.51453042958677e-05
12.036,8.53018347634154e-05
12.098,8.54573285955256e-05
12.16,8.56117960560123e-05
12.222,8.57652472736384e-05
12.284,8.5917692244329e-05
12.346,8.60691408333425e-05
12.408,8.62196027773983e-05
12.47,8.6369087686764e-05
12.532,8.65176050473011e-05
12.594,8.66651642224718e-05
12.656,8.68117744553068e-05
12.718,8.69574448703354e-05
12.78,8.71021844754784e-05
12.842,8.72460021639049e-05
12.904,8.73889067158538e-05
12.966,8.75309068004209e-05
13.028,8.76720109773118e-05
13.09,8.78122276985616e-05
13.152,8.79515653102231e-05
13.214,8.80900320540224e-05
13.276,8.8227636068984e-05
13.338,8.83643853930257e-05
13.4,8.85002879645236e-05
13.462,8.86353516238483e-05
13.524,8.87695841148727e-05
13.586,8.8902993086452e-05
13.648,8.90355860938765e-05
13.71,8.91673706002981e-05
13.772,8.92983539781307e-05
13.834,8.94285435104245e-05
13.896,8.95579463922163e-05
13.958,8.96865697318553e-05
14.02,8.98144205523039e-05
14.082,8.99415057924168e-05
14.144,9.00678323081958e-05
14.206,9.01934068740232e-05
14.268,9.03182361838721e-05
14.33,9.04423268524968e-05
14.392,9.05656854166002e-05
14.454,9.06883183359827e-05
14.516,9.0810231994669e-05
14.578,9.09314327020161e-05
14.64,9.10519266938021e-05
14.702,9.11717201332955e-05
14.764,9.12908191123058e-05
14.826,9.14092296522165e-05
14.888,9.15269577049998e-05
14.95,9.16440091542137e-05
15.012,9.17603898159825e-05
15.074,9.18761054399598e-05
15.136,9.19911617102758e-05
15.198,9.21055642464676e-05
15.26,9.22193186043941e-05
15.322,9.23324302771362e-05
15.384,9.24449046958798e-05
15.446,9.25567472307862e-05
15.508,9.26679631918462e-05
15.57,9.27785578297205e-05
15.632,9.28885363365663e-05
15.694,9.29979038468496e-05
15.756,9.31066654381446e-05
15.818,9.32148261319189e-05
15.88,9.33223908943069e-05
15.942,9.34293646368698e-05
16.004,9.35357522173426e-05
16.066,9.36415584403704e-05
16.128,9.37467880582309e-05
16.19,9.38514457715462e-05
16.252,9.39555362299829e-05
16.314,9.40590640329404e-05
16.376,9.41620337302285e-05
16.438,9.42644498227342e-05
16.5,9.43663167630769e-05
16.562,9.44676389562542e-05
16.624,9.45684207602767e-05
16.686,9.46686664867928e-05
16.748,9.47683804017037e-05
16.81,9.48675667257683e-05
16.872,9.49662296351991e-05
16.934,9.50643732622478e-05
16.996,9.51620016957831e-05
17.058,9.52591189818573e-05
17.12,9.53557291242667e-05
17.182,9.54518360851004e-05
17.244,9.55474437852831e-05
17.306,9.56425561051077e-05
17.368,9.57371768847604e-05
17.43,9.58313099248376e-05
17.492,9.59249589868546e-05
17.554,9.6018127793747e-05
17.616,9.61108200303636e-05
17.678,9.62030393439526e-05
17.74,9.62947893446397e-05
17.802,9.63860736058994e-05
17.864,9.64768956650188e-05
17.926,9.65672590235545e-05
17.988,9.66571671477829e-05
18.05,9.67466234691428e-05
18.112,9.68356313846729e-05
18.174,9.69241942574408e-05
18.236,9.70123154169674e-05
18.298,9.70999981596434e-05
18.36,9.71872457491412e-05
18.422,9.72740614168191e-05
18.484,9.73604483621207e-05
18.546,9.74464097529675e-05
18.608,9.75319487261466e-05
18.67,9.76170683876922e-05
18.732,9.77017718132611e-05
18.794,9.77860620485038e-05
18.856,9.7869942109429e-05
18.918,9.79534149827637e-05
18.98,9.80364836263074e-05
19.042,9.81191509692819e-05
19.104,9.82014199126751e-05
19.166,9.82832933295806e-05
19.228,9.83647740655323e-05
19.29,9.84458649388339e-05
19.352,9.85265687408838e-05
19.414,9.86068882364954e-05
19.476,9.86868261642131e-05
19.538,9.87663852366233e-05
19.6,9.88455681406611e-05
19.662,9.89243775379132e-05
19.724,9.9002816064916e-05
19.786,9.90808863334492e-05
19.848,9.91585909308262e-05
19.91,9.92359324201798e-05
19.972,9.93129133407438e-05
20.034,9.93895362081313e-05
20.096,9.94658035146081e-05
20.158,9.95417177293637e-05
20.22,9.96172812987772e-05
20.282,9.96924966466804e-05
20.344,9.97673661746166e-05
20.406,9.98418922620968e-05
20.468,9.9916077266851e-05
20.53,9.99899235250778e-05
20.592,0.000100063433351689
20.654,0.00010013660904055
20.716,0.000100209452864724
20.778,0.000100281967076699
20.84,0.000100354153908626
20.902,0.000100426015572548
20.964,0.000100497554260622
21.026,0.000100568772145345
21.088,0.000100639671379774
21.15,0.000100710254097742
21.212,0.000100780522414071
21.274,0.000100850478424785
21.336,0.000100920124207319
21.398,0.000100989461820723
21.46,0.000101058493305863
21.522,0.000101127220685628
21.584,0.000101195645965119
21.646,0.000101263771131852
21.708,0.000101331598155944
21.77,0.000101399128990308
21.832,0.000101466365570834
21.894,0.000101533309816583
21.956,0.000101599963629962
22.018,0.000101666328896906
22.08,0.000101732407487058
22.142,0.000101798201253945
22.204,0.000101863712035146
22.266,0.000101928941652469
22.328,0.000101993891912118
22.39,0.000102058564604856
22.452,0.000102122961506177
22.514,0.000102187084376462
22.576,0.000102250934961141
22.638,0.000102314514990856
22.7,0.000102377826181608
22.762,0.000102440870234922
22.824,0.00010250364883799
22.886,0.00010256616366383
22.948,0.000102628416371426
23.01,0.000102690408605883
23.072,0.000102752141998565
23.134,0.000102813618167245
23.196,0.000102874838716238
23.258,0.000102935805236549
23.32,0.000102996519306004
23.382,0.000103056982489391
23.444,0.000103117196338592
23.506,0.000103177162392715
23.568,0.000103236882178228
23.63,0.000103296357209086
23.692,0.00010335558898686
23.754,0.000103414579000864
23.816,0.000103473328728278
23.878,0.000103531839634273
23.94,0.00010359011317213
24.002,0.000103648150783367
24.064,0.000103705953897848
24.126,0.00010376352393391
24.188,0.000103820862298473
24.25,0.000103877970387155
24.312,0.00010393484958439
24.374,0.000103991501263534
24.436,0.000104047926786977
24.498,0.000104104127506257
24.56,0.00010416010476216
24.622,0.000104215859884835
24.684,0.00010427139419389
24.746,0.000104326708998506
24.808,0.000104381805597533
24.87,0.000104436685279594
24.932,0.000104491349323184
24.994,0.000104545798996773
25.056,0.0001046000355589
25.118,0.000104654060258272
25.18,0.000104707874333858
25.242,0.000104761479014989
25.304,0.000104814875521444
25.366,0.000104868065063547
25.428,0.00010492104884226
25.49,0.000104973828049268
25.552,0.000105026403867073
25.614,0.000105078777469081
25.676,0.000105130950019689
25.738,0.000105182922674372
25.8,0.000105234696579765
25.862,0.000105286272873753
25.924,0.000105337652685549
25.986,0.000105388837135782
26.048,0.000105439827336571
26.11,0.000105490624391614
26.172,0.00010554122939626
26.234,0.000105591643437593
26.296,0.000105641867594508
26.358,0.000105691902937787
26.42,0.000105741750530177
26.482,0.000105791411426463
26.544,0.000105840886673546
26.606,0.000105890177310512
26.668,0.000105939284368708
26.73,0.000105988208871814
26.792,0.000106036951835911
26.854,0.000106085514269554
26.916,0.000106133897173841
26.978,0.000106182101542484
27.04,0.000106230128361872
27.102,0.000106277978611142
27.164,0.000106325653262245
27.226,0.000106373153280011
27.288,0.000106420479622214
27.35,0.000106467633239639
27.412,0.000106514615076141
27.474,0.000106561426068712
27.536,0.000106608067147541
27.598,0.000106654539236079
27.66,0.000106700843251093
27.722,0.000106746980102735
27.784,0.000106792950694595
27.846,0.000106838755923762
27.908,0.000106884396680884
27.97,0.000106929873850224
28.032,0.000106975188309717
28.094,0.000107020340931028
28.156,0.000107065332579605
28.218,0.000107110164114738
28.28,0.000107154836389612
28.342,0.00010719935025136
28.404,0.000107243706541118
28.466,0.000107287906094077
28.528,0.000107331949739536
28.59,0.000107375838300955
28.652,0.000107419572596005
28.714,0.000107463153436617
28.776,0.000107506581629036
28.838,0.000107549857973869
28.9,0.000107592983266133
28.962,0.000107635958295305
29.024,0.000107678783845371
29.086,0.000107721460694871
29.148,0.000107763989616949
29.21,0.000107806371379399
29.272,0.000107848606744709
29.334,0.00010789069647011
29.396,0.000107932641307618
29.458,0.000107974442004082
29.52,0.000108016099301227
29.582,0.000108057613935696
29.644,0.000108098986639096
29.706,0.000108140218138041
29.768,0.000108181309154191
29.83,0.000108222260404301
29.892,0.000108263072600254
29.954,0.000108303746449108
30.016,0.000108344282653138
30.078,0.00010838468190987
30.14,0.000108424944912128
30.202,0.000108465072348068
30.264,0.000108505064901222
30.326,0.000108544923250533
30.388,0.000108584648070395
30.45,0.000108624240030692
30.512,0.000108663699796834
30.574,0.000108703028029794
30.636,0.000108742225386148
30.698,0.000108781292518108
30.76,0.000108820230073559
30.822,0.000108859038696096
30.884,0.000108897719025059
30.946,0.000108936271695568
31.008,0.000108974697338556
31.07,0.000109012996580809
31.132,0.000109051170044991
31.194,0.000109089218349688
31.256,0.000109127142109432
31.318,0.000109164941934741
31.38,0.000109202618432148
31.442,0.000109240172204237
31.504,0.000109277603849668
31.566,0.000109314913963219
31.628,0.000109352103135808
31.69,0.000109389171954531
31.752,0.000109426121002687
31.814,0.000109462950859816
31.876,0.000109499662101721
31.938,0.000109536255300504
32,0.000109572731024595
