"ResDensity","N_TraitValue"
1,0.00122648477176692
1.068,0.00129365368948914
1.136,0.00135917827512091
1.204,0.001423118179749
1.272,0.00148553020366623
1.34,0.00154646846466424
1.408,0.00160598455454328
1.476,0.00166412768479071
1.544,0.00172094482229246
1.612,0.00177648081586437
1.68,0.00183077851431953
1.748,0.00188387887672505
1.816,0.00193582107544445
1.884,0.00198664259251045
1.952,0.00203637930982645
2.02,0.00208506559365289
2.088,0.00213273437379648
2.156,0.00217941721788587
2.224,0.00222514440108568
2.292,0.00226994497157253
2.36,0.00231384681207061
2.428,0.00235687669772061
2.496,0.00239906035053455
2.564,0.00244042249066911
2.632,0.00248098688473225
2.7,0.00252077639132148
2.768,0.00255981300397711
2.836,0.00259811789172012
2.904,0.00263571143733152
2.972,0.00267261327351879
3.04,0.00270884231710415
3.108,0.00274441680135977
3.176,0.00277935430660602
3.244,0.00281367178918068
3.312,0.00284738560887946
3.38,0.00288051155496095
3.448,0.00291306487080309
3.516,0.00294506027729181
3.584,0.0029765119950175
3.652,0.00300743376534932
3.72,0.00303783887045329
3.788,0.0030677401523151
3.856,0.0030971500308252
3.924,0.00312608052097942
3.992,0.00315454324924525
4.06,0.00318254946914075
4.128,0.00321011007606969
4.196,0.00323723562145419
4.264,0.00326393632620339
4.332,0.0032902220935541
4.4,0.00331610252131745
4.468,0.00334158691356339
4.536,0.00336668429177275
4.604,0.00339140340548513
4.672,0.00341575274246896
4.74,0.00343974053843842
4.808,0.00346337478634086
4.876,0.00348666324523649
4.944,0.00350961344879116
5.012,0.00353223271340177
5.08,0.00355452814597267
5.148,0.00357650665136042
5.216,0.00359817493950339
5.284,0.00361953953225149
5.352,0.00364060676991076
5.42,0.00366138281751662
5.488,0.00368187367084873
5.556,0.00370208516219987
5.624,0.00372202296591046
5.692,0.00374169260367973
5.76,0.00376109944966408
5.828,0.00378024873537238
5.896,0.0037991455543677
5.964,0.00381779486678426
6.032,0.00383620150366806
6.1,0.00385437017114919
6.168,0.00387230545445327
6.236,0.00389001182175938
6.304,0.00390749362791116
6.372,0.00392475511798763
6.44,0.00394180043073979
6.508,0.00395863360189899
6.576,0.00397525856736246
6.644,0.00399167916626144
6.712,0.00400789914391679
6.78,0.00402392215468693
6.848,0.00403975176471272
6.916,0.00405539145456347
6.984,0.00407084462178832
7.052,0.00408611458337683
7.12,0.00410120457813265
7.188,0.00411611776896366
7.256,0.00413085724509217
7.324,0.00414542602418829
7.392,0.00415982705442956
7.46,0.00417406321648994
7.528,0.00418813732546082
7.596,0.00420205213270678
7.664,0.00421581032765875
7.732,0.0042294145395469
7.8,0.00424286733907571
7.868,0.0042561712400434
7.936,0.00426932870090794
8.004,0.00428234212630148
8.072,0.00429521386849554
8.14,0.00430794622881837
8.208,0.00432054145902669
8.276,0.00433300176263329
8.344,0.0043453292961921
8.412,0.00435752617054256
8.48,0.00436959445201453
8.548,0.00438153616359529
8.616,0.00439335328606006
8.684,0.00440504775906726
8.752,0.00441662148221991
8.82,0.00442807631609429
8.888,0.00443941408323701
8.956,0.00445063656913178
9.024,0.00446174552313671
9.092,0.00447274265939344
9.16,0.00448362965770882
9.228,0.00449440816441033
9.296,0.00450507979317601
9.364,0.00451564612583984
9.432,0.0045261087131734
9.5,0.00453646907564458
9.568,0.00454672870415421
9.636,0.0045568890607513
9.704,0.00456695157932755
9.772,0.004576917666292
9.84,0.0045867887012263
9.908,0.00459656603752136
9.976,0.0046062510029959
10.044,0.00461584490049763
10.112,0.0046253490084875
10.18,0.0046347645816076
10.248,0.00464409285123336
10.316,0.00465333502601034
10.384,0.00466249229237632
10.452,0.00467156581506898
10.52,0.00468055673761982
10.588,0.00468946618283456
10.656,0.00469829525326058
10.724,0.00470704503164178
10.792,0.00471571658136117
10.86,0.00472431094687176
10.928,0.00473282915411585
10.996,0.00474127221093339
11.064,0.00474964110745939
11.132,0.00475793681651107
11.2,0.00476616029396482
11.268,0.00477431247912333
11.336,0.0047823942950733
11.404,0.00479040664903383
11.472,0.00479835043269592
11.54,0.00480622652255333
11.608,0.00481403578022487
11.676,0.00482177905276872
11.744,0.00482945717298866
11.812,0.00483707095973266
11.88,0.00484462121818401
11.948,0.00485210874014515
12.016,0.00485953430431452
12.084,0.0048668986765565
12.152,0.00487420261016471
12.22,0.00488144684611892
12.288,0.0048886321133356
12.356,0.00489575912891244
12.424,0.0049028285983669
12.492,0.00490984121586906
12.56,0.00491679766446881
12.628,0.00492369861631766
12.696,0.0049305447328852
12.764,0.00493733666517052
12.832,0.00494407505390851
12.9,0.00495076052977138
12.968,0.00495739371356544
13.036,0.00496397521642325
13.104,0.00497050563999133
13.172,0.00497698557661349
13.24,0.00498341560950996
13.308,0.00498979631295232
13.376,0.00499612825243457
13.444,0.00500241198484008
13.512,0.00500864805860495
13.58,0.00501483701387752
13.648,0.00502097938267436
13.716,0.00502707568903272
13.784,0.00503312644915955
13.852,0.00503913217157722
13.92,0.00504509335726598
13.988,0.0050510104998033
14.056,0.00505688408550004
14.124,0.00506271459353376
14.192,0.00506850249607896
14.26,0.00507424825843462
14.328,0.00507995233914882
14.396,0.00508561519014079
14.464,0.00509123725682026
14.532,0.00509681897820418
14.6,0.00510236078703108
14.668,0.00510786310987288
14.736,0.0051133263672443
14.804,0.00511875097371007
14.872,0.00512413733798972
14.94,0.0051294858630603
15.008,0.00513479694625683
15.076,0.00514007097937072
15.144,0.00514530834874612
15.212,0.00515050943537424
15.28,0.00515567461498577
15.348,0.00516080425814133
15.416,0.0051658987303201
15.484,0.00517095839200664
15.552,0.00517598359877589
15.62,0.0051809747013765
15.688,0.00518593204581242
15.756,0.00519085597342286
15.824,0.00519574682096064
15.892,0.00520060492066898
15.96,0.00520543060035669
16.028,0.00521022418347195
16.096,0.00521498598917457
16.164,0.00521971633240682
16.232,0.00522441552396284
16.3,0.00522908387055675
16.368,0.00523372167488939
16.436,0.00523832923571368
16.504,0.00524290684789885
16.572,0.00524745480249332
16.64,0.00525197338678634
16.708,0.00525646288436856
16.776,0.00526092357519131
16.844,0.0052653557356248
16.912,0.00526975963851522
16.98,0.00527413555324071
17.048,0.00527848374576628
17.116,0.00528280447869773
17.184,0.00528709801133449
17.252,0.00529136459972149
17.32,0.00529560449670009
17.388,0.00529981795195799
17.456,0.00530400521207827
17.524,0.00530816652058748
17.592,0.00531230211800287
17.66,0.00531641224187871
17.728,0.00532049712685181
17.796,0.00532455700468611
17.864,0.00532859210431657
17.932,0.0053326026518922
18,0.00533658887081828
18.068,0.00534055098179785
18.136,0.00534448920287246
18.204,0.00534840374946217
18.272,0.00535229483440482
18.34,0.00535616266799458
18.408,0.0053600074580199
18.476,0.00536382940980065
18.544,0.00536762872622472
18.612,0.0053714056077839
18.68,0.00537516025260916
18.748,0.00537889285650527
18.816,0.00538260361298489
18.884,0.00538629271330194
18.952,0.00538996034648454
19.02,0.00539360669936723
19.088,0.00539723195662274
19.156,0.00540083630079313
19.224,0.00540441991232046
19.292,0.00540798296957691
19.36,0.00541152564889432
19.428,0.00541504812459336
19.496,0.00541855056901204
19.564,0.00542203315253389
19.632,0.00542549604361553
19.7,0.00542893940881387
19.768,0.00543236341281281
19.836,0.00543576821844946
19.904,0.00543915398674002
19.972,0.0054425208769051
20.04,0.0054458690463947
20.108,0.00544919865091279
20.176,0.00545250984444137
20.244,0.0054558027792643
20.312,0.00545907760599056
20.38,0.00546233447357728
20.448,0.00546557352935228
20.516,0.0054687949190363
20.584,0.00547199878676487
20.652,0.0054751852751098
20.72,0.00547835452510029
20.788,0.00548150667624379
20.856,0.00548464186654646
20.924,0.00548776023253327
20.992,0.00549086190926788
21.06,0.00549394703037208
21.128,0.00549701572804503
21.196,0.00550006813308211
21.264,0.0055031043748935
21.332,0.00550612458152251
21.4,0.00550912887966353
21.468,0.00551211739467977
21.536,0.00551509025062072
21.604,0.00551804757023926
21.672,0.0055209894750086
21.74,0.00552391608513889
21.808,0.00552682751959361
21.876,0.00552972389610569
21.944,0.00553260533119335
22.012,0.00553547194017577
22.08,0.00553832383718842
22.148,0.00554116113519827
22.216,0.00554398394601867
22.284,0.00554679238032403
22.352,0.00554958654766431
22.42,0.00555236655647925
22.488,0.0055551325141124
22.556,0.00555788452682494
22.624,0.00556062269980928
22.692,0.00556334713720249
22.76,0.00556605794209945
22.828,0.00556875521656592
22.896,0.00557143906165129
22.964,0.00557410957740123
23.032,0.00557676686287012
23.1,0.0055794110161333
23.168,0.00558204213429912
23.236,0.00558466031352083
23.304,0.00558726564900834
23.372,0.00558985823503967
23.44,0.00559243816497241
23.508,0.00559500553125489
23.576,0.00559756042543722
23.644,0.00560010293818215
23.712,0.00560263315927587
23.78,0.00560515117763848
23.848,0.0056076570813345
23.916,0.00561015095758305
23.984,0.00561263289276807
24.052,0.00561510297244817
24.12,0.00561756128136658
24.188,0.00562000790346076
24.256,0.00562244292187201
24.324,0.00562486641895483
24.392,0.00562727847628627
24.46,0.00562967917467501
24.528,0.00563206859417046
24.596,0.0056344468140716
24.664,0.00563681391293578
24.732,0.00563916996858737
24.8,0.00564151505812628
24.868,0.00564384925793635
24.936,0.0056461726436937
25.004,0.00564848529037486
25.072,0.00565078727226485
25.14,0.00565307866296514
25.208,0.00565535953540147
25.276,0.00565762996183164
25.344,0.00565989001385306
25.412,0.00566213976241036
25.48,0.00566437927780276
25.548,0.0056666086296914
25.616,0.0056688278871066
25.684,0.00567103711845491
25.752,0.00567323639152622
25.82,0.00567542577350066
25.888,0.0056776053309554
25.956,0.00567977512987149
26.024,0.00568193523564042
26.092,0.00568408571307077
26.16,0.00568622662639463
26.228,0.00568835803927404
26.296,0.00569048001480727
26.364,0.00569259261553507
26.432,0.00569469590344678
26.5,0.00569678993998645
26.568,0.00569887478605875
26.636,0.00570095050203496
26.704,0.00570301714775871
26.772,0.0057050747825518
26.84,0.00570712346521984
26.908,0.00570916325405785
26.976,0.00571119420685582
27.044,0.00571321638090413
27.112,0.00571522983299897
27.18,0.00571723461944763
27.248,0.00571923079607378
27.316,0.00572121841822261
27.384,0.00572319754076599
27.452,0.00572516821810748
27.52,0.00572713050418734
27.588,0.00572908445248744
27.656,0.00573103011603614
27.724,0.00573296754741304
27.792,0.00573489679875378
27.86,0.00573681792175466
27.928,0.00573873096767729
27.996,0.00574063598735315
28.064,0.00574253303118805
28.132,0.00574442214916664
28.2,0.00574630339085677
28.268,0.0057481768054138
28.336,0.00575004244158492
28.404,0.00575190034771337
28.472,0.00575375057174259
28.54,0.00575559316122039
28.608,0.00575742816330297
28.676,0.00575925562475898
28.744,0.00576107559197349
28.812,0.00576288811095189
28.88,0.0057646932273238
28.948,0.00576649098634688
29.016,0.00576828143291061
29.084,0.00577006461154003
29.152,0.00577184056639944
29.22,0.00577360934129603
29.288,0.0057753709796835
29.356,0.00577712552466561
29.424,0.00577887301899967
29.492,0.00578061350510008
29.56,0.00578234702504168
29.628,0.0057840736205632
29.696,0.00578579333307059
29.764,0.00578750620364032
29.832,0.00578921227302267
29.9,0.00579091158164496
29.968,0.00579260416961471
30.036,0.00579429007672284
30.104,0.00579596934244677
30.172,0.00579764200595348
30.24,0.0057993081061026
30.308,0.00580096768144939
30.376,0.00580262077024771
30.444,0.00580426741045296
30.512,0.00580590763972503
30.58,0.00580754149543109
30.648,0.0058091690146485
30.716,0.00581079023416757
30.784,0.00581240519049438
30.852,0.00581401391985344
30.92,0.00581561645819049
30.988,0.00581721284117511
31.056,0.0058188031042034
31.124,0.0058203872824006
31.192,0.00582196541062364
31.26,0.00582353752346373
31.328,0.00582510365524889
31.396,0.00582666384004642
31.464,0.00582821811166539
31.532,0.00582976650365907
31.6,0.00583130904932739
31.668,0.00583284578171924
31.736,0.00583437673363491
31.804,0.00583590193762839
31.872,0.00583742142600968
31.94,0.00583893523084707
32.008,0.00584044338396942
32.076,0.00584194591696833
32.144,0.00584344286120042
32.212,0.00584493424778946
32.28,0.00584642010762855
32.348,0.00584790047138226
32.416,0.0058493753694887
32.484,0.00585084483216165
32.552,0.00585230888939261
32.62,0.00585376757095282
32.688,0.00585522090639532
32.756,0.0058566689250569
32.824,0.00585811165606009
32.892,0.00585954912831514
32.96,0.00586098137052191
33.028,0.00586240841117181
33.096,0.00586383027854966
33.164,0.00586524700073559
33.232,0.00586665860560687
33.3,0.00586806512083975
33.368,0.00586946657391126
33.436,0.00587086299210099
33.504,0.00587225440249287
33.572,0.00587364083197696
33.64,0.00587502230725108
33.708,0.00587639885482266
33.776,0.0058777705010103
33.844,0.00587913727194555
33.912,0.00588049919357451
33.98,0.00588185629165952
34.048,0.00588320859178073
34.116,0.00588455611933774
34.184,0.00588589889955118
34.252,0.00588723695746431
34.32,0.00588857031794452
34.388,0.00588989900568495
34.456,0.00589122304520591
34.524,0.00589254246085651
34.592,0.00589385727681606
34.66,0.00589516751709556
34.728,0.00589647320553921
34.796,0.00589777436582582
34.864,0.00589907102147024
34.932,0.00590036319582478
35,0.00590165091208062
