"ResDensity","N_TraitValue"
0.2471,0.116857660608127
0.2546016,0.119888389203391
0.2621032,0.122893207111848
0.2696048,0.125872445197527
0.2771064,0.128826428715087
0.284608,0.131755477428186
0.2921096,0.134659905724871
0.2996112,0.137540022730067
0.3071128,0.140396132415255
0.3146144,0.143228533705419
0.322116,0.146037520583337
0.3296176,0.148823382191301
0.3371192,0.151586402930335
0.3446208,0.154326862556977
0.3521224,0.157045036277703
0.359624,0.159741194841064
0.3671256,0.162415604627578
0.3746272,0.165068527737467
0.3821288,0.167700222076288
0.3896304,0.170310941438509
0.397132,0.1729009355891
0.4046336,0.175470450343187
0.4121352,0.178019727643826
0.4196368,0.180549005637942
0.4271384,0.183058518750494
0.43464,0.1855484977569
0.4421416,0.188019169853788
0.4496432,0.190470758728095
0.4571448,0.192903484624583
0.4646464,0.195317564411795
0.472148,0.1977132116465
0.4796496,0.200090636636673
0.4871512,0.202450046503039
0.4946528,0.204791645239224
0.5021544,0.207115633770549
0.509656,0.209422210011501
0.5171576,0.211711568921922
0.5246592,0.213983902561938
0.5321608,0.216239400145672
0.5396624,0.218478248093765
0.547164,0.220700630084738
0.5546656,0.222906727105225
0.5621672,0.22509671749911
0.5696688,0.227270777015583
0.5771704,0.229429078856162
0.584672,0.231571793720684
0.5921736,0.233699089852314
0.5996752,0.23581113308158
0.6071768,0.237908086869467
0.6146784,0.239990112349586
0.62218,0.242057368369452
0.6296816,0.24411001153088
0.6371832,0.246148196229535
0.6446848,0.248172074693643
0.6521864,0.250181797021891
0.659688,0.252177511220534
0.6671896,0.254159363239735
0.6746912,0.25612749700914
0.6821928,0.258082054472724
0.6896944,0.260023175622918
0.697196,0.26195099853403
0.7046976,0.26386565939499
0.7121992,0.265767292541413
0.7197008,0.267656030487024
0.7272024,0.26953200395444
0.734704,0.271395341905326
0.7422056,0.27324617156995
0.7497072,0.275084618476142
0.7572088,0.276910806477672
0.7647104,0.278724857782068
0.772212,0.280526892977874
0.7797136,0.282317031061374
0.7872152,0.284095389462782
0.7947168,0.285862084071925
0.8022184,0.287617229263417
0.80972,0.289360937921341
0.8172216,0.291093321463448
0.8247232,0.292814489864895
0.8322248,0.294524551681513
0.8397264,0.296223614072633
0.847228,0.297911782823468
0.8547296,0.299589162367068
0.8622312,0.301255855805859
0.8697328,0.302911964932765
0.8772344,0.304557590251935
0.884736,0.30619283099907
0.8922376,0.307817785161377
0.8997392,0.309432549497137
0.9072408,0.311037219554915
0.9147424,0.312631889692401
0.922244,0.314216653094911
0.9297456,0.315791601793538
0.9372472,0.317356826682962
0.9447488,0.318912417538945
0.9522504,0.32045846303549
0.959752,0.321995050761691
0.9672536,0.323522267238277
0.9747552,0.325040197933852
0.9822568,0.326548927280834
0.9897584,0.328048538691117
0.99726,0.329539114571439
1.0047616,0.33102073633848
1.0122632,0.332493484433683
1.0197648,0.333957438337816
1.0272664,0.335412676585268
1.034768,0.336859276778092
1.0422696,0.338297315599804
1.0497712,0.339726868828929
1.0572728,0.341148011352313
1.0647744,0.342560817178202
1.072276,0.343965359449086
1.0797776,0.345361710454326
1.0872792,0.346749941642551
1.0947808,0.34813012363385
1.1022824,0.349502326231745
1.109784,0.350866618434958
1.1172856,0.352223068448979
1.1247872,0.353571743697431
1.1322888,0.354912710833241
1.1397904,0.35624603574962
1.147292,0.357571783590861
1.1547936,0.358890018762942
1.1622952,0.360200804943962
1.1697968,0.361504205094389
1.1772984,0.362800281467147
1.1848,0.364089095617523
1.1923016,0.365370708412913
1.1998032,0.366645180042406
1.2073048,0.367912570026205
1.2148064,0.369172937224894
1.222308,0.370426339848548
1.2298096,0.371672835465698
1.2373112,0.372912481012144
1.2448128,0.374145332799623
1.2523144,0.375371446524336
1.259816,0.376590877275337
1.2673176,0.377803679542781
1.2748192,0.379009907226045
1.2823208,0.380209613641707
1.2898224,0.381402851531408
1.297324,0.382589673069575
1.3048256,0.38377012987103
1.3123272,0.384944272998471
1.3198288,0.386112152969836
1.3273304,0.387273819765545
1.334832,0.388429322835636
1.3423336,0.389578711106775
1.3498352,0.390722032989167
1.3573368,0.39185933638335
1.3648384,0.392990668686886
1.37234,0.394116076800946
1.3798416,0.395235607136788
1.3873432,0.396349305622141
1.3948448,0.397457217707484
1.4023464,0.39855938837223
1.409848,0.39965586213081
1.4173496,0.400746683038671
1.4248512,0.401831894698172
1.4323528,0.402911540264396
1.4398544,0.403985662450871
1.447356,0.4050543035352
1.4548576,0.406117505364613
1.4623592,0.407175309361424
1.4698608,0.408227756528416
1.4773624,0.409274887454132
1.484864,0.410316742318102
1.4923656,0.411353360895973
1.4998672,0.412384782564578
1.5073688,0.413411046306918
1.5148704,0.414432190717074
1.522372,0.415448254005049
1.5298736,0.416459274001525
1.5373752,0.41746528816257
1.5448768,0.418466333574253
1.5523784,0.419462446957209
1.55988,0.420453664671124
1.5673816,0.421440022719161
1.5748832,0.422421556752321
1.5823848,0.423398302073736
1.5898864,0.4243702936429
1.597388,0.425337566079846
1.6048896,0.426300153669249
1.6123912,0.427258090364481
1.6198928,0.428211409791605
1.6273944,0.429160145253304
1.634896,0.430104329732765
1.6423976,0.431043995897496
1.6498992,0.431979176103097
1.6574008,0.432909902396975
1.6649024,0.433836206521999
1.672404,0.434758119920115
1.6799056,0.435675673735901
1.6874072,0.436588898820072
1.6949088,0.437497825732944
1.7024104,0.438402484747834
1.709912,0.439302905854431
1.7174136,0.440199118762101
1.7249152,0.441091152903161
1.7324168,0.441979037436098
1.7399184,0.442862801248746
1.74742,0.443742472961421
1.7549216,0.444618080930008
1.7624232,0.445489653249011
1.7699248,0.446357217754555
1.7774264,0.44722080202735
1.784928,0.448080433395615
1.7924296,0.448936138937961
1.7999312,0.449787945486231
1.8074328,0.45063587962831
1.8149344,0.451479967710885
1.822436,0.45232023584218
1.8299376,0.453156709894644
1.8374392,0.453989415507608
1.8449408,0.454818378089903
1.8524424,0.455643622822448
1.859944,0.456465174660794
1.8674456,0.457283058337647
1.8749472,0.458097298365342
1.8824488,0.4589079190383
1.8899504,0.459714944435436
1.897452,0.460518398422551
1.9049536,0.461318304654678
1.9124552,0.462114686578408
1.9199568,0.462907567434179
1.9274584,0.463696970258538
1.93496,0.464482917886369
1.9424616,0.4652654329531
1.9499632,0.466044537896872
1.9574648,0.466820254960683
1.9649664,0.467592606194508
1.972468,0.468361613457389
1.9799696,0.469127298419491
1.9874712,0.469889682564144
1.9949728,0.470648787189851
2.0024744,0.471404633412269
2.009976,0.472157242166168
2.0174776,0.472906634207363
2.0249792,0.473652830114627
2.0324808,0.474395850291568
2.0399824,0.475135714968491
2.047484,0.475872444204236
2.0549856,0.47660605788799
2.0624872,0.477336575741075
2.0699888,0.478064017318718
2.0774904,0.478788402011793
2.084992,0.479509749048545
2.0924936,0.480228077496295
2.0999952,0.480943406263113
2.1074968,0.481655754099483
2.1149984,0.48236513959994
2.1225,0.483071581204684
2.1300016,0.483775097201185
2.1375032,0.484475705725755
2.1450048,0.485173424765107
2.1525064,0.4858682721579
2.160008,0.486560265596252
2.1675096,0.487249422627246
2.1750112,0.487935760654411
2.1825128,0.488619296939189
2.1900144,0.48930004860238
2.197516,0.489978032625574
2.2050176,0.490653265852561
2.2125192,0.491325764990726
2.2200208,0.491995546612428
2.2275224,0.49266262715636
2.235024,0.493327022928897
2.2425256,0.49398875010542
2.2500272,0.494647824731632
2.2575288,0.495304262724854
2.2650304,0.495958079875308
2.272532,0.496609291847378
2.2800336,0.497257914180869
2.2875352,0.497903962292235
2.2950368,0.498547451475807
2.3025384,0.499188396904995
2.31004,0.499826813633483
2.3175416,0.500462716596409
2.3250432,0.501096120611525
2.3325448,0.501727040380354
2.3400464,0.502355490489322
2.347548,0.502981485410885
2.3550496,0.50360503950464
2.3625512,0.504226167018422
2.3700528,0.504844882089389
2.3775544,0.505461198745097
2.385056,0.506075130904555
2.3925576,0.506686692379279
2.4000592,0.507295896874325
2.4075608,0.50790275798931
2.4150624,0.508507289219429
2.422564,0.509109503956452
2.4300656,0.509709415489714
2.4375672,0.510307037007093
2.4450688,0.510902381595975
2.4525704,0.511495462244209
2.460072,0.512086291841056
2.4675736,0.512674883178117
2.4750752,0.513261248950259
2.4825768,0.513845401756526
2.4900784,0.514427354101044
2.49758,0.515007118393913
2.5050816,0.515584706952085
2.5125832,0.516160132000241
2.5200848,0.516733405671652
2.5275864,0.51730454000903
2.535088,0.517873546965375
2.5425896,0.518440438404803
2.5500912,0.519005226103379
2.5575928,0.519567921749925
2.5650944,0.520128536946827
2.572596,0.520687083210839
2.5800976,0.521243571973864
2.5875992,0.521798014583737
2.5951008,0.522350422304999
2.6026024,0.522900806319656
2.610104,0.523449177727932
2.6176056,0.523995547549023
2.6251072,0.524539926721827
2.6326088,0.525082326105678
2.6401104,0.525622756481067
2.647612,0.526161228550356
2.6551136,0.526697752938488
2.6626152,0.527232340193678
2.6701168,0.527765000788114
2.6776184,0.528295745118632
2.68512,0.528824583507399
2.6926216,0.529351526202578
2.7001232,0.529876583378993
2.7076248,0.530399765138781
2.7151264,0.530921081512041
2.722628,0.531440542457479
2.7301296,0.531958157863033
2.7376312,0.53247393754651
2.7451328,0.532987891256202
2.7526344,0.533500028671498
2.760136,0.534010359403498
2.7676376,0.534518892995609
2.7751392,0.535025638924141
2.7826408,0.535530606598898
2.7901424,0.536033805363756
2.797644,0.536535244497244
2.8051456,0.537034933213111
2.8126472,0.537532880660893
2.8201488,0.53802909592647
2.8276504,0.538523588032616
2.835152,0.539016365939552
2.8426536,0.539507438545482
2.8501552,0.53999681468713
2.8576568,0.540484503140271
2.8651584,0.540970512620256
2.87266,0.541454851782528
2.8801616,0.541937529223139
2.8876632,0.542418553479259
2.8951648,0.542897933029675
2.9026664,0.543375676295295
2.910168,0.543851791639636
2.9176696,0.544326287369314
2.9251712,0.54479917173453
2.9326728,0.545270452929542
2.9401744,0.545740139093145
2.947676,0.546208238309132
2.9551776,0.546674758606767
2.9626792,0.547139707961236
2.9701808,0.547603094294105
2.9776824,0.54806492547377
2.985184,0.548525209315902
2.9926856,0.548983953583887
3.0001872,0.549441165989263
3.0076888,0.549896854192154
3.0151904,0.550351025801694
3.022692,0.550803688376454
3.0301936,0.551254849424859
3.0376952,0.551704516405605
3.0451968,0.55215269672807
3.0526984,0.552599397752717
3.0602,0.553044626791503
3.0677016,0.553488391108273
3.0752032,0.553930697919159
3.0827048,0.554371554392968
3.0902064,0.554810967651571
3.097708,0.555248944770284
3.1052096,0.555685492778254
3.1127112,0.556120618658825
3.1202128,0.556554329349922
3.1277144,0.556986631744411
3.135216,0.557417532690466
3.1427176,0.557847038991935
3.1502192,0.55827515740869
3.1577208,0.558701894656992
3.1652224,0.559127257409833
3.172724,0.559551252297289
3.1802256,0.559973885906861
3.1877272,0.560395164783821
3.1952288,0.560815095431545
3.2027304,0.56123368431185
3.210232,0.561650937845326
3.2177336,0.562066862411662
3.2252352,0.562481464349973
3.2327368,0.562894749959123
3.2402384,0.563306725498041
3.24774,0.563717397186039
3.2552416,0.564126771203124
3.2627432,0.56453485369031
3.2702448,0.564941650749922
3.2777464,0.565347168445902
3.285248,0.565751412804111
3.2927496,0.566154389812627
3.3002512,0.566556105422037
3.3077528,0.566956565545737
3.3152544,0.567355776060216
3.322756,0.567753742805348
3.3302576,0.56815047158467
3.3377592,0.568545968165674
3.3452608,0.568940238280077
3.3527624,0.569333287624105
3.360264,0.569725121858763
3.3677656,0.570115746610106
3.3752672,0.570505167469515
3.3827688,0.570893389993955
3.3902704,0.571280419706245
3.397772,0.57166626209532
3.4052736,0.572050922616486
3.4127752,0.572434406691681
3.4202768,0.57281671970973
3.4277784,0.573197867026595
3.43528,0.573577853965625
3.4427816,0.573956685817809
3.4502832,0.574334367842013
3.4577848,0.574710905265231
3.4652864,0.575086303282823
3.472788,0.575460567058752
3.4802896,0.575833701725825
3.4877912,0.576205712385925
3.4952928,0.576576604110243
3.5027944,0.576946381939512
3.510296,0.577315050884229
3.5177976,0.577682615924889
3.5252992,0.578049082012204
3.5328008,0.578414454067325
3.5403024,0.578778736982066
3.547804,0.579141935619121
3.5553056,0.579504054812278
3.5628072,0.579865099366634
3.5703088,0.580225074058813
3.5778104,0.580583983637168
3.585312,0.580941832821995
3.5928136,0.581298626305742
3.6003152,0.581654368753207
3.6078168,0.582009064801748
3.6153184,0.582362719061481
3.62282,0.582715336115482
3.6303216,0.583066920519981
3.6378232,0.583417476804564
3.6453248,0.583767009472362
3.6528264,0.584115523000248
3.660328,0.584463021839025
3.6678296,0.584809510413617
3.6753312,0.585154993123258
3.6828328,0.585499474341676
3.6903344,0.585842958417277
3.697836,0.586185449673333
3.7053376,0.586526952408155
3.7128392,0.586867470895282
3.7203408,0.587207009383652
3.7278424,0.587545572097783
3.735344,0.587883163237947
3.7428456,0.588219786980341
3.7503472,0.588555447477265
3.7578488,0.588890148857288
3.7653504,0.589223895225419
3.772852,0.589556690663273
3.7803536,0.58988853922924
3.7878552,0.59021944495865
3.7953568,0.590549411863935
3.8028584,0.590878443934789
3.81036,0.591206545138336
3.8178616,0.591533719419281
3.8253632,0.591859970700073
3.8328648,0.592185302881062
3.8403664,0.592509719840652
3.847868,0.592833225435456
3.8553696,0.59315582350045
3.8628712,0.593477517849124
3.8703728,0.59379831227363
3.8778744,0.594118210544935
3.885376,0.594437216412965
3.8928776,0.594755333606754
3.9003792,0.595072565834588
3.9078808,0.595388916784151
3.9153824,0.595704390122666
3.922884,0.596018989497035
3.9303856,0.596332718533984
3.9378872,0.5966455808402
3.9453888,0.596957580002468
3.9528904,0.597268719587811
3.960392,0.597579003143624
3.9678936,0.597888434197807
3.9753952,0.598197016258904
3.9828968,0.598504752816229
3.9903984,0.598811647340005
3.9979,0.599117703281486
