"ResDensity","N_TraitValue"
55.6261,3.14512087111052e-06
56.421999,3.18772222044615e-06
57.217898,3.2302595425143e-06
58.013797,3.27273298155029e-06
58.809696,3.31514268135651e-06
59.605595,3.35748878530411e-06
60.401494,3.39977143633455e-06
61.197393,3.44199077696123e-06
61.993292,3.48414694927111e-06
62.789191,3.52624009492628e-06
63.58509,3.56827035516556e-06
64.380989,3.61023787080606e-06
65.176888,3.6521427822448e-06
65.972787,3.6939852294602e-06
66.768686,3.73576535201372e-06
67.564585,3.77748328905136e-06
68.360484,3.81913917930521e-06
69.156383,3.86073316109501e-06
69.952282,3.90226537232965e-06
70.748181,3.94373595050873e-06
71.54408,3.98514503272404e-06
72.339979,4.02649275566112e-06
73.135878,4.06777925560069e-06
73.931777,4.10900466842023e-06
74.727676,4.15016912959541e-06
75.523575,4.1912727742016e-06
76.319474,4.23231573691534e-06
77.115373,4.27329815201582e-06
77.911272,4.31422015338633e-06
78.707171,4.35508187451574e-06
79.50307,4.39588344849991e-06
80.298969,4.43662500804319e-06
81.094868,4.47730668545983e-06
81.890767,4.51792861267539e-06
82.686666,4.55849092122821e-06
83.482565,4.5989937422708e-06
84.278464,4.63943720657127e-06
85.074363,4.67982144451472e-06
85.870262,4.72014658610467e-06
86.666161,4.76041276096442e-06
87.46206,4.80062009833845e-06
88.257959,4.84076872709383e-06
89.053858,4.88085877572156e-06
89.849757,4.92089037233795e-06
90.645656,4.960863644686e-06
91.441555,5.00077872013676e-06
92.237454,5.04063572569065e-06
93.033353,5.08043478797884e-06
93.829252,5.12017603326458e-06
94.625151,5.15985958744453e-06
95.42105,5.1994855760501e-06
96.216949,5.23905412424878e-06
97.012848,5.27856535684541e-06
97.808747,5.31801939828358e-06
98.604646,5.35741637264683e-06
99.400545,5.39675640366004e-06
100.196444,5.4360396146907e-06
100.992343,5.47526612875015e-06
101.788242,5.51443606849495e-06
102.584141,5.55354955622808e-06
103.38004,5.59260671390025e-06
104.175939,5.63160766311119e-06
104.971838,5.67055252511085e-06
105.767737,5.70944142080071e-06
106.563636,5.74827447073502e-06
107.359535,5.78705179512202e-06
108.155434,5.82577351382521e-06
108.951333,5.86443974636458e-06
109.747232,5.90305061191781e-06
110.543131,5.94160622932155e-06
111.33903,5.98010671707257e-06
112.134929,6.01855219332906e-06
112.930828,6.05694277591174e-06
113.726727,6.09527858230515e-06
114.522626,6.13355972965878e-06
115.318525,6.17178633478834e-06
116.114424,6.20995851417686e-06
116.910323,6.24807638397593e-06
117.706222,6.28614006000688e-06
118.502121,6.32414965776192e-06
119.29802,6.36210529240534e-06
120.093919,6.40000707877464e-06
120.889818,6.43785513138173e-06
121.685717,6.47564956441404e-06
122.481616,6.51339049173571e-06
123.277515,6.55107802688869e-06
124.073414,6.58871228309392e-06
124.869313,6.62629337325243e-06
125.665212,6.66382140994649e-06
126.461111,6.70129650544074e-06
127.25701,6.73871877168327e-06
128.052909,6.77608832030679e-06
128.848808,6.8134052626297e-06
129.644707,6.8506697096572e-06
130.440606,6.8878817720824e-06
131.236505,6.92504156028744e-06
132.032404,6.96214918434453e-06
132.828303,6.99920475401706e-06
133.624202,7.03620837876069e-06
134.420101,7.07316016772444e-06
135.216,7.11006022975172e-06
136.011899,7.14690867338145e-06
136.807798,7.18370560684907e-06
137.603697,7.22045113808765e-06
138.399596,7.25714537472891e-06
139.195495,7.2937884241043e-06
139.991394,7.33038039324601e-06
140.787293,7.36692138888805e-06
141.583192,7.40341151746727e-06
142.379091,7.43985088512439e-06
143.17499,7.47623959770503e-06
143.970889,7.51257776076074e-06
144.766788,7.54886547955002e-06
145.562687,7.58510285903935e-06
146.358586,7.62129000390415e-06
147.154485,7.65742701852986e-06
147.950384,7.6935140070129e-06
148.746283,7.72955107316167e-06
149.542182,7.76553832049756e-06
150.338081,7.80147585225593e-06
151.13398,7.83736377138712e-06
151.929879,7.87320218055739e-06
152.725778,7.90899118214993e-06
153.521677,7.94473087826585e-06
154.317576,7.98042137072511e-06
155.113475,8.0160627610675e-06
155.909374,8.05165515055364e-06
156.705273,8.08719864016589e-06
157.501172,8.12269333060931e-06
158.297071,8.15813932231266e-06
159.09297,8.19353671542928e-06
159.888869,8.22888560983808e-06
160.684768,8.26418610514446e-06
161.480667,8.29943830068127e-06
162.276566,8.33464229550969e-06
163.072465,8.36979818842021e-06
163.868364,8.40490607793353e-06
164.664263,8.4399660623015e-06
165.460162,8.47497823950798e-06
166.256061,8.50994270726985e-06
167.05196,8.54485956303781e-06
167.847859,8.57972890399737e-06
168.643758,8.61455082706971e-06
169.439657,8.6493254289126e-06
170.235556,8.68405280592126e-06
171.031455,8.71873305422929e-06
171.827354,8.75336626970955e-06
172.623253,8.78795254797499e-06
173.419152,8.82249198437962e-06
174.215051,8.85698467401932e-06
175.01095,8.89143071173273e-06
175.806849,8.92583019210214e-06
176.602748,8.96018320945431e-06
177.398647,8.99448985786139e-06
178.194546,9.02875023114171e-06
178.990445,9.06296442286072e-06
179.786344,9.09713252633175e-06
180.582243,9.13125463461693e-06
181.378142,9.16533084052801e-06
182.174041,9.19936123662719e-06
182.96994,9.23334591522796e-06
183.765839,9.26728496839597e-06
184.561738,9.30117848794981e-06
185.357637,9.33502656546187e-06
186.153536,9.36882929225916e-06
186.949435,9.40258675942413e-06
187.745334,9.43629905779546e-06
188.541233,9.46996627796895e-06
189.337132,9.50358851029824e-06
190.133031,9.53716584489568e-06
190.92893,9.57069837163311e-06
191.724829,9.60418618014268e-06
192.520728,9.63762935981761e-06
193.316627,9.67102799981305e-06
194.112526,9.70438218904679e-06
194.908425,9.73769201620013e-06
195.704324,9.77095756971861e-06
196.500223,9.80417893781282e-06
197.296122,9.83735620845917e-06
198.092021,9.87048946940067e-06
198.88792,9.90357880814769e-06
199.683819,9.93662431197875e-06
200.479718,9.9696260679413e-06
201.275617,1.00025841628524e-05
202.071516,1.00354986832997e-05
202.867415,1.00683697156418e-05
203.663314,1.01011973460094e-05
204.459213,1.0133981660306e-05
205.255112,1.01667227442083e-05
206.051011,1.01994206831674e-05
206.84691,1.02320755624092e-05
207.642809,1.02646874669355e-05
208.438708,1.02972564815242e-05
209.234607,1.03297826907307e-05
210.030506,1.03622661788879e-05
210.826405,1.03947070301077e-05
211.622304,1.0427105328281e-05
212.418203,1.0459461157079e-05
213.214102,1.04917745999537e-05
214.010001,1.05240457401384e-05
214.8059,1.05562746606487e-05
215.601799,1.05884614442832e-05
216.397698,1.0620606173624e-05
217.193597,1.06527089310377e-05
217.989496,1.06847697986759e-05
218.785395,1.07167888584759e-05
219.581294,1.07487661921614e-05
220.377193,1.07807018812433e-05
221.173092,1.08125960070204e-05
221.968991,1.08444486505799e-05
222.76489,1.08762598927983e-05
223.560789,1.09080298143419e-05
224.356688,1.09397584956677e-05
225.152587,1.09714460170238e-05
225.948486,1.10030924584505e-05
226.744385,1.10346978997803e-05
227.540284,1.10662624206393e-05
228.336183,1.10977861004475e-05
229.132082,1.11292690184194e-05
229.927981,1.11607112535648e-05
230.72388,1.11921128846895e-05
231.519779,1.12234739903959e-05
232.315678,1.12547946490836e-05
233.111577,1.12860749389501e-05
233.907476,1.13173149379914e-05
234.703375,1.13485147240029e-05
235.499274,1.13796743745796e-05
236.295173,1.14107939671172e-05
237.091072,1.14418735788124e-05
237.886971,1.14729132866638e-05
238.68287,1.15039131674722e-05
239.478769,1.15348732978416e-05
240.274668,1.15657937541797e-05
241.070567,1.15966746126983e-05
241.866466,1.16275159494144e-05
242.662365,1.16583178401503e-05
243.458264,1.16890803605346e-05
244.254163,1.17198035860027e-05
245.050062,1.17504875917973e-05
245.845961,1.17811324529693e-05
246.64186,1.18117382443781e-05
247.437759,1.18423050406923e-05
248.233658,1.18728329163905e-05
249.029557,1.19033219457616e-05
249.825456,1.19337722029056e-05
250.621355,1.19641837617343e-05
251.417254,1.19945566959716e-05
252.213153,1.20248910791543e-05
253.009052,1.20551869846325e-05
253.804951,1.20854444855707e-05
254.60085,1.21156636549476e-05
255.396749,1.21458445655573e-05
256.192648,1.21759872900099e-05
256.988547,1.22060919007315e-05
257.784446,1.22361584699654e-05
258.580345,1.22661870697724e-05
259.376244,1.22961777720313e-05
260.172143,1.23261306484398e-05
260.968042,1.23560457705146e-05
261.763941,1.23859232095924e-05
262.55984,1.24157630368302e-05
263.355739,1.24455653232062e-05
264.151638,1.24753301395196e-05
264.947537,1.25050575563923e-05
265.743436,1.25347476442684e-05
266.539335,1.25644004734153e-05
267.335234,1.25940161139243e-05
268.131133,1.26235946357108e-05
268.927032,1.26531361085152e-05
269.722931,1.26826406019033e-05
270.51883,1.27121081852666e-05
271.314729,1.27415389278235e-05
272.110628,1.27709328986192e-05
272.906527,1.28002901665263e-05
273.702426,1.28296108002459e-05
274.498325,1.28588948683074e-05
275.294224,1.28881424390696e-05
276.090123,1.2917353580721e-05
276.886022,1.29465283612802e-05
277.681921,1.29756668485966e-05
278.47782,1.30047691103511e-05
279.273719,1.30338352140562e-05
280.069618,1.30628652270567e-05
280.865517,1.30918592165306e-05
281.661416,1.31208172494889e-05
282.457315,1.31497393927767e-05
283.253214,1.31786257130734e-05
284.049113,1.32074762768935e-05
284.845012,1.32362911505867e-05
285.640911,1.32650704003389e-05
286.43681,1.32938140921722e-05
287.232709,1.33225222919459e-05
288.028608,1.33511950653565e-05
288.824507,1.33798324779386e-05
289.620406,1.34084345950652e-05
290.416305,1.34370014819485e-05
291.212204,1.34655332036397e-05
292.008103,1.34940298250304e-05
292.804002,1.35224914108523e-05
293.599901,1.35509180256782e-05
294.3958,1.35793097339223e-05
295.191699,1.36076665998407e-05
295.987598,1.36359886875317e-05
296.783497,1.36642760609368e-05
297.579396,1.36925287838407e-05
298.375295,1.37207469198717e-05
299.171194,1.37489305325029e-05
299.967093,1.37770796850516e-05
300.762992,1.38051944406809e-05
301.558891,1.38332748623994e-05
302.35479,1.38613210130617e-05
303.150689,1.38893329553694e-05
303.946588,1.39173107518711e-05
304.742487,1.39452544649629e-05
305.538386,1.39731641568892e-05
306.334285,1.40010398897427e-05
307.130184,1.40288817254653e-05
307.926083,1.40566897258481e-05
308.721982,1.40844639525323e-05
309.517881,1.41122044670094e-05
310.31378,1.41399113306217e-05
311.109679,1.41675846045628e-05
311.905578,1.4195224349878e-05
312.701477,1.42228306274648e-05
313.497376,1.42504034980732e-05
314.293275,1.42779430223064e-05
315.089174,1.4305449260621e-05
315.885073,1.43329222733276e-05
316.680972,1.43603621205912e-05
317.476871,1.43877688624315e-05
318.27277,1.44151425587237e-05
319.068669,1.44424832691985e-05
319.864568,1.44697910534427e-05
320.660467,1.44970659708999e-05
321.456366,1.45243080808704e-05
322.252265,1.45515174425123e-05
323.048164,1.45786941148411e-05
323.844063,1.4605838156731e-05
324.639962,1.46329496269146e-05
325.435861,1.46600285839839e-05
326.23176,1.46870750863901e-05
327.027659,1.47140891924448e-05
327.823558,1.47410709603197e-05
328.619457,1.47680204480473e-05
329.415356,1.47949377135216e-05
330.211255,1.48218228144978e-05
331.007154,1.48486758085937e-05
331.803053,1.4875496753289e-05
332.598952,1.49022857059268e-05
333.394851,1.4929042723713e-05
334.19075,1.49557678637176e-05
334.986649,1.49824611828744e-05
335.782548,1.5009122737982e-05
336.578447,1.50357525857035e-05
337.374346,1.50623507825677e-05
338.170245,1.50889173849688e-05
338.966144,1.51154524491674e-05
339.762043,1.51419560312904e-05
340.557942,1.51684281873316e-05
341.353841,1.51948689731522e-05
342.14974,1.52212784444809e-05
342.945639,1.52476566569147e-05
343.741538,1.52740036659189e-05
344.537437,1.53003195268278e-05
345.333336,1.53266042948448e-05
346.129235,1.53528580250429e-05
346.925134,1.53790807723654e-05
347.721033,1.54052725916257e-05
348.516932,1.5431433537508e-05
349.312831,1.54575636645678e-05
350.10873,1.54836630272321e-05
350.904629,1.55097316797997e-05
351.700528,1.55357696764419e-05
352.496427,1.55617770712025e-05
353.292326,1.55877539179983e-05
354.088225,1.56137002706197e-05
354.884124,1.56396161827308e-05
355.680023,1.56655017078697e-05
356.475922,1.56913568994494e-05
357.271821,1.57171818107573e-05
358.06772,1.57429764949565e-05
358.863619,1.57687410050855e-05
359.659518,1.57944753940588e-05
360.455417,1.58201797146673e-05
361.251316,1.58458540195786e-05
362.047215,1.58714983613372e-05
362.843114,1.58971127923654e-05
363.639013,1.59226973649629e-05
364.434912,1.59482521313077e-05
365.230811,1.59737771434564e-05
366.02671,1.59992724533443e-05
366.822609,1.6024738112786e-05
367.618508,1.60501741734755e-05
368.414407,1.60755806869868e-05
369.210306,1.61009577047743e-05
370.006205,1.61263052781727e-05
370.802104,1.61516234583978e-05
371.598003,1.61769122965467e-05
372.393902,1.62021718435982e-05
373.189801,1.62274021504129e-05
373.9857,1.62526032677338e-05
374.781599,1.62777752461865e-05
375.577498,1.63029181362799e-05
376.373397,1.63280319884057e-05
377.169296,1.63531168528397e-05
377.965195,1.63781727797416e-05
378.761094,1.64031998191554e-05
379.556993,1.64281980210096e-05
380.352892,1.64531674351181e-05
381.148791,1.64781081111799e-05
381.94469,1.65030200987795e-05
382.740589,1.65279034473878e-05
383.536488,1.65527582063616e-05
384.332387,1.65775844249447e-05
385.128286,1.66023821522677e-05
385.924185,1.66271514373484e-05
386.720084,1.66518923290925e-05
387.515983,1.66766048762934e-05
388.311882,1.67012891276328e-05
389.107781,1.67259451316811e-05
389.90368,1.67505729368976e-05
390.699579,1.67751725916305e-05
391.495478,1.6799744144118e-05
392.291377,1.68242876424879e-05
393.087276,1.68488031347581e-05
393.883175,1.68732906688372e-05
394.679074,1.68977502925244e-05
395.474973,1.692218205351e-05
396.270872,1.69465859993759e-05
397.066771,1.69709621775955e-05
397.86267,1.69953106355344e-05
398.658569,1.70196314204504e-05
399.454468,1.7043924579494e-05
400.250367,1.70681901597087e-05
401.046266,1.70924282080311e-05
401.842165,1.71166387712915e-05
402.638064,1.7140821896214e-05
403.433963,1.71649776294168e-05
404.229862,1.71891060174126e-05
405.025761,1.72132071066089e-05
405.82166,1.72372809433082e-05
406.617559,1.72613275737083e-05
407.413458,1.72853470439028e-05
408.209357,1.73093393998809e-05
409.005256,1.73333046875285e-05
409.801155,1.73572429526276e-05
410.597054,1.73811542408572e-05
411.392953,1.74050385977935e-05
412.188852,1.74288960689098e-05
412.984751,1.74527266995774e-05
413.78065,1.74765305350655e-05
414.576549,1.75003076205413e-05
415.372448,1.75240580010709e-05
416.168347,1.75477817216189e-05
416.964246,1.75714788270492e-05
417.760145,1.75951493621252e-05
418.556044,1.76187933715097e-05
419.351943,1.76424108997656e-05
420.147842,1.76660019913561e-05
420.943741,1.76895666906447e-05
421.73964,1.7713105041896e-05
422.535539,1.77366170892754e-05
423.331438,1.77601028768497e-05
424.127337,1.77835624485875e-05
424.923236,1.78069958483591e-05
425.719135,1.78304031199371e-05
426.515034,1.78537843069963e-05
427.310933,1.78771394531146e-05
428.106832,1.79004686017725e-05
428.902731,1.79237717963541e-05
429.69863,1.79470490801467e-05
430.494529,1.79703004963416e-05
431.290428,1.79935260880341e-05
432.086327,1.80167258982238e-05
432.882226,1.8039899969815e-05
433.678125,1.80630483456167e-05
434.474024,1.8086171068343e-05
435.269923,1.81092681806136e-05
436.065822,1.81323397249537e-05
436.861721,1.81553857437944e-05
437.65762,1.81784062794729e-05
438.453519,1.8201401374233e-05
439.249418,1.82243710702251e-05
440.045317,1.82473154095063e-05
440.841216,1.82702344340414e-05
441.637115,1.82931281857022e-05
442.433014,1.83159967062683e-05
443.228913,1.83388400374276e-05
444.024812,1.83616582207757e-05
444.820711,1.8384451297817e-05
445.61661,1.84072193099645e-05
446.412509,1.84299622985402e-05
447.208408,1.84526803047754e-05
448.004307,1.84753733698107e-05
448.800206,1.84980415346966e-05
449.596105,1.85206848403933e-05
450.392004,1.85433033277715e-05
451.187903,1.85658970376121e-05
451.983802,1.8588466010607e-05
452.779701,1.86110102873588e-05
453.5756,1.86335299083814e-05
