"ResDensity","N_TraitValue"
15,0.000636372380914759
15.156,0.00064257531345328
15.312,0.000648770237588372
15.468,0.000654957168819112
15.624,0.000661136122604608
15.78,0.000667307114364126
15.936,0.000673470159477223
16.092,0.000679625273283868
16.248,0.000685772471084576
16.404,0.000691911768140529
16.56,0.000698043179673708
16.716,0.000704166720867014
16.872,0.000710282406864395
17.028,0.000716390252770972
17.184,0.000722490273653162
17.34,0.000728582484538801
17.496,0.000734666900417271
17.652,0.000740743536239619
17.808,0.000746812406918681
17.964,0.000752873527329205
18.12,0.000758926912307971
18.276,0.000764972576653912
18.432,0.000771010535128236
18.588,0.000777040802454546
18.744,0.000783063393318958
18.9,0.00078907832237022
19.056,0.000795085604219836
19.212,0.000801085253442176
19.368,0.000807077284574601
19.524,0.000813061712117576
19.68,0.000819038550534791
19.836,0.000825007814253271
19.992,0.000830969517663501
20.148,0.000836923675119533
20.304,0.000842870300939108
20.46,0.000848809409403764
20.616,0.000854741014758958
20.772,0.000860665131214175
20.928,0.000866581772943042
21.084,0.000872490954083439
21.24,0.00087839268873762
21.396,0.000884286990972314
21.552,0.000890173874818845
21.708,0.00089605335427324
21.864,0.000901925443296338
22.02,0.000907790155813906
22.176,0.000913647505716745
22.332,0.000919497506860799
22.488,0.000925340173067268
22.644,0.000931175518122714
22.8,0.000937003555779169
22.956,0.000942824299754246
23.112,0.000948637763731244
23.268,0.000954443961359254
23.424,0.000960242906253273
23.58,0.000966034611994299
23.736,0.000971819092129447
23.892,0.000977596360172052
24.048,0.00098336642960177
24.204,0.000989129313864687
24.36,0.000994885026373423
24.516,0.00100063358050723
24.672,0.00100637498961212
24.828,0.00101210926700093
24.984,0.00101783642595344
25.14,0.0010235564797165
25.296,0.00102926944150409
25.452,0.00103497532449748
25.608,0.00104067414184524
25.764,0.00104636590666345
25.92,0.00105205063203572
26.076,0.00105772833101331
26.232,0.00106339901661526
26.388,0.00106906270182844
26.544,0.0010747193996077
26.7,0.00108036912287592
26.856,0.00108601188452417
27.012,0.00109164769741172
27.168,0.00109727657436624
27.324,0.0011028985281838
27.48,0.00110851357162904
27.636,0.00111412171743524
27.792,0.00111972297830441
27.948,0.00112531736690737
28.104,0.00113090489588391
28.26,0.00113648557784281
28.416,0.00114205942536197
28.572,0.00114762645098852
28.728,0.00115318666723887
28.884,0.00115874008659886
29.04,0.00116428672152379
29.196,0.00116982658443857
29.352,0.00117535968773777
29.508,0.00118088604378576
29.664,0.00118640566491674
29.82,0.00119191856343489
29.976,0.00119742475161442
30.132,0.00120292424169969
30.288,0.00120841704590528
30.444,0.0012139031764161
30.6,0.00121938264538744
30.756,0.00122485546494513
30.912,0.00123032164718556
31.068,0.00123578120417581
31.224,0.00124123414795371
31.38,0.00124668049052797
31.536,0.00125212024387821
31.692,0.00125755341995512
31.848,0.00126298003068047
32.004,0.00126840008794727
32.16,0.00127381360361978
32.316,0.00127922058953369
32.472,0.0012846210574961
32.628,0.00129001501928571
32.784,0.00129540248665283
32.94,0.00130078347131949
33.096,0.00130615798497955
33.252,0.00131152603929873
33.408,0.00131688764591475
33.564,0.00132224281643738
33.72,0.00132759156244853
33.876,0.00133293389550235
34.032,0.00133826982712529
34.188,0.00134359936881621
34.344,0.00134892253204641
34.5,0.00135423932825979
34.656,0.00135954976887287
34.812,0.00136485386527488
34.968,0.00137015162882789
35.124,0.00137544307086681
35.28,0.00138072820269956
35.436,0.00138600703560706
35.592,0.0013912795808434
35.748,0.00139654584963585
35.904,0.00140180585318496
36.06,0.00140705960266468
36.216,0.00141230710922236
36.372,0.00141754838397892
36.528,0.00142278343802884
36.684,0.0014280122824403
36.84,0.00143323492825523
36.996,0.00143845138648942
37.152,0.00144366166813255
37.308,0.00144886578414828
37.464,0.00145406374547437
37.62,0.0014592555630227
37.776,0.00146444124767937
37.932,0.00146962081030481
38.088,0.00147479426173377
38.244,0.00147996161277548
38.4,0.0014851228742137
38.556,0.00149027805680677
38.712,0.0014954271712877
38.868,0.00150057022836426
39.024,0.00150570723871905
39.18,0.00151083821300953
39.336,0.00151596316186818
39.492,0.00152108209590247
39.648,0.00152619502569503
39.804,0.00153130196180365
39.96,0.00153640291476139
40.116,0.00154149789507666
40.272,0.00154658691323324
40.428,0.00155166997969043
40.584,0.00155674710488305
40.74,0.00156181829922155
40.896,0.00156688357309207
41.052,0.00157194293685652
41.208,0.00157699640085264
41.364,0.00158204397539408
41.52,0.00158708567077045
41.676,0.00159212149724741
41.832,0.00159715146506674
41.988,0.00160217558444639
42.144,0.0016071938655806
42.3,0.00161220631863987
42.456,0.00161721295377115
42.612,0.00162221378109781
42.768,0.00162720881071976
42.924,0.0016321980527135
43.08,0.00163718151713222
43.236,0.00164215921400579
43.392,0.00164713115334092
43.548,0.00165209734512116
43.704,0.00165705779930701
43.86,0.00166201252583596
44.016,0.00166696153462256
44.172,0.00167190483555849
44.328,0.00167684243851263
44.484,0.00168177435333112
44.64,0.00168670058983744
44.796,0.00169162115783245
44.952,0.00169653606709446
45.108,0.00170144532737932
45.264,0.00170634894842046
45.42,0.00171124693992896
45.576,0.00171613931159361
45.732,0.00172102607308099
45.888,0.00172590723403552
46.044,0.00173078280407953
46.2,0.0017356527928133
46.356,0.00174051720981517
46.512,0.00174537606464156
46.668,0.00175022936682705
46.824,0.00175507712588444
46.98,0.00175991935130482
47.136,0.0017647560525576
47.292,0.00176958723909064
47.448,0.00177441292033023
47.604,0.0017792331056812
47.76,0.00178404780452698
47.916,0.00178885702622963
48.072,0.00179366078012994
48.228,0.00179845907554748
48.384,0.00180325192178062
48.54,0.00180803932810665
48.696,0.0018128213037818
48.852,0.00181759785804133
49.008,0.00182236900009954
49.164,0.00182713473914989
49.32,0.00183189508436501
49.476,0.0018366500448968
49.632,0.00184139962987644
49.788,0.00184614384841451
49.944,0.00185088270960097
50.1,0.0018556162225053
50.256,0.0018603443961765
50.412,0.00186506723964318
50.568,0.0018697847619136
50.724,0.00187449697197572
50.88,0.00187920387879729
51.036,0.00188390549132588
51.192,0.00188860181848893
51.348,0.00189329286919384
51.504,0.00189797865232799
51.66,0.00190265917675881
51.816,0.00190733445133386
51.972,0.00191200448488083
52.128,0.00191666928620767
52.284,0.00192132886410257
52.44,0.00192598322733406
52.596,0.00193063238465106
52.752,0.00193527634478293
52.908,0.00193991511643951
53.064,0.00194454870831122
53.22,0.00194917712906904
53.376,0.00195380038736464
53.532,0.0019584184918304
53.688,0.00196303145107943
53.844,0.00196763927370571
54,0.00197224196828405
54.156,0.0019768395433702
54.312,0.00198143200750089
54.468,0.00198601936919387
54.624,0.001990601636948
54.78,0.00199517881924324
54.936,0.00199975092454076
55.092,0.00200431796128297
55.248,0.00200887993789356
55.404,0.00201343686277757
55.56,0.00201798874432145
55.716,0.00202253559089307
55.872,0.00202707741084182
56.028,0.00203161421249863
56.184,0.00203614600417603
56.34,0.00204067279416821
56.496,0.00204519459075104
56.652,0.00204971140218217
56.808,0.00205422323670104
56.964,0.00205873010252893
57.12,0.00206323200786905
57.276,0.00206772896090653
57.432,0.00207222096980853
57.588,0.00207670804272425
57.744,0.00208119018778498
57.9,0.00208566741310418
58.056,0.0020901397267775
58.212,0.00209460713688282
58.368,0.00209906965148035
58.524,0.00210352727861262
58.68,0.00210798002630456
58.836,0.00211242790256353
58.992,0.0021168709153794
59.148,0.00212130907272457
59.304,0.00212574238255402
59.46,0.00213017085280535
59.616,0.00213459449139886
59.772,0.00213901330623757
59.928,0.00214342730520727
60.084,0.00214783649617658
60.24,0.00215224088699697
60.396,0.00215664048550284
60.552,0.00216103529951154
60.708,0.00216542533682344
60.864,0.00216981060522195
61.02,0.00217419111247359
61.176,0.002178566866328
61.332,0.00218293787451805
61.488,0.00218730414475981
61.644,0.00219166568475265
61.8,0.00219602250217926
61.956,0.00220037460470572
62.112,0.00220472199998149
62.268,0.00220906469563952
62.424,0.00221340269929626
62.58,0.00221773601855171
62.736,0.00222206466098946
62.892,0.00222638863417675
63.048,0.0022307079456645
63.204,0.00223502260298735
63.36,0.00223933261366371
63.516,0.00224363798519581
63.672,0.00224793872506976
63.828,0.00225223484075553
63.984,0.00225652633970706
64.14,0.00226081322936228
64.296,0.00226509551714314
64.452,0.00226937321045568
64.608,0.00227364631669003
64.764,0.0022779148432205
64.92,0.00228217879740561
65.076,0.00228643818658809
65.232,0.002290693018095
65.388,0.00229494329923768
65.544,0.00229918903731188
65.7,0.00230343023959775
65.856,0.00230766691335988
66.012,0.00231189906584737
66.168,0.00231612670429385
66.324,0.00232034983591752
66.48,0.00232456846792122
66.636,0.00232878260749243
66.792,0.00233299226180334
66.948,0.00233719743801087
67.104,0.00234139814325673
67.26,0.00234559438466745
67.416,0.00234978616935443
67.572,0.00235397350441396
67.728,0.00235815639692727
67.884,0.00236233485396059
68.04,0.00236650888256517
68.196,0.00237067848977729
68.352,0.00237484368261837
68.508,0.00237900446809495
68.664,0.00238316085319876
68.82,0.00238731284490674
68.976,0.0023914604501811
69.132,0.00239560367596934
69.288,0.00239974252920428
69.444,0.00240387701680415
69.6,0.00240800714567257
69.756,0.0024121329226986
69.912,0.00241625435475682
70.068,0.00242037144870732
70.224,0.00242448421139576
70.38,0.0024285926496534
70.536,0.00243269677029715
70.692,0.00243679658012959
70.848,0.00244089208593902
71.004,0.0024449832944995
71.16,0.00244907021257088
71.316,0.00245315284689884
71.472,0.00245723120421491
71.628,0.00246130529123656
71.784,0.00246537511466715
71.94,0.00246944068119607
72.096,0.00247350199749868
72.252,0.00247755907023641
72.408,0.00248161190605679
72.564,0.00248566051159344
72.72,0.00248970489346617
72.876,0.00249374505828096
73.032,0.00249778101263004
73.188,0.0025018127630919
73.344,0.00250584031623132
73.5,0.00250986367859945
73.656,0.00251388285673379
73.812,0.00251789785715824
73.968,0.00252190868638317
74.124,0.00252591535090542
74.28,0.00252991785720834
74.436,0.00253391621176183
74.592,0.00253791042102239
74.748,0.0025419004914331
74.904,0.00254588642942375
75.06,0.00254986824141078
75.216,0.00255384593379735
75.372,0.00255781951297341
75.528,0.00256178898531566
75.684,0.00256575435718767
75.84,0.00256971563493983
75.996,0.00257367282490945
76.152,0.00257762593342076
76.308,0.00258157496678493
76.464,0.00258551993130017
76.62,0.00258946083325167
76.776,0.00259339767891171
76.932,0.00259733047453967
77.088,0.00260125922638203
77.244,0.00260518394067245
77.4,0.00260910462363179
77.556,0.00261302128146812
77.712,0.00261693392037677
77.868,0.00262084254654039
78.024,0.00262474716612892
78.18,0.00262864778529968
78.336,0.00263254441019737
78.492,0.0026364370469541
78.648,0.00264032570168947
78.804,0.00264421038051053
78.96,0.00264809108951186
79.116,0.00265196783477561
79.272,0.00265584062237147
79.428,0.00265970945835679
79.584,0.00266357434877653
79.74,0.00266743529966334
79.896,0.00267129231703757
80.052,0.00267514540690734
80.208,0.00267899457526849
80.364,0.00268283982810471
80.52,0.00268668117138749
80.676,0.00269051861107619
80.832,0.00269435215311808
80.988,0.00269818180344834
81.144,0.0027020075679901
81.3,0.0027058294526545
81.456,0.00270964746334067
81.612,0.00271346160593581
81.768,0.00271727188631517
81.924,0.00272107831034215
82.08,0.00272488088386823
82.236,0.00272867961273311
82.392,0.00273247450276466
82.548,0.00273626555977898
82.704,0.00274005278958044
82.86,0.00274383619796167
83.016,0.00274761579070365
83.172,0.00275139157357567
83.328,0.00275516355233543
83.484,0.002758931732729
83.64,0.00276269612049092
83.796,0.00276645672134415
83.952,0.00277021354100018
84.108,0.002773966585159
84.264,0.00277771585950915
84.42,0.00278146136972775
84.576,0.00278520312148053
84.732,0.00278894112042185
84.888,0.00279267537219474
85.044,0.00279640588243092
85.2,0.00280013265675082
85.356,0.00280385570076363
85.512,0.00280757502006731
85.668,0.00281129062024864
85.824,0.00281500250688321
85.98,0.00281871068553548
86.136,0.0028224151617588
86.292,0.00282611594109545
86.448,0.00282981302907661
86.604,0.00283350643122249
86.76,0.00283719615304225
86.916,0.00284088220003411
87.072,0.00284456457768531
87.228,0.0028482432914722
87.384,0.00285191834686023
87.54,0.00285558974930398
87.696,0.00285925750424719
87.852,0.0028629216171228
88.008,0.00286658209335294
88.164,0.00287023893834902
88.32,0.0028738921575117
88.476,0.00287754175623092
88.632,0.00288118773988597
88.788,0.00288483011384547
88.944,0.00288846888346742
89.1,0.00289210405409922
89.256,0.00289573563107771
89.412,0.00289936361972916
89.568,0.00290298802536934
89.724,0.00290660885330351
89.88,0.00291022610882648
90.036,0.00291383979722259
90.192,0.0029174499237658
90.348,0.00292105649371964
90.504,0.00292465951233729
90.66,0.00292825898486161
90.816,0.00293185491652511
90.972,0.00293544731255003
91.128,0.00293903617814834
91.284,0.00294262151852178
91.44,0.00294620333886187
91.596,0.00294978164434993
91.752,0.00295335644015714
91.908,0.00295692773144451
92.064,0.00296049552336297
92.22,0.00296405982105334
92.376,0.00296762062964638
92.532,0.0029711779542628
92.688,0.00297473180001331
92.844,0.00297828217199862
93,0.00298182907530947
