"ResDensity","N_TraitValue"
1,1.17511334088044e-05
1.062,1.24429725423724e-05
1.124,1.31307510885758e-05
1.186,1.38145046918079e-05
1.248,1.44942685804902e-05
1.31,1.51700775731236e-05
1.372,1.58419660842329e-05
1.434,1.65099681302088e-05
1.496,1.71741173350487e-05
1.558,1.78344469359987e-05
1.62,1.84909897890979e-05
1.682,1.91437783746282e-05
1.744,1.97928448024707e-05
1.806,2.04382208173707e-05
1.868,2.10799378041127e-05
1.93,2.17180267926089e-05
1.992,2.23525184629e-05
2.054,2.29834431500729e-05
2.116,2.36108308490952e-05
2.178,2.42347112195686e-05
2.24,2.4855113590403e-05
2.302,2.54720669644124e-05
2.364,2.60856000228344e-05
2.426,2.66957411297754e-05
2.488,2.73025183365808e-05
2.55,2.79059593861348e-05
2.612,2.85060917170884e-05
2.674,2.91029424680182e-05
2.736,2.96965384815176e-05
2.798,3.02869063082209e-05
2.86,3.08740722107616e-05
2.922,3.14580621676673e-05
2.984,3.2038901877191e-05
3.046,3.26166167610805e-05
3.108,3.31912319682877e-05
3.17,3.37627723786175e-05
3.232,3.43312626063189e-05
3.294,3.48967270036188e-05
3.356,3.54591896641992e-05
3.418,3.60186744266192e-05
3.48,3.65752048776829e-05
3.542,3.71288043557542e-05
3.604,3.76794959540193e-05
3.666,3.82273025236976e-05
3.728,3.87722466772026e-05
3.79,3.93143507912536e-05
3.852,3.98536370099383e-05
3.914,4.0390127247728e-05
3.976,4.09238431924463e-05
4.038,4.14548063081916e-05
4.1,4.19830378382144e-05
4.162,4.25085588077505e-05
4.224,4.30313900268106e-05
4.286,4.35515520929275e-05
4.348,4.40690653938605e-05
4.41,4.45839501102596e-05
4.472,4.50962262182888e-05
4.534,4.56059134922089e-05
4.596,4.61130315069227e-05
4.658,4.66175996404806e-05
4.72,4.71196370765491e-05
4.782,4.76191628068418e-05
4.844,4.81161956335145e-05
4.906,4.86107541715245e-05
4.968,4.91028568509539e-05
5.03,4.95925219192998e-05
5.092,5.00797674437292e-05
5.154,5.05646113133014e-05
5.216,5.10470712411575e-05
5.278,5.15271647666771e-05
5.34,5.20049092576042e-05
5.402,5.24803219121413e-05
5.464,5.29534197610133e-05
5.526,5.34242196695011e-05
5.588,5.38927383394459e-05
5.65,5.43589923112239e-05
5.712,5.48229979656933e-05
5.774,5.52847715261122e-05
5.836,5.57443290600296e-05
5.898,5.62016864811493e-05
5.96,5.66568595511664e-05
6.022,5.71098638815781e-05
6.084,5.75607149354685e-05
6.146,5.80094280292684e-05
6.208,5.84560183344892e-05
6.27,5.89005008794335e-05
6.332,5.93428905508803e-05
6.394,5.97832020957472e-05
6.456,6.02214501227292e-05
6.518,6.06576491039142e-05
6.58,6.10918133763762e-05
6.642,6.15239571437458e-05
6.704,6.19540944777595e-05
6.766,6.23822393197871e-05
6.828,6.28084054823375e-05
6.89,6.32326066505445e-05
6.952,6.36548563836318e-05
7.014,6.40751681163572e-05
7.076,6.4493555160438e-05
7.138,6.4910030705956e-05
7.2,6.53246078227439e-05
7.262,6.57372994617524e-05
7.324,6.61481184563986e-05
7.386,6.65570775238968e-05
7.448,6.69641892665702e-05
7.51,6.73694661731459e-05
7.572,6.77729206200316e-05
7.634,6.81745648725756e-05
7.696,6.85744110863098e-05
7.758,6.89724713081759e-05
7.82,6.93687574777354e-05
7.882,6.97632814283633e-05
7.944,7.01560548884259e-05
8.006,7.05470894824431e-05
8.068,7.09363967322353e-05
8.13,7.13239880580548e-05
8.192,7.17098747797029e-05
8.254,7.20940681176314e-05
8.316,7.24765791940307e-05
8.378,7.28574190339028e-05
8.44,7.32365985661206e-05
8.502,7.36141286244733e-05
8.564,7.39900199486982e-05
8.626,7.43642831854993e-05
8.688,7.47369288895523e-05
8.75,7.51079675244967e-05
8.812,7.54774094639157e-05
8.874,7.58452649923024e-05
8.936,7.62115443060144e-05
8.998,7.6576257514216e-05
9.06,7.69394146398079e-05
9.122,7.73010256203458e-05
9.184,7.76611003089467e-05
9.246,7.80196484751837e-05
9.308,7.83766798059696e-05
9.37,7.87322039064296e-05
9.432,7.90862303007622e-05
9.494,7.94387684330902e-05
9.556,7.97898276682999e-05
9.618,8.01394172928708e-05
9.68,8.04875465156946e-05
9.742,8.08342244688832e-05
9.804,8.11794602085678e-05
9.866,8.1523262715687e-05
9.928,8.18656408967662e-05
9.99,8.22066035846861e-05
10.052,8.25461595394426e-05
10.114,8.2884317448897e-05
10.176,8.32210859295169e-05
10.238,8.35564735271081e-05
10.3,8.38904887175377e-05
10.362,8.42231399074474e-05
10.424,8.45544354349598e-05
10.486,8.48843835703742e-05
10.548,8.52129925168552e-05
10.61,8.55402704111125e-05
10.672,8.58662253240727e-05
10.734,8.61908652615421e-05
10.796,8.6514198164863e-05
10.858,8.68362319115605e-05
10.92,8.71569743159828e-05
10.982,8.7476433129933e-05
11.044,8.77946160432936e-05
11.106,8.81115306846436e-05
11.168,8.84271846218684e-05
11.23,8.87415853627616e-05
11.292,8.90547403556211e-05
11.354,8.93666569898364e-05
11.416,8.96773425964704e-05
11.478,8.99868044488337e-05
11.54,9.0295049763052e-05
11.602,9.0602085698627e-05
11.664,9.0907919358991e-05
11.726,9.12125577920543e-05
11.788,9.15160079907469e-05
11.85,9.18182768935535e-05
11.912,9.21193713850424e-05
11.974,9.2419298296388e-05
12.036,9.27180644058877e-05
12.098,9.30156764394722e-05
12.16,9.33121410712106e-05
12.222,9.3607464923809e-05
12.284,9.39016545691038e-05
12.346,9.41947165285492e-05
12.408,9.4486657273699e-05
12.47,9.47774832266831e-05
12.532,9.50672007606782e-05
12.594,9.53558162003736e-05
12.656,9.56433358224312e-05
12.718,9.59297658559408e-05
12.78,9.62151124828698e-05
12.842,9.64993818385076e-05
12.904,9.67825800119062e-05
12.966,9.7064713046314e-05
13.028,9.73457869396062e-05
13.09,9.762580764471e-05
13.152,9.79047810700243e-05
13.214,9.81827130798358e-05
13.276,9.84596094947293e-05
13.338,9.87354760919949e-05
13.4,9.9010318606029e-05
13.462,9.9284142728732e-05
13.524,9.95569541099013e-05
13.586,9.98287583576198e-05
13.648,0.00010009956103864
13.71,0.000100369367678764
13.772,0.00010063818376322
13.834,0.000100906014737033
13.896,0.000101172866005394
13.958,0.000101438742934021
14.02,0.000101703650849523
14.082,0.00010196759503975
14.144,0.000102230580754149
14.206,0.000102492613204112
14.268,0.000102753697563317
14.33,0.000103013838968072
14.392,0.00010327304251765
14.454,0.000103531313274624
14.516,0.000103788656265192
14.578,0.000104045076479509
14.64,0.000104300578872007
14.702,0.000104555168361711
14.764,0.000104808849832561
14.826,0.00010506162813372
14.888,0.000105313508079881
14.95,0.00010556449445158
15.012,0.000105814591995491
15.074,0.00010606380542473
15.136,0.000106312139419148
15.198,0.000106559598625625
15.26,0.000106806187658362
15.322,0.000107051911099164
15.384,0.000107296773497727
15.446,0.000107540779371917
15.508,0.000107783933208048
15.57,0.000108026239461158
15.632,0.00010826770255528
15.694,0.000108508326883711
15.756,0.000108748116809281
15.818,0.000108987076664612
15.88,0.000109225210752384
15.942,0.00010946252334559
16.004,0.000109699018687793
16.066,0.000109934700993379
16.128,0.000110169574447805
16.19,0.00011040364320785
16.252,0.000110636911401858
16.314,0.000110869383129984
16.376,0.000111101062464427
16.438,0.000111331953449678
16.5,0.000111562060102746
16.562,0.000111791386413396
16.624,0.00011201993634438
16.686,0.00011224771383166
16.748,0.000112474722784642
16.81,0.000112700967086393
16.872,0.000112926450593864
16.934,0.000113151177138112
16.996,0.000113375150524514
17.058,0.000113598374532981
17.12,0.000113820852918175
17.182,0.000114042589409716
17.244,0.00011426358771239
17.306,0.000114483851506359
17.368,0.000114703384447359
17.43,0.00011492219016691
17.492,0.000115140272272511
17.554,0.000115357634347839
17.616,0.000115574279952947
17.678,0.000115790212624455
17.74,0.000116005435875748
17.802,0.000116219953197161
17.864,0.000116433768056171
17.926,0.000116646883897582
17.988,0.000116859304143712
18.05,0.000117071032194573
18.112,0.000117282071428056
18.174,0.00011749242520011
18.236,0.000117702096844916
18.298,0.000117911089675068
18.36,0.000118119406981745
18.422,0.000118327052034885
18.484,0.000118534028083354
18.546,0.000118740338355119
18.608,0.000118945986057412
18.67,0.000119150974376898
18.732,0.000119355306479839
18.794,0.000119558985512259
18.856,0.000119762014600102
18.918,0.000119964396849397
18.98,0.000120166135346409
19.042,0.000120367233157803
19.104,0.000120567693330796
19.166,0.000120767518893311
19.228,0.00012096671285413
19.29,0.000121165278203046
19.352,0.00012136321791101
19.414,0.00012156053493028
19.476,0.000121757232194571
19.538,0.000121953312619196
19.6,0.000122148779101213
19.662,0.000122343634519565
19.724,0.000122537881735223
19.786,0.000122731523591329
19.848,0.000122924562913328
19.91,0.00012311700250911
19.972,0.000123308845169145
20.034,0.000123500093666621
20.096,0.00012369075075757
20.158,0.000123880819181008
20.22,0.000124070301659064
20.282,0.000124259200897106
20.344,0.000124447519583876
20.406,0.000124635260391613
20.468,0.000124822425976182
20.53,0.000125009018977196
20.592,0.000125195042018145
20.654,0.000125380497706514
20.716,0.000125565388633909
20.778,0.000125749717376175
20.84,0.000125933486493515
20.902,0.000126116698530612
20.964,0.000126299356016743
21.026,0.000126481461465898
21.088,0.000126663017376892
21.15,0.000126844026233484
21.212,0.000127024490504486
21.274,0.000127204412643877
21.336,0.000127383795090915
21.398,0.000127562640270246
21.46,0.000127740950592014
21.522,0.000127918728451966
21.584,0.000128095976231567
21.646,0.000128272696298099
21.708,0.000128448891004767
21.77,0.000128624562690809
21.832,0.000128799713681594
21.894,0.000128974346288727
21.956,0.00012914846281015
22.018,0.000129322065530242
22.08,0.000129495156719921
22.142,0.000129667738636742
22.204,0.000129839813524996
22.266,0.000130011383615803
22.328,0.000130182451127215
22.39,0.000130353018264308
22.452,0.000130523087219274
22.514,0.000130692660171523
22.576,0.000130861739287767
22.638,0.000131030326722118
22.7,0.000131198424616178
22.762,0.000131366035099129
22.824,0.000131533160287825
22.886,0.000131699802286877
22.948,0.000131865963188745
23.01,0.000132031645073826
23.072,0.000132196850010537
23.134,0.000132361580055406
23.196,0.000132525837253152
23.258,0.000132689623636774
23.32,0.000132852941227633
23.382,0.000133015792035535
23.444,0.000133178178058814
23.506,0.000133340101284414
23.568,0.000133501563687969
23.63,0.000133662567233884
23.692,0.000133823113875414
23.754,0.000133983205554745
23.816,0.000134142844203071
23.878,0.00013430203174067
23.94,0.000134460770076984
24.002,0.000134619061110693
24.064,0.000134776906729791
24.126,0.000134934308811664
24.188,0.000135091269223161
24.25,0.000135247789820667
24.312,0.000135403872450181
24.374,0.000135559518947384
24.436,0.000135714731137714
24.498,0.000135869510836434
24.56,0.000136023859848706
24.622,0.000136177779969661
24.684,0.000136331272984465
24.746,0.000136484340668392
24.808,0.000136636984786892
24.87,0.000136789207095657
24.932,0.000136941009340687
24.994,0.000137092393258363
25.056,0.000137243360575506
25.118,0.000137393913009447
25.18,0.000137544052268092
25.242,0.000137693780049983
25.304,0.000137843098044366
25.366,0.000137992007931254
25.428,0.000138140511381488
25.49,0.000138288610056801
25.552,0.000138436305609878
25.614,0.000138583599684421
25.676,0.000138730493915208
25.738,0.000138876989928152
25.8,0.000139023089340365
25.862,0.000139168793760212
25.924,0.000139314104787375
25.986,0.000139459024012909
26.048,0.0001396035530193
26.11,0.000139747693380525
26.172,0.000139891446662106
26.234,0.000140034814421168
26.296,0.000140177798206495
26.358,0.000140320399558588
26.42,0.000140462620009717
26.482,0.000140604461083977
26.544,0.000140745924297342
26.606,0.000140887011157722
26.668,0.000141027723165013
26.73,0.000141168061811151
26.792,0.000141308028580165
26.854,0.000141447624948232
26.916,0.000141586852383722
26.978,0.000141725712347258
27.04,0.000141864206291761
27.102,0.000142002335662503
27.164,0.000142140101897156
27.226,0.000142277506425844
27.288,0.000142414550671191
27.35,0.000142551236048369
27.412,0.000142687563965151
27.474,0.000142823535821954
27.536,0.000142959153011889
27.598,0.000143094416920811
27.66,0.000143229328927362
27.722,0.000143363890403022
27.784,0.000143498102712151
27.846,0.000143631967212041
27.908,0.000143765485252954
27.97,0.000143898658178175
28.032,0.000144031487324053
28.094,0.000144163974020046
28.156,0.000144296119588766
28.218,0.000144427925346023
28.28,0.000144559392600868
28.342,0.000144690522655637
28.404,0.000144821316805994
28.466,0.000144951776340973
28.528,0.000145081902543023
28.59,0.000145211696688045
28.652,0.000145341160045438
28.714,0.00014547029387814
28.776,0.000145599099442664
28.838,0.000145727577989148
28.9,0.000145855730761388
28.962,0.000145983558996879
29.024,0.000146111063926857
29.086,0.00014623824677634
29.148,0.000146365108764162
29.21,0.000146491651103015
29.272,0.000146617874999491
29.334,0.000146743781654113
29.396,0.000146869372261378
29.458,0.000146994648009795
29.52,0.000147119610081921
29.582,0.000147244259654396
29.644,0.000147368597897985
29.706,0.000147492625977611
29.768,0.000147616345052394
29.83,0.000147739756275682
29.892,0.000147862860795094
29.954,0.000147985659752549
30.016,0.000148108154284306
30.078,0.000148230345520998
30.14,0.000148352234587663
30.202,0.000148473822603785
30.264,0.000148595110683323
30.326,0.000148716099934747
30.388,0.000148836791461071
30.45,0.00014895718635989
30.512,0.000149077285723407
30.574,0.000149197090638472
30.636,0.00014931660218661
30.698,0.000149435821444058
30.76,0.000149554749481794
30.822,0.000149673387365569
30.884,0.000149791736155944
30.946,0.000149909796908312
31.008,0.00015002757067294
31.07,0.000150145058494992
31.132,0.000150262261414564
31.194,0.000150379180466714
31.256,0.000150495816681492
31.318,0.000150612171083972
31.38,0.000150728244694276
31.442,0.000150844038527614
31.504,0.000150959553594304
31.566,0.000151074790899806
31.628,0.000151189751444752
31.69,0.000151304436224972
31.752,0.000151418846231524
31.814,0.000151532982450723
31.876,0.000151646845864171
31.938,0.00015176043744878
32,0.000151873758176804
