"ResDensity","N_TraitValue"
1,3.81015425698949e-05
1.022,3.85948316784798e-05
1.044,3.90794580031166e-05
1.066,3.95556477518061e-05
1.088,4.00236193246652e-05
1.11,4.04835836479199e-05
1.132,4.09357444908993e-05
1.154,4.13802987670312e-05
1.176,4.18174368197742e-05
1.198,4.22473426943578e-05
1.22,4.26701943961459e-05
1.242,4.30861641363855e-05
1.264,4.34954185660539e-05
1.286,4.38981189984705e-05
1.308,4.42944216212989e-05
1.33,4.46844776985243e-05
1.352,4.50684337629543e-05
1.374,4.5446431799759e-05
1.396,4.58186094215324e-05
1.418,4.61851000353283e-05
1.44,4.65460330020982e-05
1.462,4.69015337889293e-05
1.484,4.72517241144606e-05
1.506,4.75967220878313e-05
1.528,4.79366423414924e-05
1.55,4.82715961581988e-05
1.572,4.8601691592474e-05
1.594,4.89270335868281e-05
1.616,4.92477240829915e-05
1.638,4.956386212841e-05
1.66,4.98755439782382e-05
1.682,5.01828631930488e-05
1.704,5.04859107324682e-05
1.726,5.07847750449344e-05
1.748,5.10795421537626e-05
1.77,5.13702957396968e-05
1.792,5.16571172201103e-05
1.814,5.19400858250161e-05
1.836,5.22192786700334e-05
1.858,5.24947708264533e-05
1.88,5.27666353885365e-05
1.902,5.30349435381698e-05
1.924,5.32997646070019e-05
1.946,5.35611661361719e-05
1.968,5.38192139337392e-05
1.99,5.40739721299168e-05
2.012,5.43255032302056e-05
2.034,5.45738681665225e-05
2.056,5.48191263464097e-05
2.078,5.50613357004086e-05
2.1,5.53005527276782e-05
2.122,5.55368325399328e-05
2.144,5.57702289037718e-05
2.166,5.60007942814682e-05
2.188,5.62285798702824e-05
2.21,5.64536356403628e-05
2.232,5.66760103712912e-05
2.254,5.68957516873304e-05
2.276,5.71129060914268e-05
2.298,5.73275189980191e-05
2.32,5.75396347647018e-05
2.342,5.77492967227896e-05
2.364,5.79565472068276e-05
2.386,5.81614275830889e-05
2.408,5.83639782770997e-05
2.43,5.85642388002312e-05
2.452,5.87622477753946e-05
2.474,5.89580429618738e-05
2.496,5.91516612793303e-05
2.518,5.93431388310119e-05
2.54,5.95325109261949e-05
2.562,5.97198121018913e-05
2.584,5.99050761438473e-05
2.606,6.00883361068595e-05
2.628,6.02696243344367e-05
2.65,6.04489724778292e-05
2.672,6.06264115144515e-05
2.694,6.08019717657194e-05
2.716,6.09756829143225e-05
2.738,6.11475740209559e-05
2.76,6.13176735405267e-05
2.782,6.14860093378573e-05
2.804,6.16526087029028e-05
2.826,6.18174983654999e-05
2.848,6.19807045096634e-05
2.87,6.21422527874479e-05
2.892,6.23021683323886e-05
2.914,6.2460475772537e-05
2.936,6.26171992431048e-05
2.958,6.27723623987312e-05
2.98,6.29259884253839e-05
3.002,6.30781000519101e-05
3.024,6.32287195612461e-05
3.046,6.33778688012995e-05
3.068,6.35255691955136e-05
3.09,6.36718417531261e-05
3.112,6.3816707079131e-05
3.134,6.39601853839552e-05
3.156,6.41022964928577e-05
3.178,6.42430598550618e-05
3.2,6.43824945526285e-05
3.222,6.45206193090799e-05
3.244,6.46574524977809e-05
3.266,6.47930121500867e-05
3.288,6.49273159632633e-05
3.31,6.50603813081902e-05
3.332,6.51922252368496e-05
3.354,6.53228644896112e-05
3.376,6.54523155023179e-05
3.398,6.55805944131789e-05
3.42,6.57077170694771e-05
3.442,6.58336990340946e-05
3.464,6.5958555591865e-05
3.486,6.60823017557546e-05
3.508,6.62049522728808e-05
3.53,6.63265216303703e-05
3.552,6.64470240610637e-05
3.574,6.65664735490701e-05
3.596,6.66848838351772e-05
3.618,6.68022684221208e-05
3.64,6.69186405797169e-05
3.662,6.70340133498633e-05
3.684,6.71483995514116e-05
3.706,6.72618117849151e-05
3.728,6.73742624372561e-05
3.75,6.74857636861557e-05
3.772,6.75963275045706e-05
3.794,6.77059656649779e-05
3.816,6.78146897435547e-05
3.838,6.79225111242522e-05
3.86,6.80294410027689e-05
3.882,6.81354903904266e-05
3.904,6.82406701179496e-05
3.926,6.83449908391528e-05
3.948,6.84484630345383e-05
3.97,6.85510970148062e-05
3.992,6.86529029242787e-05
4.014,6.87538907442434e-05
4.036,6.88540702962149e-05
4.058,6.89534512451189e-05
4.08,6.90520431024012e-05
4.102,6.91498552290615e-05
4.124,6.92468968386165e-05
4.146,6.93431769999932e-05
4.168,6.9438704640354e-05
4.19,6.95334885478561e-05
4.212,6.96275373743461e-05
4.234,6.97208596379936e-05
4.256,6.98134637258619e-05
4.278,6.99053578964215e-05
4.3,6.9996550282005e-05
4.322,7.0087048891206e-05
4.344,7.01768616112239e-05
4.366,7.02659962101553e-05
4.388,7.03544603392335e-05
4.41,7.0442261535018e-05
4.432,7.05294072215352e-05
4.454,7.06159047123703e-05
4.476,7.07017612127139e-05
4.498,7.07869838213625e-05
4.52,7.0871579532675e-05
4.542,7.09555552384867e-05
4.564,7.10389177299804e-05
4.586,7.11216736995176e-05
4.608,7.12038297424291e-05
4.63,7.12853923587676e-05
4.652,7.13663679550217e-05
4.674,7.14467628457937e-05
4.696,7.15265832554404e-05
4.718,7.16058353196805e-05
4.74,7.16845250871661e-05
4.762,7.17626585210217e-05
4.784,7.1840241500351e-05
4.806,7.1917279821711e-05
4.828,7.19937792005559e-05
4.85,7.20697452726509e-05
4.872,7.21451835954555e-05
4.894,7.22200996494797e-05
4.916,7.22944988396105e-05
4.938,7.23683864964122e-05
4.96,7.24417678773992e-05
4.982,7.25146481682835e-05
5.004,7.2587032484196e-05
5.026,7.26589258708831e-05
5.048,7.27303333058797e-05
5.07,7.28012596996574e-05
5.092,7.28717098967506e-05
5.114,7.29416886768593e-05
5.136,7.30112007559302e-05
5.158,7.3080250787216e-05
5.18,7.31488433623138e-05
5.202,7.3216983012183e-05
5.224,7.32846742081431e-05
5.246,7.33519213628512e-05
5.268,7.34187288312617e-05
5.29,7.34851009115658e-05
5.312,7.35510418461137e-05
5.334,7.36165558223181e-05
5.356,7.3681646973541e-05
5.378,7.37463193799631e-05
5.4,7.38105770694356e-05
5.422,7.38744240183175e-05
5.444,7.3937864152295e-05
5.466,7.40009013471866e-05
5.488,7.40635394297319e-05
5.51,7.41257821783669e-05
5.532,7.41876333239827e-05
5.554,7.42490965506717e-05
5.576,7.43101754964589e-05
5.598,7.43708737540196e-05
5.62,7.4431194871384e-05
5.642,7.44911423526285e-05
5.664,7.4550719658554e-05
5.686,7.46099302073523e-05
5.708,7.46687773752596e-05
5.73,7.47272644971982e-05
5.752,7.47853948674068e-05
5.774,7.48431717400585e-05
5.796,7.49005983298688e-05
5.818,7.49576778126909e-05
5.84,7.5014413326102e-05
5.862,7.50708079699779e-05
5.884,7.51268648070574e-05
5.906,7.5182586863497e-05
5.928,7.52379771294155e-05
5.95,7.52930385594287e-05
5.972,7.53477740731747e-05
5.994,7.54021865558304e-05
6.016,7.54562788586178e-05
6.038,7.55100537993028e-05
6.06,7.55635141626837e-05
6.082,7.56166627010725e-05
6.104,7.5669502134767e-05
6.126,7.57220351525151e-05
6.148,7.57742644119706e-05
6.17,7.58261925401416e-05
6.192,7.58778221338308e-05
6.214,7.59291557600687e-05
6.236,7.59801959565386e-05
6.258,7.60309452319952e-05
6.28,7.60814060666752e-05
6.302,7.6131580912702e-05
6.324,7.61814721944823e-05
6.346,7.62310823090968e-05
6.368,7.62804136266844e-05
6.39,7.63294684908191e-05
6.412,7.63782492188817e-05
6.434,7.64267581024243e-05
6.456,7.64749974075295e-05
6.478,7.65229693751629e-05
6.5,7.65706762215203e-05
6.522,7.66181201383693e-05
6.544,7.66653032933843e-05
6.566,7.67122278304772e-05
6.588,7.67588958701219e-05
6.61,7.68053095096737e-05
6.632,7.68514708236836e-05
6.654,7.68973818642074e-05
6.676,7.69430446611096e-05
6.698,7.69884612223628e-05
6.72,7.7033633534342e-05
6.742,7.70785635621139e-05
6.764,7.71232532497223e-05
6.786,7.71677045204682e-05
6.808,7.72119192771858e-05
6.83,7.72558994025141e-05
6.852,7.7299646759164e-05
6.874,7.73431631901812e-05
6.896,7.73864505192052e-05
6.918,7.74295105507241e-05
6.94,7.74723450703252e-05
6.962,7.75149558449419e-05
6.984,7.75573446230964e-05
7.006,7.75995131351393e-05
7.028,7.76414630934849e-05
7.05,7.76831961928429e-05
7.072,7.77247141104465e-05
7.094,7.77660185062776e-05
7.116,7.78071110232874e-05
7.138,7.78479932876148e-05
7.16,7.78886669088004e-05
7.182,7.79291334799983e-05
7.204,7.79693945781835e-05
7.226,7.80094517643574e-05
7.248,7.80493065837488e-05
7.27,7.80889605660134e-05
7.292,7.81284152254288e-05
7.314,7.81676720610878e-05
7.336,7.82067325570879e-05
7.358,7.82455981827185e-05
7.38,7.82842703926452e-05
7.402,7.83227506270909e-05
7.424,7.83610403120152e-05
7.446,7.839914085929e-05
7.468,7.84370536668733e-05
7.49,7.84747801189802e-05
7.512,7.85123215862513e-05
7.534,7.85496794259187e-05
7.556,7.85868549819694e-05
7.578,7.86238495853068e-05
7.6,7.86606645539094e-05
7.622,7.86973011929872e-05
7.644,7.87337607951359e-05
7.666,7.87700446404893e-05
7.688,7.88061539968688e-05
7.71,7.8842090119931e-05
7.732,7.88778542533136e-05
7.754,7.89134476287786e-05
7.776,7.89488714663536e-05
7.798,7.89841269744716e-05
7.82,7.90192153501081e-05
7.842,7.90541377789167e-05
7.864,7.90888954353625e-05
7.886,7.91234894828541e-05
7.908,7.91579210738728e-05
7.93,7.91921913501013e-05
7.952,7.92263014425494e-05
7.974,7.92602524716787e-05
7.996,7.9294045547525e-05
8.018,7.93276817698195e-05
8.04,7.9361162228108e-05
8.062,7.93944880018687e-05
8.084,7.94276601606281e-05
8.106,7.94606797640752e-05
8.128,7.94935478621748e-05
8.15,7.95262654952785e-05
8.172,7.95588336942344e-05
8.194,7.95912534804956e-05
8.216,7.96235258662268e-05
8.238,7.96556518544099e-05
8.26,7.96876324389475e-05
8.282,7.97194686047656e-05
8.304,7.9751161327915e-05
8.326,7.97827115756705e-05
8.348,7.98141203066297e-05
8.37,7.98453884708101e-05
8.392,7.98765170097446e-05
8.414,7.99075068565761e-05
8.436,7.99383589361511e-05
8.458,7.9969074165111e-05
8.48,7.99996534519837e-05
8.502,8.00300976972727e-05
8.524,8.00604077935452e-05
8.546,8.00905846255202e-05
8.568,8.01206290701539e-05
8.59,8.01505419967247e-05
8.612,8.01803242669172e-05
8.634,8.02099767349052e-05
8.656,8.02395002474328e-05
8.678,8.02688956438954e-05
8.7,8.02981637564189e-05
8.722,8.03273054099388e-05
8.744,8.03563214222772e-05
8.766,8.03852126042194e-05
8.788,8.04139797595895e-05
8.81,8.0442623685325e-05
8.832,8.04711451715502e-05
8.854,8.04995450016492e-05
8.876,8.05278239523372e-05
8.898,8.05559827937315e-05
8.92,8.05840222894216e-05
8.942,8.06119431965378e-05
8.964,8.06397462658198e-05
8.986,8.06674322416837e-05
9.008,8.06950018622884e-05
9.03,8.07224558596016e-05
9.052,8.0749794959464e-05
9.074,8.07770198816537e-05
9.096,8.08041313399493e-05
9.118,8.08311300421921e-05
9.14,8.08580166903479e-05
9.162,8.08847919805677e-05
9.184,8.09114566032479e-05
9.206,8.09380112430896e-05
9.228,8.0964456579157e-05
9.25,8.09907932849358e-05
9.272,8.10170220283897e-05
9.294,8.10431434720174e-05
9.316,8.10691582729083e-05
9.338,8.10950670827973e-05
9.36,8.11208705481195e-05
9.382,8.11465693100639e-05
9.404,8.11721640046266e-05
9.426,8.11976552626629e-05
9.448,8.12230437099396e-05
9.47,8.1248329967186e-05
9.492,8.12735146501444e-05
9.514,8.12985983696202e-05
9.536,8.13235817315313e-05
9.558,8.13484653369569e-05
9.58,8.13732497821854e-05
9.602,8.13979356587625e-05
9.624,8.1422523553538e-05
9.646,8.14470140487122e-05
9.668,8.14714077218823e-05
9.69,8.14957051460872e-05
9.712,8.15199068898528e-05
9.734,8.15440135172363e-05
9.756,8.15680255878698e-05
9.778,8.15919436570038e-05
9.8,8.16157682755499e-05
9.822,8.16394999901233e-05
9.844,8.16631393430844e-05
9.866,8.16866868725799e-05
9.888,8.17101431125844e-05
9.91,8.17335085929398e-05
9.932,8.17567838393959e-05
9.954,8.17799693736495e-05
9.976,8.18030657133837e-05
9.998,8.18260733723058e-05
10.02,8.18489928601862e-05
10.042,8.18718246828954e-05
10.064,8.18945693424415e-05
10.086,8.19172273370071e-05
10.108,8.19397991609851e-05
10.13,8.19622853050157e-05
10.152,8.19846862560209e-05
10.174,8.20070024972401e-05
10.196,8.20292345082651e-05
10.218,8.2051382765074e-05
10.24,8.20734477400653e-05
10.262,8.20954299020916e-05
10.284,8.21173297164929e-05
10.306,8.2139147645129e-05
10.328,8.21608841464125e-05
10.35,8.21825396753407e-05
10.372,8.2204114683527e-05
10.394,8.22256096192329e-05
10.416,8.22470249273986e-05
10.438,8.22683610496739e-05
10.46,8.22896184244485e-05
10.482,8.23107974868821e-05
10.504,8.23318986689339e-05
10.526,8.23529223993923e-05
10.548,8.23738691039035e-05
10.57,8.23947392050007e-05
10.592,8.24155331221321e-05
10.614,8.24362512716892e-05
10.636,8.24568940670347e-05
10.658,8.24774619185299e-05
10.68,8.24979552335615e-05
10.702,8.25183744165692e-05
10.724,8.2538719869072e-05
10.746,8.25589919896943e-05
10.768,8.25791911741921e-05
10.79,8.25993178154788e-05
10.812,8.26193723036509e-05
10.834,8.26393550260125e-05
10.856,8.2659266367101e-05
10.878,8.26791067087114e-05
10.9,8.26988764299206e-05
10.922,8.27185759071119e-05
10.944,8.27382055139986e-05
10.966,8.27577656216477e-05
10.988,8.27772565985033e-05
11.01,8.27966788104096e-05
11.032,8.28160326206342e-05
11.054,8.28353183898902e-05
11.076,8.2854536476359e-05
11.098,8.28736872357124e-05
11.12,8.28927710211345e-05
11.142,8.29117881833431e-05
11.164,8.2930739070612e-05
11.186,8.29496240287913e-05
11.208,8.29684434013291e-05
11.23,8.29871975292921e-05
11.252,8.30058867513862e-05
11.274,8.30245114039769e-05
11.296,8.30430718211095e-05
11.318,8.30615683345291e-05
11.34,8.30800012737001e-05
11.362,8.30983709658263e-05
11.384,8.31166777358697e-05
11.406,8.31349219065701e-05
11.428,8.31531037984638e-05
11.45,8.31712237299023e-05
11.472,8.31892820170712e-05
11.494,8.32072789740084e-05
11.516,8.32252149126223e-05
11.538,8.32430901427098e-05
11.56,8.32609049719741e-05
11.582,8.32786597060428e-05
11.604,8.32963546484845e-05
11.626,8.3313990100827e-05
11.648,8.33315663625739e-05
11.67,8.33490837312217e-05
11.692,8.33665425022766e-05
11.714,8.3383942969271e-05
11.736,8.34012854237802e-05
11.758,8.34185701554384e-05
11.78,8.34357974519551e-05
11.802,8.34529675991309e-05
11.824,8.34700808808731e-05
11.846,8.34871375792118e-05
11.868,8.35041379743152e-05
11.89,8.35210823445048e-05
11.912,8.35379709662707e-05
11.934,8.35548041142866e-05
11.956,8.35715820614249e-05
11.978,8.3588305078771e-05
12,8.36049734356385e-05
