"ResDensity","N_TraitValue"
2,1.8749062303914e-05
2.076,1.91473567050485e-05
2.152,1.95329959627594e-05
2.228,1.99065737891995e-05
2.304,2.02686473299284e-05
2.38,2.06197399363832e-05
2.456,2.0960343689868e-05
2.532,2.12909217026604e-05
2.608,2.16119102188652e-05
2.684,2.1923720535055e-05
2.76,2.22267407584797e-05
2.836,2.25213374186483e-05
2.912,2.28078569463528e-05
2.988,2.30866270326847e-05
3.064,2.33579578792505e-05
3.14,2.36221433496163e-05
3.216,2.38794620309659e-05
3.292,2.41301782140366e-05
3.368,2.43745427985778e-05
3.444,2.46127941308552e-05
3.52,2.48451587790747e-05
3.596,2.50718522520321e-05
3.672,2.52930796657772e-05
3.748,2.55090363626286e-05
3.824,2.57199084864657e-05
3.9,2.59258735178584e-05
3.976,2.61271007722689e-05
4.052,2.63237518642632e-05
4.128,2.65159811404101e-05
4.204,2.67039360833007e-05
4.28,2.68877576889158e-05
4.356,2.70675808193656e-05
4.432,2.72435345328605e-05
4.508,2.74157423926069e-05
4.584,2.75843227561827e-05
4.66,2.77493890468172e-05
4.736,2.79110500078805e-05
4.812,2.80694099417842e-05
4.888,2.8224568934395e-05
4.964,2.83766230659758e-05
5.04,2.85256646095897e-05
5.116,2.86717822178262e-05
5.192,2.88150610986452e-05
5.268,2.89555831810701e-05
5.344,2.90934272714082e-05
5.42,2.92286692006242e-05
5.496,2.93613819634451e-05
5.572,2.94916358497333e-05
5.648,2.96194985686248e-05
5.724,2.97450353658925e-05
5.8,2.9868309134963e-05
5.876,2.99893805219825e-05
5.952,3.01083080253017e-05
6.028,3.02251480897225e-05
6.104,3.03399551958241e-05
6.18,3.04527819446682e-05
6.256,3.05636791381566e-05
6.332,3.06726958553022e-05
6.408,3.07798795246524e-05
6.484,3.08852759930892e-05
6.56,3.09889295912165e-05
6.636,3.10908831955308e-05
6.712,3.11911782875566e-05
6.788,3.12898550101201e-05
6.864,3.13869522209207e-05
6.94,3.14825075435495e-05
7.016,3.1576557416097e-05
7.092,3.16691371374818e-05
7.168,3.17602809116225e-05
7.244,3.18500218895712e-05
7.32,3.19383922097152e-05
7.396,3.20254230361519e-05
7.472,3.21111445953308e-05
7.548,3.21955862110546e-05
7.624,3.22787763379239e-05
7.7,3.2360742593306e-05
7.776,3.24415117879029e-05
7.852,3.25211099549896e-05
7.928,3.25995623783905e-05
8.004,3.26768936192553e-05
8.08,3.27531275416957e-05
8.156,3.28282873373387e-05
8.232,3.29023955488486e-05
8.308,3.29754740924692e-05
8.384,3.30475442796322e-05
8.46,3.3118626837678e-05
8.536,3.31887419297297e-05
8.612,3.32579091737619e-05
8.688,3.33261476609007e-05
8.764,3.33934759729916e-05
8.84,3.34599121994691e-05
8.916,3.35254739535605e-05
8.992,3.35901783878534e-05
9.068,3.36540422092571e-05
9.144,3.3717081693384e-05
9.22,3.37793126983784e-05
9.296,3.38407506782159e-05
9.372,3.39014106954981e-05
9.448,3.39613074337643e-05
9.524,3.40204552093408e-05
9.6,3.40788679827494e-05
9.676,3.41365593696921e-05
9.752,3.41935426516324e-05
9.828,3.42498307859887e-05
9.904,3.43054364159569e-05
9.98,3.43603718799784e-05
10.056,3.4414649220867e-05
10.132,3.44682801946104e-05
10.208,3.4521276278859e-05
10.284,3.45736486811148e-05
10.36,3.4625408346633e-05
10.436,3.46765659660476e-05
10.512,3.47271319827332e-05
10.588,3.47771165999119e-05
10.664,3.48265297875172e-05
10.74,3.48753812888234e-05
10.816,3.49236806268506e-05
10.892,3.49714371105531e-05
10.968,3.50186598408011e-05
11.044,3.50653577161623e-05
11.12,3.51115394384922e-05
11.196,3.51572135183397e-05
11.272,3.52023882801758e-05
11.348,3.52470718674515e-05
11.424,3.52912722474915e-05
11.5,3.53349972162304e-05
11.576,3.53782544027966e-05
11.652,3.54210512739497e-05
11.728,3.54633951383774e-05
11.804,3.55052931508564e-05
11.88,3.55467523162829e-05
11.956,3.55877794935762e-05
12.032,3.56283813994623e-05
12.108,3.56685646121391e-05
12.184,3.57083355748298e-05
12.26,3.57477005992267e-05
12.336,3.57866658688308e-05
12.412,3.58252374421898e-05
12.488,3.58634212560384e-05
12.564,3.59012231283442e-05
12.64,3.59386487612633e-05
12.716,3.59757037440078e-05
12.792,3.60123935556277e-05
12.868,3.60487235677125e-05
12.944,3.60846990470122e-05
13.02,3.61203251579833e-05
13.096,3.61556069652595e-05
13.172,3.61905494360526e-05
13.248,3.62251574424835e-05
13.324,3.62594357638468e-05
13.4,3.62933890888111e-05
13.476,3.6327022017557e-05
13.552,3.63603390638546e-05
13.628,3.63933446570835e-05
13.704,3.6426043144195e-05
13.78,3.64584387916215e-05
13.856,3.64905357871317e-05
13.932,3.65223382416353e-05
14.008,3.65538501909385e-05
14.084,3.65850755974511e-05
14.16,3.66160183518474e-05
14.236,3.66466822746826e-05
14.312,3.66770711179649e-05
14.388,3.67071885666861e-05
14.464,3.67370382403115e-05
14.54,3.67666236942296e-05
14.616,3.67959484211639e-05
14.692,3.68250158525475e-05
14.768,3.68538293598616e-05
14.844,3.68823922559393e-05
14.92,3.6910707796235e-05
14.996,3.69387791800616e-05
15.072,3.69666095517953e-05
15.148,3.69942020020498e-05
15.224,3.70215595688207e-05
15.3,3.70486852386001e-05
15.376,3.70755819474638e-05
15.452,3.71022525821305e-05
15.528,3.71286999809948e-05
15.604,3.71549269351337e-05
15.68,3.71809361892892e-05
15.756,3.72067304428255e-05
15.832,3.72323123506626e-05
15.908,3.72576845241879e-05
15.984,3.72828495321444e-05
16.06,3.73078099014976e-05
16.136,3.73325681182817e-05
16.212,3.73571266284245e-05
16.288,3.73814878385537e-05
16.364,3.74056541167822e-05
16.44,3.7429627793476e-05
16.516,3.74534111620035e-05
16.592,3.74770064794662e-05
16.668,3.75004159674133e-05
16.744,3.75236418125387e-05
16.82,3.7546686167362e-05
16.896,3.75695511508935e-05
16.972,3.75922388492836e-05
17.048,3.76147513164577e-05
17.124,3.76370905747355e-05
17.2,3.76592586154371e-05
17.276,3.76812573994742e-05
17.352,3.77030888579288e-05
17.428,3.77247548926181e-05
17.504,3.77462573766466e-05
17.58,3.77675981549463e-05
17.656,3.7788779044804e-05
17.732,3.78098018363773e-05
17.808,3.78306682931991e-05
17.884,3.78513801526707e-05
17.96,3.78719391265438e-05
18.036,3.78923469013924e-05
18.112,3.79126051390739e-05
18.188,3.79327154771801e-05
18.264,3.79526795294786e-05
18.34,3.79724988863447e-05
18.416,3.79921751151832e-05
18.492,3.80117097608421e-05
18.568,3.80311043460167e-05
18.644,3.80503603716453e-05
18.72,3.80694793172964e-05
18.796,3.80884626415477e-05
18.872,3.8107311782357e-05
18.948,3.81260281574253e-05
19.024,3.81446131645524e-05
19.1,3.81630681819844e-05
19.176,3.81813945687552e-05
19.252,3.81995936650195e-05
19.328,3.82176667923795e-05
19.404,3.82356152542052e-05
19.48,3.82534403359476e-05
19.556,3.82711433054452e-05
19.632,3.82887254132253e-05
19.708,3.83061878927978e-05
19.784,3.83235319609441e-05
19.86,3.83407588179996e-05
19.936,3.83578696481306e-05
20.012,3.83748656196057e-05
20.088,3.83917478850615e-05
20.164,3.84085175817636e-05
20.24,3.84251758318614e-05
20.316,3.84417237426391e-05
20.392,3.84581624067604e-05
20.468,3.84744929025093e-05
20.544,3.8490716294026e-05
20.62,3.85068336315377e-05
20.696,3.85228459515857e-05
20.772,3.85387542772473e-05
20.848,3.85545596183535e-05
20.924,3.85702629717033e-05
21,3.85858653212726e-05
21.076,3.86013676384202e-05
21.152,3.86167708820893e-05
21.228,3.8632075999005e-05
21.304,3.86472839238685e-05
21.38,3.86623955795472e-05
21.456,3.86774118772616e-05
21.532,3.86923337167685e-05
21.608,3.87071619865402e-05
21.684,3.87218975639415e-05
21.76,3.87365413154024e-05
21.836,3.8751094096588e-05
21.912,3.87655567525651e-05
21.988,3.87799301179659e-05
22.064,3.87942150171483e-05
22.14,3.8808412264354e-05
22.216,3.88225226638627e-05
22.292,3.88365470101442e-05
22.368,3.88504860880075e-05
22.444,3.88643406727475e-05
22.52,3.88781115302879e-05
22.596,3.88917994173234e-05
22.672,3.89054050814574e-05
22.748,3.89189292613389e-05
22.824,3.89323726867955e-05
22.9,3.8945736078965e-05
22.976,3.89590201504245e-05
23.052,3.89722256053166e-05
23.128,3.89853531394745e-05
23.204,3.89984034405435e-05
23.28,3.90113771881015e-05
23.356,3.90242750537768e-05
23.432,3.90370977013642e-05
23.508,3.90498457869386e-05
23.584,3.90625199589672e-05
23.66,3.90751208584192e-05
23.736,3.90876491188738e-05
23.812,3.91001053666269e-05
23.888,3.91124902207948e-05
23.964,3.91248042934172e-05
24.04,3.91370481895579e-05
24.116,3.9149222507404e-05
24.192,3.91613278383631e-05
24.268,3.91733647671593e-05
24.344,3.91853338719273e-05
24.42,3.91972357243047e-05
24.496,3.92090708895235e-05
24.572,3.92208399264991e-05
24.648,3.92325433879186e-05
24.724,3.92441818203271e-05
24.8,3.92557557642131e-05
24.876,3.92672657540916e-05
24.952,3.92787123185872e-05
25.028,3.92900959805143e-05
25.104,3.93014172569569e-05
25.18,3.93126766593471e-05
25.256,3.93238746935421e-05
25.332,3.93350118598996e-05
25.408,3.93460886533528e-05
25.484,3.93571055634834e-05
25.56,3.93680630745937e-05
25.636,3.93789616657778e-05
25.712,3.93898018109913e-05
25.788,3.94005839791201e-05
25.864,3.94113086340478e-05
25.94,3.94219762347225e-05
26.016,3.94325872352219e-05
26.092,3.94431420848182e-05
26.168,3.94536412280412e-05
26.244,3.94640851047406e-05
26.32,3.94744741501478e-05
26.396,3.94848087949361e-05
26.472,3.94950894652802e-05
26.548,3.9505316582915e-05
26.624,3.9515490565193e-05
26.7,3.95256118251413e-05
26.776,3.95356807715171e-05
26.852,3.95456978088635e-05
26.928,3.95556633375628e-05
27.004,3.95655777538904e-05
27.08,3.95754414500671e-05
27.156,3.95852548143111e-05
27.232,3.95950182308884e-05
27.308,3.96047320801635e-05
27.384,3.96143967386486e-05
27.46,3.96240125790521e-05
27.536,3.96335799703267e-05
27.612,3.96430992777166e-05
27.688,3.96525708628038e-05
27.764,3.9661995083554e-05
27.84,3.96713722943617e-05
27.916,3.96807028460947e-05
27.992,3.96899870861376e-05
28.068,3.96992253584353e-05
28.144,3.97084180035351e-05
28.22,3.97175653586287e-05
28.296,3.97266677575935e-05
28.372,3.97357255310332e-05
28.448,3.97447390063177e-05
28.524,3.97537085076227e-05
28.6,3.97626343559684e-05
28.676,3.97715168692579e-05
28.752,3.9780356362315e-05
28.828,3.97891531469213e-05
28.904,3.97979075318529e-05
28.98,3.98066198229164e-05
29.056,3.98152903229848e-05
29.132,3.98239193320323e-05
29.208,3.98325071471691e-05
29.284,3.98410540626752e-05
29.36,3.98495603700346e-05
29.436,3.98580263579677e-05
29.512,3.98664523124645e-05
29.588,3.98748385168167e-05
29.664,3.98831852516492e-05
29.74,3.98914927949518e-05
29.816,3.98997614221097e-05
29.892,3.99079914059342e-05
29.968,3.99161830166924e-05
30.044,3.99243365221371e-05
30.12,3.99324521875359e-05
30.196,3.99405302756998e-05
30.272,3.99485710470117e-05
30.348,3.99565747594543e-05
30.424,3.9964541668638e-05
30.5,3.99724720278277e-05
30.576,3.99803660879695e-05
30.652,3.99882240977181e-05
30.728,3.99960463034617e-05
30.804,4.00038329493486e-05
30.88,4.00115842773124e-05
30.956,4.00193005270968e-05
31.032,4.00269819362805e-05
31.108,4.00346287403018e-05
31.184,4.00422411724823e-05
31.26,4.00498194640508e-05
31.336,4.00573638441667e-05
31.412,4.0064874539943e-05
31.488,4.00723517764692e-05
31.564,4.0079795776834e-05
31.64,4.00872067621469e-05
31.716,4.00945849515607e-05
31.792,4.01019305622927e-05
31.868,4.01092438096462e-05
31.944,4.01165249070315e-05
32.02,4.01237740659867e-05
32.096,4.01309914961981e-05
32.172,4.01381774055205e-05
32.248,4.0145331999997e-05
32.324,4.01524554838791e-05
32.4,4.01595480596454e-05
32.476,4.01666099280216e-05
32.552,4.01736412879989e-05
32.628,4.0180642336853e-05
32.704,4.01876132701622e-05
32.78,4.01945542818259e-05
32.856,4.02014655640826e-05
32.932,4.02083473075275e-05
33.008,4.021519970113e-05
33.084,4.02220229322511e-05
33.16,4.02288171866605e-05
33.236,4.02355826485532e-05
33.312,4.02423195005667e-05
33.388,4.02490279237967e-05
33.464,4.02557080978139e-05
33.54,4.02623602006799e-05
33.616,4.02689844089628e-05
33.692,4.02755808977531e-05
33.768,4.02821498406789e-05
33.844,4.02886914099212e-05
33.92,4.02952057762292e-05
33.996,4.03016931089347e-05
34.072,4.03081535759671e-05
34.148,4.03145873438678e-05
34.224,4.03209945778046e-05
34.3,4.03273754415856e-05
34.376,4.03337300976732e-05
34.452,4.03400587071984e-05
34.528,4.03463614299736e-05
34.604,4.03526384245067e-05
34.68,4.0358889848014e-05
34.756,4.03651158564336e-05
34.832,4.03713166044381e-05
34.908,4.03774922454478e-05
34.984,4.03836429316429e-05
35.06,4.03897688139762e-05
35.136,4.03958700421855e-05
35.212,4.04019467648059e-05
35.288,4.04079991291814e-05
35.364,4.04140272814775e-05
35.44,4.04200313666922e-05
35.516,4.04260115286683e-05
35.592,4.04319679101044e-05
35.668,4.04379006525667e-05
35.744,4.04438098964997e-05
35.82,4.04496957812376e-05
35.896,4.04555584450154e-05
35.972,4.04613980249792e-05
36.048,4.04672146571975e-05
36.124,4.04730084766714e-05
36.2,4.0478779617345e-05
36.276,4.0484528212116e-05
36.352,4.04902543928458e-05
36.428,4.04959582903692e-05
36.504,4.05016400345051e-05
36.58,4.05072997540658e-05
36.656,4.05129375768668e-05
36.732,4.05185536297366e-05
36.808,4.0524148038526e-05
36.884,4.05297209281178e-05
36.96,4.05352724224358e-05
37.036,4.0540802644454e-05
37.112,4.0546311716206e-05
37.188,4.05517997587936e-05
37.264,4.05572668923957e-05
37.34,4.05627132362775e-05
37.416,4.05681389087988e-05
37.492,4.05735440274223e-05
37.568,4.05789287087229e-05
37.644,4.05842930683952e-05
37.72,4.05896372212625e-05
37.796,4.05949612812845e-05
37.872,4.06002653615657e-05
37.948,4.06055495743631e-05
38.024,4.06108140310945e-05
38.1,4.06160588423461e-05
38.176,4.06212841178801e-05
38.252,4.06264899666429e-05
38.328,4.06316764967719e-05
38.404,4.06368438156038e-05
38.48,4.06419920296812e-05
38.556,4.06471212447607e-05
38.632,4.06522315658196e-05
38.708,4.06573230970632e-05
38.784,4.06623959419319e-05
38.86,4.06674502031084e-05
38.936,4.06724859825242e-05
39.012,4.06775033813669e-05
39.088,4.06825025000866e-05
39.164,4.0687483438403e-05
39.24,4.06924462953116e-05
39.316,4.06973911690906e-05
39.392,4.07023181573072e-05
39.468,4.07072273568241e-05
39.544,4.07121188638059e-05
39.62,4.0716992773725e-05
39.696,4.07218491813686e-05
39.772,4.07266881808439e-05
39.848,4.07315098655848e-05
39.924,4.0736314328358e-05
40,4.07411016612682e-05
