"ResDensity","N_TraitValue"
10,0.00109394267237952
10.3,0.00111610895031965
10.6,0.0011378600488105
10.9,0.00115920752423415
11.2,0.00118016250802464
11.5,0.00120073572602273
11.8,0.00122093751678223
12.1,0.00124077784889371
12.4,0.00126026633738666
12.7,0.00127941225926657
13,0.00129822456823996
13.3,0.00131671190867617
13.6,0.00133488262885197
13.9,0.00135274479352129
14.2,0.00137030619585013
14.5,0.00138757436875359
14.8,0.00140455659566963
15.1,0.00142125992080214
15.4,0.00143769115886336
15.7,0.00145385690434408
16,0.00146976354033808
16.3,0.00148541724694561
16.6,0.0015008240092792
16.9,0.00151598962509353
17.2,0.00153091971205976
17.5,0.00154561971470366
17.8,0.00156009491102532
18.1,0.00157435041881756
18.4,0.00158839120169871
18.7,0.00160222207487492
19,0.0016158477106459
19.3,0.00162927264366739
19.6,0.00164250127598273
19.9,0.00165553788183539
20.2,0.00166838661227341
20.5,0.00168105149955613
20.8,0.00169353646137322
21.1,0.00170584530488508
21.4,0.00171798173059345
21.7,0.00172994933605057
22,0.00174175161941453
22.3,0.00175339198285836
22.6,0.00176487373583975
22.9,0.00177620009823795
23.2,0.00178737420336428
23.5,0.00179839910085194
23.8,0.00180927775943088
24.1,0.00182001306959296
24.4,0.00183060784615245
24.7,0.00184106483070661
25,0.00185138669400089
25.3,0.00186157603820307
25.6,0.00187163539909031
25.9,0.00188156724815307
26.2,0.00189137399461952
26.5,0.0019010579874039
26.8,0.00191062151698221
27.1,0.00192006681719835
27.4,0.0019293960670036
27.7,0.00193861139213246
28,0.00194771486671747
28.3,0.00195670851484549
28.6,0.0019655943120581
28.9,0.00197437418679832
29.2,0.00198305002180581
29.5,0.0019916236554629
29.8,0.00200009688309326
30.1,0.00200847145821516
30.4,0.00201674909375132
30.7,0.00202493146319691
31,0.00203302020174745
31.3,0.00204101690738829
31.6,0.002048923141947
31.9,0.00205674043211032
32.2,0.002064470270407
32.5,0.00207211411615771
32.8,0.00207967339639359
33.1,0.00208714950674438
33.4,0.00209454381229739
33.7,0.00210185764842849
34,0.00210909232160607
34.3,0.00211624911016902
34.6,0.00212332926507979
34.9,0.00213033401065331
35.2,0.0021372645452628
35.5,0.0021441220420232
35.8,0.00215090764945319
36.1,0.00215762249211643
36.4,0.00216426767124288
36.7,0.00217084426533086
37,0.00217735333073058
37.3,0.00218379590220977
37.6,0.00219017299350208
37.9,0.00219648559783884
38.2,0.00220273468846476
38.5,0.00220892121913814
38.8,0.00221504612461617
39.1,0.00222111032112573
39.4,0.00222711470682031
39.7,0.00223306016222349
40,0.00223894755065938
40.3,0.00224477771867051
40.6,0.00225055149642366
40.9,0.00225626969810391
41.2,0.00226193312229735
41.5,0.00226754255236292
41.8,0.0022730987567936
42.1,0.00227860248956737
42.4,0.00228405449048834
42.7,0.00228945548551821
43,0.00229480618709854
43.3,0.00230010729446402
43.6,0.00230535949394712
43.9,0.00231056345927427
44.2,0.00231571985185399
44.5,0.00232082932105709
44.8,0.00232589250448935
45.1,0.00233091002825669
45.4,0.00233588250722331
45.7,0.00234081054526288
46,0.00234569473550297
46.3,0.00235053566056308
46.6,0.00235533389278626
46.9,0.00236008999446476
47.2,0.00236480451805963
47.5,0.00236947800641468
47.8,0.00237411099296484
48.1,0.00237870400193912
48.4,0.00238325754855836
48.7,0.00238777213922789
49,0.00239224827172527
49.3,0.00239668643538325
49.6,0.00240108711126811
49.9,0.00240545077235348
50.2,0.00240977788368977
50.5,0.00241406890256944
50.8,0.00241832427868806
51.1,0.00242254445430144
51.4,0.00242672986437884
51.7,0.00243088093675242
52,0.00243499809226301
52.3,0.00243908174490237
52.6,0.00244313230195194
52.9,0.00244715016411825
53.2,0.00245113572566507
53.5,0.00245508937454238
53.8,0.00245901149251223
54.1,0.00246290245527165
54.4,0.00246676263257262
54.7,0.00247059238833919
55,0.00247439208078182
55.3,0.00247816206250915
55.6,0.00248190268063699
55.9,0.00248561427689492
56.2,0.00248929718773033
56.5,0.00249295174441012
56.8,0.00249657827311998
57.1,0.00250017709506148
57.4,0.00250374852654689
57.7,0.00250729287909185
58,0.00251081045950598
58.3,0.00251430156998137
58.6,0.00251776650817913
58.9,0.00252120556731405
59.2,0.00252461903623722
59.5,0.00252800719951697
59.8,0.00253137033751796
60.1,0.00253470872647844
60.4,0.00253802263858599
60.7,0.00254131234205142
61,0.00254457810118115
61.3,0.00254782017644802
61.6,0.00255103882456054
61.9,0.0025542342985306
62.2,0.00255740684773985
62.5,0.00256055671800451
62.8,0.00256368415163889
63.1,0.00256678938751752
63.4,0.00256987266113599
63.7,0.00257293420467045
64,0.00257597424703595
64.3,0.0025789930139434
64.6,0.00258199072795555
64.9,0.0025849676085416
65.2,0.00258792387213078
65.5,0.00259085973216484
65.8,0.00259377539914939
66.1,0.00259667108070422
66.4,0.00259954698161257
66.7,0.00260240330386944
67,0.00260524024672885
67.3,0.00260805800675019
67.6,0.00261085677784362
67.9,0.00261363675131455
68.2,0.00261639811590722
68.5,0.00261914105784745
68.8,0.00262186576088446
69.1,0.00262457240633193
69.4,0.00262726117310822
69.7,0.00262993223777579
70,0.00263258577457985
70.3,0.00263522195548625
70.6,0.00263784095021861
70.9,0.00264044292629481
71.2,0.00264302804906263
71.5,0.00264559648173481
71.8,0.00264814838542342
72.1,0.00265068391917351
72.4,0.00265320323999618
72.7,0.00265570650290098
73,0.0026581938609277
73.3,0.00266066546517757
73.6,0.00266312146484385
73.9,0.00266556200724186
74.2,0.00266798723783839
74.5,0.00267039730028069
74.8,0.00267279233642476
75.1,0.00267517248636318
75.4,0.0026775378884525
75.7,0.00267988867933995
76,0.00268222499398985
76.3,0.00268454696570936
76.6,0.00268685472617389
76.9,0.00268914840545197
77.2,0.00269142813202966
77.5,0.00269369403283461
77.8,0.00269594623325955
78.1,0.00269818485718547
78.4,0.00270041002700429
78.7,0.00270262186364121
79,0.00270482048657659
79.3,0.00270700601386746
79.6,0.00270917856216866
79.9,0.00271133824675361
80.2,0.00271348518153469
80.5,0.00271561947908324
80.8,0.00271774125064928
81.1,0.00271985060618081
81.4,0.00272194765434281
81.7,0.00272403250253592
82,0.00272610525691474
82.3,0.00272816602240586
82.6,0.0027302149027256
82.9,0.00273225200039736
83.2,0.00273427741676874
83.5,0.00273629125202837
83.8,0.00273829360522238
84.1,0.00274028457427071
84.4,0.002742264255983
84.7,0.00274423274607432
85,0.0027461901391806
85.3,0.00274813652887377
85.6,0.0027500720076767
85.9,0.00275199666707784
86.2,0.00275391059754564
86.5,0.00275581388854275
86.8,0.00275770662853989
87.1,0.00275958890502966
87.4,0.00276146080453994
87.7,0.00276332241264717
88,0.00276517381398942
88.3,0.00276701509227919
88.6,0.00276884633031602
88.9,0.00277066760999892
89.2,0.00277247901233859
89.5,0.00277428061746939
89.8,0.00277607250466121
90.1,0.00277785475233104
90.4,0.00277962743805448
90.7,0.00278139063857691
91,0.00278314442982464
91.3,0.00278488888691576
91.6,0.0027866240841709
91.9,0.00278835009512377
92.2,0.00279006699253152
92.5,0.00279177484838503
92.8,0.00279347373391889
93.1,0.00279516371962139
93.4,0.00279684487524419
93.7,0.00279851726981196
94,0.00280018097163184
94.3,0.00280183604830269
94.6,0.00280348256672429
94.9,0.00280512059310635
95.2,0.00280675019297734
95.5,0.00280837143119331
95.8,0.0028099843719464
96.1,0.00281158907877339
96.4,0.00281318561456399
96.7,0.0028147740415691
97,0.00281635442140886
97.3,0.00281792681508065
97.6,0.00281949128296692
97.9,0.00282104788484292
98.2,0.00282259667988432
98.5,0.00282413772667472
98.8,0.002825671083213
99.1,0.00282719680692063
99.4,0.00282871495464883
99.7,0.00283022558268564
100,0.00283172874676283
100.3,0.00283322450206284
100.6,0.00283471290322543
100.9,0.00283619400435443
101.2,0.00283766785902422
101.5,0.00283913452028624
101.8,0.00284059404067533
102.1,0.00284204647221602
102.4,0.00284349186642867
102.7,0.00284493027433563
103,0.00284636174646719
103.3,0.00284778633286752
103.6,0.00284920408310047
103.9,0.00285061504625539
104.2,0.00285201927095272
104.5,0.0028534168053496
104.8,0.00285480769714539
105.1,0.00285619199358709
105.4,0.00285756974147469
105.7,0.00285894098716642
106,0.002860305776584
106.3,0.0028616641552177
106.6,0.00286301616813147
106.9,0.00286436185996785
107.2,0.00286570127495295
107.5,0.00286703445690124
107.8,0.00286836144922036
108.1,0.00286968229491582
108.4,0.00287099703659565
108.7,0.00287230571647497
109,0.00287360837638053
109.3,0.00287490505775515
109.6,0.00287619580166212
109.9,0.00287748064878953
110.2,0.00287875963945455
110.5,0.00288003281360764
110.8,0.00288130021083674
111.1,0.00288256187037133
111.4,0.00288381783108648
111.7,0.0028850681315069
112,0.00288631280981081
112.3,0.00288755190383387
112.6,0.00288878545107298
112.9,0.0028900134886901
113.2,0.00289123605351596
113.5,0.00289245318205373
113.8,0.00289366491048269
114.1,0.00289487127466177
114.4,0.00289607231013313
114.7,0.00289726805212563
115,0.00289845853555825
115.3,0.00289964379504355
115.6,0.00290082386489097
115.9,0.00290199877911016
116.2,0.00290316857141425
116.5,0.00290433327522306
116.8,0.00290549292366633
117.1,0.00290664754958678
117.4,0.00290779718554328
117.7,0.00290894186381389
118,0.00291008161639887
118.3,0.00291121647502367
118.6,0.00291234647114186
118.9,0.00291347163593809
119.2,0.00291459200033086
119.5,0.00291570759497546
119.8,0.0029168184502667
120.1,0.00291792459634166
120.4,0.00291902606308249
120.7,0.00292012288011901
121,0.00292121507683143
121.3,0.00292230268235295
121.6,0.00292338572557236
121.9,0.00292446423513658
122.2,0.0029255382394532
122.5,0.00292660776669297
122.8,0.00292767284479227
123.1,0.00292873350145553
123.4,0.00292978976415765
123.7,0.00293084166014634
124,0.00293188921644451
124.3,0.00293293245985254
124.6,0.00293397141695059
124.9,0.00293500611410085
125.2,0.00293603657744977
125.5,0.00293706283293026
125.8,0.00293808490626389
126.1,0.00293910282296299
126.4,0.00294011660833282
126.7,0.00294112628747363
127,0.00294213188528276
127.3,0.00294313342645668
127.6,0.00294413093549301
127.9,0.00294512443669249
128.2,0.002946113954161
128.5,0.00294709951181148
128.8,0.00294808113336588
129.1,0.00294905884235702
129.4,0.00295003266213052
129.7,0.00295100261584663
130,0.00295196872648206
130.3,0.00295293101683183
130.6,0.00295388950951102
130.9,0.00295484422695657
131.2,0.00295579519142901
131.5,0.00295674242501423
131.8,0.00295768594962513
132.1,0.00295862578700336
132.4,0.00295956195872096
132.7,0.00296049448618204
133,0.00296142339062437
133.3,0.00296234869312103
133.6,0.00296327041458199
133.9,0.00296418857575568
134.2,0.00296510319723054
134.5,0.0029660142994366
134.8,0.00296692190264695
135.1,0.00296782602697925
135.4,0.00296872669239727
135.7,0.00296962391871229
136,0.0029705177255846
136.3,0.0029714081325249
136.6,0.00297229515889577
136.9,0.002973178823913
137.2,0.00297405914664707
137.5,0.00297493614602443
137.8,0.00297580984082892
138.1,0.00297668024970308
138.4,0.0029775473911495
138.7,0.0029784112835321
139,0.00297927194507745
139.3,0.00298012939387605
139.6,0.00298098364788358
139.9,0.00298183472492217
140.2,0.00298268264268164
140.5,0.00298352741872072
140.8,0.00298436907046827
141.1,0.00298520761522444
141.4,0.00298604307016193
141.7,0.00298687545232709
142,0.00298770477864111
142.3,0.00298853106590119
142.6,0.00298935433078161
142.9,0.00299017458983492
143.2,0.00299099185949301
143.5,0.00299180615606823
143.8,0.00299261749575444
144.1,0.00299342589462811
144.4,0.0029942313686494
144.7,0.00299503393366318
145,0.00299583360540005
145.3,0.00299663039947743
145.6,0.00299742433140053
145.9,0.00299821541656336
146.2,0.00299900367024973
146.5,0.00299978910763427
146.8,0.00300057174378332
147.1,0.00300135159365599
147.4,0.00300212867210504
147.7,0.00300290299387785
148,0.00300367457361736
148.3,0.00300444342586299
148.6,0.00300520956505155
148.9,0.00300597300551813
149.2,0.00300673376149702
149.5,0.00300749184712257
149.8,0.00300824727643009
150.1,0.0030090000633567
150.4,0.00300975022174217
150.7,0.00301049776532981
151,0.0030112427077673
151.3,0.00301198506260747
151.6,0.00301272484330919
151.9,0.00301346206323814
152.2,0.00301419673566764
152.5,0.00301492887377943
152.8,0.00301565849066445
153.1,0.00301638559932365
153.4,0.00301711021266874
153.7,0.00301783234352297
154,0.00301855200462186
154.3,0.00301926920861397
154.6,0.00301998396806165
154.9,0.00302069629544174
155.2,0.00302140620314632
155.5,0.00302211370348345
155.8,0.00302281880867782
156.1,0.00302352153087151
156.4,0.00302422188212465
156.7,0.00302491987441616
157,0.00302561551964436
157.3,0.00302630882962772
157.6,0.00302699981610546
157.9,0.00302768849073828
158.2,0.00302837486510898
158.5,0.00302905895072308
158.8,0.00302974075900953
159.1,0.00303042030132131
159.4,0.00303109758893604
159.7,0.00303177263305665
160,0.00303244544481196
