"ResDensity","N_TraitValue"
10,0.00011299398943084
10.12,0.000114220243813535
10.24,0.000115443720186895
10.36,0.000116664427980369
10.48,0.000117882376580784
10.6,0.000119097575332576
10.72,0.000120310033538035
10.84,0.000121519760457541
10.96,0.000122726765309801
11.08,0.000123931057272078
11.2,0.00012513264548043
11.32,0.000126331539029939
11.44,0.000127527746974936
11.56,0.000128721278329236
11.68,0.000129912142066362
11.8,0.000131100347119765
11.92,0.000132285902383054
12.04,0.000133468816710216
12.16,0.000134649098915834
12.28,0.000135826757775309
12.4,0.000137001802025074
12.52,0.000138174240362815
12.64,0.000139344081447681
12.76,0.000140511333900499
12.88,0.000141676006303987
13,0.000142838107202961
13.12,0.000143997645104548
13.24,0.000145154628478391
13.36,0.000146309065756855
13.48,0.000147460965335234
13.6,0.000148610335571953
13.72,0.000149757184788768
13.84,0.000150901521270974
13.96,0.000152043353267595
14.08,0.00015318268899159
14.2,0.000154319536620046
14.32,0.000155453904294374
14.44,0.000156585800120503
14.56,0.000157715232169078
14.68,0.000158842208475642
14.8,0.000159966737040837
14.92,0.000161088825830586
15.04,0.000162208482776285
15.16,0.000163325715774988
15.28,0.000164440532689594
15.4,0.00016555294134903
15.52,0.000166662949548435
15.64,0.000167770565049342
15.76,0.000168875795579861
15.88,0.000169978648834853
16,0.000171079132476116
16.12,0.000172177254132556
16.24,0.000173273021400368
16.36,0.000174366441843208
16.48,0.000175457522992369
16.6,0.000176546272346952
16.72,0.000177632697374039
16.84,0.000178716805508866
16.96,0.000179798604154987
17.08,0.000180878100684448
17.2,0.000181955302437952
17.32,0.000183030216725024
17.44,0.00018410285082418
17.56,0.000185173211983089
17.68,0.000186241307418735
17.8,0.000187307144317582
17.92,0.000188370729835733
18.04,0.000189432071099093
18.16,0.000190491175203524
18.28,0.000191548049215005
18.4,0.000192602700169792
18.52,0.00019365513507457
18.64,0.00019470536090661
18.76,0.000195753384613922
18.88,0.000196799213115411
19,0.000197842853301027
19.12,0.000198884312031915
19.24,0.000199923596140569
19.36,0.000200960712430979
19.48,0.000201995667678781
19.6,0.0002030284686314
19.72,0.000204059122008205
19.84,0.000205087634500647
19.96,0.000206114012772407
20.08,0.00020713826345954
20.2,0.000208160393170617
20.32,0.000209180408486871
20.44,0.00021019831596233
20.56,0.000211214122123966
20.68,0.000212227833471829
20.8,0.00021323945647919
20.92,0.000214248997592673
21.04,0.000215256463232398
21.16,0.000216261859792114
21.28,0.000217265193639333
21.4,0.000218266471115468
21.52,0.000219265698535963
21.64,0.00022026288219043
21.76,0.000221258028342775
21.88,0.000222251143231335
22,0.000223242233069005
22.12,0.000224231304043369
22.24,0.000225218362316829
22.36,0.00022620341402673
22.48,0.000227186465285491
22.6,0.000228167522180729
22.72,0.000229146590775388
22.84,0.000230123677107858
22.96,0.000231098787192105
23.08,0.000232071927017791
23.2,0.000233043102550398
23.32,0.000234012319731348
23.44,0.000234979584478129
23.56,0.000235944902684408
23.68,0.000236908280220158
23.8,0.000237869722931772
23.92,0.000238829236642185
24.04,0.000239786827150986
24.16,0.000240742500234543
24.28,0.000241696261646111
24.4,0.000242648117115952
24.52,0.00024359807235145
24.64,0.000244546133037223
24.76,0.000245492304835238
24.88,0.000246436593384921
25,0.000247379004303272
25.12,0.000248319543184977
25.24,0.000249258215602516
25.36,0.000250195027106273
25.48,0.000251129983224648
25.6,0.000252063089464164
25.72,0.000252994351309576
25.84,0.000253923774223976
25.96,0.000254851363648904
26.08,0.000255777125004449
26.2,0.000256701063689362
26.32,0.000257623185081152
26.44,0.000258543494536196
26.56,0.000259461997389844
26.68,0.000260378698956516
26.8,0.00026129360452981
26.92,0.000262206719382602
27.04,0.000263118048767146
27.16,0.000264027597915177
27.28,0.00026493537203801
27.4,0.00026584137632664
27.52,0.00026674561595184
27.64,0.000267648096064259
27.76,0.000268548821794522
27.88,0.000269447798253326
28,0.000270345030531537
28.12,0.000271240523700283
28.24,0.000272134282811055
28.36,0.0002730263128958
28.48,0.00027391661896701
28.6,0.000274805206017827
28.72,0.000275692079022124
28.84,0.000276577242934607
28.96,0.000277460702690903
29.08,0.000278342463207654
29.2,0.000279222529382604
29.32,0.000280100906094696
29.44,0.000280977598204157
29.56,0.000281852610552589
29.68,0.000282725947963059
29.8,0.000283597615240188
29.92,0.000284467617170236
30.04,0.000285335958521195
30.16,0.000286202644042871
30.28,0.000287067678466972
30.4,0.000287931066507197
30.52,0.000288792812859316
30.64,0.000289652922201261
30.76,0.000290511399193208
30.88,0.00029136824847766
31,0.000292223474679533
31.12,0.000293077082406237
31.24,0.00029392907624776
31.36,0.000294779460776752
31.48,0.000295628240548602
31.6,0.000296475420101525
31.72,0.000297321003956639
31.84,0.000298164996618046
31.96,0.000299007402572914
32.08,0.000299848226291554
32.2,0.0003006874722275
32.32,0.000301525144817589
32.44,0.000302361248482036
32.56,0.000303195787624516
32.68,0.000304028766632238
32.8,0.000304860189876023
32.92,0.00030569006171038
33.04,0.000306518386473583
33.16,0.000307345168487745
33.28,0.000308170412058895
33.4,0.000308994121477053
33.52,0.000309816301016301
33.64,0.00031063695493486
33.76,0.000311456087475163
33.88,0.000312273702863929
34,0.000313089805312232
34.12,0.000313904399015578
34.24,0.000314717488153972
34.36,0.000315529076891996
34.48,0.000316339169378873
34.6,0.000317147769748542
34.72,0.000317954882119729
34.84,0.000318760510596013
34.96,0.000319564659265898
35.08,0.000320367332202883
35.2,0.00032116853346553
35.32,0.000321968267097531
35.44,0.000322766537127778
35.56,0.000323563347570429
35.68,0.000324358702424977
35.8,0.000325152605676316
35.92,0.000325945061294806
36.04,0.000326736073236344
36.16,0.000327525645442423
36.28,0.000328313781840203
36.4,0.000329100486342575
36.52,0.000329885762848223
36.64,0.000330669615241691
36.76,0.000331452047393447
36.88,0.000332233063159946
37,0.000333012666383692
37.12,0.000333790860893305
37.24,0.000334567650503579
37.36,0.000335343039015547
37.48,0.000336117030216543
37.6,0.000336889627880263
37.72,0.000337660835766827
37.84,0.000338430657622837
37.96,0.000339199097181443
38.08,0.0003399661581624
38.2,0.000340731844272128
38.32,0.00034149615920377
38.44,0.000342259106637258
38.56,0.000343020690239365
38.68,0.000343780913663766
38.8,0.000344539780551098
38.92,0.000345297294529017
39.04,0.000346053459212254
39.16,0.000346808278202677
39.28,0.000347561755089343
39.4,0.000348313893448559
39.52,0.000349064696843935
39.64,0.000349814168826444
39.76,0.000350562312934475
39.88,0.000351309132693891
40,0.000352054631618082
40.12,0.000352798813208022
40.24,0.000353541680952322
40.36,0.000354283238327288
40.48,0.000355023488796971
40.6,0.000355762435813223
40.72,0.000356500082815752
40.84,0.00035723643323217
40.96,0.000357971490478055
41.08,0.000358705257956994
41.2,0.000359437739060645
41.32,0.00036016893716878
41.44,0.000360898855649344
41.56,0.000361627497858504
41.68,0.0003623548671407
41.8,0.000363080966828698
41.92,0.000363805800243638
42.04,0.000364529370695088
42.16,0.000365251681481092
42.28,0.00036597273588822
42.4,0.00036669253719162
42.52,0.000367411088655066
42.64,0.000368128393531007
42.76,0.000368844455060619
42.88,0.000369559276473847
43,0.000370272860989462
43.12,0.000370985211815104
43.24,0.000371696332147331
43.36,0.000372406225171668
43.48,0.000373114894062654
43.6,0.000373822341983888
43.72,0.000374528572088079
43.84,0.000375233587517089
43.96,0.000375937391401982
44.08,0.000376639986863072
44.2,0.000377341377009966
44.32,0.000378041564941609
44.44,0.000378740553746334
44.56,0.000379438346501904
44.68,0.00038013494627556
44.8,0.000380830356124061
44.92,0.000381524579093734
45.04,0.000382217618220516
45.16,0.000382909476529998
45.28,0.000383600157037471
45.4,0.000384289662747967
45.52,0.000384977996656304
45.64,0.000385665161747131
45.76,0.000386351160994967
45.88,0.000387035997364249
46,0.00038771967380937
46.12,0.000388402193274725
46.24,0.000389083558694751
46.36,0.00038976377299397
46.48,0.000390442839087032
46.6,0.000391120759878755
46.72,0.000391797538264165
46.84,0.000392473177128541
46.96,0.000393147679347453
47.08,0.000393821047786804
47.2,0.000394493285302872
47.32,0.000395164394742346
47.44,0.000395834378942372
47.56,0.000396503240730587
47.68,0.000397170982925164
47.8,0.000397837608334848
47.92,0.000398503119758997
48.04,0.000399167519987622
48.16,0.000399830811801423
48.28,0.000400492997971832
48.4,0.000401154081261047
48.52,0.000401814064422074
48.64,0.000402472950198763
48.76,0.000403130741325849
48.88,0.000403787440528984
49,0.000404443050524782
49.12,0.000405097574020852
49.24,0.000405751013715834
49.36,0.000406403372299442
49.48,0.000407054652452494
49.6,0.000407704856846952
49.72,0.000408353988145961
49.84,0.000409002049003879
49.96,0.000409649042066321
50.08,0.000410294969970189
50.2,0.000410939835343708
50.32,0.000411583640806466
50.44,0.000412226388969446
50.56,0.000412868082435062
50.68,0.000413508723797195
50.8,0.000414148315641226
50.92,0.000414786860544074
51.04,0.000415424361074226
51.16,0.000416060819791776
51.28,0.000416696239248457
51.4,0.000417330621987675
51.52,0.000417963970544544
51.64,0.000418596287445918
51.76,0.000419227575210428
51.88,0.000419857836348511
52,0.000420487073362446
52.12,0.000421115288746387
52.24,0.000421742484986396
52.36,0.000422368664560473
52.48,0.000422993829938595
52.6,0.000423617983582741
52.72,0.000424241127946929
52.84,0.000424863265477247
52.96,0.000425484398611885
53.08,0.000426104529781166
53.2,0.000426723661407579
53.32,0.000427341795905811
53.44,0.000427958935682776
53.56,0.000428575083137648
53.68,0.000429190240661893
53.8,0.000429804410639296
53.92,0.000430417595445997
54.04,0.000431029797450519
54.16,0.000431641019013797
54.28,0.000432251262489211
54.4,0.000432860530222615
54.52,0.000433468824552367
54.64,0.00043407614780936
54.76,0.000434682502317051
54.88,0.000435287890391489
55,0.000435892314341346
55.12,0.000436495776467949
55.24,0.000437098279065305
55.36,0.00043769982442013
55.48,0.000438300414811883
55.6,0.000438900052512789
55.72,0.00043949873978787
55.84,0.000440096478894975
55.96,0.000440693272084805
56.08,0.000441289121600946
56.2,0.000441884029679892
56.32,0.000442477998551076
56.44,0.000443071030436897
56.56,0.000443663127552747
56.68,0.000444254292107042
56.8,0.000444844526301245
56.92,0.000445433832329895
57.04,0.000446022212380635
57.16,0.000446609668634239
57.28,0.000447196203264637
57.4,0.000447781818438946
57.52,0.00044836651631749
57.64,0.000448950299053834
57.76,0.000449533168794805
57.88,0.000450115127680521
58,0.000450696177844416
58.12,0.000451276321413268
58.24,0.000451855560507221
58.36,0.000452433897239816
58.48,0.000453011333718011
58.6,0.000453587872042213
58.72,0.000454163514306298
58.84,0.000454738262597637
58.96,0.000455312118997127
59.08,0.000455885085579207
59.2,0.000456457164411892
59.32,0.000457028357556789
59.44,0.000457598667069131
59.56,0.000458168094997795
59.68,0.000458736643385327
59.8,0.000459304314267972
59.92,0.000459871109675689
60.04,0.000460437031632186
60.16,0.000461002082154935
60.28,0.000461566263255201
60.4,0.000462129576938064
60.52,0.000462692025202443
60.64,0.00046325361004112
60.76,0.000463814333440764
60.88,0.000464374197381953
61,0.000464933203839199
61.12,0.000465491354780969
61.24,0.00046604865216971
61.36,0.000466605097961872
61.48,0.00046716069410793
61.6,0.000467715442552407
61.72,0.000468269345233897
61.84,0.000468822404085087
61.96,0.00046937462103278
62.08,0.000469925997997918
62.2,0.000470476536895602
62.32,0.000471026239635118
62.44,0.000471575108119953
62.56,0.000472123144247825
62.68,0.000472670349910698
62.8,0.000473216726994808
62.92,0.00047376227738068
63.04,0.000474307002943157
63.16,0.000474850905551413
63.28,0.000475393987068981
63.4,0.000475936249353771
63.52,0.000476477694258093
63.64,0.000477018323628674
63.76,0.000477558139306685
63.88,0.000478097143127759
64,0.00047863533692201
64.12,0.000479172722514055
64.24,0.000479709301723039
64.36,0.000480245076362646
64.48,0.00048078004824113
64.6,0.000481314219161327
64.72,0.00048184759092068
64.84,0.000482380165311259
64.96,0.000482911944119778
65.08,0.000483442929127617
65.2,0.000483973122110842
65.32,0.000484502524840226
65.44,0.000485031139081264
65.56,0.0004855589665942
65.68,0.000486086009134039
65.8,0.000486612268450571
65.92,0.00048713774628839
66.04,0.000487662444386911
66.16,0.000488186364480393
66.28,0.000488709508297954
66.4,0.000489231877563591
66.52,0.000489753473996202
66.64,0.000490274299309601
66.76,0.00049079435521254
66.88,0.000491313643408724
67,0.000491832165596834
67.12,0.000492349923470541
67.24,0.000492866918718528
67.36,0.000493383153024506
67.48,0.000493898628067235
67.6,0.000494413345520539
67.72,0.000494927307053326
67.84,0.000495440514329606
67.96,0.000495952969008507
68.08,0.000496464672744297
68.2,0.000496975627186398
68.32,0.000497485833979404
68.44,0.000497995294763101
68.56,0.000498504011172484
68.68,0.000499011984837771
68.8,0.000499519217384426
68.92,0.000500025710433171
69.04,0.000500531465600007
69.16,0.000501036484496231
69.28,0.000501540768728449
69.4,0.000502044319898599
69.52,0.000502547139603963
69.64,0.000503049229437187
69.76,0.000503550590986297
69.88,0.000504051225834715
70,0.000504551135561275
