"ResDensity","N_TraitValue"
10,8.14605221562418e-05
10.058,8.1816931076707e-05
10.116,8.21723316840238e-05
10.174,8.25267282510619e-05
10.232,8.28801250265828e-05
10.29,8.32325262354091e-05
10.348,8.3583936078593e-05
10.406,8.39343587335836e-05
10.464,8.4283798354392e-05
10.522,8.46322590717557e-05
10.58,8.49797449933011e-05
10.638,8.53262602037051e-05
10.696,8.56718087648554e-05
10.754,8.60163947160086e-05
10.812,8.6360022073948e-05
10.87,8.67026948331399e-05
10.928,8.70444169658877e-05
10.986,8.73851924224859e-05
11.044,8.77250251313723e-05
11.102,8.80639189992787e-05
11.16,8.8401877911381e-05
11.218,8.87389057314471e-05
11.276,8.90750063019848e-05
11.334,8.94101834443873e-05
11.392,8.97444409590782e-05
11.45,9.00777826256554e-05
11.508,9.04102122030332e-05
11.566,9.07417334295837e-05
11.624,9.10723500232769e-05
11.682,9.140206568182e-05
11.74,9.17308840827948e-05
11.798,9.20588088837947e-05
11.856,9.23858437225602e-05
11.914,9.27119922171135e-05
11.972,9.30372579658921e-05
12.03,9.33616445478805e-05
12.088,9.36851555227423e-05
12.146,9.40077944309498e-05
12.204,9.43295647939135e-05
12.262,9.465047011411e-05
12.32,9.49705138752091e-05
12.378,9.52896995422001e-05
12.436,9.56080305615166e-05
12.494,9.59255103611605e-05
12.552,9.62421423508253e-05
12.61,9.6557929922018e-05
12.668,9.68728764481803e-05
12.726,9.71869852848085e-05
12.784,9.7500259769573e-05
12.842,9.78127032224361e-05
12.9,9.81243189457698e-05
12.958,9.84351102244716e-05
13.016,9.87450803260805e-05
13.074,9.90542325008908e-05
13.132,9.93625699820665e-05
13.19,9.96700959857535e-05
13.248,9.99768137111914e-05
13.306,0.000100282726340825
13.364,0.000100587837040413
13.422,0.00010089214895914
13.48,0.00010119566522972
13.538,0.000101498388968511
13.596,0.000101800323275613
13.654,0.000102101471234983
13.712,0.000102401835914531
13.77,0.000102701420366232
13.828,0.000103000227626224
13.886,0.000103298260714914
13.944,0.000103595522637076
14.002,0.000103892016381957
14.06,0.000104187744923373
14.118,0.000104482711219809
14.176,0.00010477691821452
14.234,0.000105070368835627
14.292,0.000105363065996214
14.35,0.000105655012594427
14.408,0.000105946211513565
14.466,0.000106236665622179
14.524,0.000106526377774165
14.582,0.000106815350808855
14.64,0.000107103587551116
14.698,0.000107391090811433
14.756,0.000107677863386011
14.814,0.000107963908056854
14.872,0.000108249227591866
14.93,0.000108533824744933
14.988,0.000108817702256013
15.046,0.000109100862851228
15.104,0.000109383309242944
15.162,0.000109665044129864
15.22,0.000109946070197112
15.278,0.000110226390116317
15.336,0.000110506006545698
15.394,0.00011078492213015
15.452,0.000111063139501325
15.51,0.000111340661277716
15.568,0.00011161749006474
15.626,0.000111893628454817
15.684,0.000112169079027452
15.742,0.000112443844349318
15.8,0.00011271792697433
15.858,0.000112991329443732
15.916,0.000113264054286166
15.974,0.00011353610401776
16.032,0.000113807481142196
16.09,0.000114078188150795
16.148,0.000114348227522586
16.206,0.000114617601724389
16.264,0.000114886313210882
16.322,0.000115154364424684
16.38,0.000115421757796421
16.438,0.000115688495744806
16.496,0.000115954580676708
16.554,0.000116220014987226
16.612,0.00011648480105976
16.67,0.000116748941266084
16.728,0.000117012437966415
16.786,0.000117275293509483
16.844,0.000117537510232602
16.902,0.000117799090461741
16.96,0.000118060036511588
17.018,0.000118320350685624
17.076,0.000118580035276184
17.134,0.000118839092564532
17.192,0.000119097524820921
17.25,0.000119355334304664
17.308,0.000119612523264197
17.366,0.000119869093937147
17.424,0.000120125048550394
17.482,0.000120380389320136
17.54,0.000120635118451956
17.598,0.000120889238140882
17.656,0.00012114275057145
17.714,0.00012139565791777
17.772,0.000121647962343586
17.83,0.000121899666002336
17.888,0.000122150771037215
17.946,0.000122401279581239
18.004,0.000122651193757298
18.062,0.000122900515678223
18.12,0.000123149247446843
18.178,0.000123397391156041
18.236,0.000123644948888818
18.294,0.000123891922718348
18.352,0.000124138314708038
18.41,0.000124384126911582
18.468,0.000124629361373022
18.526,0.000124874020126801
18.584,0.000125118105197823
18.642,0.000125361618601507
18.7,0.000125604562343842
18.758,0.000125846938421442
18.816,0.000126088748821601
18.874,0.000126329995522349
18.932,0.000126570680492504
18.99,0.000126810805691725
19.048,0.000127050373070569
19.106,0.000127289384570538
19.164,0.000127527842124135
19.222,0.000127765747654918
19.28,0.000128003103077547
19.338,0.000128239910297839
19.396,0.000128476171212816
19.454,0.00012871188771076
19.512,0.000128947061671257
19.57,0.000129181694965255
19.628,0.000129415789455106
19.686,0.000129649346994619
19.744,0.00012988236942911
19.802,0.000130114858595448
19.86,0.000130346816322105
19.918,0.0001305782444292
19.976,0.000130809144728556
20.034,0.000131039519023735
20.092,0.000131269369110094
20.15,0.00013149869677483
20.208,0.000131727503797023
20.266,0.000131955791947683
20.324,0.0001321835629898
20.382,0.000132410818678385
20.44,0.000132637560760514
20.498,0.000132863790975378
20.556,0.000133089511054322
20.614,0.000133314722720894
20.672,0.000133539427690885
20.73,0.000133763627672374
20.788,0.000133987324365772
20.846,0.000134210519463864
20.904,0.000134433214651852
20.962,0.000134655411607397
21.02,0.000134877112000663
21.078,0.000135098317494356
21.136,0.000135319029743768
21.194,0.000135539250396816
21.252,0.000135758981094086
21.31,0.00013597822346887
21.368,0.000136196979147211
21.426,0.000136415249747938
21.484,0.000136633036882711
21.542,0.000136850342156056
21.6,0.00013706716716541
21.658,0.000137283513501152
21.716,0.000137499382746652
21.774,0.000137714776478301
21.832,0.000137929696265553
21.89,0.000138144143670965
21.948,0.00013835812025023
22.006,0.000138571627552218
22.064,0.000138784667119014
22.122,0.000138997240485954
22.18,0.000139209349181659
22.238,0.000139420994728078
22.296,0.000139632178640517
22.354,0.000139842902427683
22.412,0.000140053167591711
22.47,0.00014026297562821
22.528,0.000140472328026288
22.586,0.000140681226268596
22.644,0.000140889671831357
22.702,0.000141097666184404
22.76,0.000141305210791214
22.818,0.00014151230710894
22.876,0.000141718956588448
22.934,0.000141925160674351
22.992,0.000142130920805041
23.05,0.000142336238412721
23.108,0.000142541114923442
23.166,0.000142745551757136
23.224,0.000142949550327643
23.282,0.00014315311204275
23.34,0.00014335623830422
23.398,0.000143558930507828
23.456,0.000143761190043386
23.514,0.000143963018294781
23.572,0.000144164416640005
23.63,0.000144365386451185
23.688,0.000144565929094616
23.746,0.000144766045930788
23.804,0.000144965738314424
23.862,0.000145165007594503
23.92,0.000145363855114296
23.978,0.000145562282211391
24.036,0.000145760290217729
24.094,0.000145957880459629
24.152,0.000146155054257818
24.21,0.000146351812927465
24.268,0.000146548157778205
24.326,0.000146744090114169
24.384,0.000146939611234015
24.442,0.000147134722430957
24.5,0.000147329424992789
24.558,0.000147523720201918
24.616,0.000147717609335392
24.674,0.000147911093664924
24.732,0.000148104174456923
24.79,0.000148296852972523
24.848,0.000148489130467605
24.906,0.00014868100819283
24.964,0.000148872487393664
25.022,0.000149063569310404
25.08,0.000149254255178205
25.138,0.000149444546227108
25.196,0.000149634443682067
25.254,0.00014982394876297
25.312,0.000150013062684673
25.37,0.00015020178665702
25.428,0.000150390121884871
25.486,0.000150578069568128
25.544,0.000150765630901759
25.602,0.000150952807075825
25.66,0.000151139599275504
25.718,0.000151326008681116
25.776,0.000151512036468151
25.834,0.000151697683807286
25.892,0.00015188295186442
25.95,0.000152067841800689
26.008,0.000152252354772495
26.066,0.000152436491931531
26.124,0.000152620254424801
26.182,0.000152803643394648
26.24,0.000152986659978776
26.298,0.00015316930531027
26.356,0.000153351580517627
26.414,0.000153533486724772
26.472,0.000153715025051084
26.53,0.000153896196611422
26.588,0.000154077002516142
26.646,0.000154257443871122
26.704,0.000154437521777787
26.762,0.00015461723733313
26.82,0.00015479659162973
26.878,0.000154975585755782
26.936,0.000155154220795113
26.994,0.000155332497827205
27.052,0.000155510417927219
27.11,0.000155687982166015
27.168,0.000155865191610171
27.226,0.000156042047322012
27.284,0.000156218550359621
27.342,0.000156394701776868
27.4,0.000156570502623428
27.458,0.000156745953944802
27.516,0.000156921056782337
27.574,0.000157095812173248
27.632,0.000157270221150638
27.69,0.000157444284743519
27.748,0.000157618003976831
27.806,0.000157791379871461
27.864,0.000157964413444266
27.922,0.000158137105708093
27.98,0.000158309457671794
28.038,0.000158481470340252
28.096,0.000158653144714395
28.154,0.000158824481791219
28.212,0.000158995482563807
28.27,0.000159166148021345
28.328,0.000159336479149146
28.386,0.000159506476928665
28.444,0.000159676142337519
28.502,0.000159845476349506
28.56,0.000160014479934625
28.618,0.000160183154059091
28.676,0.000160351499685357
28.734,0.000160519517772131
28.792,0.000160687209274393
28.85,0.000160854575143414
28.908,0.000161021616326775
28.966,0.000161188333768384
29.024,0.000161354728408494
29.082,0.000161520801183719
29.14,0.000161686553027054
29.198,0.000161851984867891
29.256,0.000162017097632039
29.314,0.000162181892241735
29.372,0.00016234636961567
29.43,0.000162510530668998
29.488,0.000162674376313358
29.546,0.000162837907456889
29.604,0.000163001125004245
29.662,0.000163164029856617
29.72,0.000163326622911744
29.778,0.000163488905063934
29.836,0.000163650877204074
29.894,0.000163812540219655
29.952,0.000163973894994781
30.01,0.000164134942410189
30.068,0.000164295683343263
30.126,0.000164456118668051
30.184,0.000164616249255281
30.242,0.000164776075972377
30.3,0.000164935599683471
30.358,0.000165094821249425
30.416,0.000165253741527842
30.474,0.000165412361373081
30.532,0.000165570681636276
30.59,0.000165728703165348
30.648,0.00016588642680502
30.706,0.000166043853396835
30.764,0.000166200983779169
30.822,0.000166357818787244
30.88,0.000166514359253148
30.938,0.000166670606005843
30.996,0.000166826559871187
31.054,0.000166982221671941
31.112,0.000167137592227791
31.17,0.000167292672355355
31.228,0.000167447462868203
31.286,0.000167601964576868
31.344,0.000167756178288863
31.402,0.000167910104808691
31.46,0.000168063744937863
31.518,0.000168217099474911
31.576,0.000168370169215398
31.634,0.000168522954951938
31.692,0.000168675457474204
31.75,0.000168827677568947
31.808,0.000168979616020003
31.866,0.000169131273608314
31.924,0.000169282651111935
31.982,0.00016943374930605
32.04,0.000169584568962985
32.098,0.000169735110852222
32.156,0.000169885375740411
32.214,0.000170035364391383
32.272,0.000170185077566164
32.33,0.000170334516022985
32.388,0.0001704836805173
32.446,0.000170632571801793
32.504,0.000170781190626394
32.562,0.000170929537738291
32.62,0.000171077613881944
32.678,0.000171225419799093
32.736,0.000171372956228775
32.794,0.000171520223907334
32.852,0.000171667223568434
32.91,0.000171813955943071
32.968,0.000171960421759586
33.026,0.000172106621743674
33.084,0.000172252556618399
33.142,0.000172398227104207
33.2,0.000172543633918933
33.258,0.000172688777777818
33.316,0.000172833659393516
33.374,0.000172978279476112
33.432,0.000173122638733125
33.49,0.000173266737869527
33.548,0.000173410577587753
33.606,0.000173554158587707
33.664,0.00017369748156678
33.722,0.000173840547219861
33.78,0.000173983356239341
33.838,0.000174125909315133
33.896,0.000174268207134678
33.954,0.000174410250382958
34.012,0.000174552039742504
34.07,0.000174693575893412
34.128,0.00017483485951335
34.186,0.000174975891277571
34.244,0.00017511667185892
34.302,0.00017525720192785
34.36,0.00017539748215243
34.418,0.000175537513198353
34.476,0.000175677295728953
34.534,0.000175816830405208
34.592,0.000175956117885756
34.65,0.000176095158826904
34.708,0.000176233953882636
34.766,0.000176372503704626
34.824,0.000176510808942246
34.882,0.000176648870242581
34.94,0.00017678668825043
34.998,0.000176924263608325
35.056,0.000177061596956537
35.114,0.000177198688933086
35.172,0.00017733554017375
35.23,0.000177472151312079
35.288,0.0001776085229794
35.346,0.000177744655804827
35.404,0.000177880550415276
35.462,0.000178016207435468
35.52,0.000178151627487942
35.578,0.000178286811193065
35.636,0.00017842175916904
35.694,0.000178556472031914
35.752,0.000178690950395593
35.81,0.000178825194871844
35.868,0.00017895920607031
35.926,0.000179092984598516
35.984,0.000179226531061879
36.042,0.00017935984606372
36.1,0.000179492930205267
36.158,0.000179625784085669
36.216,0.000179758408302004
36.274,0.000179890803449287
36.332,0.000180022970120479
36.39,0.000180154908906496
36.448,0.00018028662039622
36.506,0.000180418105176504
36.564,0.000180549363832181
36.622,0.000180680396946078
36.68,0.000180811205099018
36.738,0.000180941788869833
36.796,0.000181072148835368
36.854,0.000181202285570496
36.912,0.00018133219964812
36.97,0.000181461891639187
37.028,0.000181591362112691
37.086,0.000181720611635686
37.144,0.00018184964077329
37.202,0.000181978450088698
37.26,0.000182107040143185
37.318,0.00018223541149612
37.376,0.000182363564704968
37.434,0.000182491500325301
37.492,0.000182619218910809
37.55,0.000182746721013302
37.608,0.000182874007182723
37.666,0.000183001077967151
37.724,0.000183127933912816
37.782,0.000183254575564098
37.84,0.000183381003463543
37.898,0.000183507218151864
37.956,0.000183633220167955
38.014,0.000183759010048893
38.072,0.000183884588329948
38.13,0.000184009955544594
38.188,0.000184135112224508
38.246,0.000184260058899587
38.304,0.00018438479609795
38.362,0.000184509324345946
38.42,0.000184633644168162
38.478,0.000184757756087432
38.536,0.000184881660624841
38.594,0.000185005358299735
38.652,0.000185128849629728
38.71,0.000185252135130706
38.768,0.000185375215316839
38.826,0.000185498090700585
38.884,0.0001856207617927
38.942,0.000185743229102239
39,0.00018586549313657
