"ResDensity","N_TraitValue"
15,0.000721976076183264
15.156,0.00072948462737557
15.312,0.000736993178567876
15.468,0.000744501729760182
15.624,0.000752010280952488
15.78,0.000759518832144794
15.936,0.0007670273833371
16.092,0.000774535934529406
16.248,0.000782044485721712
16.404,0.000789553036914018
16.56,0.000797061588106324
16.716,0.00080457013929863
16.872,0.000812078690490936
17.028,0.000819587241683242
17.184,0.000827095792875548
17.34,0.000834604344067853
17.496,0.000842112895260159
17.652,0.000849621446452465
17.808,0.000857129997644771
17.964,0.000864638548837077
18.12,0.000872147100029383
18.276,0.000879655651221689
18.432,0.000887164202413995
18.588,0.000894672753606301
18.744,0.000902181304798607
18.9,0.000909689855990913
19.056,0.000917198407183219
19.212,0.000924706958375525
19.368,0.000932215509567831
19.524,0.000939724060760137
19.68,0.000947232611952443
19.836,0.000954741163144749
19.992,0.000962249714337055
20.148,0.000969758265529361
20.304,0.000977266816721667
20.46,0.000984775367913973
20.616,0.000992283919106278
20.772,0.000999792470298584
20.928,0.00100730102149089
21.084,0.0010148095726832
21.24,0.0010223181238755
21.396,0.00102982667506781
21.552,0.00103733522626011
21.708,0.00104484377745242
21.864,0.00105235232864473
22.02,0.00105986087983703
22.176,0.00106736943102934
22.332,0.00107487798222164
22.488,0.00108238653341395
22.644,0.00108989508460626
22.8,0.00109740363579856
22.956,0.00110491218699087
23.112,0.00111242073818317
23.268,0.00111992928937548
23.424,0.00112743784056779
23.58,0.00113494639176009
23.736,0.0011424549429524
23.892,0.0011499634941447
24.048,0.00115747204533701
24.204,0.00116498059652932
24.36,0.00117248914772162
24.516,0.00117999769891393
24.672,0.00118750625010623
24.828,0.00119501480129854
24.984,0.00120252335249085
25.14,0.00121003190368315
25.296,0.00121754045487546
25.452,0.00122504900606776
25.608,0.00123255755726007
25.764,0.00124006610845237
25.92,0.00124757465964468
26.076,0.00125508321083699
26.232,0.00126259176202929
26.388,0.0012701003132216
26.544,0.0012776088644139
26.7,0.00128511741560621
26.856,0.00129262596679852
27.012,0.00130013451799082
27.168,0.00130764306918313
27.324,0.00131515162037543
27.48,0.00132266017156774
27.636,0.00133016872276005
27.792,0.00133767727395235
27.948,0.00134518582514466
28.104,0.00135269437633696
28.26,0.00136020292752927
28.416,0.00136771147872158
28.572,0.00137522002991388
28.728,0.00138272858110619
28.884,0.00139023713229849
29.04,0.0013977456834908
29.196,0.00140525423468311
29.352,0.00141276278587541
29.508,0.00142027133706772
29.664,0.00142777988826002
29.82,0.00143528843945233
29.976,0.00144279699064464
30.132,0.00145030554183694
30.288,0.00145781409302925
30.444,0.00146532264422155
30.6,0.00147283119541386
30.756,0.00148033974660617
30.912,0.00148784829779847
31.068,0.00149535684899078
31.224,0.00150286540018308
31.38,0.00151037395137539
31.536,0.00151788250256769
31.692,0.00152539105376
31.848,0.00153289960495231
32.004,0.00154040815614461
32.16,0.00154791670733692
32.316,0.00155542525852922
32.472,0.00156293380972153
32.628,0.00157044236091384
32.784,0.00157795091210614
32.94,0.00158545946329845
33.096,0.00159296801449075
33.252,0.00160047656568306
33.408,0.00160798511687537
33.564,0.00161549366806767
33.72,0.00162300221925998
33.876,0.00163051077045228
34.032,0.00163801932164459
34.188,0.0016455278728369
34.344,0.0016530364240292
34.5,0.00166054497522151
34.656,0.00166805352641381
34.812,0.00167556207760612
34.968,0.00168307062879843
35.124,0.00169057917999073
35.28,0.00169808773118304
35.436,0.00170559628237534
35.592,0.00171310483356765
35.748,0.00172061338475996
35.904,0.00172812193595226
36.06,0.00173563048714457
36.216,0.00174313903833687
36.372,0.00175064758952918
36.528,0.00175815614072149
36.684,0.00176566469191379
36.84,0.0017731732431061
36.996,0.0017806817942984
37.152,0.00178819034549071
37.308,0.00179569889668302
37.464,0.00180320744787532
37.62,0.00181071599906763
37.776,0.00181822455025993
37.932,0.00182573310145224
38.088,0.00183324165264454
38.244,0.00184075020383685
38.4,0.00184825875502916
38.556,0.00185576730622146
38.712,0.00186327585741377
38.868,0.00187078440860607
39.024,0.00187829295979838
39.18,0.00188580151099069
39.336,0.00189331006218299
39.492,0.0019008186133753
39.648,0.0019083271645676
39.804,0.00191583571575991
39.96,0.00192334426695222
40.116,0.00193085281814452
40.272,0.00193836136933683
40.428,0.00194586992052913
40.584,0.00195337847172144
40.74,0.00196088702291375
40.896,0.00196839557410605
41.052,0.00197590412529836
41.208,0.00198341267649066
41.364,0.00199092122768297
41.52,0.00199842977887528
41.676,0.00200593833006758
41.832,0.00201344688125989
41.988,0.00202095543245219
42.144,0.0020284639836445
42.3,0.00203597253483681
42.456,0.00204348108602911
42.612,0.00205098963722142
42.768,0.00205849818841372
42.924,0.00206600673960603
43.08,0.00207351529079833
43.236,0.00208102384199064
43.392,0.00208853239318295
43.548,0.00209604094437525
43.704,0.00210354949556756
43.86,0.00211105804675986
44.016,0.00211856659795217
44.172,0.00212607514914448
44.328,0.00213358370033678
44.484,0.00214109225152909
44.64,0.00214860080272139
44.796,0.0021561093539137
44.952,0.00216361790510601
45.108,0.00217112645629831
45.264,0.00217863500749062
45.42,0.00218614355868292
45.576,0.00219365210987523
45.732,0.00220116066106754
45.888,0.00220866921225984
46.044,0.00221617776345215
46.2,0.00222368631464445
46.356,0.00223119486583676
46.512,0.00223870341702907
46.668,0.00224621196822137
46.824,0.00225372051941368
46.98,0.00226122907060598
47.136,0.00226873762179829
47.292,0.0022762461729906
47.448,0.0022837547241829
47.604,0.00229126327537521
47.76,0.00229877182656751
47.916,0.00230628037775982
48.072,0.00231378892895213
48.228,0.00232129748014443
48.384,0.00232880603133674
48.54,0.00233631458252904
48.696,0.00234382313372135
48.852,0.00235133168491365
49.008,0.00235884023610596
49.164,0.00236634878729827
49.32,0.00237385733849057
49.476,0.00238136588968288
49.632,0.00238887444087518
49.788,0.00239638299206749
49.944,0.0024038915432598
50.1,0.0024114000944521
50.256,0.00241890864564441
50.412,0.00242641719683671
50.568,0.00243392574802902
50.724,0.00244143429922133
50.88,0.00244894285041363
51.036,0.00245645140160594
51.192,0.00246395995279824
51.348,0.00247146850399055
51.504,0.00247897705518286
51.66,0.00248648560637516
51.816,0.00249399415756747
51.972,0.00250150270875977
52.128,0.00250901125995208
52.284,0.00251651981114439
52.44,0.00252402836233669
52.596,0.002531536913529
52.752,0.0025390454647213
52.908,0.00254655401591361
53.064,0.00255406256710592
53.22,0.00256157111829822
53.376,0.00256907966949053
53.532,0.00257658822068283
53.688,0.00258409677187514
53.844,0.00259160532306745
54,0.00259911387425975
54.156,0.00260662242545206
54.312,0.00261413097664436
54.468,0.00262163952783667
54.624,0.00262914807902898
54.78,0.00263665663022128
54.936,0.00264416518141359
55.092,0.00265167373260589
55.248,0.0026591822837982
55.404,0.00266669083499051
55.56,0.00267419938618281
55.716,0.00268170793737512
55.872,0.00268921648856742
56.028,0.00269672503975973
56.184,0.00270423359095203
56.34,0.00271174214214434
56.496,0.00271925069333665
56.652,0.00272675924452895
56.808,0.00273426779572126
56.964,0.00274177634691356
57.12,0.00274928489810587
57.276,0.00275679344929818
57.432,0.00276430200049048
57.588,0.00277181055168279
57.744,0.00277931910287509
57.9,0.0027868276540674
58.056,0.00279433620525971
58.212,0.00280184475645201
58.368,0.00280935330764432
58.524,0.00281686185883662
58.68,0.00282437041002893
58.836,0.00283187896122124
58.992,0.00283938751241354
59.148,0.00284689606360585
59.304,0.00285440461479815
59.46,0.00286191316599046
59.616,0.00286942171718277
59.772,0.00287693026837507
59.928,0.00288443881956738
60.084,0.00289194737075968
60.24,0.00289945592195199
60.396,0.0029069644731443
60.552,0.0029144730243366
60.708,0.00292198157552891
60.864,0.00292949012672121
61.02,0.00293699867791352
61.176,0.00294450722910583
61.332,0.00295201578029813
61.488,0.00295952433149044
61.644,0.00296703288268274
61.8,0.00297454143387505
61.956,0.00298204998506736
62.112,0.00298955853625966
62.268,0.00299706708745197
62.424,0.00300457563864427
62.58,0.00301208418983658
62.736,0.00301959274102888
62.892,0.00302710129222119
63.048,0.0030346098434135
63.204,0.0030421183946058
63.36,0.00304962694579811
63.516,0.00305713549699041
63.672,0.00306464404818272
63.828,0.00307215259937503
63.984,0.00307966115056733
64.14,0.00308716970175964
64.296,0.00309467825295194
64.452,0.00310218680414425
64.608,0.00310969535533656
64.764,0.00311720390652886
64.92,0.00312471245772117
65.076,0.00313222100891347
65.232,0.00313972956010578
65.388,0.00314723811129809
65.544,0.00315474666249039
65.7,0.0031622552136827
65.856,0.003169763764875
66.012,0.00317727231606731
66.168,0.00318478086725962
66.324,0.00319228941845192
66.48,0.00319979796964423
66.636,0.00320730652083653
66.792,0.00321481507202884
66.948,0.00322232362322115
67.104,0.00322983217441345
67.26,0.00323734072560576
67.416,0.00324484927679806
67.572,0.00325235782799037
67.728,0.00325986637918268
67.884,0.00326737493037498
68.04,0.00327488348156729
68.196,0.00328239203275959
68.352,0.0032899005839519
68.508,0.00329740913514421
68.664,0.00330491768633651
68.82,0.00331242623752882
68.976,0.00331993478872112
69.132,0.00332744333991343
69.288,0.00333495189110573
69.444,0.00334246044229804
69.6,0.00334996899349035
69.756,0.00335747754468265
69.912,0.00336498609587496
70.068,0.00337249464706726
70.224,0.00338000319825957
70.38,0.00338751174945188
70.536,0.00339502030064418
70.692,0.00340252885183649
70.848,0.00341003740302879
71.004,0.0034175459542211
71.16,0.00342505450541341
71.316,0.00343256305660571
71.472,0.00344007160779802
71.628,0.00344758015899032
71.784,0.00345508871018263
71.94,0.00346259726137494
72.096,0.00347010581256724
72.252,0.00347761436375955
72.408,0.00348512291495185
72.564,0.00349263146614416
72.72,0.00350014001733647
72.876,0.00350764856852877
73.032,0.00351515711972108
73.188,0.00352266567091338
73.344,0.00353017422210569
73.5,0.00353768277329799
73.656,0.0035451913244903
73.812,0.00355269987568261
73.968,0.00356020842687491
74.124,0.00356771697806722
74.28,0.00357522552925952
74.436,0.00358273408045183
74.592,0.00359024263164414
74.748,0.00359775118283644
74.904,0.00360525973402875
75.06,0.00361276828522105
75.216,0.00362027683641336
75.372,0.00362778538760567
75.528,0.00363529393879797
75.684,0.00364280248999028
75.84,0.00365031104118258
75.996,0.00365781959237489
76.152,0.0036653281435672
76.308,0.0036728366947595
76.464,0.00368034524595181
76.62,0.00368785379714411
76.776,0.00369536234833642
76.932,0.00370287089952873
77.088,0.00371037945072103
77.244,0.00371788800191334
77.4,0.00372539655310564
77.556,0.00373290510429795
77.712,0.00374041365549026
77.868,0.00374792220668256
78.024,0.00375543075787487
78.18,0.00376293930906717
78.336,0.00377044786025948
78.492,0.00377795641145178
78.648,0.00378546496264409
78.804,0.0037929735138364
78.96,0.0038004820650287
79.116,0.00380799061622101
79.272,0.00381549916741332
79.428,0.00382300771860562
79.584,0.00383051626979793
79.74,0.00383802482099023
79.896,0.00384553337218254
80.052,0.00385304192337485
80.208,0.00386055047456715
80.364,0.00386805902575946
80.52,0.00387556757695176
80.676,0.00388307612814407
80.832,0.00389058467933637
80.988,0.00389809323052868
81.144,0.00390560178172099
81.3,0.00391311033291329
81.456,0.0039206188841056
81.612,0.0039281274352979
81.768,0.00393563598649021
81.924,0.00394314453768252
82.08,0.00395065308887482
82.236,0.00395816164006713
82.392,0.00396567019125943
82.548,0.00397317874245174
82.704,0.00398068729364405
82.86,0.00398819584483635
83.016,0.00399570439602866
83.172,0.00400321294722096
83.328,0.00401072149841327
83.484,0.00401823004960558
83.64,0.00402573860079788
83.796,0.00403324715199019
83.952,0.00404075570318249
84.108,0.0040482642543748
84.264,0.00405577280556711
84.42,0.00406328135675941
84.576,0.00407078990795172
84.732,0.00407829845914402
84.888,0.00408580701033633
85.044,0.00409331556152864
85.2,0.00410082411272094
85.356,0.00410833266391325
85.512,0.00411584121510555
85.668,0.00412334976629786
85.824,0.00413085831749016
85.98,0.00413836686868247
86.136,0.00414587541987478
86.292,0.00415338397106708
86.448,0.00416089252225939
86.604,0.00416840107345169
86.76,0.004175909624644
86.916,0.00418341817583631
87.072,0.00419092672702861
87.228,0.00419843527822092
87.384,0.00420594382941322
87.54,0.00421345238060553
87.696,0.00422096093179784
87.852,0.00422846948299014
88.008,0.00423597803418245
88.164,0.00424348658537475
88.32,0.00425099513656706
88.476,0.00425850368775937
88.632,0.00426601223895167
88.788,0.00427352079014398
88.944,0.00428102934133628
89.1,0.00428853789252859
89.256,0.0042960464437209
89.412,0.0043035549949132
89.568,0.00431106354610551
89.724,0.00431857209729781
89.88,0.00432608064849012
90.036,0.00433358919968243
90.192,0.00434109775087473
90.348,0.00434860630206704
90.504,0.00435611485325934
90.66,0.00436362340445165
90.816,0.00437113195564396
90.972,0.00437864050683626
91.128,0.00438614905802857
91.284,0.00439365760922087
91.44,0.00440116616041318
91.596,0.00440867471160549
91.752,0.00441618326279779
91.908,0.0044236918139901
92.064,0.0044312003651824
92.22,0.00443870891637471
92.376,0.00444621746756702
92.532,0.00445372601875932
92.688,0.00446123456995163
92.844,0.00446874312114393
93,0.00447625167233624
