"ResDensity","N_TraitValue"
2.3115,0.00157621248970158
2.427735,0.00165262847804078
2.54397,0.0017287822973129
2.660205,0.00180467529438758
2.77644,0.00188030880692437
2.892675,0.00195568416345125
3.00891,0.00203080268344251
3.125145,0.00210566567739564
3.24138,0.00218027444690763
3.357615,0.00225463028475034
3.47385,0.0023287344749452
3.590085,0.00240258829283713
3.70632,0.00247619300516766
3.822555,0.00254954987014742
3.93879,0.00262266013752778
4.055025,0.00269552504867183
4.17126,0.00276814583662467
4.287495,0.00284052372618294
4.40373,0.00291265993396367
4.519965,0.00298455566847247
4.6362,0.00305621213017102
4.752435,0.00312763051154384
4.86867,0.00319881199716452
4.984905,0.00326975776376113
5.10114,0.00334046898028112
5.217375,0.0034109468079555
5.33361,0.00348119240036242
5.449845,0.00355120690349008
5.56608,0.00362099145579909
5.682315,0.00369054718828415
5.79855,0.00375987522453516
5.914785,0.0038289766807977
6.03102,0.00389785266603299
6.147255,0.00396650428197716
6.26349,0.00403493262320002
6.379725,0.00410313877716324
6.49596,0.00417112382427793
6.612195,0.00423888883796172
6.72843,0.00430643488469523
6.844665,0.00437376302407803
6.9609,0.00444087430888405
7.077135,0.00450776978511643
7.19337,0.0045744504920619
7.309605,0.00464091746234457
7.42584,0.00470717172197925
7.542075,0.00477321429042426
7.65831,0.00483904618063367
7.774545,0.00490466839910913
7.89078,0.00497008194595118
8.007015,0.00503528781490999
8.12325,0.00510028699343577
8.239485,0.00516508046272852
8.35572,0.00522966919778749
8.471955,0.00529405416746005
8.58819,0.00535823633449011
8.704425,0.00542221665556615
8.82066,0.00548599608136871
8.936895,0.00554957555661754
9.05313,0.00561295602011816
9.169365,0.00567613840480816
9.2856,0.0057391236378029
9.401835,0.0058019126404409
9.51807,0.00586450632832875
9.634305,0.00592690561138562
9.75054,0.00598911139388735
9.866775,0.00605112457451014
9.98301,0.0061129460463738
10.099245,0.00617457669708466
10.21548,0.00623601740877803
10.331715,0.00629726905816031
10.44795,0.00635833251655066
10.564185,0.00641920864992232
10.68042,0.00647989831894358
10.796655,0.0065404023790183
10.91289,0.00660072168032612
11.029125,0.00666085706786228
11.14536,0.00672080938147708
11.261595,0.00678057945591498
11.37783,0.00684016812085331
11.494065,0.00689957620094071
11.6103,0.00695880451583515
11.726535,0.00701785388024161
11.84277,0.00707672510394945
11.959005,0.00713541899186945
12.07524,0.00719393634407045
12.191475,0.00725227795581573
12.30771,0.00731044461759904
12.423945,0.00736843711518028
12.54018,0.0074262562296209
12.656415,0.00748390273731898
12.77265,0.00754137741004394
12.888885,0.00759868101497103
13.00512,0.00765581431471542
13.121355,0.00771277806736605
13.23759,0.00776957302651918
13.353825,0.0078261999413116
13.47006,0.00788265955645356
13.586295,0.00793895261226143
13.70253,0.00799507984469007
13.818765,0.00805104198536486
13.935,0.00810683976161356
14.051235,0.00816247389649773
14.16747,0.00821794510884405
14.283705,0.00827325411327522
14.39994,0.00832840162024067
14.516175,0.00838338833604699
14.63241,0.00843821496288805
14.748645,0.00849288219887493
14.86488,0.00854739073806553
14.981115,0.00860174127049393
15.09735,0.00865593448219956
15.213585,0.00870997105525599
15.32982,0.0087638516677996
15.446055,0.00881757699405795
15.56229,0.00887114770437784
15.678525,0.0089245644652533
15.79476,0.0089778279393531
15.910995,0.00903093878554827
16.02723,0.0090838976589392
16.143465,0.00913670521088258
16.2597,0.00918936208901814
16.375935,0.00924186893729508
16.49217,0.00929422639599836
16.608405,0.0093464351017747
16.72464,0.0093984956876584
16.840875,0.00945040878309692
16.95711,0.00950217501397623
17.073345,0.00955379500264602
17.18958,0.00960526936794455
17.305815,0.00965659872522347
17.42205,0.00970778368637229
17.538285,0.00975882485984272
17.65452,0.00980972285067273
17.770755,0.00986047826051052
17.88699,0.00991109168763822
18.003225,0.00996156372699533
18.11946,0.0100118949702021
18.235695,0.0100620860055827
18.35193,0.0101121374181879
18.468165,0.010162049789818
18.5844,0.0102118236990457
18.700635,0.0102614597212375
18.81687,0.0103109584285769
18.933105,0.0103603203900859
19.04934,0.0104095461716467
19.165575,0.0104586363360237
19.28181,0.0105075914428844
19.398045,0.0105564120488214
19.51428,0.0106050987073729
19.630515,0.0106536519690437
19.74675,0.0107020723813263
19.862985,0.0107503604887211
19.97922,0.0107985168327569
20.095455,0.0108465419520114
20.21169,0.0108944363821308
20.327925,0.0109422006558503
20.44416,0.0109898353030132
20.560395,0.0110373408505912
20.67663,0.0110847178227032
20.792865,0.0111319667406348
20.9091,0.0111790881228577
21.025335,0.0112260824850483
21.14157,0.0112729503401067
21.257805,0.011319692198175
21.37404,0.0113663085666566
21.490275,0.0114127999502336
21.60651,0.0114591668508857
21.722745,0.0115054097679082
21.83898,0.0115515291979294
21.955215,0.011597525634929
22.07145,0.0116433995702554
22.187685,0.0116891514926434
22.30392,0.0117347818882311
22.420155,0.0117802912405779
22.53639,0.0118256800306808
22.652625,0.0118709487369918
22.76886,0.0119160978354346
22.885095,0.0119611277994212
23.00133,0.0120060390998687
23.117565,0.0120508322052154
23.2338,0.0120955075814371
23.350035,0.0121400656920635
23.46627,0.0121845069981943
23.582505,0.0122288319585145
23.69874,0.0122730410293109
23.814975,0.0123171346644875
23.93121,0.0123611133155807
24.047445,0.0124049774317752
24.16368,0.0124487274599192
24.279915,0.0124923638445391
24.39615,0.0125358870278552
24.512385,0.0125792974497964
24.62862,0.0126225955480149
24.744855,0.0126657817579008
24.86109,0.0127088565125972
24.977325,0.0127518202430142
25.09356,0.0127946733778435
25.209795,0.0128374163435725
25.32603,0.0128800495644987
25.442265,0.0129225734627434
25.5585,0.0129649884582658
25.674735,0.0130072949688772
25.79097,0.0130494934102538
25.907205,0.0130915841959514
26.02344,0.013133567737418
26.139675,0.0131754444440079
26.25591,0.0132172147229943
26.372145,0.0132588789795833
26.48838,0.0133004376169263
26.604615,0.0133418910361335
26.72085,0.0133832396362866
26.837085,0.0134244838144514
26.95332,0.0134656239656909
27.069555,0.0135066604830778
27.18579,0.0135475937577068
27.302025,0.0135884241787073
27.41826,0.0136291521332555
27.534495,0.0136697780065868
27.65073,0.013710302182008
27.766965,0.013750725040909
27.8832,0.0137910469627753
27.999435,0.0138312683251994
28.11567,0.0138713895038929
28.231905,0.013911410872698
28.34814,0.0139513328035991
28.464375,0.0139911556667347
28.58061,0.0140308798304082
28.696845,0.0140705056611
28.81308,0.0141100335234779
28.929315,0.0141494637804092
29.04555,0.0141887967929711
29.161785,0.014228032920462
29.27802,0.0142671725204127
29.394255,0.0143062159485967
29.51049,0.0143451635590414
29.626725,0.0143840157040385
29.74296,0.0144227727341551
29.859195,0.0144614349982436
29.97543,0.0145000028434528
30.091665,0.0145384766152377
30.2079,0.0145768566573704
30.324135,0.0146151433119499
30.44037,0.0146533369194124
30.556605,0.0146914378185413
30.67284,0.0147294463464776
30.789075,0.0147673628387293
30.90531,0.0148051876291817
31.021545,0.0148429210501069
31.13778,0.0148805634321738
31.254015,0.0149181151044575
31.37025,0.0149555763944491
31.486485,0.014992947628065
31.60272,0.0150302291296567
31.718955,0.0150674212220199
31.83519,0.0151045242264037
31.951425,0.0151415384625202
32.06766,0.0151784642485535
32.183895,0.0152153019011688
32.30013,0.0152520517355216
32.416365,0.0152887140652664
32.5326,0.0153252892025659
32.648835,0.0153617774580998
32.76507,0.0153981791410734
32.881305,0.0154344945592265
32.99754,0.0154707240188424
33.113775,0.0155068678247557
33.23001,0.0155429262803616
33.346245,0.015578899687624
33.46248,0.0156147883470842
33.578715,0.0156505925578688
33.69495,0.0156863126176987
33.811185,0.0157219488228967
33.92742,0.015757501468396
34.043655,0.0157929708477484
34.15989,0.0158283572531322
34.276125,0.0158636609753603
34.39236,0.0158988823038884
34.508595,0.0159340215268222
34.62483,0.0159690789309262
34.741065,0.0160040548016309
34.8573,0.0160389494230405
34.973535,0.016073763077941
35.08977,0.0161084960478075
35.206005,0.016143148612812
35.32224,0.0161777210518307
35.438475,0.0162122136424518
35.55471,0.0162466266609825
35.670945,0.0162809603824569
35.78718,0.0163152150806428
35.903415,0.0163493910280494
36.01965,0.0163834884959342
36.135885,0.0164175077543106
36.25212,0.0164514490719544
36.368355,0.0164853127164116
36.48459,0.0165190989540047
36.600825,0.0165528080498404
36.71706,0.0165864402678158
36.833295,0.0166199958706261
36.94953,0.0166534751197707
37.065765,0.0166868782755604
37.182,0.016720205597124
37.298235,0.0167534573424152
37.41447,0.0167866337682189
37.530705,0.0168197351301581
37.64694,0.0168527616827004
37.763175,0.0168857136791645
37.87941,0.0169185913717267
37.995645,0.0169513950114272
38.11188,0.0169841248481767
38.228115,0.0170167811307626
38.34435,0.0170493641068554
38.460585,0.0170818740230148
38.57682,0.0171143111246962
38.693055,0.0171466756562566
38.80929,0.0171789678609608
38.925525,0.0172111879809876
39.04176,0.0172433362574358
39.157995,0.0172754129303302
39.27423,0.0173074182386276
39.390465,0.0173393524202226
39.5067,0.0173712157119538
39.622935,0.0174030083496092
39.73917,0.0174347305679326
39.855405,0.0174663826006288
39.97164,0.0174979646803696
40.087875,0.0175294770387998
40.20411,0.0175609199065421
40.320345,0.0175922935132036
40.43658,0.0176235980873807
40.552815,0.0176548338566651
40.66905,0.0176860010476491
40.785285,0.017717099885931
40.90152,0.0177481305961207
41.017755,0.0177790934018453
41.13399,0.017809988525754
41.250225,0.0178408161895238
41.36646,0.0178715766138645
41.482695,0.0179022700185245
41.59893,0.0179328966222952
41.715165,0.0179634566430173
41.8314,0.0179939502975847
41.947635,0.0180243778019507
42.06387,0.0180547393711326
42.180105,0.0180850352192168
42.29634,0.0181152655593638
42.412575,0.0181454306038134
42.52881,0.0181755305638894
42.645045,0.0182055656500049
42.76128,0.0182355360716667
42.877515,0.0182654420374807
42.99375,0.0182952837551562
43.109985,0.0183250614315114
43.22622,0.0183547752724774
43.342455,0.0183844254831034
43.45869,0.0184140122675616
43.574925,0.0184435358291512
43.69116,0.0184729963703039
43.807395,0.0185023940925879
43.92363,0.0185317291967126
44.039865,0.0185610018825335
44.1561,0.0185902123490564
44.272335,0.018619360794442
44.38857,0.0186484474160105
44.504805,0.0186774724102458
44.62104,0.0187064359728002
44.737275,0.0187353382984987
44.85351,0.0187641795813432
44.969745,0.0187929600145172
45.08598,0.0188216797903896
45.202215,0.0188503391005196
45.31845,0.0188789381356604
45.434685,0.0189074770857639
45.55092,0.0189359561399845
45.667155,0.0189643754866834
45.78339,0.0189927353134331
45.899625,0.0190210358070209
46.01586,0.0190492771534537
46.132095,0.0190774595379613
46.24833,0.0191055831450013
46.364565,0.0191336481582623
46.4808,0.0191616547606685
46.597035,0.0191896031343836
46.71327,0.0192174934608142
46.829505,0.0192453259206145
46.94574,0.0192731006936897
47.061975,0.0193008179592
47.17821,0.0193284778955645
47.294445,0.019356080680465
47.41068,0.0193836264908497
47.526915,0.0194111155029374
47.64315,0.0194385478922204
47.759385,0.0194659238334693
47.87562,0.0194932435007359
47.991855,0.0195205070673572
48.10809,0.0195477147059591
48.224325,0.01957486658846
48.34056,0.0196019628860742
48.456795,0.019629003769316
48.57303,0.0196559894080029
48.689265,0.0196829199712589
48.8055,0.0197097956275189
48.921735,0.0197366165445314
49.03797,0.0197633828893621
49.154205,0.0197900948283979
49.27044,0.0198167525273498
49.386675,0.0198433561512563
49.50291,0.0198699058644875
49.619145,0.0198964018307477
49.73538,0.019922844213079
49.851615,0.0199492331738648
49.96785,0.0199755688748332
50.084085,0.0200018514770599
50.20032,0.0200280811409718
50.316555,0.0200542580263502
50.43279,0.0200803822923341
50.549025,0.0201064540974233
50.66526,0.0201324735994816
50.781495,0.0201584409557401
50.89773,0.0201843563228004
51.013965,0.0202102198566376
51.1302,0.0202360317126033
51.246435,0.0202617920454292
51.36267,0.0202875010092298
51.478905,0.0203131587575055
51.59514,0.0203387654431458
51.711375,0.0203643212184322
51.82761,0.0203898262350413
51.943845,0.0204152806440478
52.06008,0.0204406845959275
52.176315,0.0204660382405602
52.29255,0.0204913417272325
52.408785,0.0205165952046412
52.52502,0.0205417988208957
52.641255,0.0205669527235213
52.75749,0.0205920570594617
52.873725,0.0206171119750822
52.98996,0.0206421176161722
53.106195,0.0206670741279485
53.22243,0.0206919816550577
53.338665,0.0207168403415791
53.4549,0.0207416503310275
53.571135,0.0207664117663561
53.68737,0.0207911247899589
53.803605,0.020815789543674
53.91984,0.0208404061687855
54.036075,0.0208649748060271
54.15231,0.020889495595584
54.268545,0.020913968677096
54.38478,0.0209383941896603
54.501015,0.0209627722718336
54.61725,0.020987103061635
54.733485,0.0210113866965488
54.84972,0.0210356233135269
54.965955,0.0210598130489913
55.08219,0.0210839560388366
55.198425,0.021108052418433
55.31466,0.0211321023226282
55.430895,0.0211561058857505
55.54713,0.0211800632416109
55.663365,0.0212039745235057
55.7796,0.0212278398642191
55.895835,0.0212516593960254
56.01207,0.0212754332506916
56.128305,0.0212991615594801
56.24454,0.0213228444531504
56.360775,0.0213464820619622
56.47701,0.0213700745156777
56.593245,0.0213936219435633
56.70948,0.021417124474393
56.825715,0.0214405822364498
56.94195,0.0214639953575288
57.058185,0.0214873639649388
57.17442,0.0215106881855052
57.290655,0.021533968145572
57.40689,0.0215572039710043
57.523125,0.0215803957871902
57.63936,0.0216035437190433
57.755595,0.021626647891005
57.87183,0.0216497084270467
57.988065,0.0216727254506719
58.1043,0.0216956990849183
58.220535,0.0217186294523604
58.33677,0.0217415166751113
58.453005,0.0217643608748252
58.56924,0.021787162172699
58.685475,0.0218099206894752
58.80171,0.0218326365454434
58.917945,0.0218553098604427
59.03418,0.0218779407538638
59.150415,0.0219005293446511
59.26665,0.0219230757513046
59.382885,0.0219455800918822
59.49912,0.0219680424840017
59.615355,0.0219904630448428
59.73159,0.0220128418911492
59.847825,0.0220351791392306
59.96406,0.0220574749049645
60.080295,0.0220797293037987
60.19653,0.0221019424507528
60.312765,0.0221241144604205
60.429,0.0221462454469714
