"ResDensity","N_TraitValue"
54.9032,7.18541294989473e-06
55.7019802,7.25065649991883e-06
56.5007604,7.31520043605272e-06
57.2995406,7.37905595134134e-06
58.0983208,7.44223400132787e-06
58.897101,7.50474531031978e-06
59.6958812,7.56660037745763e-06
60.4946614,7.62780948259369e-06
61.2934416,7.68838269198736e-06
62.0922218,7.74832986382401e-06
62.891002,7.80766065356351e-06
63.6897822,7.86638451912476e-06
64.4885624,7.92451072591179e-06
65.2873426,7.98204835168725e-06
66.0861228,8.03900629129857e-06
66.884903,8.09539326126203e-06
67.6836832,8.1512178042096e-06
68.4824634,8.20648829320344e-06
69.2812436,8.26121293592252e-06
70.0800238,8.31539977872583e-06
70.878804,8.36905671059638e-06
71.6775842,8.42219146697006e-06
72.4763644,8.47481163345328e-06
73.2751446,8.52692464943303e-06
74.0739248,8.5785378115832e-06
74.872705,8.62965827727034e-06
75.6714852,8.68029306786246e-06
76.4702654,8.7304490719439e-06
77.2690456,8.7801330484395e-06
78.0678258,8.82935162965089e-06
78.866606,8.87811132420793e-06
79.6653862,8.92641851993795e-06
80.4641664,8.97427948665547e-06
81.2629466,9.02170037887497e-06
82.0617268,9.0686872384492e-06
82.860507,9.11524599713533e-06
83.6592872,9.16138247909131e-06
84.4580674,9.20710240330461e-06
85.2568476,9.25241138595548e-06
86.0556278,9.29731494271669e-06
86.854408,9.34181849099194e-06
87.6531882,9.38592735209463e-06
88.4519684,9.42964675336892e-06
89.2507486,9.4729818302549e-06
90.0495288,9.51593762829946e-06
90.848309,9.55851910511469e-06
91.6470892,9.60073113228521e-06
92.4458694,9.64257849722613e-06
93.2446496,9.68406590499304e-06
94.0434298,9.72519798004552e-06
94.84221,9.76597926796545e-06
95.6409902,9.80641423713168e-06
96.4397704,9.84650728035209e-06
97.2385506,9.88626271645447e-06
98.0373308,9.92568479183742e-06
98.836111,9.96477768198231e-06
99.6348912,1.00035454929276e-05
100.4336714,1.00419922627065e-05
101.2324516,1.00801219627491e-05
102.0312318,1.01179384992498e-05
102.830012,1.01554457145014e-05
103.6287922,1.01926473881966e-05
104.4275724,1.02295472386974e-05
105.2263526,1.02661489242743e-05
106.0251328,1.03024560443152e-05
106.823913,1.03384721405056e-05
107.6226932,1.03742006979798e-05
108.4214734,1.04096451464456e-05
109.2202536,1.04448088612814e-05
110.0190338,1.04796951646082e-05
110.817814,1.05143073263353e-05
111.6165942,1.05486485651824e-05
112.4153744,1.05827220496774e-05
113.2141546,1.06165308991307e-05
114.0129348,1.06500781845874e-05
114.811715,1.06833669297569e-05
115.6104952,1.07164001119217e-05
116.4092754,1.07491806628251e-05
117.2080556,1.07817114695383e-05
118.0068358,1.08139953753081e-05
118.805616,1.08460351803854e-05
119.6043962,1.08778336428349e-05
120.4031764,1.09093934793264e-05
121.2019566,1.09407173659086e-05
122.0007368,1.09718079387656e-05
122.799517,1.10026677949562e-05
123.5982972,1.10332994931372e-05
124.3970774,1.10637055542707e-05
125.1958576,1.10938884623156e-05
125.9946378,1.11238506649042e-05
126.793418,1.11535945740033e-05
127.5921982,1.11831225665624e-05
128.3909784,1.1212436985146e-05
129.1897586,1.12415401385537e-05
129.9885388,1.1270434302426e-05
130.787319,1.12991217198376e-05
131.5860992,1.13276046018781e-05
132.3848794,1.13558851282197e-05
133.1836596,1.13839654476733e-05
133.9824398,1.14118476787332e-05
134.78122,1.14395339101092e-05
135.5800002,1.14670262012488e-05
136.3787804,1.14943265828475e-05
137.1775606,1.1521437057349e-05
137.9763408,1.15483595994346e-05
138.775121,1.15750961565029e-05
139.5739012,1.16016486491394e-05
140.3726814,1.16280189715759e-05
141.1714616,1.16542089921416e-05
141.9702418,1.16802205537041e-05
142.769022,1.17060554741015e-05
143.5678022,1.17317155465661e-05
144.3665824,1.17572025401393e-05
145.1653626,1.17825182000781e-05
145.9641428,1.18076642482533e-05
146.762923,1.18326423835405e-05
147.5617032,1.18574542822019e-05
148.3604834,1.18821015982618e-05
149.1592636,1.19065859638743e-05
149.9580438,1.19309089896829e-05
150.756824,1.19550722651745e-05
151.5556042,1.1979077359025e-05
152.3543844,1.20029258194394e-05
153.1531646,1.20266191744838e-05
153.9519448,1.20501589324127e-05
154.750725,1.20735465819886e-05
155.5495052,1.20967835927956e-05
156.3482854,1.21198714155478e-05
157.1470656,1.21428114823909e-05
157.9458458,1.21656052071982e-05
158.744626,1.21882539858615e-05
159.5434062,1.22107591965757e-05
160.3421864,1.22331222001184e-05
161.1409666,1.22553443401242e-05
161.9397468,1.22774269433542e-05
162.738527,1.22993713199593e-05
163.5373072,1.23211787637399e-05
164.3360874,1.23428505524001e-05
165.1348676,1.2364387947797e-05
165.9336478,1.23857921961858e-05
166.732428,1.24070645284602e-05
167.5312082,1.24282061603882e-05
168.3299884,1.24492182928441e-05
169.1287686,1.24701021120354e-05
169.9275488,1.24908587897261e-05
170.726329,1.25114894834564e-05
171.5251092,1.25319953367573e-05
172.3238894,1.25523774793619e-05
173.1226696,1.25726370274134e-05
173.9214498,1.25927750836682e-05
174.72023,1.26127927376965e-05
175.5190102,1.26326910660784e-05
176.3177904,1.26524711325974e-05
177.1165706,1.26721339884293e-05
177.9153508,1.26916806723291e-05
178.714131,1.27111122108136e-05
179.5129112,1.2730429618341e-05
180.3116914,1.27496338974876e-05
181.1104716,1.27687260391213e-05
181.9092518,1.27877070225719e-05
182.708032,1.28065778157985e-05
183.5068122,1.28253393755544e-05
184.3055924,1.28439926475483e-05
185.1043726,1.28625385666037e-05
185.9031528,1.28809780568144e-05
186.701933,1.2899312031699e-05
187.5007132,1.29175413943506e-05
188.2994934,1.2935667037586e-05
189.0982736,1.2953689844091e-05
189.8970538,1.29716106865639e-05
190.695834,1.29894304278562e-05
191.4946142,1.30071499211111e-05
192.2933944,1.30247700098999e-05
193.0921746,1.30422915283555e-05
193.8909548,1.30597153013043e-05
194.689735,1.30770421443955e-05
195.4885152,1.30942728642285e-05
196.2872954,1.3111408258478e-05
197.0860756,1.3128449116017e-05
197.8848558,1.3145396217038e-05
198.683636,1.31622503331719e-05
199.4824162,1.31790122276056e-05
200.2811964,1.31956826551964e-05
201.0799766,1.32122623625861e-05
201.8787568,1.32287520883119e-05
202.677537,1.32451525629163e-05
203.4763172,1.32614645090551e-05
204.2750974,1.32776886416035e-05
205.0738776,1.32938256677601e-05
205.8726578,1.33098762871504e-05
206.671438,1.33258411919273e-05
207.4702182,1.3341721066871e-05
208.2689984,1.33575165894865e-05
209.0677786,1.33732284301003e-05
209.8665588,1.33888572519552e-05
210.665339,1.34044037113034e-05
211.4641192,1.34198684574985e-05
212.2628994,1.34352521330862e-05
213.0616796,1.34505553738924e-05
213.8604598,1.34657788091121e-05
214.65924,1.34809230613944e-05
215.4580202,1.34959887469281e-05
216.2568004,1.35109764755252e-05
217.0555806,1.3525886850703e-05
217.8543608,1.35407204697651e-05
218.653141,1.35554779238814e-05
219.4519212,1.35701597981665e-05
220.2507014,1.35847666717567e-05
221.0494816,1.35992991178869e-05
221.8482618,1.36137577039648e-05
222.647042,1.36281429916454e-05
223.4458222,1.36424555369033e-05
224.2446024,1.36566958901044e-05
225.0433826,1.36708645960765e-05
225.8421628,1.3684962194179e-05
226.640943,1.36989892183709e-05
227.4397232,1.37129461972785e-05
228.2385034,1.37268336542619e-05
229.0372836,1.37406521074802e-05
229.8360638,1.37544020699558e-05
230.634844,1.37680840496385e-05
231.4336242,1.37816985494673e-05
232.2324044,1.37952460674327e-05
233.0311846,1.38087270966368e-05
233.8299648,1.38221421253537e-05
234.628745,1.38354916370881e-05
235.4275252,1.38487761106334e-05
236.2263054,1.38619960201291e-05
237.0250856,1.38751518351171e-05
237.8238658,1.38882440205973e-05
238.622646,1.39012730370824e-05
239.4214262,1.3914239340652e-05
240.2202064,1.39271433830057e-05
241.0189866,1.39399856115154e-05
241.8177668,1.39527664692774e-05
242.616547,1.3965486395163e-05
243.4153272,1.39781458238689e-05
244.2141074,1.39907451859668e-05
245.0128876,1.40032849079519e-05
245.8116678,1.40157654122915e-05
246.610448,1.40281871174718e-05
247.4092282,1.40405504380455e-05
248.2080084,1.40528557846771e-05
249.0067886,1.4065103564189e-05
249.8055688,1.40772941796059e-05
250.604349,1.40894280301993e-05
251.4031292,1.41015055115308e-05
252.2019094,1.41135270154955e-05
253.0006896,1.41254929303639e-05
253.7994698,1.41374036408242e-05
254.59825,1.41492595280232e-05
255.3970302,1.41610609696068e-05
256.1958104,1.41728083397605e-05
256.9945906,1.4184502009249e-05
257.7933708,1.41961423454545e-05
258.592151,1.42077297124162e-05
259.3909312,1.42192644708672e-05
260.1897114,1.42307469782729e-05
260.9884916,1.4242177588867e-05
261.7872718,1.42535566536889e-05
262.586052,1.42648845206187e-05
263.3848322,1.42761615344133e-05
264.1836124,1.42873880367413e-05
264.9823926,1.4298564366217e-05
265.7811728,1.43096908584351e-05
266.579953,1.4320767846004e-05
267.3787332,1.43317956585788e-05
268.1775134,1.43427746228942e-05
268.9762936,1.43537050627967e-05
269.7750738,1.43645872992767e-05
270.573854,1.43754216504993e-05
271.3726342,1.43862084318359e-05
272.1714144,1.43969479558947e-05
272.9701946,1.44076405325506e-05
273.7689748,1.44182864689753e-05
274.567755,1.44288860696665e-05
275.3665352,1.44394396364772e-05
276.1653154,1.44499474686441e-05
276.9640956,1.4460409862816e-05
277.7628758,1.44708271130816e-05
278.561656,1.44811995109974e-05
279.3604362,1.44915273456143e-05
280.1592164,1.45018109035052e-05
280.9579966,1.45120504687908e-05
281.7567768,1.45222463231663e-05
282.555557,1.45323987459267e-05
283.3543372,1.4542508013993e-05
284.1531174,1.45525744019367e-05
284.9518976,1.4562598182005e-05
285.7506778,1.45725796241455e-05
286.549458,1.45825189960299e-05
287.3482382,1.45924165630784e-05
288.1470184,1.46022725884834e-05
288.9457986,1.46120873332322e-05
289.7445788,1.46218610561307e-05
290.543359,1.46315940138258e-05
291.3421392,1.46412864608282e-05
292.1409194,1.46509386495339e-05
292.9396996,1.4660550830247e-05
293.7384798,1.46701232512005e-05
294.53726,1.46796561585784e-05
295.3360402,1.46891497965362e-05
296.1348204,1.46986044072221e-05
296.9336006,1.47080202307977e-05
297.7323808,1.47173975054578e-05
298.531161,1.47267364674509e-05
299.3299412,1.47360373510991e-05
300.1287214,1.47453003888175e-05
300.9275016,1.47545258111336e-05
301.7262818,1.47637138467063e-05
302.525062,1.47728647223452e-05
303.3238422,1.47819786630288e-05
304.1226224,1.47910558919231e-05
304.9214026,1.48000966304001e-05
305.7201828,1.48091010980552e-05
306.518963,1.48180695127256e-05
307.3177432,1.48270020905074e-05
308.1165234,1.48358990457734e-05
308.9153036,1.48447605911896e-05
309.7140838,1.48535869377329e-05
310.512864,1.48623782947074e-05
311.3116442,1.48711348697609e-05
312.1104244,1.48798568689014e-05
312.9092046,1.48885444965134e-05
313.7079848,1.48971979553735e-05
314.506765,1.49058174466665e-05
315.3055452,1.49144031700009e-05
316.1043254,1.49229553234241e-05
316.9031056,1.49314741034379e-05
317.7018858,1.49399597050136e-05
318.500666,1.49484123216064e-05
319.2994462,1.49568321451707e-05
320.0982264,1.49652193661743e-05
320.8970066,1.49735741736127e-05
321.6957868,1.49818967550236e-05
322.494567,1.49901872965007e-05
323.2933472,1.49984459827075e-05
324.0921274,1.50066729968912e-05
324.8909076,1.50148685208963e-05
325.6896878,1.50230327351778e-05
326.488468,1.50311658188144e-05
327.2872482,1.50392679495219e-05
328.0860284,1.5047339303666e-05
328.8848086,1.50553800562748e-05
329.6835888,1.50633903810519e-05
330.482369,1.50713704503888e-05
331.2811492,1.50793204353771e-05
332.0799294,1.50872405058208e-05
332.8787096,1.50951308302483e-05
333.6774898,1.51029915759248e-05
334.47627,1.51108229088634e-05
335.2750502,1.51186249938374e-05
336.0738304,1.51263979943916e-05
336.8726106,1.51341420728536e-05
337.6713908,1.51418573903455e-05
338.470171,1.51495441067946e-05
339.2689512,1.51572023809448e-05
340.0677314,1.51648323703674e-05
340.8665116,1.51724342314718e-05
341.6652918,1.51800081195165e-05
342.464072,1.51875541886193e-05
343.2628522,1.51950725917679e-05
344.0616324,1.52025634808305e-05
344.8604126,1.52100270065655e-05
345.6591928,1.52174633186321e-05
346.457973,1.52248725656e-05
347.2567532,1.52322548949595e-05
348.0555334,1.52396104531311e-05
348.8543136,1.52469393854752e-05
349.6530938,1.5254241836302e-05
350.451874,1.52615179488804e-05
351.2506542,1.52687678654478e-05
352.0494344,1.52759917272195e-05
352.8482146,1.52831896743972e-05
353.6469948,1.52903618461788e-05
354.445775,1.52975083807669e-05
355.2445552,1.5304629415378e-05
356.0433354,1.53117250862509e-05
356.8421156,1.53187955286558e-05
357.6408958,1.53258408769026e-05
358.439676,1.53328612643497e-05
359.2384562,1.53398568234119e-05
360.0372364,1.53468276855694e-05
360.8360166,1.53537739813754e-05
361.6347968,1.53606958404648e-05
362.433577,1.53675933915618e-05
363.2323572,1.53744667624881e-05
364.0311374,1.53813160801709e-05
364.8299176,1.53881414706506e-05
365.6286978,1.53949430590884e-05
366.427478,1.5401720969774e-05
367.2262582,1.54084753261336e-05
368.0250384,1.54152062507366e-05
368.8238186,1.54219138653039e-05
369.6225988,1.54285982907143e-05
370.421379,1.54352596470127e-05
371.2201592,1.54418980534166e-05
372.0189394,1.54485136283234e-05
372.8177196,1.54551064893177e-05
373.6164998,1.54616767531779e-05
374.41528,1.54682245358832e-05
375.2140602,1.54747499526207e-05
376.0128404,1.54812531177917e-05
376.8116206,1.54877341450187e-05
377.6104008,1.5494193147152e-05
378.409181,1.5500630236276e-05
379.2079612,1.55070455237161e-05
380.0067414,1.55134391200447e-05
380.8055216,1.55198111350878e-05
381.6043018,1.55261616779312e-05
382.403082,1.55324908569268e-05
383.2018622,1.55387987796988e-05
384.0006424,1.55450855531494e-05
384.7994226,1.55513512834655e-05
385.5982028,1.5557596076124e-05
386.396983,1.55638200358984e-05
387.1957632,1.55700232668641e-05
387.9945434,1.55762058724044e-05
388.7933236,1.55823679552163e-05
389.5921038,1.55885096173161e-05
390.390884,1.55946309600452e-05
391.1896642,1.56007320840753e-05
391.9884444,1.56068130894144e-05
392.7872246,1.5612874075412e-05
393.5860048,1.56189151407643e-05
394.384785,1.56249363835201e-05
395.1835652,1.56309379010856e-05
395.9823454,1.56369197902299e-05
396.7811256,1.56428821470902e-05
397.5799058,1.56488250671768e-05
398.378686,1.56547486453785e-05
399.1774662,1.56606529759671e-05
399.9762464,1.56665381526032e-05
400.7750266,1.56724042683403e-05
401.5738068,1.56782514156305e-05
402.372587,1.56840796863285e-05
403.1713672,1.56898891716973e-05
403.9701474,1.56956799624123e-05
404.7689276,1.57014521485664e-05
405.5677078,1.57072058196744e-05
406.366488,1.57129410646778e-05
407.1652682,1.57186579719495e-05
407.9640484,1.57243566292979e-05
408.7628286,1.57300371239719e-05
409.5616088,1.5735699542665e-05
410.360389,1.57413439715199e-05
411.1591692,1.57469704961328e-05
411.9579494,1.57525792015577e-05
412.7567296,1.57581701723108e-05
413.5555098,1.57637434923746e-05
414.35429,1.57692992452022e-05
415.1530702,1.57748375137213e-05
415.9518504,1.57803583803387e-05
416.7506306,1.57858619269441e-05
417.5494108,1.57913482349139e-05
418.348191,1.57968173851159e-05
419.1469712,1.58022694579127e-05
419.9457514,1.58077045331658e-05
420.7445316,1.58131226902396e-05
421.5433118,1.5818524008005e-05
422.342092,1.58239085648438e-05
423.1408722,1.58292764386516e-05
423.9396524,1.58346277068424e-05
424.7384326,1.58399624463519e-05
425.5372128,1.58452807336412e-05
426.335993,1.58505826447005e-05
427.1347732,1.58558682550529e-05
427.9335534,1.58611376397576e-05
428.7323336,1.58663908734139e-05
429.5311138,1.58716280301644e-05
430.329894,1.58768491836984e-05
431.1286742,1.58820544072559e-05
431.9274544,1.58872437736304e-05
432.7262346,1.58924173551726e-05
433.5250148,1.58975752237938e-05
434.323795,1.59027174509691e-05
435.1225752,1.59078441077407e-05
435.9213554,1.59129552647214e-05
436.7201356,1.59180509920974e-05
437.5189158,1.59231313596321e-05
438.317696,1.59281964366687e-05
439.1164762,1.59332462921337e-05
439.9152564,1.593828099454e-05
440.7140366,1.59433006119899e-05
441.5128168,1.59483052121783e-05
442.311597,1.59532948623954e-05
443.1103772,1.59582696295303e-05
443.9091574,1.59632295800735e-05
444.7079376,1.596817478012e-05
445.5067178,1.59731052953723e-05
446.305498,1.59780211911433e-05
447.1042782,1.59829225323591e-05
447.9030584,1.59878093835619e-05
448.7018386,1.5992681808913e-05
449.5006188,1.59975398721953e-05
450.299399,1.60023836368162e-05
451.0981792,1.60072131658105e-05
451.8969594,1.60120285218431e-05
452.6957396,1.60168297672115e-05
453.4945198,1.60216169638486e-05
454.2933,1.60263901733255e-05
