"ResDensity","N_TraitValue"
10,2.59294176052121e-05
10.1,2.60729350983376e-05
10.2,2.62151892345026e-05
10.3,2.63561966222398e-05
10.4,2.64959735802297e-05
10.5,2.66345361435968e-05
10.6,2.67719000700414e-05
10.7,2.69080808458136e-05
10.8,2.70430936915334e-05
10.9,2.71769535678617e-05
11,2.73096751810266e-05
11.1,2.74412729882095e-05
11.2,2.75717612027946e-05
11.3,2.77011537994866e-05
11.4,2.78294645192995e-05
11.5,2.79567068744215e-05
11.6,2.80828941529583e-05
11.7,2.8208039423559e-05
11.8,2.83321555399278e-05
11.9,2.84552551452256e-05
12,2.85773506763627e-05
12.1,2.86984543681875e-05
12.2,2.88185782575742e-05
12.3,2.89377341874099e-05
12.4,2.90559338104877e-05
12.5,2.91731885933053e-05
12.6,2.92895098197727e-05
12.7,2.94049085948326e-05
12.8,2.95193958479945e-05
12.9,2.96329823367848e-05
13,2.97456786501171e-05
13.1,2.98574952115825e-05
13.2,2.99684422826634e-05
13.3,3.00785299658728e-05
13.4,3.01877682078211e-05
13.5,3.02961668022114e-05
13.6,3.04037353927669e-05
13.7,3.05104834760908e-05
13.8,3.06164204044612e-05
13.9,3.07215553885623e-05
14,3.08258975001543e-05
14.1,3.09294556746823e-05
14.2,3.10322387138274e-05
14.3,3.11342552880006e-05
14.4,3.12355139387805e-05
14.5,3.13360230812978e-05
14.6,3.14357910065661e-05
14.7,3.15348258837621e-05
14.8,3.16331357624555e-05
14.9,3.17307285747896e-05
15,3.18276121376151e-05
15.1,3.19237941545772e-05
15.2,3.20192822181574e-05
15.3,3.21140838116715e-05
15.4,3.22082063112246e-05
15.5,3.2301656987624e-05
15.6,3.2394443008252e-05
15.7,3.24865714388977e-05
15.8,3.25780492455512e-05
15.9,3.26688832961591e-05
16,3.27590803623434e-05
16.1,3.28486471210845e-05
16.2,3.29375901563685e-05
16.3,3.30259159608011e-05
16.4,3.31136309371867e-05
16.5,3.32007414000766e-05
16.6,3.32872535772835e-05
16.7,3.33731736113662e-05
16.8,3.34585075610831e-05
16.9,3.35432614028169e-05
17,3.36274410319694e-05
17.1,3.37110522643286e-05
17.2,3.37941008374084e-05
17.3,3.38765924117606e-05
17.4,3.39585325722612e-05
17.5,3.4039926829371e-05
17.6,3.41207806203707e-05
17.7,3.42010993105717e-05
17.8,3.42808881945031e-05
17.9,3.43601524970749e-05
18,3.44388973747187e-05
18.1,3.45171279165058e-05
18.2,3.45948491452436e-05
18.3,3.46720660185506e-05
18.4,3.47487834299106e-05
18.5,3.48250062097065e-05
18.6,3.4900739126234e-05
18.7,3.49759868866958e-05
18.8,3.50507541381775e-05
18.9,3.51250454686036e-05
19,3.51988654076764e-05
19.1,3.52722184277964e-05
19.2,3.53451089449657e-05
19.3,3.54175413196741e-05
19.4,3.54895198577689e-05
19.5,3.55610488113076e-05
19.6,3.5632132379396e-05
19.7,3.57027747090092e-05
19.8,3.57729798957986e-05
19.9,3.5842751984883e-05
20,3.59120949716261e-05
20.1,3.59810128023985e-05
20.2,3.60495093753269e-05
20.3,3.61175885410287e-05
20.4,3.6185254103334e-05
20.5,3.62525098199936e-05
20.6,3.63193594033749e-05
20.7,3.63858065211451e-05
20.8,3.64518547969417e-05
20.9,3.65175078110313e-05
21,3.65827691009566e-05
21.1,3.66476421621718e-05
21.2,3.67121304486668e-05
21.3,3.67762373735799e-05
21.4,3.68399663098001e-05
21.5,3.6903320590559e-05
21.6,3.69663035100113e-05
21.7,3.70289183238063e-05
21.8,3.70911682496488e-05
21.9,3.71530564678499e-05
22,3.72145861218693e-05
22.1,3.72757603188468e-05
22.2,3.73365821301259e-05
22.3,3.73970545917674e-05
22.4,3.74571807050549e-05
22.5,3.75169634369914e-05
22.6,3.75764057207869e-05
22.7,3.76355104563385e-05
22.8,3.7694280510702e-05
22.9,3.77527187185553e-05
23,3.78108278826543e-05
23.1,3.7868610774281e-05
23.2,3.7926070133684e-05
23.3,3.79832086705117e-05
23.4,3.80400290642383e-05
23.5,3.80965339645825e-05
23.6,3.81527259919197e-05
23.7,3.82086077376867e-05
23.8,3.82641817647804e-05
23.9,3.83194506079493e-05
24,3.83744167741794e-05
24.1,3.84290827430725e-05
24.2,3.84834509672198e-05
24.3,3.85375238725684e-05
24.4,3.85913038587819e-05
24.5,3.86447932995958e-05
24.6,3.86979945431666e-05
24.7,3.87509099124153e-05
24.8,3.88035417053656e-05
24.9,3.88558921954766e-05
25,3.890796363197e-05
25.1,3.89597582401525e-05
25.2,3.90112782217325e-05
25.3,3.90625257551324e-05
25.4,3.91135029957953e-05
25.5,3.91642120764875e-05
25.6,3.92146551075958e-05
25.7,3.92648341774201e-05
25.8,3.93147513524621e-05
25.9,3.93644086777084e-05
26,3.94138081769102e-05
26.1,3.94629518528579e-05
26.2,3.9511841687652e-05
26.3,3.95604796429696e-05
26.4,3.96088676603265e-05
26.5,3.96570076613359e-05
26.6,3.97049015479626e-05
26.7,3.97525512027733e-05
26.8,3.97999584891839e-05
26.9,3.98471252517015e-05
27,3.98940533161644e-05
27.1,3.99407444899773e-05
27.2,3.99872005623436e-05
27.3,4.00334233044936e-05
27.4,4.00794144699099e-05
27.5,4.0125175794549e-05
27.6,4.017070899706e-05
27.7,4.02160157789991e-05
27.8,4.02610978250424e-05
27.9,4.03059568031941e-05
28,4.03505943649924e-05
28.1,4.03950121457123e-05
28.2,4.04392117645651e-05
28.3,4.04831948248955e-05
28.4,4.0526962914375e-05
28.5,4.05705176051932e-05
28.6,4.06138604542462e-05
28.7,4.06569930033217e-05
28.8,4.06999167792824e-05
28.9,4.07426332942455e-05
29,4.07851440457607e-05
29.1,4.08274505169853e-05
29.2,4.08695541768563e-05
29.3,4.09114564802607e-05
29.4,4.09531588682029e-05
29.5,4.09946627679701e-05
29.6,4.1035969593295e-05
29.7,4.10770807445163e-05
29.8,4.11179976087371e-05
29.9,4.11587215599806e-05
30,4.11992539593443e-05
30.1,4.12395961551513e-05
30.2,4.12797494831002e-05
30.3,4.13197152664119e-05
30.4,4.13594948159756e-05
30.5,4.13990894304918e-05
30.6,4.14385003966137e-05
30.7,4.14777289890866e-05
30.8,4.15167764708851e-05
30.9,4.15556440933492e-05
31,4.15943330963172e-05
31.1,4.16328447082583e-05
31.2,4.16711801464022e-05
31.3,4.17093406168673e-05
31.4,4.17473273147874e-05
31.5,4.17851414244364e-05
31.6,4.18227841193515e-05
31.7,4.18602565624541e-05
31.8,4.18975599061702e-05
31.9,4.19346952925483e-05
32,4.19716638533758e-05
32.1,4.2008466710294e-05
32.2,4.20451049749119e-05
32.3,4.20815797489176e-05
32.4,4.21178921241891e-05
32.5,4.21540431829031e-05
32.6,4.21900339976427e-05
32.7,4.2225865631503e-05
32.8,4.22615391381963e-05
32.9,4.22970555621552e-05
33,4.23324159386345e-05
33.1,4.23676212938117e-05
33.2,4.24026726448864e-05
33.3,4.24375710001784e-05
33.4,4.24723173592241e-05
33.5,4.2506912712872e-05
33.6,4.25413580433772e-05
33.7,4.25756543244937e-05
33.8,4.26098025215669e-05
33.9,4.26438035916238e-05
34,4.26776584834625e-05
34.1,4.27113681377401e-05
34.2,4.27449334870605e-05
34.3,4.27783554560598e-05
34.4,4.28116349614917e-05
34.5,4.28447729123107e-05
34.6,4.28777702097555e-05
34.7,4.29106277474303e-05
34.8,4.29433464113857e-05
34.9,4.29759270801981e-05
35,4.30083706250486e-05
35.1,4.30406779098005e-05
35.2,4.30728497910758e-05
35.3,4.31048871183315e-05
35.4,4.31367907339337e-05
35.5,4.31685614732317e-05
35.6,4.32002001646311e-05
35.7,4.32317076296655e-05
35.8,4.32630846830677e-05
35.9,4.329433213284e-05
36,4.33254507803235e-05
36.1,4.33564414202668e-05
36.2,4.33873048408931e-05
36.3,4.34180418239677e-05
36.4,4.34486531448636e-05
36.5,4.34791395726269e-05
36.6,4.35095018700409e-05
36.7,4.35397407936902e-05
36.8,4.35698570940231e-05
36.9,4.35998515154138e-05
37,4.36297247962241e-05
37.1,4.36594776688633e-05
37.2,4.36891108598486e-05
37.3,4.37186250898642e-05
37.4,4.37480210738193e-05
37.5,4.37772995209064e-05
37.6,4.38064611346578e-05
37.7,4.38355066130023e-05
37.8,4.38644366483209e-05
37.9,4.38932519275015e-05
38,4.39219531319936e-05
38.1,4.39505409378618e-05
38.2,4.3979016015839e-05
38.3,4.40073790313788e-05
38.4,4.40356306447073e-05
38.5,4.40637715108746e-05
38.6,4.40918022798049e-05
38.7,4.41197235963472e-05
38.8,4.41475361003241e-05
38.9,4.41752404265811e-05
39,4.42028372050347e-05
39.1,4.42303270607205e-05
39.2,4.42577106138397e-05
39.3,4.42849884798065e-05
39.4,4.43121612692936e-05
39.5,4.43392295882782e-05
39.6,4.43661940380867e-05
39.7,4.43930552154396e-05
39.8,4.44198137124951e-05
39.9,4.44464701168932e-05
40,4.44730250117978e-05
40.1,4.44994789759403e-05
40.2,4.45258325836608e-05
40.3,4.45520864049502e-05
40.4,4.45782410054909e-05
40.5,4.46042969466976e-05
40.6,4.46302547857578e-05
40.7,4.46561150756707e-05
40.8,4.46818783652874e-05
40.9,4.47075451993491e-05
41,4.47331161185257e-05
41.1,4.47585916594538e-05
41.2,4.47839723547742e-05
41.3,4.48092587331689e-05
41.4,4.48344513193982e-05
41.5,4.48595506343363e-05
41.6,4.48845571950081e-05
41.7,4.49094715146239e-05
41.8,4.4934294102615e-05
41.9,4.49590254646682e-05
42,4.49836661027602e-05
42.1,4.50082165151915e-05
42.2,4.50326771966203e-05
42.3,4.50570486380951e-05
42.4,4.50813313270882e-05
42.5,4.51055257475279e-05
42.6,4.51296323798307e-05
42.7,4.51536517009329e-05
42.8,4.51775841843225e-05
42.9,4.520143030007e-05
43,4.52251905148589e-05
43.1,4.5248865292017e-05
43.2,4.52724550915456e-05
43.3,4.52959603701498e-05
43.4,4.53193815812678e-05
43.5,4.53427191751002e-05
43.6,4.53659735986388e-05
43.7,4.5389145295695e-05
43.8,4.5412234706928e-05
43.9,4.54352422698732e-05
44,4.54581684189693e-05
44.1,4.54810135855858e-05
44.2,4.55037781980501e-05
44.3,4.55264626816746e-05
44.4,4.55490674587824e-05
44.5,4.55715929487342e-05
44.6,4.55940395679539e-05
44.7,4.56164077299547e-05
44.8,4.56386978453636e-05
44.9,4.56609103219476e-05
45,4.56830455646377e-05
45.1,4.5705103975554e-05
45.2,4.57270859540299e-05
45.3,4.57489918966362e-05
45.4,4.57708221972049e-05
45.5,4.57925772468529e-05
45.6,4.58142574340054e-05
45.7,4.58358631444188e-05
45.8,4.58573947612037e-05
45.9,4.58788526648476e-05
46,4.59002372332374e-05
46.1,4.59215488416812e-05
46.2,4.59427878629306e-05
46.3,4.59639546672025e-05
46.4,4.59850496222001e-05
46.5,4.6006073093135e-05
46.6,4.60270254427474e-05
46.7,4.60479070313276e-05
46.8,4.60687182167363e-05
46.9,4.60894593544254e-05
47,4.61101307974578e-05
47.1,4.61307328965278e-05
47.2,4.61512659999805e-05
47.3,4.61717304538321e-05
47.4,4.61921266017886e-05
47.5,4.62124547852657e-05
47.6,4.62327153434072e-05
47.7,4.62529086131045e-05
47.8,4.62730349290148e-05
47.9,4.62930946235799e-05
48,4.63130880270443e-05
48.1,4.63330154674732e-05
48.2,4.63528772707709e-05
48.3,4.63726737606983e-05
48.4,4.63924052588902e-05
48.5,4.64120720848734e-05
48.6,4.64316745560832e-05
48.7,4.64512129878811e-05
48.8,4.64706876935714e-05
48.9,4.64900989844178e-05
49,4.65094471696604e-05
49.1,4.65287325565318e-05
49.2,4.65479554502735e-05
49.3,4.65671161541519e-05
49.4,4.65862149694745e-05
49.5,4.66052521956053e-05
49.6,4.66242281299806e-05
49.7,4.66431430681249e-05
49.8,4.66619973036655e-05
49.9,4.66807911283483e-05
50,4.66995248320524e-05
50.1,4.67181987028056e-05
50.2,4.67368130267985e-05
50.3,4.67553680883994e-05
50.4,4.67738641701689e-05
50.5,4.67923015528741e-05
50.6,4.68106805155029e-05
50.7,4.6829001335278e-05
50.8,4.68472642876707e-05
50.9,4.6865469646415e-05
51,4.68836176835212e-05
51.1,4.69017086692892e-05
51.2,4.69197428723222e-05
51.3,4.69377205595399e-05
51.4,4.69556419961916e-05
51.5,4.69735074458695e-05
51.6,4.69913171705212e-05
51.7,4.70090714304628e-05
51.8,4.70267704843916e-05
51.9,4.70444145893985e-05
52,4.70620040009807e-05
52.1,4.70795389730535e-05
52.2,4.70970197579634e-05
52.3,4.71144466064991e-05
52.4,4.71318197679046e-05
52.5,4.71491394898903e-05
52.6,4.71664060186451e-05
52.7,4.71836195988479e-05
52.8,4.72007804736795e-05
52.9,4.72178888848335e-05
53,4.72349450725282e-05
53.1,4.72519492755176e-05
53.2,4.72689017311023e-05
53.3,4.72858026751411e-05
53.4,4.73026523420614e-05
53.5,4.73194509648703e-05
53.6,4.73361987751653e-05
53.7,4.7352896003145e-05
53.8,4.73695428776196e-05
53.9,4.73861396260213e-05
54,4.74026864744146e-05
54.1,4.74191836475069e-05
54.2,4.74356313686581e-05
54.3,4.74520298598913e-05
54.4,4.74683793419025e-05
54.5,4.74846800340702e-05
54.6,4.7500932154466e-05
54.7,4.75171359198634e-05
54.8,4.75332915457482e-05
54.9,4.75493992463274e-05
55,4.75654592345393e-05
55.1,4.75814717220625e-05
55.2,4.75974369193253e-05
55.3,4.76133550355147e-05
55.4,4.76292262785861e-05
55.5,4.76450508552716e-05
55.6,4.76608289710898e-05
55.7,4.76765608303538e-05
55.8,4.76922466361808e-05
55.9,4.77078865905005e-05
56,4.77234808940637e-05
56.1,4.77390297464511e-05
56.2,4.77545333460815e-05
56.3,4.77699918902206e-05
56.4,4.77854055749892e-05
56.5,4.78007745953715e-05
56.6,4.78160991452231e-05
56.7,4.78313794172798e-05
56.8,4.78466156031648e-05
56.9,4.78618078933974e-05
57,4.78769564774007e-05
57.1,4.78920615435095e-05
57.2,4.79071232789779e-05
57.3,4.79221418699874e-05
57.4,4.79371175016543e-05
57.5,4.79520503580375e-05
57.6,4.79669406221458e-05
57.7,4.79817884759455e-05
57.8,4.7996594100368e-05
57.9,4.80113576753168e-05
58,4.80260793796751e-05
58.1,4.80407593913127e-05
58.2,4.80553978870935e-05
58.3,4.80699950428825e-05
58.4,4.80845510335526e-05
58.5,4.80990660329919e-05
58.6,4.81135402141105e-05
58.7,4.81279737488474e-05
58.8,4.81423668081772e-05
58.9,4.81567195621169e-05
59,4.81710321797328e-05
59.1,4.81853048291468e-05
59.2,4.81995376775431e-05
59.3,4.82137308911749e-05
59.4,4.82278846353707e-05
59.5,4.82419990745408e-05
59.6,4.82560743721836e-05
59.7,4.82701106908918e-05
59.8,4.82841081923591e-05
59.9,4.82980670373859e-05
60,4.83119873858857e-05
