"ResDensity","N_TraitValue"
10,0.0010878498954299
10.3,0.00111556459060607
10.6,0.00114303692259017
10.9,0.00117027005671723
11.2,0.00119726710344088
11.5,0.00122403111951772
11.8,0.00125056510916104
12.1,0.00127687202516498
12.4,0.00130295476999993
12.7,0.00132881619688006
13,0.00135445911080376
13.3,0.00137988626956786
13.6,0.00140510038475633
13.9,0.00143010412270422
14.2,0.00145490010543762
14.5,0.00147949091159024
14.8,0.00150387907729733
15.1,0.00152806709706765
15.4,0.00155205742463398
15.7,0.0015758524737829
16,0.00159945461916444
16.3,0.00162286619708199
16.6,0.00164608950626329
16.9,0.00166912680861279
17.2,0.00169198032994611
17.5,0.00171465226070685
17.8,0.00173714475666652
18.1,0.00175945993960784
18.4,0.00178159989799197
18.7,0.00180356668761006
19,0.00182536233221959
19.3,0.00184698882416591
19.6,0.00186844812498931
19.9,0.00188974216601814
20.2,0.00191087284894822
20.5,0.00193184204640898
20.8,0.0019526516025167
21.1,0.00197330333341511
21.4,0.00199379902780378
21.7,0.00201414044745457
22,0.00203432932771642
22.3,0.00205436737800892
22.6,0.00207425628230473
22.9,0.0020939976996014
23.2,0.00211359326438262
23.5,0.00213304458706936
23.8,0.00215235325446106
24.1,0.00217152083016712
24.4,0.00219054885502903
24.7,0.00220943884753325
25,0.00222819230421516
25.3,0.00224681070005429
25.6,0.00226529548886106
25.9,0.00228364810365515
26.2,0.00230186995703588
26.5,0.00231996244154462
26.8,0.00233792693001958
27.1,0.002355764775943
27.4,0.00237347731378116
27.7,0.00239106585931708
28,0.00240853170997644
28.3,0.00242587614514654
28.6,0.00244310042648875
28.9,0.0024602057982444
29.2,0.00247719348753446
29.5,0.00249406470465292
29.8,0.00251082064335428
30.1,0.00252746248113512
30.4,0.00254399137950988
30.7,0.00256040848428118
31,0.00257671492580453
31.3,0.00259291181924778
31.6,0.00260900026484538
31.9,0.00262498134814748
32.2,0.00264085614026409
32.5,0.00265662569810442
32.8,0.00267229106461143
33.1,0.00268785326899177
33.4,0.00270331332694118
33.7,0.00271867224086544
34,0.00273393100009709
34.3,0.00274909058110781
34.6,0.00276415194771675
34.9,0.00277911605129479
35.2,0.00279398383096487
35.5,0.00280875621379843
35.8,0.00282343411500817
36.1,0.00283801843813698
36.4,0.00285251007524341
36.7,0.00286690990708355
37,0.00288121880328944
37.3,0.00289543762254415
37.6,0.00290956721275357
37.9,0.00292360841121494
38.2,0.00293756204478226
38.5,0.0029514289300286
38.8,0.00296520987340537
39.1,0.00297890567139871
39.4,0.00299251711068287
39.7,0.00300604496827093
40,0.00301949001166256
40.3,0.00303285299898925
40.6,0.00304613467915675
40.9,0.00305933579198506
41.2,0.00307245706834569
41.5,0.00308549923029665
41.8,0.00309846299121485
42.1,0.00311134905592617
42.4,0.00312415812083321
42.7,0.00313689087404078
43,0.00314954799547905
43.3,0.00316213015702465
43.6,0.00317463802261951
43.9,0.00318707224838768
44.2,0.00319943348275005
44.5,0.00321172236653706
44.8,0.00322393953309947
45.1,0.00323608560841711
45.4,0.00324816121120589
45.7,0.00326016695302275
46,0.00327210343836901
46.3,0.00328397126479175
46.6,0.00329577102298357
46.9,0.00330750329688057
47.2,0.0033191686637587
47.5,0.00333076769432842
47.8,0.00334230095282779
48.1,0.00335376899711396
48.4,0.00336517237875313
48.7,0.00337651164310894
49,0.00338778732942946
49.3,0.00339899997093265
49.6,0.00341015009489042
49.9,0.00342123822271126
50.2,0.00343226487002156
50.5,0.00344323054674551
50.8,0.00345413575718371
51.1,0.00346498100009047
51.4,0.00347576676874989
51.7,0.00348649355105059
52,0.00349716182955932
52.3,0.00350777208159332
52.6,0.00351832477929151
52.9,0.00352882038968449
53.2,0.00353925937476349
53.5,0.00354964219154812
53.8,0.0035599692921531
54.1,0.00357024112385384
54.4,0.00358045812915106
54.7,0.00359062074583431
55,0.0036007294070445
55.3,0.00361078454133546
55.6,0.00362078657273447
55.9,0.00363073592080189
56.2,0.00364063300068982
56.5,0.00365047822319985
56.8,0.00366027199483988
57.1,0.0036700147178801
57.4,0.00367970679040805
57.7,0.00368934860638282
58,0.00369894055568849
58.3,0.00370848302418661
58.6,0.00371797639376801
58.9,0.00372742104240369
59.2,0.00373681734419502
59.5,0.00374616566942312
59.8,0.0037554663845975
60.1,0.00376471985250397
60.4,0.00377392643225179
60.7,0.00378308647932016
61,0.00379220034560394
61.3,0.00380126837945871
61.6,0.00381029092574518
61.9,0.00381926832587292
62.2,0.00382820091784337
62.5,0.0038370890362923
62.8,0.00384593301253159
63.1,0.00385473317459042
63.4,0.00386348984725577
63.7,0.00387220335211243
64,0.00388087400758235
64.3,0.00388950212896344
64.6,0.00389808802846774
64.9,0.00390663201525916
65.2,0.00391513439549051
65.5,0.00392359547234014
65.8,0.00393201554604791
66.1,0.00394039491395076
66.4,0.00394873387051765
66.7,0.00395703270738413
67,0.00396529171338628
67.3,0.00397351117459423
67.6,0.00398169137434521
67.9,0.0039898325932761
68.2,0.00399793510935551
68.5,0.00400599919791543
68.8,0.00401402513168241
69.1,0.00402201318080831
69.4,0.00402996361290063
69.7,0.00403787669305233
70,0.0040457526838714
70.3,0.0040535918455098
70.6,0.00406139443569217
70.9,0.00406916070974408
71.2,0.00407689092061983
71.5,0.00408458531892996
71.8,0.00409224415296832
72.1,0.00409986766873875
72.4,0.00410745610998148
72.7,0.00411500971819904
73,0.00412252873268194
73.3,0.00413001339053388
73.6,0.00413746392669672
73.9,0.00414488057397505
74.2,0.00415226356306042
74.5,0.0041596131225553
74.8,0.00416692947899661
75.1,0.00417421285687906
75.4,0.00418146347867809
75.7,0.00418868156487251
76,0.00419586733396685
76.3,0.00420302100251342
76.6,0.00421014278513408
76.9,0.00421723289454166
77.2,0.00422429154156116
77.5,0.00423131893515067
77.8,0.00423831528242195
78.1,0.00424528078866081
78.4,0.00425221565734715
78.7,0.00425912009017483
79,0.00426599428707117
79.3,0.00427283844621628
79.6,0.00427965276406209
79.9,0.00428643743535116
80.2,0.00429319265313521
80.5,0.00429991860879345
80.8,0.00430661549205065
81.1,0.00431328349099498
81.4,0.00431992279209562
81.7,0.00432653358022011
82,0.00433311603865158
82.3,0.0043396703491056
82.6,0.00434619669174699
82.9,0.00435269524520627
83.2,0.00435916618659595
83.5,0.00436560969152668
83.8,0.00437202593412307
84.1,0.00437841508703944
84.4,0.00438477732147524
84.7,0.00439111280719038
85,0.00439742171252033
85.3,0.00440370420439103
85.6,0.00440996044833358
85.9,0.00441619060849881
86.2,0.00442239484767166
86.5,0.00442857332728527
86.8,0.0044347262074351
87.1,0.00444085364689265
87.4,0.00444695580311918
87.7,0.00445303283227919
88,0.00445908488925374
88.3,0.00446511212765357
88.6,0.00447111469983216
88.9,0.00447709275689853
89.2,0.00448304644872992
89.5,0.00448897592398431
89.8,0.00449488133011284
90.1,0.00450076281337196
90.4,0.00450662051883556
90.7,0.00451245459040689
91,0.00451826517083032
91.3,0.00452405240170298
91.6,0.00452981642348633
91.9,0.00453555737551741
92.2,0.00454127539602018
92.5,0.00454697062211654
92.8,0.00455264318983732
93.1,0.00455829323413311
93.4,0.00456392088888495
93.7,0.0045695262869149
94,0.00457510955999654
94.3,0.00458067083886522
94.6,0.00458621025322832
94.9,0.0045917279317753
95.2,0.00459722400218772
95.5,0.00460269859114899
95.8,0.00460815182435423
96.1,0.00461358382651978
96.4,0.00461899472139276
96.7,0.00462438463176047
97,0.00462975367945966
97.3,0.00463510198538571
97.6,0.00464042966950173
97.9,0.0046457368508475
98.2,0.00465102364754835
98.5,0.00465629017682391
98.8,0.0046615365549968
99.1,0.00466676289750118
99.4,0.00467196931889119
99.7,0.00467715593284938
100,0.00468232285219492
100.3,0.00468747018889183
100.6,0.00469259805405703
100.9,0.00469770655796838
101.2,0.00470279581007252
101.5,0.00470786591899275
101.8,0.00471291699253674
102.1,0.00471794913770413
102.4,0.00472296246069415
102.7,0.00472795706691305
103,0.0047329330609815
103.3,0.00473789054674189
103.6,0.00474282962726556
103.9,0.00474775040485993
104.2,0.00475265298107558
104.5,0.00475753745671324
104.8,0.00476240393183067
105.1,0.00476725250574952
105.4,0.00477208327706208
105.7,0.00477689634363795
106,0.00478169180263067
106.3,0.00478646975048424
106.6,0.00479123028293959
106.9,0.00479597349504099
107.2,0.00480069948114235
107.5,0.00480540833491349
107.8,0.00481010014934634
108.1,0.00481477501676103
108.4,0.00481943302881198
108.7,0.00482407427649386
109,0.00482869885014755
109.3,0.00483330683946596
109.6,0.00483789833349986
109.9,0.00484247342066361
110.2,0.00484703218874083
110.5,0.00485157472489
110.8,0.00485610111565005
111.1,0.00486061144694584
111.4,0.00486510580409358
111.7,0.00486958427180622
112,0.00487404693419878
112.3,0.00487849387479363
112.6,0.00488292517652565
112.9,0.00488734092174744
113.2,0.0048917411922344
113.5,0.00489612606918976
113.8,0.00490049563324962
114.1,0.00490484996448783
114.4,0.00490918914242096
114.7,0.00491351324601307
115,0.00491782235368053
115.3,0.00492211654329676
115.6,0.00492639589219692
115.9,0.00493066047718256
116.2,0.0049349103745262
116.5,0.00493914565997586
116.8,0.00494336640875963
117.1,0.00494757269559005
117.4,0.00495176459466854
117.7,0.00495594217968978
118,0.00496010552384602
118.3,0.00496425469983135
118.6,0.00496838977984593
118.9,0.00497251083560019
119.2,0.00497661793831897
119.5,0.00498071115874559
119.8,0.00498479056714598
120.1,0.00498885623331264
120.4,0.00499290822656866
120.7,0.00499694661577162
121,0.00500097146931754
121.3,0.00500498285514468
121.6,0.00500898084073745
121.9,0.00501296549313009
122.2,0.00501693687891049
122.5,0.00502089506422388
122.8,0.0050248401147765
123.1,0.00502877209583924
123.4,0.00503269107225122
123.7,0.00503659710842338
124,0.00504049026834199
124.3,0.00504437061557217
124.6,0.00504823821326132
124.9,0.00505209312414256
125.2,0.00505593541053812
125.5,0.00505976513436269
125.8,0.00506358235712676
126.1,0.00506738713993992
126.4,0.00507117954351408
126.7,0.00507495962816674
127,0.0050787274538242
127.3,0.00508248308002465
127.6,0.0050862265659214
127.9,0.00508995797028594
128.2,0.00509367735151099
128.5,0.0050973847676136
128.8,0.00510108027623814
129.1,0.00510476393465928
129.4,0.00510843579978497
129.7,0.00511209592815934
130,0.00511574437596565
130.3,0.00511938119902911
130.6,0.00512300645281976
130.9,0.00512662019245529
131.2,0.00513022247270383
131.5,0.0051338133479867
131.8,0.00513739287238118
132.1,0.00514096109962319
132.4,0.00514451808311001
132.7,0.00514806387590293
133,0.0051515985307299
133.3,0.00515512209998812
133.6,0.00515863463574665
133.9,0.00516213618974895
134.2,0.00516562681341547
134.5,0.00516910655784612
134.8,0.00517257547382276
135.1,0.00517603361181172
135.4,0.00517948102196621
135.7,0.00518291775412874
136,0.00518634385783353
136.3,0.00518975938230892
136.6,0.00519316437647967
136.9,0.00519655888896935
137.2,0.00519994296810262
137.5,0.00520331666190754
137.8,0.00520668001811783
138.1,0.00521003308417513
138.4,0.00521337590723124
138.7,0.00521670853415031
139,0.00522003101151104
139.3,0.00522334338560885
139.6,0.00522664570245803
139.9,0.00522993800779387
140.2,0.00523322034707477
140.5,0.00523649276548433
140.8,0.00523975530793344
141.1,0.00524300801906232
141.4,0.00524625094324254
141.7,0.00524948412457907
142,0.00525270760691228
142.3,0.00525592143381986
142.6,0.00525912564861888
142.9,0.00526232029436766
143.2,0.00526550541386773
143.5,0.00526868104966574
143.8,0.00527184724405535
144.1,0.0052750040390791
144.4,0.0052781514765303
144.7,0.00528128959795483
145,0.005284418444653
145.3,0.00528753805768136
145.6,0.0052906484778545
145.9,0.00529374974574679
146.2,0.00529684190169419
146.5,0.005299924985796
146.8,0.00530299903791654
147.1,0.00530606409768693
147.4,0.00530912020450676
147.7,0.00531216739754578
148,0.0053152057157456
148.3,0.00531823519782131
148.6,0.00532125588226313
148.9,0.00532426780733808
149.2,0.00532727101109155
149.5,0.00533026553134893
149.8,0.00533325140571718
150.1,0.00533622867158642
150.4,0.00533919736613148
150.7,0.00534215752631346
151,0.00534510918888123
151.3,0.005348052390373
151.6,0.00535098716711779
151.9,0.00535391355523694
152.2,0.0053568315906456
152.5,0.00535974130905417
152.8,0.00536264274596978
153.1,0.00536553593669776
153.4,0.005368420916343
153.7,0.00537129771981142
154,0.00537416638181141
154.3,0.00537702693685512
154.6,0.00537987941925997
154.9,0.00538272386314993
155.2,0.00538556030245691
155.5,0.00538838877092212
155.8,0.00539120930209742
156.1,0.00539402192934659
156.4,0.0053968266858467
156.7,0.0053996236045894
157,0.0054024127183822
157.3,0.00540519405984978
157.6,0.00540796766143522
157.9,0.00541073355540132
158.2,0.00541349177383177
158.5,0.00541624234863249
158.8,0.00541898531153277
159.1,0.00542172069408655
159.4,0.00542444852767359
159.7,0.0054271688435007
160,0.00542988167260293
