"ResDensity","N_TraitValue"
28700,0.125386705769455
30834.928932,0.134218598469608
32969.857864,0.142985779210947
35104.786796,0.151688956621653
37239.715728,0.160328829021095
39374.64466,0.168906084606607
41509.573592,0.177421401636229
43644.502524,0.18587544860749
45779.431456,0.194268884432357
47914.360388,0.202602358608427
50049.28932,0.210876511386471
52184.218252,0.219091973934402
54319.147184,0.227249368497777
56454.076116,0.2353493085569
58589.005048,0.243392398980621
60723.93398,0.251379236176907
62858.862912,0.259310408240263
64993.791844,0.267186495096085
67128.720776,0.275008068642014
69263.649708,0.282775692886361
71398.57864,0.290489924083685
73533.507572,0.298151310867578
75668.436504,0.305760394380736
77803.365436,0.31331770840237
79938.294368,0.320823779473029
82073.2233,0.328279127016892
84208.152232,0.335684263461584
86343.081164,0.34303969435559
88478.010096,0.350345918483302
90612.939028,0.35760342797777
92747.86796,0.364812708431201
94882.796892,0.371974239003273
97017.725824,0.379088492527286
99152.654756,0.386155935614239
101287.583688,0.393177028754838
103422.51262,0.400152226419521
105557.441552,0.407081977156517
107692.370484,0.413966723688
109827.299416,0.420806903004373
111962.228348,0.427602946456729
114097.15728,0.434355279847524
116232.086212,0.441064323519512
118367.015144,0.44773049244297
120501.944076,0.454354196301258
122636.873008,0.460935839574751
124771.80194,0.467475821623171
126906.730872,0.473974536766368
129041.659804,0.480432374363572
131176.588736,0.486849718891156
133311.517668,0.493226950018938
135446.4466,0.499564442685063
137581.375532,0.50586256716948
139716.304464,0.512121689166065
141851.233396,0.518342169853395
143986.162328,0.52452436596423
146121.09126,0.530668629853706
148256.020192,0.536775309566278
150390.949124,0.542844748901439
152525.878056,0.548877287478246
154660.806988,0.554873260798661
156795.73592,0.560833000309755
158930.664852,0.56675683346478
161065.593784,0.572645083783146
163200.522716,0.578498070909317
165335.451648,0.58431611067065
167470.38058,0.59009951513421
169605.309512,0.595848592662561
171740.238444,0.601563647968576
173875.167376,0.607244982169273
176010.096308,0.612892892838703
178145.02524,0.618507674059903
180279.954172,0.624089616475941
182414.883104,0.629639007340068
184549.812036,0.635156130564995
186684.740968,0.640641266771309
188819.6699,0.646094693335055
190954.598832,0.651516684434495
193089.527764,0.656907511096052
195224.456696,0.662267441239476
197359.385628,0.667596739722228
199494.31456,0.672895668383108
201629.243492,0.678164486085137
203764.172424,0.683403448757715
205899.101356,0.688612809438055
208034.030288,0.693792818311931
210168.95922,0.698943722753721
212303.888152,0.704065767365796
214438.817084,0.709159194017233
216573.746016,0.714224241881891
218708.674948,0.719261147475846
220843.60388,0.72427014469421
222978.532812,0.729251464847331
225113.461744,0.734205336696405
227248.390676,0.739131986488493
229383.319608,0.744031637990965
231518.24854,0.74890451252538
233653.177472,0.753750829000811
235788.106404,0.758570803946625
237923.035336,0.763364651544737
240057.964268,0.768132583661329
242192.8932,0.772874809878069
244327.822132,0.777591537522814
246462.751064,0.782282971699831
248597.679996,0.786949315319524
250732.608928,0.791590769127688
252867.53786,0.7962075317343
255002.466792,0.800799799641845
257137.395724,0.805367767273199
259272.324656,0.809911626999063
261407.253588,0.814431569164973
263542.18252,0.818927782117877
265677.111452,0.823400452232299
267812.040384,0.827849763936087
269946.969316,0.83227589973577
272081.898248,0.836679040241506
274216.82718,0.841059364191653
276351.756112,0.845417048476954
278486.685044,0.849752268164349
280621.613976,0.854065196520418
282756.542908,0.858356005034468
284891.47184,0.862624863441259
287026.400772,0.866871939743389
289161.329704,0.871097400233332
291296.258636,0.875301409515143
293431.187568,0.87948413052583
295566.1165,0.883645724556411
297701.045432,0.887786351272639
299835.974364,0.891906168735428
301970.903296,0.89600533342096
304105.832228,0.900084000240502
306240.76116,0.904142322559916
308375.690092,0.908180452218886
310510.619024,0.912198539549851
312645.547956,0.916196733396666
314780.476888,0.920175181132976
316915.40582,0.924134028680327
319050.334752,0.928073420526008
321185.263684,0.931993499740624
323320.192616,0.935894407995424
325455.121548,0.939776285579361
327590.05048,0.943639271415915
329724.979412,0.947483503079662
331859.908344,0.951309116812609
333994.837276,0.95511624754029
336129.766208,0.958905028887624
338264.69514,0.962675593194554
340399.624072,0.966428071531452
342534.553004,0.97016259371431
344669.481936,0.973879288319709
346804.410868,0.977578282699572
348939.3398,0.981259702995717
351074.268732,0.984923674154189
353209.197664,0.9885703199394
355344.126596,0.992199762948062
357479.055528,0.99581212462293
359613.98446,0.999407525266342
361748.913392,1.00298608405358
363883.842324,1.00654791904603
366018.771256,1.01009314720417
368153.700188,1.01362188440039
370288.62912,1.01713424543157
372423.558052,1.02063034403157
374558.486984,1.02411029288351
376693.415916,1.02757420363183
378828.344848,1.0310221868943
380963.27378,1.03445435227371
383098.202712,1.03787080836956
385233.131644,1.04127166278947
387368.060576,1.04465702216051
389502.989508,1.0480269921403
391637.91844,1.05138167742805
393772.847372,1.05472118177536
395907.776304,1.05804560799694
398042.705236,1.06135505798119
400177.634168,1.06464963270053
402312.5631,1.06792943222174
404447.492032,1.07119455571608
406582.420964,1.07444510146924
408717.349896,1.07768116689128
410852.278828,1.08090284852628
412987.20776,1.08411024206198
415122.136692,1.08730344233928
417257.065624,1.09048254336153
419391.994556,1.09364763830379
421526.923488,1.09679881952194
423661.85242,1.09993617856163
425796.781352,1.10305980616719
427931.710284,1.10616979229033
430066.639216,1.1092662260988
432201.568148,1.11234919598495
434336.49708,1.11541878957404
436471.426012,1.11847509373265
438606.354944,1.12151819457682
440741.283876,1.12454817748013
442876.212808,1.12756512708172
445011.14174,1.13056912729414
447146.070672,1.13356026131115
449280.999604,1.13653861161537
451415.928536,1.13950425998592
453550.857468,1.14245728750584
455685.7864,1.14539777456951
457820.715332,1.14832580088996
459955.644264,1.15124144550605
462090.573196,1.15414478678959
464225.502128,1.15703590245235
466360.43106,1.15991486955302
468495.359992,1.16278176450403
470630.288924,1.16563666307834
472765.217856,1.16847964041607
474900.146788,1.17131077103115
477035.07572,1.17413012881778
479170.004652,1.17693778705689
481304.933584,1.17973381842247
483439.862516,1.18251829498786
485574.791448,1.18529128823192
487709.72038,1.18805286904516
489844.649312,1.19080310773578
491979.578244,1.19354207403566
494114.507176,1.19626983710619
496249.436108,1.19898646554415
498384.36504,1.20169202738745
500519.293972,1.20438659012079
502654.222904,1.20707022068129
504789.151836,1.20974298546401
506924.080768,1.21240495032746
509059.0097,1.21505618059898
511193.938632,1.2176967410801
513328.867564,1.2203266960518
515463.796496,1.22294610927976
517598.725428,1.22555504401949
519733.65436,1.22815356302141
521868.583292,1.23074172853591
524003.512224,1.23331960231831
526138.441156,1.23588724563376
528273.370088,1.23844471926212
530408.29902,1.24099208350271
532543.227952,1.24352939817911
534678.156884,1.24605672264379
536813.085816,1.24857411578276
538948.014748,1.25108163602017
541082.94368,1.25357934132276
543217.872612,1.2560672892044
545352.801544,1.25854553673047
547487.730476,1.26101414052221
549622.659408,1.26347315676108
551757.58834,1.26592264119295
553892.517272,1.26836264913239
556027.446204,1.27079323546678
558162.375136,1.27321445466046
560297.304068,1.27562636075875
562432.233,1.27802900739203
564567.161932,1.28042244777968
566702.090864,1.28280673473402
568837.019796,1.28518192066419
570971.948728,1.28754805757999
573106.87766,1.28990519709567
575241.806592,1.29225339043371
577376.735524,1.2945926884285
579511.664456,1.29692314153002
581646.593388,1.29924479980748
583781.52232,1.30155771295287
585916.451252,1.30386193028454
588051.380184,1.3061575007507
590186.309116,1.30844447293286
592321.238048,1.3107228950493
594456.16698,1.31299281495843
596591.095912,1.31525428016213
598726.024844,1.31750733780909
600860.953776,1.31975203469808
602995.882708,1.32198841728118
605130.81164,1.32421653166701
607265.740572,1.32643642362385
609400.669504,1.32864813858282
611535.598436,1.33085172164097
613670.527368,1.33304721756433
615805.4563,1.33523467079095
617940.385232,1.3374141254339
620075.314164,1.33958562528422
622210.243096,1.3417492138139
624345.172028,1.3439049341787
626480.10096,1.34605282922111
628615.029892,1.34819294147313
630749.958824,1.35032531315907
632884.887756,1.35244998619839
635019.816688,1.35456700220837
637154.74562,1.35667640250689
639289.674552,1.35877822811507
641424.603484,1.36087251975997
643559.532416,1.36295931787719
645694.461348,1.36503866261348
647829.39028,1.36711059382932
649964.319212,1.36917515110148
652099.248144,1.37123237372552
654234.177076,1.37328230071827
656369.106008,1.37532497082033
658504.03494,1.3773604224985
660638.963872,1.37938869394818
662773.892804,1.38140982309577
664908.821736,1.38342384760105
667043.750668,1.38543080485947
669178.6796,1.38743073200453
671313.608532,1.38942366591003
673448.537464,1.39140964319232
675583.466396,1.39338870021259
677718.395328,1.39536087307906
679853.32426,1.39732619764917
681988.253192,1.39928470953179
684123.182124,1.40123644408931
686258.111056,1.40318143643984
688393.039988,1.40511972145924
690527.96892,1.40705133378328
692662.897852,1.40897630780966
694797.826784,1.41089467770003
696932.755716,1.41280647738208
699067.684648,1.41471174055147
701202.61358,1.41661050067386
703337.542512,1.41850279098683
705472.471444,1.42038864450186
707607.400376,1.42226809400622
709742.329308,1.42414117206487
711877.25824,1.42600791102236
714012.187172,1.42786834300466
716147.116104,1.42972249992106
718282.045036,1.43157041346594
720416.973968,1.43341211512058
722551.9029,1.43524763615498
724686.831832,1.4370770076296
726821.760764,1.43890026039715
728956.689696,1.44071742510426
731091.618628,1.44252853219326
733226.54756,1.44433361190385
735361.476492,1.4461326942748
737496.405424,1.44792580914558
739631.334356,1.44971298615805
741766.263288,1.45149425475807
743901.19222,1.45326964419714
746036.121152,1.45503918353398
748171.050084,1.4568029016361
750305.979016,1.45856082718143
752440.907948,1.46031298865981
754575.83688,1.46205941437455
756710.765812,1.46380013244399
758845.694744,1.46553517080294
760980.623676,1.46726455720423
763115.552608,1.46898831922019
765250.48154,1.47070648424406
767385.410472,1.47241907949151
769520.339404,1.47412613200203
771655.268336,1.47582766864037
773790.197268,1.47752371609795
775925.1262,1.47921430089425
778060.055132,1.48089944937822
780194.984064,1.48257918772958
782329.912996,1.48425354196025
784464.841928,1.48592253791566
786599.77086,1.48758620127609
788734.699792,1.48924455755796
790869.628724,1.49089763211516
793004.557656,1.49254545014036
795139.486588,1.49418803666623
797274.41552,1.49582541656677
799409.344452,1.49745761455854
801544.273384,1.49908465520188
803679.202316,1.5007065629022
805814.131248,1.50232336191113
807949.06018,1.50393507632779
810083.989112,1.50554173009996
812218.918044,1.50714334702524
814353.846976,1.50873995075229
816488.775908,1.51033156478194
818623.70484,1.51191821246835
820758.633772,1.51349991702018
822893.562704,1.51507670150169
825028.491636,1.51664858883389
827163.420568,1.51821560179563
829298.3495,1.51977776302468
831433.278432,1.52133509501889
833568.207364,1.52288762013719
835703.136296,1.52443536060072
837838.065228,1.52597833849385
839972.99416,1.52751657576526
842107.923092,1.52905009422895
844242.852024,1.53057891556531
846377.780956,1.5321030613221
848512.709888,1.53362255291549
850647.63882,1.53513741163107
852782.567752,1.5366476586248
854917.496684,1.53815331492406
857052.425616,1.53965440142855
859187.354548,1.54115093891134
861322.28348,1.54264294801975
863457.212412,1.54413044927635
865592.141344,1.5456134630799
867727.070276,1.54709200970623
869861.999208,1.54856610930925
871996.92814,1.55003578192179
874131.857072,1.55150104745654
876266.786004,1.55296192570694
878401.714936,1.55441843634809
880536.643868,1.55587059893761
882671.5728,1.55731843291653
884806.501732,1.55876195761015
886941.430664,1.5602011922289
889076.359596,1.5616361558692
891211.288528,1.5630668675143
893346.21746,1.56449334603512
895481.146392,1.56591561019105
897616.075324,1.56733367863084
899751.004256,1.56874756989334
901885.933188,1.57015730240836
904020.86212,1.57156289449744
906155.791052,1.57296436437466
908290.719984,1.57436173014743
910425.648916,1.57575500981726
912560.577848,1.57714422128053
914695.50678,1.57852938232926
916830.435712,1.57991051065188
918965.364644,1.58128762383397
921100.293576,1.58266073935901
923235.222508,1.58402987460913
925370.15144,1.58539504686581
927505.080372,1.58675627331065
929640.009304,1.58811357102609
931774.938236,1.58946695699606
933909.867168,1.59081644810677
936044.7961,1.59216206114737
938179.725032,1.59350381281065
940314.653964,1.59484171969374
942449.582896,1.59617579829877
944584.511828,1.5975060650336
946719.44076,1.59883253621242
948854.369692,1.60015522805649
950989.298624,1.60147415669474
953124.227556,1.60278933816449
955259.156488,1.60410078841201
957394.08542,1.60540852329326
959529.014352,1.60671255857448
961663.943284,1.60801290993282
963798.872216,1.60930959295698
965933.801148,1.61060262314784
968068.73008,1.61189201591905
970203.659012,1.61317778659768
972338.587944,1.61445995042481
974473.516876,1.61573852255612
976608.445808,1.6170135180625
978743.37474,1.61828495193065
980878.303672,1.61955283906364
983013.232604,1.62081719428153
985148.161536,1.62207803232191
987283.090468,1.6233353678405
989418.0194,1.62458921541171
991552.948332,1.62583958952919
993687.877264,1.62708650460641
995822.806196,1.6283299749772
997957.735128,1.6295700148963
1000092.66406,1.6308066385399
1002227.592992,1.63203986000621
1004362.521924,1.63326969331595
1006497.450856,1.63449615241292
1008632.379788,1.63571925116449
1010767.30872,1.63693900336218
1012902.237652,1.63815542272211
1015037.166584,1.63936852288556
1017172.095516,1.64057831741946
1019307.024448,1.64178481981692
1021441.95338,1.64298804349769
1023576.882312,1.64418800180869
1025711.811244,1.64538470802451
1027846.740176,1.64657817534787
1029981.669108,1.64776841691011
1032116.59804,1.64895544577171
1034251.526972,1.65013927492271
1036386.455904,1.65131991728324
1038521.384836,1.65249738570393
1040656.313768,1.65367169296646
1042791.2427,1.65484285178391
1044926.171632,1.65601087480133
1047061.100564,1.65717577459613
1049196.029496,1.65833756367854
1051330.958428,1.65949625449207
1053465.88736,1.66065185941395
1055600.816292,1.66180439075558
1057735.745224,1.66295386076293
1059870.674156,1.66410028161704
1062005.603088,1.66524366543437
1064140.53202,1.6663840242673
1066275.460952,1.66752137010451
1068410.389884,1.66865571487142
1070545.318816,1.66978707043057
1072680.247748,1.6709154485821
1074815.17668,1.6720408610641
1076950.105612,1.67316331955305
1079085.034544,1.6742828356642
1081219.963476,1.67539942095199
1083354.892408,1.67651308691046
1085489.82134,1.6776238449736
1087624.750272,1.67873170651577
1089759.679204,1.6798366828521
1091894.608136,1.68093878523886
1094029.537068,1.68203802487382
1096164.466,1.68313441289668
