"ResDensity","N_TraitValue"
2,0.000144470944481228
2.032,0.000146525132518961
2.064,0.000148572130133624
2.096,0.000150611975012994
2.128,0.000152644704581927
2.16,0.000154670356004643
2.192,0.000156688966186996
2.224,0.00015870057177871
2.256,0.000160705209175603
2.288,0.000162702914521777
2.32,0.000164693723711794
2.352,0.000166677672392822
2.384,0.000168654795966766
2.416,0.000170625129592374
2.448,0.000172588708187316
2.48,0.000174545566430255
2.512,0.00017649573876288
2.544,0.000178439259391933
2.576,0.000180376162291206
2.608,0.00018230648120352
2.64,0.000184230249642688
2.672,0.00018614750089545
2.704,0.000188058268023397
2.736,0.000189962583864868
2.768,0.000191860481036833
2.8,0.000193751991936758
2.832,0.00019563714874444
2.864,0.000197515983423842
2.896,0.000199388527724894
2.928,0.00020125481318528
2.96,0.000203114871132213
2.992,0.000204968732684187
3.024,0.000206816428752709
3.056,0.00020865799004402
3.088,0.000210493447060795
3.12,0.000212322830103829
3.152,0.000214146169273702
3.184,0.000215963494472429
3.216,0.0002177748354051
3.248,0.000219580221581492
3.28,0.000221379682317675
3.312,0.0002231732467376
3.344,0.000224960943774667
3.376,0.000226742802173282
3.408,0.000228518850490399
3.44,0.000230289117097045
3.472,0.000232053630179829
3.504,0.00023381241774244
3.536,0.000235565507607128
3.568,0.00023731292741617
3.6,0.000239054704633324
3.632,0.000240790866545268
3.664,0.000242521440263024
3.696,0.00024424645272337
3.728,0.000245965930690236
3.76,0.000247679900756091
3.792,0.000249388389343311
3.824,0.00025109142270554
3.856,0.00025278902692903
3.888,0.000254481227933978
3.92,0.000256168051475843
3.952,0.00025784952314665
3.984,0.000259525668376291
4.016,0.000261196512433799
4.048,0.000262862080428625
4.08,0.00026452239731189
4.112,0.000266177487877636
4.144,0.000267827376764057
4.176,0.00026947208845472
4.208,0.000271111647279781
4.24,0.000272746077417182
4.272,0.000274375402893839
4.304,0.00027599964758682
4.336,0.000277618835224512
4.368,0.000279232989387774
4.4,0.000280842133511087
4.432,0.000282446290883682
4.464,0.000284045484650667
4.496,0.000285639737814139
4.528,0.000287229073234288
4.56,0.00028881351363049
4.592,0.000290393081582386
4.624,0.000291967799530959
4.656,0.000293537689779594
4.688,0.000295102774495131
4.72,0.000296663075708913
4.752,0.000298218615317811
4.784,0.000299769415085256
4.816,0.000301315496642252
4.848,0.000302856881488379
4.88,0.000304393590992792
4.912,0.00030592564639521
4.944,0.000307453068806889
4.976,0.0003089758792116
5.008,0.000310494098466581
5.04,0.000312007747303496
5.072,0.000313516846329376
5.104,0.000315021416027553
5.136,0.000316521476758589
5.168,0.000318017048761195
5.2,0.000319508152153137
5.232,0.000320994806932142
5.264,0.000322477032976792
5.296,0.000323954850047408
5.328,0.000325428277786927
5.36,0.000326897335721778
5.392,0.000328362043262738
5.424,0.000329822419705791
5.456,0.000331278484232973
5.488,0.000332730255913215
5.52,0.000334177753703172
5.552,0.000335620996448049
5.584,0.000337060002882421
5.616,0.00033849479163104
5.648,0.000339925381209643
5.68,0.000341351790025745
5.712,0.000342774036379428
5.744,0.000344192138464128
5.776,0.000345606114367405
5.808,0.000347015982071717
5.84,0.000348421759455179
5.872,0.000349823464292322
5.904,0.000351221114254838
5.936,0.000352614726912325
5.968,0.000354004319733023
6,0.000355389910084546
6.032,0.000356771515234599
6.064,0.000358149152351705
6.096,0.000359522838505907
6.128,0.000360892590669477
6.16,0.000362258425717618
6.192,0.000363620360429151
6.224,0.000364978411487206
6.256,0.000366332595479902
6.288,0.000367682928901023
6.32,0.000369029428150687
6.352,0.00037037210953601
6.384,0.000371710989271764
6.416,0.000373046083481033
6.448,0.000374377408195853
6.48,0.000375704979357862
6.512,0.000377028812818931
6.544,0.000378348924341796
6.576,0.000379665329600684
6.608,0.000380978044181934
6.64,0.000382287083584612
6.672,0.00038359246322112
6.704,0.0003848941984178
6.736,0.000386192304415538
6.768,0.000387486796370353
6.8,0.000388777689353992
6.832,0.000390064998354513
6.864,0.000391348738276863
6.896,0.000392628923943457
6.928,0.000393905570094745
6.96,0.000395178691389782
6.992,0.000396448302406783
7.024,0.000397714417643685
7.056,0.000398977051518698
7.088,0.000400236218370847
7.12,0.000401491932460524
7.152,0.000402744207970017
7.184,0.00040399305900405
7.216,0.000405238499590311
7.248,0.000406480543679976
7.28,0.000407719205148232
7.312,0.000408954497794791
7.344,0.000410186435344405
7.376,0.000411415031447374
7.408,0.000412640299680048
7.44,0.000413862253545329
7.472,0.000415080906473168
7.504,0.000416296271821053
7.536,0.000417508362874502
7.568,0.000418717192847544
7.6,0.0004199227748832
7.632,0.000421125122053958
7.664,0.000422324247362248
7.696,0.00042352016374091
7.728,0.000424712884053657
7.76,0.000425902421095539
7.792,0.000427088787593398
7.824,0.000428271996206324
7.856,0.000429452059526103
7.888,0.000430628990077668
7.92,0.000431802800319535
7.952,0.00043297350264425
7.984,0.00043414110937882
8.016,0.000435305632785149
8.048,0.000436467085060464
8.08,0.000437625478337744
8.112,0.000438780824686141
8.144,0.000439933136111399
8.176,0.00044108242455627
8.208,0.000442228701900927
8.24,0.000443371979963372
8.272,0.000444512270499845
8.304,0.000445649585205223
8.336,0.000446783935713425
8.368,0.000447915333597804
8.4,0.00044904379037154
8.432,0.000450169317488037
8.464,0.000451291926341304
8.496,0.000452411628266342
8.528,0.000453528434539526
8.56,0.000454642356378981
8.592,0.000455753404944961
8.624,0.000456861591340221
8.656,0.000457966926610384
8.688,0.000459069421744312
8.72,0.000460169087674466
8.752,0.00046126593527727
8.784,0.000462359975373471
8.816,0.000463451218728492
8.848,0.000464539676052784
8.88,0.000465625358002181
8.912,0.000466708275178244
8.944,0.000467788438128609
8.976,0.000468865857347324
9.008,0.000469940543275197
9.04,0.000471012506300125
9.072,0.000472081756757435
9.104,0.000473148304930213
9.136,0.000474212161049634
9.168,0.000475273335295289
9.2,0.000476331837795512
9.232,0.000477387678627699
9.264,0.000478440867818628
9.296,0.000479491415344781
9.328,0.000480539331132654
9.36,0.000481584625059069
9.392,0.000482627306951489
9.424,0.000483667386588324
9.456,0.000484704873699235
9.488,0.000485739777965438
9.52,0.000486772109020008
9.552,0.000487801876448173
9.584,0.000488829089787616
9.616,0.000489853758528766
9.648,0.000490875892115088
9.68,0.000491895499943381
9.712,0.000492912591364057
9.744,0.000493927175681434
9.776,0.000494939262154016
9.808,0.000495948859994773
9.84,0.000496955978371426
9.872,0.000497960626406719
9.904,0.000498962813178698
9.936,0.000499962547720984
9.968,0.000500959839023041
10,0.000501954696030451
10.032,0.000502947127645178
10.064,0.000503937142725831
10.096,0.000504924750087936
10.128,0.000505909958504187
10.16,0.000506892776704716
10.192,0.000507873213377341
10.224,0.000508851277167832
10.256,0.000509826976680156
10.288,0.000510800320476735
10.32,0.000511771317078695
10.352,0.000512739974966115
10.384,0.000513706302578273
10.416,0.00051467030831389
10.448,0.000515632000531377
10.48,0.000516591387549072
10.512,0.000517548477645485
10.544,0.000518503279059532
10.576,0.000519455799990772
10.608,0.000520406048599644
10.64,0.000521354033007696
10.672,0.000522299761297822
10.704,0.000523243241514487
10.736,0.000524184481663956
10.768,0.000525123489714523
10.8,0.000526060273596732
10.832,0.000526994841203605
10.864,0.000527927200390857
10.896,0.000528857358977124
10.928,0.000529785324744175
10.96,0.000530711105437134
10.992,0.000531634708764691
11.024,0.000532556142399318
11.056,0.000533475413977484
11.088,0.000534392531099861
11.12,0.000535307501331537
11.152,0.000536220332202223
11.184,0.000537131031206459
11.216,0.000538039605803821
11.248,0.000538946063419122
11.28,0.000539850411442615
11.312,0.000540752657230198
11.344,0.000541652808103604
11.376,0.000542550871350611
11.408,0.000543446854225228
11.44,0.000544340763947898
11.472,0.000545232607705686
11.504,0.000546122392652477
11.536,0.000547010125909165
11.568,0.000547895814563839
11.6,0.000548779465671979
11.632,0.00054966108625664
11.664,0.000550540683308634
11.696,0.000551418263786723
11.728,0.000552293834617795
11.76,0.00055316740269705
11.792,0.000554038974888182
11.824,0.000554908558023554
11.856,0.000555776158904384
11.888,0.000556641784300913
11.92,0.000557505440952589
11.952,0.000558367135568239
11.984,0.000559226874826241
12.016,0.0005600846653747
12.048,0.000560940513831617
12.08,0.000561794426785059
12.112,0.000562646410793328
12.144,0.000563496472385134
12.176,0.000564344618059751
12.208,0.000565190854287195
12.24,0.000566035187508379
12.272,0.000566877624135282
12.304,0.000567718170551108
12.336,0.000568556833110449
12.368,0.000569393618139445
12.4,0.000570228531935942
12.432,0.000571061580769652
12.464,0.000571892770882307
12.496,0.000572722108487819
12.528,0.00057354959977243
12.56,0.00057437525089487
12.592,0.000575199067986507
12.624,0.0005760210571515
12.656,0.00057684122446695
12.688,0.000577659575983049
12.72,0.000578476117723229
12.752,0.000579290855684311
12.784,0.000580103795836649
12.816,0.000580914944124278
12.848,0.000581724306465061
12.88,0.000582531888750825
12.912,0.000583337696847516
12.944,0.000584141736595328
12.976,0.000584944013808854
13.008,0.000585744534277223
13.04,0.000586543303764237
13.072,0.000587340328008511
13.104,0.000588135612723613
13.136,0.000588929163598195
13.168,0.000589720986296134
13.2,0.000590511086456665
13.232,0.000591299469694511
13.264,0.000592086141600024
13.296,0.000592871107739308
13.328,0.000593654373654359
13.36,0.000594435944863187
13.392,0.000595215826859954
13.424,0.000595994025115096
13.456,0.000596770545075454
13.488,0.0005975453921644
13.52,0.000598318571781965
13.552,0.000599090089304962
13.584,0.000599859950087113
13.616,0.000600628159459171
13.648,0.000601394722729044
13.68,0.000602159645181917
13.712,0.000602922932080374
13.744,0.000603684588664517
13.776,0.000604444620152087
13.808,0.000605203031738585
13.84,0.000605959828597387
13.872,0.000606715015879864
13.904,0.000607468598715498
13.936,0.000608220582211998
13.968,0.000608970971455416
14,0.00060971977151026
14.032,0.000610466987419612
14.064,0.000611212624205235
14.096,0.000611956686867693
14.128,0.000612699180386455
14.16,0.000613440109720012
14.192,0.000614179479805985
14.224,0.000614917295561235
14.256,0.00061565356188197
14.288,0.000616388283643857
14.32,0.000617121465702129
14.352,0.000617853112891688
14.384,0.000618583230027216
14.416,0.000619311821903277
14.448,0.000620038893294426
14.48,0.000620764448955309
14.512,0.000621488493620768
14.544,0.000622211032005948
14.576,0.000622932068806392
14.608,0.000623651608698149
14.64,0.000624369656337871
14.672,0.000625086216362918
14.704,0.00062580129339145
14.736,0.000626514892022537
14.768,0.000627227016836249
14.8,0.000627937672393755
14.832,0.000628646863237425
14.864,0.000629354593890924
14.896,0.000630060868859306
14.928,0.000630765692629114
14.96,0.000631469069668471
14.992,0.000632171004427176
15.024,0.0006328715013368
15.056,0.000633570564810776
15.088,0.000634268199244492
15.12,0.000634964409015386
15.152,0.000635659198483034
15.184,0.000636352571989243
15.216,0.000637044533858142
15.248,0.00063773508839627
15.28,0.000638424239892667
15.312,0.000639111992618961
15.344,0.000639798350829457
15.376,0.000640483318761228
15.408,0.000641166900634196
15.44,0.000641849100651224
15.472,0.000642529922998198
15.504,0.000643209371844117
15.536,0.000643887451341174
15.568,0.000644564165624843
15.6,0.000645239518813962
15.632,0.000645913515010818
15.664,0.000646586158301228
15.696,0.000647257452754624
15.728,0.000647927402424131
15.76,0.000648596011346654
15.792,0.000649263283542954
15.824,0.000649929223017733
15.856,0.000650593833759712
15.888,0.000651257119741708
15.92,0.000651919084920719
15.952,0.000652579733237998
15.984,0.000653239068619132
16.016,0.000653897094974122
16.048,0.000654553816197459
16.08,0.000655209236168199
16.112,0.000655863358750041
16.144,0.000656516187791405
16.176,0.000657167727125503
16.208,0.000657817980570419
16.24,0.000658466951929178
16.272,0.000659114644989826
16.304,0.000659761063525498
16.336,0.000660406211294497
16.368,0.000661050092040361
16.4,0.000661692709491941
16.432,0.000662334067363469
16.464,0.00066297416935463
16.496,0.000663613019150637
16.528,0.000664250620422295
16.56,0.000664886976826079
16.592,0.000665522092004195
16.624,0.000666155969584661
16.656,0.000666788613181362
16.688,0.000667420026394133
16.72,0.000668050212808815
16.752,0.000668679175997334
16.784,0.000669306919517756
16.816,0.000669933446914368
16.848,0.000670558761717733
16.88,0.000671182867444762
16.912,0.000671805767598779
16.944,0.000672427465669588
16.976,0.000673047965133534
17.008,0.000673667269453572
17.04,0.00067428538207933
17.072,0.000674902306447172
17.104,0.000675518045980264
17.136,0.000676132604088633
17.168,0.000676745984169236
17.2,0.000677358189606018
17.232,0.000677969223769975
17.264,0.000678579090019219
17.296,0.000679187791699034
17.328,0.000679795332141942
17.36,0.000680401714667762
17.392,0.00068100694258367
17.424,0.000681611019184259
17.456,0.000682213947751602
17.488,0.000682815731555305
17.52,0.000683416373852572
17.552,0.000684015877888264
17.584,0.00068461424689495
17.616,0.000685211484092975
17.648,0.00068580759269051
17.68,0.000686402575883615
17.712,0.00068699643685629
17.744,0.000687589178780539
17.776,0.000688180804816422
17.808,0.000688771318112109
17.84,0.000689360721803944
17.872,0.000689949019016491
17.904,0.000690536212862595
17.936,0.000691122306443437
17.968,0.000691707302848585
18,0.000692291205156051
