"ResDensity","N_TraitValue"
4,0.0010572363077698
4.092,0.00108137980131089
4.184,0.00110551557494118
4.276,0.00112964363236275
4.368,0.00115376397727533
4.46,0.00117787661337626
4.552,0.00120198154436054
4.644,0.00122607877392079
4.736,0.00125016830574728
4.828,0.00127425014352793
4.92,0.00129832429094828
5.012,0.00132239075169155
5.104,0.00134644952943859
5.196,0.00137050062786789
5.288,0.00139454405065562
5.38,0.00141857980147557
5.472,0.00144260788399921
5.564,0.00146662830189567
5.656,0.00149064105883172
5.748,0.00151464615847181
5.84,0.00153864360447804
5.932,0.00156263340051019
6.024,0.00158661555022568
6.116,0.00161059005727963
6.208,0.00163455692532482
6.3,0.00165851615801169
6.392,0.00168246775898837
6.484,0.00170641173190066
6.576,0.00173034808039204
6.668,0.00175427680810367
6.76,0.00177819791867438
6.852,0.00180211141574071
6.944,0.00182601730293686
7.036,0.00184991558389473
7.128,0.00187380626224391
7.22,0.00189768934161167
7.312,0.00192156482562299
7.404,0.00194543271790053
7.496,0.00196929302206465
7.588,0.00199314574173341
7.68,0.00201699088052258
7.772,0.00204082844204561
7.864,0.00206465842991367
7.956,0.00208848084773564
8.048,0.00211229569911809
8.14,0.00213610298766531
8.232,0.0021599027169793
8.324,0.00218369489065978
8.416,0.00220747951230416
8.508,0.00223125658550761
8.6,0.00225502611386297
8.692,0.00227878810096084
8.784,0.00230254255038952
8.876,0.00232628946573503
8.968,0.00235002885058113
9.06,0.00237376070850931
9.152,0.00239748504309877
9.244,0.00242120185792645
9.336,0.00244491115656703
9.428,0.00246861294259293
9.52,0.00249230721957428
9.612,0.00251599399107897
9.704,0.00253967326067263
9.796,0.00256334503191862
9.888,0.00258700930837805
9.98,0.00261066609360978
10.072,0.0026343153911704
10.164,0.00265795720461427
10.256,0.00268159153749349
10.348,0.00270521839335792
10.44,0.00272883777575516
10.532,0.00275244968823058
10.624,0.0027760541343273
10.716,0.00279965111758621
10.808,0.00282324064154594
10.9,0.0028468227097429
10.992,0.00287039732571127
11.084,0.00289396449298298
11.176,0.00291752421508774
11.268,0.00294107649555302
11.36,0.00296462133790408
11.452,0.00298815874566394
11.544,0.00301168872235339
11.636,0.00303521127149101
11.728,0.00305872639659316
11.82,0.00308223410117397
11.912,0.00310573438874535
12.004,0.00312922726281701
12.096,0.00315271272689643
12.188,0.0031761907844889
12.28,0.00319966143909747
12.372,0.003223124694223
12.464,0.00324658055336415
12.556,0.00327002902001734
12.648,0.00329347009767683
12.74,0.00331690378983466
12.832,0.00334033009998065
12.924,0.00336374903160245
13.016,0.00338716058818551
13.108,0.00341056477321307
13.2,0.00343396159016618
13.292,0.00345735104252371
13.384,0.00348073313376234
13.476,0.00350410786735654
13.568,0.00352747524677863
13.66,0.00355083527549871
13.752,0.00357418795698471
13.844,0.00359753329470239
13.936,0.00362087129211532
14.028,0.00364420195268489
14.12,0.00366752527987031
14.212,0.00369084127712864
14.304,0.00371414994791475
14.396,0.00373745129568133
14.488,0.00376074532387892
14.58,0.00378403203595587
14.672,0.00380731143535839
14.764,0.0038305835255305
14.856,0.00385384830991409
14.948,0.00387710579194886
15.04,0.00390035597507237
15.132,0.00392359886272
15.224,0.00394683445832499
15.316,0.00397006276531844
15.408,0.00399328378712927
15.5,0.00401649752718427
15.592,0.00403970398890806
15.684,0.00406290317572314
15.776,0.00408609509104984
15.868,0.00410927973830637
15.96,0.00413245712090877
16.052,0.00415562724227097
16.144,0.00417879010580473
16.236,0.0042019457149197
16.328,0.00422509407302337
16.42,0.00424823518352113
16.512,0.00427136904981619
16.604,0.00429449567530968
16.696,0.00431761506340057
16.788,0.00434072721748571
16.88,0.00436383214095983
16.972,0.00438692983721552
17.064,0.00441002030964328
17.156,0.00443310356163145
17.248,0.00445617959656628
17.34,0.00447924841783189
17.432,0.0045023100288103
17.524,0.00452536443288138
17.616,0.00454841163342294
17.708,0.00457145163381063
17.8,0.00459448443741802
17.892,0.00461751004761657
17.984,0.00464052846777563
18.076,0.00466353970126243
18.168,0.00468654375144214
18.26,0.00470954062167778
18.352,0.00473253031533031
18.444,0.00475551283575857
18.536,0.00477848818631932
18.628,0.0048014563703672
18.72,0.00482441739125478
18.812,0.00484737125233254
18.904,0.00487031795694886
18.996,0.00489325750845005
19.088,0.0049161899101803
19.18,0.00493911516548175
19.272,0.00496203327769444
19.364,0.00498494425015634
19.456,0.00500784808620332
19.548,0.0050307447891692
19.64,0.00505363436238569
19.732,0.00507651680918247
19.824,0.0050993921328871
19.916,0.00512226033682511
20.008,0.00514512142431992
20.1,0.00516797539869292
20.192,0.00519082226326341
20.284,0.00521366202134863
20.376,0.00523649467626376
20.468,0.00525932023132192
20.56,0.00528213868983415
20.652,0.00530495005510946
20.744,0.00532775433045479
20.836,0.00535055151917503
20.928,0.005373341624573
21.02,0.00539612464994949
21.112,0.00541890059860322
21.204,0.00544166947383088
21.296,0.00546443127892709
21.388,0.00548718601718444
21.48,0.00550993369189348
21.572,0.00553267430634271
21.664,0.00555540786381858
21.756,0.00557813436760552
21.848,0.0056008538209859
21.94,0.00562356622724008
22.032,0.00564627158964636
22.124,0.00566896991148102
22.216,0.0056916611960183
22.308,0.00571434544653043
22.4,0.00573702266628759
22.492,0.00575969285855794
22.584,0.00578235602660762
22.676,0.00580501217370074
22.768,0.00582766130309939
22.86,0.00585030341806364
22.952,0.00587293852185154
23.044,0.00589556661771912
23.136,0.00591818770892041
23.228,0.0059408017987074
23.32,0.00596340889033008
23.412,0.00598600898703643
23.504,0.00600860209207243
23.596,0.00603118820868203
23.688,0.00605376734010718
23.78,0.00607633948958785
23.872,0.00609890466036197
23.964,0.0061214628556655
24.056,0.00614401407873236
24.148,0.00616655833279452
24.24,0.00618909562108191
24.332,0.00621162594682249
24.424,0.00623414931324223
24.516,0.00625666572356507
24.608,0.00627917518101301
24.7,0.00630167768880602
24.792,0.00632417325016211
24.884,0.00634666186829728
24.976,0.00636914354642555
25.068,0.00639161828775898
25.16,0.00641408609550762
25.252,0.00643654697287956
25.344,0.00645900092308088
25.436,0.00648144794931573
25.528,0.00650388805478624
25.62,0.0065263212426926
25.712,0.00654874751623299
25.804,0.00657116687860366
25.896,0.00659357933299886
25.988,0.00661598488261089
26.08,0.00663838353063007
26.172,0.00666077528024476
26.264,0.00668316013464137
26.356,0.00670553809700431
26.448,0.00672790917051608
26.54,0.00675027335835718
26.632,0.00677263066370616
26.724,0.00679498108973965
26.816,0.00681732463963227
26.908,0.00683966131655673
27,0.00686199112368377
27.092,0.00688431406418217
27.184,0.00690663014121879
27.276,0.00692893935795851
27.368,0.0069512417175643
27.46,0.00697353722319716
27.552,0.00699582587801614
27.644,0.00701810768517838
27.736,0.00704038264783906
27.828,0.00706265076915143
27.92,0.00708491205226679
28.012,0.00710716650033451
28.104,0.00712941411650205
28.196,0.0071516549039149
28.288,0.00717388886571664
28.38,0.00719611600504893
28.472,0.00721833632505148
28.564,0.00724054982886208
28.656,0.00726275651961661
28.748,0.00728495640044901
28.84,0.00730714947449131
28.932,0.0073293357448736
29.024,0.00735151521472408
29.116,0.00737368788716902
29.208,0.00739585376533275
29.3,0.00741801285233773
29.392,0.00744016515130448
29.484,0.0074623106653516
29.576,0.00748444939759581
29.668,0.00750658135115188
29.76,0.00752870652913272
29.852,0.00755082493464931
29.944,0.00757293657081071
30.036,0.00759504144072411
30.128,0.00761713954749477
30.22,0.00763923089422608
30.312,0.00766131548401949
30.404,0.0076833933199746
30.496,0.00770546440518909
30.588,0.00772752874275873
30.68,0.00774958633577744
30.772,0.0077716371873372
30.864,0.00779368130052814
30.956,0.00781571867843848
31.048,0.00783774932415457
31.14,0.00785977324076084
31.232,0.00788179043133989
31.324,0.00790380089897238
31.416,0.00792580464673714
31.508,0.00794780167771108
31.6,0.00796979199496926
31.692,0.00799177560158484
31.784,0.00801375250062912
31.876,0.00803572269517153
31.968,0.00805768618827961
32.06,0.00807964298301905
32.152,0.00810159308245365
32.244,0.00812353648964535
32.336,0.00814547320765423
32.428,0.00816740323953849
32.52,0.00818932658835449
32.612,0.0082112432571567
32.704,0.00823315324899775
32.796,0.0082550565669284
32.888,0.00827695321399754
32.98,0.00829884319325223
33.072,0.00832072650773766
33.164,0.00834260316049716
33.256,0.00836447315457222
33.348,0.00838633649300247
33.44,0.0084081931788257
33.532,0.00843004321507783
33.624,0.00845188660479297
33.716,0.00847372335100335
33.808,0.00849555345673936
33.9,0.00851737692502956
33.992,0.00853919375890068
34.084,0.00856100396137757
34.176,0.00858280753548329
34.268,0.00860460448423901
34.36,0.00862639481066412
34.452,0.00864817851777613
34.544,0.00866995560859074
34.636,0.00869172608612181
34.728,0.00871348995338138
34.82,0.00873524721337965
34.912,0.008756997869125
35.004,0.00877874192362398
35.096,0.00880047937988132
35.188,0.00882221024089991
35.28,0.00884393450968084
35.372,0.00886565218922336
35.464,0.00888736328252493
35.556,0.00890906779258116
35.648,0.00893076572238587
35.74,0.00895245707493103
35.832,0.00897414185320684
35.924,0.00899582006020165
36.016,0.00901749169890202
36.108,0.00903915677229271
36.2,0.00906081528335664
36.292,0.00908246723507495
36.384,0.00910411263042695
36.476,0.00912575147239018
36.568,0.00914738376394036
36.66,0.00916900950805139
36.752,0.0091906287076954
36.844,0.0092122413658427
36.936,0.00923384748546182
37.028,0.00925544706951948
37.12,0.00927704012098061
37.212,0.00929862664280836
37.304,0.00932020663796407
37.396,0.00934178010940728
37.488,0.00936334706009578
37.58,0.00938490749298554
37.672,0.00940646141103075
37.764,0.00942800881718382
37.856,0.00944954971439536
37.948,0.00947108410561423
38.04,0.00949261199378749
38.132,0.00951413338186041
38.224,0.0095356482727765
38.316,0.00955715666947748
38.408,0.00957865857490331
38.5,0.00960015399199215
38.592,0.00962164292368041
38.684,0.00964312537290272
38.776,0.00966460134259195
38.868,0.00968607083567917
38.96,0.00970753385509373
39.052,0.00972899040376317
39.144,0.00975044048461329
39.236,0.00977188410056811
39.328,0.00979332125454991
39.42,0.00981475194947919
39.512,0.0098361761882747
39.604,0.00985759397385342
39.696,0.00987900530913059
39.788,0.00990041019701967
39.88,0.0099218086404324
39.972,0.00994320064227873
40.064,0.00996458620546689
40.156,0.00998596533290335
40.248,0.0100073380274928
40.34,0.0100287042921382
40.432,0.0100500641297409
40.524,0.0100714175432002
40.616,0.0100927645354139
40.708,0.010114105109278
40.8,0.0101354392676868
40.892,0.0101567670135328
40.984,0.0101780883497066
41.076,0.0101994032790975
41.168,0.0102207118045926
41.26,0.0102420139290775
41.352,0.0102633096554361
41.444,0.0102845989865504
41.536,0.0103058819253009
41.628,0.0103271584745661
41.72,0.010348428637223
41.812,0.0103696924161468
41.904,0.0103909498142109
41.996,0.010412200834287
42.088,0.0104334454792451
42.18,0.0104546837519536
42.272,0.0104759156552791
42.364,0.0104971411920862
42.456,0.0105183603652383
42.548,0.0105395731775967
42.64,0.010560779632021
42.732,0.0105819797313694
42.824,0.010603173478498
42.916,0.0106243608762615
43.008,0.0106455419275126
43.1,0.0106667166351025
43.192,0.0106878850018807
43.284,0.0107090470306948
43.376,0.010730202724391
43.468,0.0107513520858135
43.56,0.0107724951178049
43.652,0.0107936318232061
43.744,0.0108147622048565
43.836,0.0108358862655934
43.928,0.0108570040082527
44.02,0.0108781154356686
44.112,0.0108992205506734
44.204,0.0109203193560979
44.296,0.0109414118547711
44.388,0.0109624980495204
44.48,0.0109835779431715
44.572,0.0110046515385483
44.664,0.0110257188384732
44.756,0.0110467798457666
44.848,0.0110678345632475
44.94,0.0110888829937333
45.032,0.0111099251400393
45.124,0.0111309610049795
45.216,0.0111519905913661
45.308,0.0111730139020095
45.4,0.0111940309397187
45.492,0.0112150417073008
45.584,0.0112360462075612
45.676,0.0112570444433037
45.768,0.0112780364173306
45.86,0.0112990221324422
45.952,0.0113200015914375
46.044,0.0113409747971133
46.136,0.0113619417522654
46.228,0.0113829024596874
46.32,0.0114038569221715
46.412,0.0114248051425081
46.504,0.0114457471234861
46.596,0.0114666828678926
46.688,0.0114876123785131
46.78,0.0115085356581313
46.872,0.0115294527095296
46.964,0.0115503635354883
47.056,0.0115712681387864
47.148,0.011592166522201
47.24,0.0116130586885077
47.332,0.0116339446404804
47.424,0.0116548243808914
47.516,0.0116756979125112
47.608,0.0116965652381088
47.7,0.0117174263604515
47.792,0.011738281282305
47.884,0.0117591300064333
47.976,0.0117799725355988
48.068,0.0118008088725621
48.16,0.0118216390200825
48.252,0.0118424629809172
48.344,0.0118632807578223
48.436,0.0118840923535518
48.528,0.0119048977708583
48.62,0.0119256970124928
48.712,0.0119464900812044
48.804,0.0119672769797408
48.896,0.0119880577108481
48.988,0.0120088322772707
49.08,0.0120296006817512
49.172,0.0120503629270309
49.264,0.0120711190158492
49.356,0.012091868950944
49.448,0.0121126127350516
49.54,0.0121333503709067
49.632,0.0121540818612421
49.724,0.0121748072087894
49.816,0.0121955264162784
49.908,0.0122162394864371
50,0.0122369464219921
