"ResDensity","N_TraitValue"
15,0.00034778771102342
15.156,0.000351232167045052
15.312,0.000354673242340098
15.468,0.000358110941883382
15.624,0.000361545270639969
15.78,0.000364976233565196
15.936,0.00036840383560469
16.092,0.000371828081694391
16.248,0.000375248976760582
16.404,0.000378666525719907
16.56,0.000382080733479396
16.716,0.000385491604936491
16.872,0.000388899144979065
17.028,0.000392303358485448
17.184,0.000395704250324451
17.34,0.000399101825355387
17.496,0.000402496088428097
17.652,0.000405887044382969
17.808,0.000409274698050965
17.964,0.000412659054253641
18.12,0.000416040117803174
18.276,0.000419417893502378
18.432,0.000422792386144734
18.588,0.000426163600514407
18.744,0.000429531541386273
18.9,0.000432896213525938
19.056,0.000436257621689764
19.212,0.000439615770624886
19.368,0.000442970665069242
19.524,0.000446322309751588
19.68,0.000449670709391525
19.836,0.000453015868699518
19.992,0.000456357792376921
20.148,0.000459696485115996
20.304,0.000463031951599938
20.46,0.000466364196502895
20.616,0.000469693224489989
20.772,0.000473019040217341
20.928,0.00047634164833209
21.084,0.000479661053472414
21.24,0.000482977260267556
21.396,0.000486290273337838
21.552,0.000489600097294691
21.708,0.000492906736740672
21.864,0.000496210196269482
22.02,0.000499510480465995
22.176,0.000502807593906273
22.332,0.000506101541157591
22.488,0.000509392326778453
22.644,0.000512679955318621
22.8,0.000515964431319128
22.956,0.000519245759312303
23.112,0.000522523943821793
23.268,0.000525798989362579
23.424,0.000529070900441
23.58,0.000532339681554777
23.736,0.000535605337193026
23.892,0.000538867871836284
24.048,0.000542127289956527
24.204,0.000545383596017193
24.36,0.0005486367944732
24.516,0.000551886889770966
24.672,0.000555133886348433
24.828,0.000558377788635081
24.984,0.000561618601051955
25.14,0.00056485632801168
25.296,0.000568090973918483
25.452,0.000571322543168214
25.608,0.000574551040148362
25.764,0.000577776469238081
25.92,0.000580998834808203
26.076,0.000584218141221263
26.232,0.000587434392831517
26.388,0.000590647593984961
26.544,0.000593857749019349
26.7,0.000597064862264219
26.856,0.000600268938040903
27.012,0.000603469980662554
27.168,0.000606667994434164
27.324,0.000609862983652578
27.48,0.000613054952606522
27.636,0.000616243905576613
27.792,0.000619429846835386
27.948,0.000622612780647308
28.104,0.0006257927112688
28.26,0.000628969642948252
28.416,0.000632143579926047
28.572,0.000635314526434578
28.728,0.000638482486698264
28.884,0.000641647464933572
29.04,0.000644809465349035
29.196,0.00064796849214527
29.352,0.000651124549514998
29.508,0.000654277641643061
29.664,0.00065742777270644
29.82,0.000660574946874276
29.976,0.000663719168307885
30.132,0.000666860441160781
30.288,0.000669998769578689
30.444,0.000673134157699567
30.6,0.000676266609653622
30.756,0.000679396129563331
30.912,0.000682522721543454
31.068,0.000685646389701059
31.224,0.000688767138135532
31.38,0.000691884970938603
31.536,0.000694999892194359
31.692,0.000698111905979259
31.848,0.000701221016362162
32.004,0.000704327227404333
32.16,0.000707430543159469
32.316,0.000710530967673712
32.472,0.00071362850498567
32.628,0.00071672315912643
32.784,0.000719814934119582
32.94,0.000722903833981229
33.096,0.000725989862720011
33.252,0.000729073024337117
33.408,0.000732153322826307
33.564,0.000735230762173926
33.72,0.00073830534635892
33.876,0.00074137707935286
34.032,0.00074444596511995
34.188,0.000747512007617051
34.344,0.000750575210793694
34.5,0.0007536355785921
34.656,0.000756693114947193
34.812,0.000759747823786623
34.968,0.000762799709030775
35.124,0.000765848774592791
35.28,0.000768895024378587
35.436,0.000771938462286867
35.592,0.000774979092209141
35.748,0.000778016918029741
35.904,0.000781051943625839
36.06,0.000784084172867462
36.216,0.000787113609617507
36.372,0.000790140257731763
36.528,0.000793164121058922
36.684,0.000796185203440594
36.84,0.000799203508711331
36.996,0.000802219040698637
37.152,0.000805231803222983
37.308,0.000808241800097829
37.464,0.000811249035129635
37.62,0.000814253512117881
37.776,0.000817255234855078
37.932,0.000820254207126788
38.088,0.000823250432711642
38.244,0.000826243915381347
38.4,0.000829234658900711
38.556,0.000832222667027655
38.712,0.000835207943513228
38.868,0.000838190492101625
39.024,0.0008411703165302
39.18,0.000844147420529485
39.336,0.0008471218078232
39.492,0.000850093482128276
39.648,0.000853062447154864
39.804,0.000856028706606354
39.96,0.000858992264179388
40.116,0.000861953123563879
40.272,0.000864911288443023
40.428,0.000867866762493315
40.584,0.000870819549384566
40.74,0.000873769652779912
40.896,0.000876717076335841
41.052,0.000879661823702196
41.208,0.000882603898522197
41.364,0.000885543304432453
41.52,0.000888480045062978
41.676,0.000891414124037209
41.832,0.000894345544972013
41.988,0.000897274311477711
42.144,0.000900200427158087
42.3,0.000903123895610404
42.456,0.000906044720425419
42.612,0.000908962905187399
42.768,0.000911878453474133
42.924,0.00091479136885695
43.08,0.00091770165490073
43.236,0.000920609315163922
43.392,0.000923514353198553
43.548,0.000926416772550251
43.704,0.000929316576758252
43.86,0.000932213769355416
44.016,0.000935108353868246
44.172,0.000938000333816895
44.328,0.000940889712715187
44.484,0.000943776494070624
44.64,0.000946660681384409
44.796,0.000949542278151452
44.952,0.00095242128786039
45.108,0.000955297713993598
45.264,0.000958171560027203
45.42,0.000961042829431099
45.576,0.000963911525668961
45.732,0.00096677765219826
45.888,0.000969641212470273
46.044,0.000972502209930101
46.2,0.00097536064801668
46.356,0.000978216530162797
46.512,0.000981069859795104
46.668,0.000983920640334127
46.824,0.000986768875194286
46.98,0.000989614567783905
47.136,0.000992457721505226
47.292,0.000995298339754422
47.448,0.000998136425921614
47.604,0.00100097198339088
47.76,0.00100380501554027
47.916,0.00100663552574182
48.072,0.00100946351736156
48.228,0.00101228899375955
48.384,0.00101511195828986
48.54,0.00101793241430059
48.696,0.00102075036513393
48.852,0.00102356581412609
49.008,0.00102637876460738
49.164,0.00102918921990221
49.32,0.00103199718332909
49.476,0.00103480265820063
49.632,0.0010376056478236
49.788,0.00104040615549888
49.944,0.00104320418452154
50.1,0.0010459997381808
50.256,0.00104879281976008
50.412,0.00105158343253697
50.568,0.00105437157978328
50.724,0.00105715726476506
50.88,0.00105994049074256
51.036,0.00106272126097031
51.192,0.00106549957869708
51.348,0.0010682754471659
51.504,0.00107104886961412
51.66,0.00107381984927336
51.816,0.00107658838936956
51.972,0.00107935449312297
52.128,0.00108211816374819
52.284,0.00108487940445417
52.44,0.0010876382184442
52.596,0.00109039460891596
52.752,0.0010931485790615
52.908,0.00109590013206728
53.064,0.00109864927111416
53.22,0.00110139599937743
53.376,0.00110414032002681
53.532,0.00110688223622645
53.688,0.00110962175113498
53.844,0.0011123588679055
54,0.00111509358968557
54.156,0.00111782591961726
54.312,0.00112055586083716
54.468,0.00112328341647634
54.624,0.00112600858966043
54.78,0.00112873138350959
54.936,0.00113145180113855
55.092,0.00113416984565659
55.248,0.00113688552016757
55.404,0.00113959882776994
55.56,0.00114230977155675
55.716,0.00114501835461567
55.872,0.00114772458002899
56.028,0.00115042845087364
56.184,0.00115312997022118
56.34,0.00115582914113787
56.496,0.00115852596668459
56.652,0.00116122044991695
56.808,0.00116391259388522
56.964,0.0011666024016344
57.12,0.00116928987620418
57.276,0.00117197502062902
57.432,0.00117465783793807
57.588,0.00117733833115528
57.744,0.00118001650329933
57.9,0.00118269235738369
58.056,0.00118536589641661
58.212,0.00118803712340113
58.368,0.00119070604133512
58.524,0.00119337265321125
58.68,0.00119603696201702
58.836,0.00119869897073479
58.992,0.00120135868234175
59.148,0.00120401609980997
59.304,0.00120667122610639
59.46,0.00120932406419284
59.616,0.00121197461702604
59.772,0.00121462288755763
59.928,0.00121726887873414
60.084,0.00121991259349707
60.24,0.00122255403478284
60.396,0.00122519320552281
60.552,0.00122783010864333
60.708,0.00123046474706571
60.864,0.00123309712370623
61.02,0.00123572724147619
61.176,0.00123835510328189
61.332,0.00124098071202462
61.488,0.00124360407060074
61.644,0.00124622518190162
61.8,0.00124884404881367
61.956,0.00125146067421839
62.112,0.00125407506099233
62.268,0.00125668721200712
62.424,0.00125929713012948
62.58,0.00126190481822124
62.736,0.00126451027913933
62.892,0.00126711351573581
63.048,0.00126971453085788
63.204,0.00127231332734786
63.36,0.00127490990804325
63.516,0.00127750427577669
63.672,0.001280096433376
63.828,0.00128268638366419
63.984,0.00128527412945947
64.14,0.00128785967357524
64.296,0.00129044301882012
64.452,0.00129302416799796
64.608,0.00129560312390784
64.764,0.00129817988934408
64.92,0.00130075446709627
65.076,0.00130332685994925
65.232,0.00130589707068315
65.388,0.00130846510207336
65.544,0.0013110309568906
65.7,0.00131359463790087
65.856,0.0013161561478655
66.012,0.00131871548954112
66.168,0.00132127266567974
66.324,0.00132382767902866
66.48,0.00132638053233058
66.636,0.00132893122832355
66.792,0.00133147976974098
66.948,0.00133402615931168
67.104,0.00133657039975985
67.26,0.0013391124938051
67.416,0.00134165244416243
67.572,0.0013441902535423
67.728,0.00134672592465056
67.884,0.00134925946018855
68.04,0.00135179086285301
68.196,0.00135432013533618
68.352,0.00135684728032576
68.508,0.00135937230050492
68.664,0.00136189519855233
68.82,0.00136441597714217
68.976,0.0013669346389441
69.132,0.00136945118662332
69.288,0.00137196562284056
69.444,0.00137447795025207
69.6,0.00137698817150966
69.756,0.00137949628926069
69.912,0.00138200230614808
70.068,0.00138450622481035
70.224,0.00138700804788156
70.38,0.00138950777799141
70.536,0.00139200541776516
70.692,0.00139450096982371
70.848,0.00139699443678357
71.004,0.00139948582125688
71.16,0.00140197512585141
71.316,0.0014044623531706
71.472,0.00140694750581353
71.628,0.00140943058637494
71.784,0.00141191159744526
71.94,0.0014143905416106
72.096,0.00141686742145276
72.252,0.00141934223954924
72.408,0.00142181499847325
72.564,0.00142428570079373
72.72,0.00142675434907534
72.876,0.00142922094587848
73.032,0.00143168549375929
73.188,0.00143414799526968
73.344,0.00143660845295731
73.5,0.00143906686936561
73.656,0.0014415232470338
73.812,0.0014439775884969
73.968,0.00144642989628571
74.124,0.00144888017292685
74.28,0.00145132842094275
74.436,0.00145377464285166
74.592,0.00145621884116768
74.748,0.00145866101840074
74.904,0.00146110117705662
75.06,0.00146353931963697
75.216,0.0014659754486393
75.372,0.00146840956655699
75.528,0.00147084167587932
75.684,0.00147327177909145
75.84,0.00147569987867445
75.996,0.00147812597710531
76.152,0.00148055007685691
76.308,0.00148297218039808
76.464,0.00148539229019359
76.62,0.00148781040870413
76.776,0.00149022653838636
76.932,0.0014926406816929
77.088,0.00149505284107233
77.244,0.00149746301896922
77.4,0.00149987121782412
77.556,0.00150227744007356
77.712,0.0015046816881501
77.868,0.00150708396448228
78.024,0.00150948427149468
78.18,0.00151188261160789
78.336,0.00151427898723856
78.492,0.00151667340079935
78.648,0.00151906585469899
78.804,0.00152145635134227
78.96,0.00152384489313005
79.116,0.00152623148245924
79.272,0.00152861612172286
79.428,0.00153099881331001
79.584,0.0015333795596059
79.74,0.00153575836299182
79.896,0.0015381352258452
80.052,0.00154051015053959
80.208,0.00154288313944466
80.364,0.00154525419492622
80.52,0.00154762331934624
80.676,0.00154999051506284
80.832,0.00155235578443028
80.988,0.00155471912979901
81.144,0.00155708055351566
81.3,0.00155944005792305
81.456,0.00156179764536016
81.612,0.00156415331816222
81.768,0.00156650707866062
81.924,0.001568858929183
82.08,0.00157120887205321
82.236,0.00157355690959133
82.392,0.0015759030441137
82.548,0.00157824727793287
82.704,0.00158058961335769
82.86,0.00158293005269322
83.016,0.00158526859824084
83.172,0.00158760525229817
83.328,0.00158994001715913
83.484,0.00159227289511394
83.64,0.0015946038884491
83.796,0.00159693299944743
83.952,0.00159926023038807
84.108,0.00160158558354647
84.264,0.00160390906119442
84.42,0.00160623066560003
84.576,0.00160855039902777
84.732,0.00161086826373846
84.888,0.00161318426198927
85.044,0.00161549839603375
85.2,0.0016178106681218
85.356,0.00162012108049974
85.512,0.00162242963541023
85.668,0.00162473633509237
85.824,0.00162704118178164
85.98,0.00162934417770992
86.136,0.00163164532510553
86.292,0.0016339446261932
86.448,0.00163624208319409
86.604,0.00163853769832582
86.76,0.00164083147380243
86.916,0.00164312341183442
87.072,0.00164541351462876
87.228,0.00164770178438887
87.384,0.00164998822331466
87.54,0.00165227283360252
87.696,0.00165455561744531
87.852,0.0016568365770324
88.008,0.00165911571454967
88.164,0.0016613930321795
88.32,0.00166366853210077
88.476,0.00166594221648891
88.632,0.00166821408751588
88.788,0.00167048414735014
88.944,0.00167275239815674
89.1,0.00167501884209725
89.256,0.00167728348132981
89.412,0.00167954631800912
89.568,0.00168180735428646
89.724,0.00168406659230968
89.88,0.00168632403422321
90.036,0.00168857968216809
90.192,0.00169083353828194
90.348,0.00169308560469898
90.504,0.00169533588355008
90.66,0.00169758437696268
90.816,0.00169983108706087
90.972,0.00170207601596538
91.128,0.00170431916579356
91.284,0.00170656053865942
91.44,0.00170880013667362
91.596,0.00171103796194346
91.752,0.00171327401657292
91.908,0.00171550830266267
92.064,0.00171774082231003
92.22,0.00171997157760901
92.376,0.00172220057065032
92.532,0.00172442780352137
92.688,0.00172665327830626
92.844,0.00172887699708581
93,0.00173109896193757
