"ResDensity","N_TraitValue"
5,0.00208782450115484
5.19,0.00216123766045645
5.38,0.00223425054828877
5.57,0.00230686642935926
5.76,0.00237908853296803
5.95,0.00245092005348655
6.14,0.00252236415082859
6.33,0.00259342395091366
6.52,0.00266410254612283
6.71,0.00273440299574741
6.9,0.0028043283264303
7.09,0.00287388153260039
7.28,0.0029430655769
7.47,0.00301188339060552
7.66,0.00308033787404146
7.85,0.00314843189698786
8.04,0.00321616829908133
8.23,0.00328354989020984
8.42,0.00335057945090119
8.61,0.00341725973270556
8.8,0.00348359345857197
8.99,0.00354958332321897
9.18,0.00361523199349952
9.37,0.00368054210876028
9.56,0.0037455162811953
9.75,0.00381015709619432
9.94,0.00387446711268568
10.13,0.00393844886347401
10.32,0.00400210485557273
10.51,0.0040654375705315
10.7,0.00412844946475872
10.89,0.0041911429698391
11.08,0.00425352049284646
11.27,0.00431558441665176
11.46,0.00437733710022657
11.65,0.00443878087894194
11.84,0.00449991806486281
12.03,0.00456075094703801
12.22,0.00462128179178594
12.41,0.00468151284297603
12.6,0.00474144632230602
12.79,0.00480108442957512
12.98,0.00486042934295316
13.17,0.00491948321924576
13.36,0.00497824819415565
13.55,0.00503672638254012
13.74,0.00509491987866474
13.93,0.00515283075645334
14.12,0.00521046106973444
14.31,0.00526781285248398
14.5,0.0053248881190647
14.69,0.00538168886446192
14.88,0.00543821706451599
15.07,0.00549447467615143
15.26,0.00555046363760271
15.45,0.00560618586863689
15.64,0.00566164327077302
15.83,0.00571683772749843
16.02,0.00577177110448201
16.21,0.00582644524978437
16.4,0.00588086199406512
16.59,0.00593502315078718
16.78,0.00598893051641823
16.97,0.00604258587062937
17.16,0.00609599097649093
17.35,0.00614914758066557
17.54,0.00620205741359877
17.73,0.00625472218970656
17.92,0.00630714360756069
18.11,0.00635932335007129
18.3,0.00641126308466692
18.49,0.00646296446347219
18.68,0.00651442912348296
18.87,0.00656565868673912
19.06,0.00661665476049495
19.25,0.00666741893738725
19.44,0.00671795279560117
19.63,0.00676825789903367
19.82,0.00681833579745494
20.01,0.00686818802666749
20.2,0.0069178161086632
20.39,0.00696722155177818
20.58,0.00701640585084558
20.77,0.0070653704873464
20.96,0.00711411692955818
21.15,0.00716264663270179
21.34,0.00721096103908625
21.53,0.00725906157825161
21.72,0.00730694966710993
21.91,0.00735462671008445
22.1,0.00740209409924684
22.29,0.00744935321445271
22.48,0.00749640542347533
22.67,0.00754325208213755
22.86,0.00758989453444208
23.05,0.00763633411269998
23.24,0.00768257213765753
23.43,0.00772860991862146
23.62,0.00777444875358249
23.81,0.00782008992933737
24,0.00786553472160927
24.19,0.00791078439516662
24.38,0.00795584020394048
24.57,0.00800070339114036
24.76,0.00804537518936854
24.95,0.00808985682073301
25.14,0.00813414949695885
25.33,0.00817825441949833
25.52,0.00822217277963948
25.71,0.00826590575861342
25.9,0.00830945452770019
26.09,0.00835282024833336
26.28,0.00839600407220328
26.47,0.00843900714135902
26.66,0.00848183058830908
26.85,0.00852447553612075
27.04,0.00856694309851837
27.23,0.0086092343799802
27.42,0.00865135047583424
27.61,0.00869329247235274
27.8,0.00873506144684566
27.99,0.00877665846775282
28.18,0.00881808459473509
28.37,0.00885934087876432
28.56,0.00890042836221222
28.75,0.00894134807893818
28.94,0.00898210105437595
29.13,0.00902268830561935
29.32,0.00906311084150681
29.51,0.00910336966270501
29.7,0.00914346576179146
29.89,0.00918340012333603
30.08,0.00922317372398158
30.27,0.00926278753252357
30.46,0.00930224250998869
30.65,0.00934153960971262
30.84,0.00938067977741678
31.03,0.00941966395128422
31.22,0.00945849306203458
31.41,0.00949716803299813
31.6,0.00953568978018898
31.79,0.00957405921237743
31.98,0.00961227723116137
32.17,0.00965034473103694
32.36,0.00968826259946834
32.55,0.00972603171695673
32.74,0.00976365295710843
32.93,0.00980112718670228
33.12,0.00983845526575619
33.31,0.00987563804759293
33.5,0.00991267637890518
33.69,0.00994957109981977
33.88,0.00998632304396121
34.07,0.0100229330385145
34.26,0.0100594019042871
34.45,0.0100957304557704
34.64,0.0101319195012004
34.83,0.0101679698426172
35.02,0.0102038822759251
35.21,0.0102396575909503
35.4,0.0102752965714992
35.59,0.0103107999954158
35.78,0.010346168634638
35.97,0.0103814032552537
36.16,0.0104165046175559
36.35,0.0104514734760978
36.54,0.0104863105797465
36.73,0.0105210166717367
36.92,0.0105555924897231
37.11,0.0105900387658334
37.3,0.0106243562267193
37.49,0.0106585455936081
37.68,0.0106926075823529
37.87,0.0107265429034824
38.06,0.010760352262251
38.25,0.010794036358687
38.44,0.0108275958876412
38.63,0.0108610315388344
38.82,0.0108943439969052
39.01,0.0109275339414562
39.2,0.0109606020471005
39.39,0.0109935489835071
39.58,0.0110263754154468
39.77,0.0110590820028359
39.96,0.0110916694007813
40.15,0.0111241382596239
40.34,0.0111564892249816
40.53,0.0111887229377925
40.72,0.0112208400343573
40.91,0.0112528411463806
41.1,0.0112847269010129
41.29,0.0113164979208913
41.48,0.0113481548241799
41.67,0.0113796982246104
41.86,0.011411128731521
42.05,0.0114424469498964
42.24,0.0114736534804062
42.43,0.0115047489194432
42.62,0.0115357338591619
42.81,0.0115666088875153
43,0.011597374588293
43.19,0.0116280315411573
43.38,0.0116585803216799
43.57,0.0116890215013779
43.76,0.0117193556477494
43.95,0.0117495833243087
44.14,0.0117797050906214
44.33,0.0118097215023387
44.52,0.0118396331112317
44.71,0.0118694404652252
44.9,0.0118991441084312
45.09,0.0119287445811818
45.28,0.0119582424200621
45.47,0.0119876381579428
45.66,0.012016932324012
45.85,0.012046125443807
46.04,0.0120752180392461
46.23,0.012104210628659
46.42,0.0121331037268182
46.61,0.0121618978449693
46.8,0.0121905934908611
46.99,0.0122191911687754
47.18,0.0122476913795565
47.37,0.0122760946206407
47.56,0.012304401386085
47.75,0.0123326121665958
47.94,0.0123607274495574
48.13,0.0123887477190598
48.32,0.0124166734559266
48.51,0.0124445051377427
48.7,0.0124722432388812
48.89,0.0124998882305307
49.08,0.0125274405807216
49.27,0.0125549007543527
49.46,0.0125822692132175
49.65,0.0126095464160298
49.84,0.0126367328184495
50.03,0.0126638288731081
50.22,0.0126908350296334
50.41,0.0127177517346748
50.6,0.0127445794319276
50.79,0.0127713185621578
50.98,0.0127979695632256
51.17,0.01282453287011
51.36,0.012851008914932
51.55,0.0128773981269782
51.74,0.0129037009327239
51.93,0.0129299177558561
52.12,0.0129560490172966
52.31,0.0129820951352238
52.5,0.0130080565250958
52.69,0.0130339335996718
52.88,0.0130597267690346
53.07,0.0130854364406118
53.26,0.0131110630191973
53.45,0.0131366069069728
53.64,0.0131620685035287
53.83,0.013187448205885
54.02,0.0132127464085115
54.21,0.0132379635033491
54.4,0.0132630998798292
54.59,0.0132881559248943
54.78,0.0133131320230173
54.97,0.013338028556222
55.16,0.0133628459041018
55.35,0.0133875844438393
55.54,0.0134122445502254
55.73,0.0134368265956783
55.92,0.013461330950262
56.11,0.0134857579817052
56.3,0.0135101080554195
56.49,0.0135343815345176
56.68,0.0135585787798314
56.87,0.0135827001499299
57.06,0.013606746001137
57.25,0.0136307166875487
57.44,0.0136546125610509
57.63,0.0136784339713365
57.82,0.0137021812659222
58.01,0.0137258547901656
58.2,0.0137494548872822
58.39,0.0137729818983615
58.58,0.0137964361623837
58.77,0.0138198180162359
58.96,0.0138431277947284
59.15,0.0138663658306104
59.34,0.0138895324545861
59.53,0.0139126279953301
59.72,0.0139356527795035
59.91,0.0139586071317683
60.1,0.0139814913748039
60.29,0.0140043058293212
60.48,0.0140270508140781
60.67,0.0140497266458942
60.86,0.0140723336396656
61.05,0.0140948721083793
61.24,0.0141173423631279
61.43,0.0141397447131236
61.62,0.0141620794657126
61.81,0.0141843469263892
62,0.0142065473988096
62.19,0.0142286811848056
62.38,0.0142507485843987
62.57,0.0142727498958129
62.76,0.0142946854154892
62.95,0.0143165554380979
63.14,0.0143383602565523
63.33,0.0143601001620218
63.52,0.0143817754439447
63.71,0.014403386390041
63.9,0.0144249332863253
64.09,0.0144464164171195
64.28,0.0144678360650649
64.47,0.014489192511135
64.66,0.0145104860346476
64.85,0.014531716913277
65.04,0.0145528854230661
65.23,0.0145739918384383
65.42,0.0145950364322095
65.61,0.0146160194755996
65.8,0.0146369412382445
65.99,0.0146578019882073
66.18,0.01467860199199
66.37,0.0146993415145448
66.56,0.0147200208192851
66.75,0.0147406401680971
66.94,0.0147611998213505
67.13,0.0147817000379095
67.32,0.014802141075144
67.51,0.0148225231889398
67.7,0.0148428466337098
67.89,0.0148631116624042
68.08,0.0148833185265214
68.27,0.0149034674761179
68.46,0.0149235587598191
68.65,0.0149435926248291
68.84,0.0149635693169414
69.03,0.0149834890805483
69.22,0.0150033521586511
69.41,0.0150231587928705
69.6,0.0150429092234554
69.79,0.0150626036892935
69.98,0.0150822424279205
70.17,0.0151018256755297
70.36,0.0151213536669817
70.55,0.0151408266358134
70.74,0.0151602448142475
70.93,0.015179608433202
71.12,0.0151989177222987
71.31,0.015218172909873
71.5,0.0152373742229824
71.69,0.0152565218874157
71.88,0.0152756161277017
72.07,0.0152946571671181
72.26,0.0153136452276999
72.45,0.0153325805302484
72.64,0.0153514632943398
72.83,0.0153702937383333
73.02,0.0153890720793796
73.21,0.0154077985334296
73.4,0.0154264733152424
73.59,0.0154450966383935
73.78,0.015463668715283
73.97,0.0154821897571438
74.16,0.0155006599740492
74.35,0.0155190795749214
74.54,0.0155374487675389
74.73,0.0155557677585448
74.92,0.0155740367534539
75.11,0.015592255956661
75.3,0.0156104255714482
75.49,0.0156285457999924
75.68,0.0156466168433732
75.87,0.0156646389015799
76.06,0.015682612173519
76.25,0.0157005368570217
76.44,0.0157184131488509
76.63,0.0157362412447086
76.82,0.015754021339243
77.01,0.0157717536260553
77.2,0.0157894382977073
77.39,0.0158070755457279
77.58,0.0158246655606201
77.77,0.015842208531868
77.96,0.0158597046479435
78.15,0.015877154096313
78.34,0.0158945570634444
78.53,0.0159119137348132
78.72,0.0159292242949096
78.91,0.0159464889272448
79.1,0.0159637078143575
79.29,0.0159808811378203
79.48,0.0159980090782461
79.67,0.0160150918152948
79.86,0.0160321295276788
80.05,0.0160491223931699
80.24,0.0160660705886053
80.43,0.0160829742898936
80.62,0.0160998336720211
80.81,0.0161166489090575
81,0.0161334201741624
81.19,0.0161501476395908
81.38,0.0161668314766992
81.57,0.0161834718559512
81.76,0.0162000689469239
81.95,0.0162166229183129
82.14,0.0162331339379387
82.33,0.0162496021727517
82.52,0.0162660277888386
82.71,0.0162824109514273
82.9,0.0162987518248927
83.09,0.0163150505727623
83.28,0.0163313073577216
83.47,0.0163475223416193
83.66,0.0163636956854731
83.85,0.0163798275494744
84.04,0.0163959180929945
84.23,0.0164119674745887
84.42,0.0164279758520027
84.61,0.0164439433821767
84.8,0.0164598702212514
84.99,0.0164757565245724
85.18,0.0164916024466957
85.37,0.0165074081413927
85.56,0.0165231737616548
85.75,0.0165388994596987
85.94,0.0165545853869712
86.13,0.016570231694154
86.32,0.0165858385311685
86.51,0.0166014060471808
86.7,0.0166169343906062
86.89,0.0166324237091141
87.08,0.0166478741496326
87.27,0.0166632858583529
87.46,0.0166786589807346
87.65,0.0166939936615095
87.84,0.0167092900446866
88.03,0.0167245482735564
88.22,0.0167397684906957
88.41,0.0167549508379714
88.6,0.0167700954565458
88.79,0.01678520248688
88.98,0.0168002720687391
89.17,0.016815304341196
89.36,0.0168302994426357
89.55,0.0168452575107598
89.74,0.0168601786825906
89.93,0.0168750630944752
90.12,0.0168899108820897
90.31,0.0169047221804434
90.5,0.0169194971238827
90.69,0.0169342358460954
90.88,0.0169489384801147
91.07,0.016963605158323
91.26,0.0169782360124559
91.45,0.0169928311736065
91.64,0.0170073907722289
91.83,0.0170219149381423
92.02,0.0170364038005347
92.21,0.0170508574879669
92.4,0.0170652761283764
92.59,0.0170796598490807
92.78,0.0170940087767816
92.97,0.0171083230375686
93.16,0.0171226027569227
93.35,0.0171368480597199
93.54,0.0171510590702351
93.73,0.0171652359121457
93.92,0.0171793787085348
94.11,0.0171934875818954
94.3,0.0172075626541332
94.49,0.0172216040465708
94.68,0.0172356118799507
94.87,0.017249586274439
95.06,0.0172635273496287
95.25,0.0172774352245433
95.44,0.0172913100176401
95.63,0.0173051518468133
95.82,0.0173189608293978
96.01,0.0173327370821723
96.2,0.0173464807213623
96.39,0.0173601918626441
96.58,0.0173738706211471
96.77,0.017387517111458
96.96,0.0174011314476231
97.15,0.0174147137431521
97.34,0.0174282641110211
97.53,0.0174417826636756
97.72,0.0174552695130337
97.91,0.0174687247704892
98.1,0.0174821485469146
98.29,0.0174955409526642
98.48,0.0175089020975772
98.67,0.0175222320909805
98.86,0.0175355310416919
99.05,0.0175487990580229
99.24,0.0175620362477817
99.43,0.0175752427182763
99.62,0.017588418576317
99.81,0.0176015639282195
100,0.017614678879808
