"ResDensity","N_TraitValue"
1,0.000106852148778583
1.046,0.000110899196868214
1.092,0.00011488385880247
1.138,0.000118807566092715
1.184,0.000122671706786182
1.23,0.000126477627103145
1.276,0.000130226633000633
1.322,0.000133919991666524
1.368,0.000137558932947586
1.414,0.000141144650714871
1.46,0.000144678304169617
1.506,0.000148161019092692
1.552,0.000151593889040379
1.598,0.000154977976489189
1.644,0.000158314313932211
1.69,0.000161603904929382
1.736,0.00016484772511391
1.782,0.000168046723156987
1.828,0.000171201821692777
1.874,0.00017431391820559
1.92,0.000177383885881022
1.966,0.000180412574422766
2.012,0.000183400810836685
2.058,0.000186349400183691
2.104,0.000189259126302841
2.15,0.000192130752506034
2.196,0.000194965022245599
2.242,0.000197762659755993
2.288,0.000200524370670778
2.334,0.000203250842615987
2.38,0.000205942745780907
2.426,0.000208600733467305
2.472,0.000211225442618007
2.518,0.000213817494325763
2.564,0.000216377494323223
2.61,0.000218906033454855
2.656,0.000221403688131567
2.702,0.000223871020768775
2.748,0.000226308580208609
2.794,0.000228716902126929
2.84,0.00023109650942578
2.886,0.000233447912611895
2.932,0.000235771610161815
2.978,0.000238068088874186
3.024,0.000240337824209736
3.07,0.000242581280619455
3.116,0.000244798911861437
3.162,0.000246991161306838
3.208,0.000249158462235399
3.254,0.000251301238120926
3.3,0.00025341990290714
3.346,0.000255514861274262
3.392,0.000257586508896708
3.438,0.000259635232692217
3.484,0.000261661411062763
3.53,0.000263665414127556
3.576,0.000265647603948434
3.622,0.000267608334747929
3.668,0.000269547953120301
3.714,0.000271466798235779
3.76,0.000273365202038282
3.806,0.000275243489436854
3.852,0.000277101978491042
3.898,0.000278940980590445
3.944,0.000280760800628646
3.99,0.000282561737171728
4.036,0.000284344082621568
4.082,0.000286108123374107
4.128,0.000287854139972763
4.174,0.000289582407257166
4.22,0.000291293194507382
4.266,0.000292986765583785
4.312,0.000294663379062719
4.358,0.000296323288368113
4.404,0.00029796674189918
4.45,0.000299593983154336
4.496,0.000301205250851468
4.542,0.000302800779044681
4.588,0.000304380797237639
4.634,0.000305945530493613
4.68,0.000307495199542357
4.726,0.00030903002088391
4.772,0.000310550206889424
4.818,0.000312055965899124
4.864,0.000313547502317499
4.91,0.000315025016705797
4.956,0.000316488705871928
5.002,0.000317938762957861
5.048,0.000319375377524582
5.094,0.000320798735634702
5.14,0.000322209019932793
5.186,0.000323606409723517
5.232,0.000324991081047619
5.278,0.000326363206755865
5.324,0.000327722956580961
5.37,0.000329070497207557
5.416,0.000330405992340355
5.462,0.000331729602770408
5.508,0.000333041486439657
5.554,0.000334341798503756
5.6,0.000335630691393245
5.646,0.000336908314873116
5.692,0.000338174816100826
5.738,0.000339430339682802
5.784,0.000340675027729479
5.83,0.000341909019908921
5.876,0.000343132453499067
5.922,0.000344345463438642
5.968,0.000345548182376769
6.014,0.000346740740721327
6.06,0.000347923266686083
6.106,0.000349095886336651
6.152,0.000350258723635287
6.198,0.000351411900484576
6.244,0.000352555536770033
6.29,0.000353689750401651
6.336,0.000354814657354423
6.382,0.000355930371707879
6.428,0.000357037005684646
6.474,0.00035813466968808
6.52,0.000359223472338982
6.566,0.000360303520511432
6.612,0.000361374919367754
6.658,0.000362437772392656
6.704,0.000363492181426544
6.75,0.000364538246698058
6.796,0.000365576066855827
6.842,0.000366605738999481
6.888,0.000367627358709939
6.934,0.000368641020078982
6.98,0.000369646815738145
7.026,0.000370644836886931
7.072,0.000371635173320379
7.118,0.000372617913455998
7.164,0.000373593144360078
7.21,0.000374560951773408
7.256,0.000375521420136402
7.302,0.000376474632613658
7.348,0.000377420671117965
7.394,0.000378359616333766
7.44,0.000379291547740097
7.486,0.000380216543633015
7.532,0.000381134681147526
7.578,0.000382046036279026
7.624,0.000382950683904269
7.67,0.000383848697801877
7.716,0.000384740150672394
7.762,0.00038562511415791
7.808,0.000386503658861252
7.854,0.000387375854364759
7.9,0.000388241769248656
7.946,0.000389101471109027
7.992,0.000389955026575408
8.038,0.000390802501328001
8.084,0.000391643960114516
8.13,0.00039247946676667
8.176,0.000393309084216322
8.222,0.000394132874511275
8.268,0.000394950898830749
8.314,0.000395763217500522
8.36,0.000396569890007764
8.406,0.000397370975015557
8.452,0.000398166530377115
8.498,0.000398956613149714
8.544,0.00039974127960833
8.59,0.000400520585259006
8.636,0.000401294584851933
8.682,0.00040206333239428
8.728,0.000402826881162749
8.774,0.00040358528371589
8.82,0.000404338591906154
8.866,0.000405086856891717
8.912,0.000405830129148057
8.958,0.000406568458479307
9.004,0.000407301894029377
9.05,0.00040803048429286
9.096,0.00040875427712572
9.142,0.000409473319755771
9.188,0.000410187658792946
9.234,0.000410897340239375
9.28,0.000411602409499254
9.326,0.000412302911388532
9.372,0.000412998890144405
9.418,0.000413690389434631
9.464,0.00041437745236666
9.51,0.000415060121496592
9.556,0.000415738438837969
9.602,0.000416412445870386
9.648,0.000417082183547953
9.694,0.000417747692307586
9.74,0.00041840901207715
9.786,0.00041906618228344
9.832,0.000419719241860017
9.878,0.0004203682292549
9.924,0.000421013182438109
9.97,0.000421654138909072
10.016,0.000422291135703889
10.062,0.000422924209402472
10.108,0.000423553396135542
10.154,0.000424178731591506
10.2,0.000424800251023204
10.246,0.000425417989254532
10.292,0.000426031980686949
10.338,0.00042664225930586
10.384,0.000427248858686892
10.43,0.000427851812002045
10.476,0.000428451152025745
10.522,0.000429046911140778
10.568,0.000429639121344124
10.614,0.000430227814252688
10.66,0.000430813021108921
10.706,0.000431394772786354
10.752,0.000431973099795022
10.798,0.000432548032286801
10.844,0.000433119600060646
10.89,0.000433687832567741
10.936,0.000434252758916558
10.982,0.000434814407877826
11.028,0.000435372807889416
11.074,0.000435927987061141
11.12,0.000436479973179473
11.166,0.000437028793712179
11.212,0.000437574475812876
11.258,0.000438117046325512
11.304,0.000438656531788765
11.35,0.00043919295844037
11.396,0.000439726352221377
11.442,0.000440256738780329
11.488,0.000440784143477372
11.534,0.000441308591388301
11.58,0.000441830107308533
11.626,0.000442348715757011
11.672,0.000442864440980054
11.718,0.000443377306955128
11.764,0.000443887337394568
11.81,0.000444394555749228
11.856,0.000444898985212079
11.902,0.000445400648721741
11.948,0.000445899568965965
11.994,0.000446395768385046
12.04,0.000446889269175193
12.086,0.000447380093291839
12.132,0.000447868262452894
12.178,0.000448353798141948
12.224,0.000448836721611426
12.27,0.000449317053885688
12.316,0.000449794815764077
12.362,0.000450270027823924
12.408,0.000450742710423504
12.454,0.000451212883704939
12.5,0.000451680567597061
12.546,0.00045214578181823
12.592,0.0004526085458791
12.638,0.000453068879085353
12.684,0.000453526800540379
12.73,0.00045398232914792
12.776,0.000454435483614673
12.822,0.000454886282452848
12.868,0.000455334743982691
12.914,0.000455780886334964
12.96,0.00045622472745339
13.006,0.00045666628509706
13.052,0.000457105576842797
13.098,0.000457542620087492
13.144,0.000457977432050401
13.19,0.000458410029775404
13.236,0.000458840430133234
13.282,0.000459268649823669
13.328,0.000459694705377691
13.374,0.000460118613159618
13.42,0.000460540389369192
13.466,0.000460960050043649
13.512,0.000461377611059747
13.558,0.000461793088135774
13.604,0.000462206496833512
13.65,0.000462617852560188
13.696,0.000463027170570383
13.742,0.00046343446596792
13.788,0.000463839753707721
13.834,0.000464243048597637
13.88,0.000464644365300254
13.926,0.000465043718334666
13.972,0.00046544112207823
14.018,0.000465836590768286
14.064,0.000466230138503866
14.11,0.000466621779247358
14.156,0.00046701152682617
14.202,0.000467399394934345
14.248,0.000467785397134176
14.294,0.000468169546857776
14.34,0.000468551857408647
14.386,0.000468932341963207
14.432,0.000469311013572307
14.478,0.000469687885162725
14.524,0.000470062969538635
14.57,0.000470436279383056
14.616,0.000470807827259285
14.662,0.000471177625612302
14.708,0.000471545686770165
14.754,0.000471912022945373
14.8,0.000472276646236224
14.846,0.000472639568628141
14.892,0.00047300080199499
14.938,0.000473360358100371
14.984,0.000473718248598897
15.03,0.000474074485037453
15.076,0.000474429078856438
15.122,0.000474782041390989
15.168,0.000475133383872189
15.214,0.00047548311742826
15.26,0.000475831253085735
15.306,0.00047617780177062
15.352,0.000476522774309533
15.398,0.000476866181430836
15.444,0.000477208033765744
15.49,0.000477548341849423
15.536,0.000477887116122073
15.582,0.000478224366929994
15.628,0.000478560104526643
15.674,0.000478894339073666
15.72,0.000479227080641932
15.766,0.000479558339212538
15.812,0.000479888124677809
15.858,0.000480216446842285
15.904,0.000480543315423687
15.95,0.000480868740053884
15.996,0.00048119273027983
16.042,0.000481515295564505
16.088,0.000481836445287832
16.134,0.000482156188747588
16.18,0.000482474535160302
16.226,0.000482791493662137
16.272,0.000483107073309769
16.318,0.000483421283081246
16.364,0.00048373413187684
16.41,0.000484045628519889
16.456,0.000484355781757625
16.502,0.000484664600261992
16.548,0.000484972092630458
16.594,0.000485278267386808
16.64,0.000485583132981935
16.686,0.000485886697794617
16.732,0.000486188970132281
16.778,0.000486489958231769
16.824,0.000486789670260076
16.87,0.000487088114315097
16.916,0.000487385298426352
16.962,0.000487681230555708
17.008,0.000487975918598089
17.054,0.000488269370382176
17.1,0.000488561593671106
17.146,0.000488852596163152
17.192,0.000489142385492399
17.238,0.000489430969229414
17.284,0.000489718354881905
17.33,0.000490004549895368
17.376,0.000490289561653737
17.422,0.000490573397480012
17.468,0.000490856064636892
17.514,0.000491137570327388
17.56,0.000491417921695443
17.606,0.00049169712582653
17.652,0.00049197518974825
17.698,0.000492252120430925
17.744,0.000492527924788175
17.79,0.000492802609677498
17.836,0.000493076181900838
17.882,0.000493348648205141
17.928,0.000493620015282919
17.974,0.000493890289772789
18.02,0.00049415947826002
18.066,0.000494427587277064
18.112,0.000494694623304089
18.158,0.000494960592769495
18.204,0.000495225502050438
18.25,0.000495489357473331
18.296,0.000495752165314353
18.342,0.000496013931799947
18.388,0.000496274663107306
18.434,0.000496534365364866
18.48,0.000496793044652782
18.526,0.000497050707003406
18.572,0.000497307358401749
18.618,0.000497563004785952
18.664,0.00049781765204774
18.71,0.000498071306032876
18.756,0.000498323972541607
18.802,0.000498575657329108
18.848,0.000498826366105917
18.894,0.000499076104538369
18.94,0.000499324878249019
18.986,0.00049957269281707
19.032,0.000499819553778785
19.078,0.000500065466627901
19.124,0.000500310436816037
19.17,0.000500554469753096
19.216,0.000500797570807664
19.262,0.000501039745307405
19.308,0.000501280998539444
19.354,0.000501521335750761
19.4,0.000501760762148565
19.446,0.000501999282900672
19.492,0.000502236903135875
19.538,0.000502473627944316
19.584,0.000502709462377844
19.63,0.000502944411450379
19.676,0.000503178480138265
19.722,0.000503411673380621
19.768,0.00050364399607969
19.814,0.000503875453101181
19.86,0.000504106049274609
19.906,0.000504335789393633
19.952,0.000504564678216385
19.998,0.000504792720465799
20.044,0.00050501992082994
20.09,0.000505246283962319
20.136,0.000505471814482215
20.182,0.000505696516974987
20.228,0.000505920395992388
20.274,0.000506143456052868
20.32,0.000506365701641881
20.366,0.000506587137212183
20.412,0.000506807767184134
20.458,0.000507027595945987
20.504,0.000507246627854182
20.55,0.000507464867233633
20.596,0.000507682318378013
20.642,0.000507898985550034
20.688,0.000508114872981728
20.734,0.000508329984874721
20.78,0.000508544325400504
20.826,0.000508757898700709
20.872,0.000508970708887366
20.918,0.000509182760043176
20.964,0.000509394056221766
21.01,0.000509604601447952
21.056,0.000509814399717989
21.102,0.00051002345499983
21.148,0.000510231771233372
21.194,0.000510439352330703
21.24,0.000510646202176352
21.286,0.000510852324627524
21.332,0.000511057723514347
21.378,0.000511262402640103
21.424,0.000511466365781469
21.47,0.000511669616688741
21.516,0.000511872159086075
21.562,0.000512073996671702
21.608,0.000512275133118163
21.654,0.000512475572072529
21.7,0.000512675317156616
21.746,0.000512874371967211
21.792,0.000513072740076285
21.838,0.000513270425031205
21.884,0.000513467430354945
21.93,0.000513663759546301
21.976,0.000513859416080089
22.022,0.00051405440340736
22.068,0.000514248724955596
22.114,0.00051444238412891
22.16,0.000514635384308253
22.206,0.0005148277288516
22.252,0.000515019421094155
22.298,0.000515210464348534
22.344,0.000515400861904965
22.39,0.000515590617031469
22.436,0.000515779732974054
22.482,0.000515968212956893
22.528,0.000516156060182514
22.574,0.000516343277831977
22.62,0.000516529869065054
22.666,0.000516715837020409
22.712,0.000516901184815771
22.758,0.000517085915548112
22.804,0.000517270032293815
22.85,0.000517453538108849
22.896,0.000517636436028935
22.942,0.000517818729069714
22.988,0.000518000420226914
23.034,0.000518181512476515
23.08,0.000518362008774908
23.126,0.000518541912059057
23.172,0.000518721225246661
23.218,0.000518899951236308
23.264,0.000519078092907635
23.31,0.00051925565312148
23.356,0.000519432634720034
23.402,0.000519609040526997
23.448,0.000519784873347723
23.494,0.000519960135969375
23.54,0.000520134831161064
23.586,0.000520308961674003
23.632,0.000520482530241646
23.678,0.000520655539579834
23.724,0.000520827992386934
23.77,0.000520999891343984
23.816,0.000521171239114824
23.862,0.000521342038346243
23.908,0.000521512291668107
23.954,0.000521682001693501
24,0.000521851171018856
