"ResDensity","N_TraitValue"
10,0.000491418111170693
10.22,0.00049949636051637
10.44,0.000507487167904165
10.66,0.000515391945447584
10.88,0.00052321207501702
11.1,0.00053094890904508
11.32,0.000538603771306322
11.54,0.000546177957672333
11.76,0.000553672736843061
11.98,0.000561089351055266
12.2,0.000568429016768917
12.42,0.000575692925332337
12.64,0.000582882243626861
12.86,0.000589998114691728
13.08,0.000597041658329925
13.3,0.000604013971695648
13.52,0.000610916129864033
13.74,0.00061774918638377
13.96,0.000624514173813206
14.18,0.000631212104240503
14.4,0.000637843969788409
14.62,0.000644410743104161
14.84,0.000650913377835034
15.06,0.000657352809090029
15.28,0.000663729953888152
15.5,0.000670045711593761
15.72,0.000676300964339394
15.94,0.000682496577436499
16.16,0.000688633399774481
16.38,0.000694712264208438
16.6,0.00070073398793596
16.82,0.000706699372863357
17.04,0.000712609205961655
17.26,0.00071846425961269
17.48,0.000724265291945625
17.7,0.000730013047164191
17.92,0.000735708255864961
18.14,0.000741351635346925
18.36,0.000746943889912658
18.58,0.00075248571116134
18.8,0.000757977778273878
19.02,0.000763420758290388
19.24,0.00076881530638027
19.46,0.000774162066105103
19.68,0.000779461669674584
19.9,0.000784714738195728
20.12,0.00078992188191553
20.34,0.000795083700457289
20.56,0.000800200783050789
20.78,0.000805273708756524
21,0.000810303046684137
21.22,0.000815289356205258
21.44,0.000820233187160899
21.66,0.000825135080063572
21.88,0.000829995566294289
22.1,0.000834815168294582
22.32,0.000839594399753705
22.54,0.000844333765791153
22.76,0.000849033763134621
22.98,0.000853694880293563
23.2,0.000858317597728448
23.42,0.000862902388015856
23.64,0.000867449716009526
23.86,0.000871960038997473
24.08,0.000876433806855284
24.3,0.0008808714621957
24.52,0.000885273440514596
24.74,0.000889640170333447
24.96,0.000893972073338389
25.18,0.000898269564515967
25.4,0.00090253305228566
25.62,0.000906762938629269
25.84,0.000910959619217263
26.06,0.000915123483532158
26.28,0.000919254914989017
26.5,0.000923354291053135
26.72,0.000927421983355011
26.94,0.000931458357802647
27.16,0.00093546377469128
27.38,0.000939438588810583
27.6,0.000943383149549433
27.82,0.000947297800998283
28.04,0.000951182882049223
28.26,0.000955038726493777
28.48,0.000958865663118504
28.7,0.000962664015798453
28.92,0.000966434103588535
29.14,0.000970176240812861
29.36,0.000973890737152102
29.58,0.000977577897728918
29.8,0.000981238023191507
30.02,0.00098487140979533
30.24,0.000988478349483042
30.46,0.00099205912996269
30.68,0.000995614034784212
30.9,0.000999143343414289
31.12,0.00100264733130958
31.34,0.00100612626998839
31.56,0.0010095804271008
31.78,0.00101301006649732
32,0.00101641544829606
32.22,0.00101979682894852
32.44,0.00102315446130393
32.66,0.00102648859467231
32.88,0.00102979947488617
33.1,0.00103308734436092
33.32,0.00103635244215407
33.54,0.00103959500402311
33.76,0.00104281526248233
33.98,0.00104601344685835
34.2,0.00104918978334458
34.42,0.00105234449505451
34.64,0.00105547780207402
34.86,0.00105858992151252
35.08,0.00106168106755309
35.3,0.00106475145150165
35.52,0.00106780128183507
35.74,0.00107083076424839
35.96,0.00107384010170107
36.18,0.00107682949446228
36.4,0.00107979914015535
36.62,0.00108274923380134
36.84,0.00108567996786169
37.06,0.00108859153228011
37.28,0.00109148411452359
37.5,0.00109435789962267
37.72,0.00109721307021085
37.94,0.00110004980656334
38.16,0.00110286828663495
38.38,0.0011056686860973
38.6,0.00110845117837538
38.82,0.00111121593468329
39.04,0.00111396312405939
39.26,0.00111669291340075
39.48,0.00111940546749692
39.7,0.00112210094906314
39.92,0.00112477951877284
40.14,0.00112744133528956
40.36,0.00113008655529833
40.58,0.00113271533353635
40.8,0.00113532782282321
41.02,0.00113792417409048
41.24,0.0011405045364108
41.46,0.00114306905702637
41.68,0.00114561788137701
41.9,0.00114815115312761
42.12,0.00115066901419517
42.34,0.00115317160477525
42.56,0.00115565906336802
42.78,0.00115813152680382
43,0.00116058913026823
43.22,0.00116303200732671
43.44,0.00116546028994883
43.66,0.00116787410853197
43.88,0.00117027359192473
44.1,0.00117265886744983
44.32,0.00117503006092662
44.54,0.00117738729669321
44.76,0.0011797306976282
44.98,0.00118206038517206
45.2,0.00118437647934808
45.42,0.00118667909878298
45.64,0.00118896836072718
45.86,0.00119124438107469
46.08,0.00119350727438269
46.3,0.00119575715389071
46.52,0.00119799413153955
46.74,0.00120021831798986
46.96,0.00120242982264034
47.18,0.00120462875364571
47.4,0.00120681521793435
47.62,0.0012089893212256
47.84,0.00121115116804683
48.06,0.00121330086175017
48.28,0.00121543850452901
48.5,0.00121756419743416
48.72,0.00121967804038978
48.94,0.00122178013220906
49.16,0.00122387057060961
49.38,0.00122594945222857
49.6,0.00122801687263756
49.82,0.00123007292635726
50.04,0.00123211770687189
50.26,0.00123415130664329
50.48,0.00123617381712494
50.7,0.00123818532877562
50.92,0.00124018593107291
51.14,0.00124217571252647
51.36,0.00124415476069107
51.58,0.00124612316217944
51.8,0.00124808100267493
52.02,0.0012500283669439
52.24,0.00125196533884798
52.46,0.00125389200135612
52.68,0.00125580843655641
52.9,0.00125771472566776
53.12,0.00125961094905134
53.34,0.00126149718622192
53.56,0.00126337351585895
53.78,0.00126524001581753
54,0.00126709676313913
54.22,0.00126894383406224
54.44,0.00127078130403277
54.66,0.00127260924771436
54.88,0.00127442773899846
55.1,0.00127623685101428
55.32,0.00127803665613864
55.54,0.00127982722600557
55.76,0.00128160863151584
55.98,0.00128338094284632
56.2,0.0012851442294592
56.42,0.00128689856011103
56.64,0.00128864400286171
56.86,0.00129038062508324
57.08,0.00129210849346842
57.3,0.00129382767403939
57.52,0.00129553823215603
57.74,0.00129724023252421
57.96,0.00129893373920403
58.18,0.00130061881561777
58.4,0.00130229552455787
58.62,0.00130396392819469
58.84,0.00130562408808421
59.06,0.00130727606517563
59.28,0.00130891991981875
59.5,0.00131055571177142
59.72,0.00131218350020669
59.94,0.00131380334372
60.16,0.00131541530033621
60.38,0.0013170194275165
60.6,0.00131861578216521
60.82,0.00132020442063657
61.04,0.00132178539874136
61.26,0.00132335877175338
61.48,0.00132492459441596
61.7,0.00132648292094827
61.92,0.00132803380505158
62.14,0.00132957729991545
62.36,0.00133111345822379
62.58,0.00133264233216087
62.8,0.00133416397341721
63.02,0.00133567843319542
63.24,0.00133718576221595
63.46,0.00133868601072274
63.68,0.00134017922848878
63.9,0.00134166546482168
64.12,0.00134314476856903
64.34,0.00134461718812379
64.56,0.00134608277142954
64.78,0.00134754156598573
65,0.00134899361885274
65.22,0.00135043897665703
65.44,0.00135187768559604
65.66,0.00135330979144317
65.88,0.00135473533955263
66.1,0.0013561543748642
66.32,0.00135756694190799
66.54,0.00135897308480906
66.76,0.00136037284729203
66.98,0.00136176627268562
67.2,0.00136315340392714
67.42,0.00136453428356683
67.64,0.00136590895377229
67.86,0.00136727745633272
68.08,0.00136863983266319
68.3,0.00136999612380879
68.52,0.00137134637044877
68.74,0.00137269061290058
68.96,0.00137402889112394
69.18,0.00137536124472474
69.4,0.00137668771295896
69.62,0.00137800833473655
69.84,0.00137932314862523
70.06,0.00138063219285422
70.28,0.00138193550531796
70.5,0.00138323312357977
70.72,0.00138452508487546
70.94,0.00138581142611688
71.16,0.00138709218389544
71.38,0.00138836739448559
71.6,0.00138963709384824
71.82,0.00139090131763413
72.04,0.00139216010118716
72.26,0.00139341347954774
72.48,0.00139466148745596
72.7,0.00139590415935484
72.92,0.00139714152939353
73.14,0.00139837363143037
73.36,0.00139960049903603
73.58,0.00140082216549656
73.8,0.00140203866381634
74.02,0.00140325002672113
74.24,0.00140445628666097
74.46,0.00140565747581307
74.68,0.00140685362608466
74.9,0.00140804476911586
75.12,0.00140923093628245
75.34,0.00141041215869859
75.56,0.00141158846721959
75.78,0.00141275989244457
76,0.00141392646471913
76.22,0.00141508821413793
76.44,0.00141624517054734
76.66,0.00141739736354796
76.88,0.00141854482249713
77.1,0.00141968757651145
77.32,0.00142082565446925
77.54,0.00142195908501297
77.76,0.00142308789655165
77.98,0.00142421211726321
78.2,0.00142533177509686
78.42,0.00142644689777539
78.64,0.00142755751279746
78.86,0.00142866364743987
79.08,0.00142976532875977
79.3,0.00143086258359691
79.52,0.00143195543857577
79.74,0.00143304392010773
79.96,0.00143412805439322
80.18,0.00143520786742381
80.4,0.00143628338498425
80.62,0.0014373546326546
80.84,0.00143842163581217
81.06,0.00143948441963359
81.28,0.00144054300909677
81.5,0.00144159742898284
81.72,0.00144264770387811
81.94,0.00144369385817596
82.16,0.00144473591607873
82.38,0.00144577390159962
82.6,0.00144680783856449
82.82,0.00144783775061369
83.04,0.00144886366120389
83.26,0.00144988559360985
83.48,0.00145090357092615
83.7,0.00145191761606898
83.92,0.0014529277517778
84.14,0.00145393400061711
84.36,0.00145493638497807
84.58,0.00145593492708019
84.8,0.00145692964897296
85.02,0.00145792057253749
85.24,0.00145890771948811
85.46,0.00145989111137391
85.68,0.0014608707695804
85.9,0.00146184671533096
86.12,0.00146281896968846
86.34,0.0014637875535567
86.56,0.00146475248768198
86.78,0.00146571379265452
87,0.00146667148890995
87.22,0.00146762559673077
87.44,0.00146857613624776
87.66,0.00146952312744141
87.88,0.00147046659014331
88.1,0.00147140654403754
88.32,0.00147234300866206
88.54,0.00147327600341
88.76,0.00147420554753108
88.98,0.00147513166013288
89.2,0.00147605436018216
89.42,0.00147697366650616
89.64,0.0014778895977939
89.86,0.00147880217259739
90.08,0.00147971140933294
90.3,0.00148061732628239
90.52,0.0014815199415943
90.74,0.00148241927328519
90.96,0.00148331533924074
91.18,0.00148420815721696
91.4,0.00148509774484139
91.62,0.00148598411961422
91.84,0.00148686729890947
92.06,0.00148774729997612
92.28,0.00148862413993922
92.5,0.00148949783580102
92.72,0.00149036840444203
92.94,0.00149123586262217
93.16,0.00149210022698178
93.38,0.00149296151404275
93.6,0.0014938197402095
93.82,0.00149467492177007
94.04,0.00149552707489716
94.26,0.00149637621564911
94.48,0.00149722235997092
94.7,0.00149806552369527
94.92,0.00149890572254348
95.14,0.00149974297212652
95.36,0.00150057728794594
95.58,0.00150140868539485
95.8,0.00150223717975886
96.02,0.00150306278621701
96.24,0.00150388551984271
96.46,0.00150470539560465
96.68,0.00150552242836772
96.9,0.00150633663289388
97.12,0.00150714802384308
97.34,0.00150795661577412
97.56,0.00150876242314553
97.78,0.00150956546031641
98,0.00151036574154735
98.22,0.00151116328100117
98.44,0.00151195809274385
98.66,0.0015127501907453
98.88,0.00151353958888021
99.1,0.00151432630092883
99.32,0.00151511034057781
99.54,0.00151589172142096
99.76,0.00151667045696005
99.98,0.00151744656060558
100.2,0.00151822004567757
100.42,0.00151899092540629
100.64,0.00151975921293306
100.86,0.00152052492131094
101.08,0.00152128806350551
101.3,0.00152204865239559
101.52,0.00152280670077397
101.74,0.00152356222134812
101.96,0.00152431522674088
102.18,0.00152506572949122
102.4,0.00152581374205488
102.62,0.00152655927680508
102.84,0.00152730234603322
103.06,0.0015280429619495
103.28,0.00152878113668367
103.5,0.00152951688228563
103.72,0.00153025021072609
103.94,0.00153098113389725
104.16,0.00153170966361344
104.38,0.00153243581161171
104.6,0.00153315958955251
104.82,0.00153388100902031
105.04,0.00153460008152418
105.26,0.00153531681849845
105.48,0.00153603123130328
105.7,0.00153674333122528
105.92,0.00153745312947809
106.14,0.00153816063720299
106.36,0.00153886586546947
106.58,0.00153956882527578
106.8,0.00154026952754957
107.02,0.00154096798314838
107.24,0.00154166420286025
107.46,0.00154235819740427
107.68,0.00154304997743111
107.9,0.00154373955352357
108.12,0.00154442693619715
108.34,0.00154511213590053
108.56,0.00154579516301616
108.78,0.00154647602786072
109,0.00154715474068571
109.22,0.00154783131167791
109.44,0.0015485057509599
109.66,0.00154917806859059
109.88,0.0015498482745657
110.1,0.00155051637881823
110.32,0.00155118239121903
110.54,0.00155184632157718
110.76,0.00155250817964058
110.98,0.00155316797509632
111.2,0.00155382571757126
111.42,0.0015544814166324
111.64,0.00155513508178741
111.86,0.00155578672248506
112.08,0.0015564363481157
112.3,0.00155708396801167
112.52,0.00155772959144779
112.74,0.00155837322764177
112.96,0.00155901488575467
113.18,0.00155965457489133
113.4,0.00156029230410079
113.62,0.00156092808237673
113.84,0.00156156191865789
114.06,0.00156219382182848
114.28,0.00156282380071859
114.5,0.00156345186410465
114.72,0.00156407802070976
114.94,0.00156470227920415
115.16,0.00156532464820557
115.38,0.00156594513627968
115.6,0.00156656375194043
115.82,0.00156718050365048
116.04,0.00156779539982155
116.26,0.00156840844881485
116.48,0.0015690196589414
116.7,0.00156962903846245
116.92,0.00157023659558984
117.14,0.00157084233848637
117.36,0.00157144627526616
117.58,0.001572048413995
117.8,0.00157264876269074
118.02,0.00157324732932363
118.24,0.00157384412181667
118.46,0.00157443914804597
118.68,0.00157503241584106
118.9,0.0015756239329853
119.12,0.00157621370721616
119.34,0.00157680174622558
119.56,0.00157738805766032
119.78,0.00157797264912225
120,0.00157855552816873
