"ResDensity","N_TraitValue"
3,0.00102859424866576
3.606,0.00123218523930779
4.212,0.00143440259032128
4.818,0.0016352601569984
5.424,0.00183477160891946
6.03,0.00203295043305407
6.636,0.00222980993680037
7.242,0.0024253632509637
7.848,0.00261962333267619
8.454,0.00281260296825868
9.06,0.00300431477602617
9.666,0.00319477120903816
10.272,0.00338398455779517
10.878,0.00357196695288261
11.484,0.00375873036756323
12.09,0.00394428662031926
12.696,0.00412864737734551
13.302,0.0043118241549943
13.908,0.00449382832217357
14.514,0.00467467110269899
15.12,0.00485436357760124
15.726,0.00503291668738936
16.332,0.00521034123427121
16.938,0.00538664788433195
17.544,0.0055618471696715
18.15,0.00573594949050179
18.756,0.00590896511720476
19.362,0.00608090419235202
19.968,0.0062517767326868
20.574,0.0064215926310692
21.18,0.00659036165838552
21.786,0.00675809346542224
22.392,0.00692479758470571
22.998,0.007090483432308
23.604,0.00725516030961988
24.21,0.00741883740509139
24.816,0.00758152379594087
25.422,0.00774322844983309
26.028,0.00790396022652696
26.634,0.00806372787949373
27.24,0.00822254005750608
27.846,0.00838040530619879
28.452,0.00853733206960161
29.058,0.00869332869164482
29.664,0.00884840341763819
30.27,0.00900256439572365
30.876,0.00915581967830251
31.482,0.00930817722343751
32.088,0.00945964489623033
32.694,0.009610230470175
33.3,0.00975994162848779
33.906,0.00990878596541398
34.512,0.010056770987512
35.118,0.0102039041149152
35.724,0.0103501926825725
36.33,0.0104956439414667
36.936,0.0106402650598132
37.542,0.0107840631242371
38.148,0.0109270451409309
38.754,0.0110692180367925
39.36,0.0112105886605437
39.966,0.0113511637838302
40.572,0.0114909501023023
41.178,0.0116299542366786
41.784,0.0117681827337911
42.39,0.0119056420676127
42.996,0.0120423386402685
43.602,0.0121782787830292
44.208,0.0123134687572891
44.814,0.012447914755527
45.42,0.0125816229022522
46.026,0.012714599254934
46.632,0.0128468498049171
47.238,0.0129783804783206
47.844,0.0131091971369242
48.45,0.0132393055790381
49.056,0.0133687115403602
49.662,0.0134974206948189
50.268,0.0136254386554024
50.874,0.0137527709749744
51.48,0.0138794231470774
52.086,0.0140054006067224
52.692,0.0141307087311665
53.298,0.0142553528406783
53.904,0.0143793381992901
54.51,0.0145026700155399
55.116,0.0146253534432001
55.722,0.0147473935819957
56.328,0.0148687954783107
56.934,0.0149895641258841
57.54,0.0151097044664943
58.146,0.0152292213906331
58.752,0.0153481197381698
59.358,0.0154664042990036
59.964,0.015584079813708
60.57,0.0157011509741632
61.176,0.0158176224241801
61.782,0.015933498760114
62.388,0.01604878453147
62.994,0.0161634842414974
63.6,0.0162776023477768
64.206,0.0163911432627973
64.812,0.0165041113545252
65.418,0.0166165109469644
66.024,0.0167283463207076
66.63,0.0168396217134802
67.236,0.0169503413206754
67.842,0.0170605092958813
68.448,0.0171701297514006
69.054,0.0172792067587623
69.66,0.0173877443492254
70.266,0.017495746514276
70.872,0.0176032172061161
71.478,0.0177101603381464
72.084,0.0178165797854406
72.69,0.0179224793852138
73.296,0.018027862937284
73.902,0.0181327342045258
74.508,0.0182370969133189
75.114,0.0183409547539896
75.72,0.0184443113812451
76.326,0.0185471704146027
76.932,0.0186495354388123
77.538,0.0187514100042728
78.144,0.0188527976274425
78.75,0.0189537017912437
79.356,0.0190541259454616
79.962,0.0191540735071376
80.568,0.0192535478609565
81.174,0.0193525523596289
81.78,0.0194510903242679
82.386,0.0195491650447601
82.992,0.0196467797801321
83.598,0.0197439377589113
84.204,0.0198406421794822
84.81,0.0199368962104366
85.416,0.0200327029909207
86.022,0.0201280656309755
86.628,0.0202229872118737
87.234,0.0203174707864517
87.84,0.0204115193794365
88.446,0.0205051359877689
89.052,0.0205983235809216
89.658,0.0206910851012131
90.264,0.0207834234641176
90.87,0.0208753415585704
91.476,0.0209668422472691
92.082,0.0210579283669706
92.688,0.0211486027287849
93.294,0.0212388681184634
93.9,0.0213287272966852
94.506,0.0214181829993376
95.112,0.0215072379377944
95.718,0.0215958947991896
96.324,0.0216841562466875
96.93,0.0217720249197499
97.536,0.0218595034343987
98.142,0.0219465943834758
98.748,0.0220333003368989
99.354,0.0221196238419151
99.96,0.0222055674233493
100.566,0.0222911335838512
101.172,0.0223763248041377
101.778,0.022461143543233
102.384,0.0225455922387049
102.99,0.0226296733068987
103.596,0.0227133891431672
104.202,0.0227967421220984
104.808,0.0228797345977401
105.414,0.0229623689038215
106.02,0.0230446473539718
106.626,0.0231265722419361
107.232,0.0232081458417888
107.838,0.023289370408144
108.444,0.0233702481763629
109.05,0.0234507813627591
109.656,0.023530972164801
110.262,0.023610822761312
110.868,0.023690335312667
111.474,0.0237695119609883
112.08,0.023848354830337
112.686,0.0239268660269037
113.292,0.0240050476391956
113.898,0.0240829017382218
114.504,0.0241604303776762
115.11,0.0242376355941182
115.716,0.0243145194071507
116.322,0.0243910838195967
116.928,0.0244673308176727
117.534,0.0245432623711606
118.14,0.0246188804335777
118.746,0.0246941869423438
119.352,0.0247691838189468
119.958,0.0248438729691061
120.564,0.0249182562829342
121.17,0.0249923356350958
121.776,0.0250661128849658
122.382,0.0251395898767841
122.988,0.0252127684398103
123.594,0.0252856503884744
124.2,0.0253582375225278
124.806,0.0254305316271905
125.412,0.0255025344732982
126.018,0.0255742478174466
126.624,0.025645673402134
127.23,0.0257168129559029
127.836,0.0257876681934792
128.442,0.02585824081591
129.048,0.0259285325106995
129.654,0.0259985449519441
130.26,0.0260682798004646
130.866,0.0261377387039381
131.472,0.0262069232970273
132.078,0.0262758352015092
132.684,0.0263444760264015
133.29,0.0264128473680879
133.896,0.026480950810442
134.502,0.0265487879249491
135.108,0.0266163602708281
135.714,0.0266836693951498
136.32,0.0267507168329557
136.926,0.0268175041073745
137.532,0.0268840327297375
138.138,0.0269503041996923
138.744,0.0270163200053159
139.35,0.027082081623226
139.956,0.0271475905186906
140.562,0.0272128481457377
141.168,0.0272778559472621
141.774,0.027342615355132
142.38,0.0274071277902945
142.986,0.0274713946628789
143.592,0.0275354173722999
144.198,0.027599197307359
144.804,0.0276627358463449
145.41,0.0277260343571328
146.016,0.0277890941972829
146.622,0.0278519167141367
147.228,0.0279145032449138
147.834,0.0279768551168061
148.44,0.0280389736470721
149.046,0.0281008601431294
149.652,0.0281625159026464
150.258,0.0282239422136333
150.864,0.0282851403545314
151.47,0.0283461115943021
152.076,0.0284068571925144
152.682,0.0284673783994317
153.288,0.0285276764560978
153.894,0.0285877525944213
154.5,0.02864760803726
155.106,0.0287072439985032
155.712,0.0287666616831546
156.318,0.0288258622874127
156.924,0.0288848469987516
157.53,0.028943616996
158.136,0.0290021734494202
158.742,0.0290605175207853
159.348,0.0291186503634562
159.954,0.0291765731224579
160.56,0.0292342869345542
161.166,0.0292917929283222
161.772,0.0293490922242263
162.378,0.0294061859346903
162.984,0.0294630751641699
163.59,0.0295197610092236
164.196,0.0295762445585833
164.802,0.0296325268932241
165.408,0.029688609086433
166.014,0.0297444922038776
166.62,0.0298001773036727
167.226,0.0298556654364483
167.832,0.0299109576454145
168.438,0.0299660549664278
169.044,0.0300209584280551
169.65,0.0300756690516383
170.256,0.030130187851357
170.862,0.0301845158342919
171.468,0.030238654000486
172.074,0.0302926033430067
172.68,0.030346364848006
173.286,0.0303999394947809
173.892,0.0304533282558327
174.498,0.030506532096926
175.104,0.0305595519771466
175.71,0.0306123888489595
176.316,0.0306650436582659
176.922,0.0307175173444593
177.528,0.0307698108404817
178.134,0.0308219250728789
178.74,0.0308738609618551
179.346,0.0309256194213269
179.952,0.0309772013589772
180.558,0.0310286076763082
181.164,0.0310798392686938
181.77,0.0311308970254318
182.376,0.0311817818297949
182.982,0.0312324945590823
183.588,0.0312830360846694
184.194,0.0313334072720584
184.8,0.0313836089809273
185.406,0.0314336420651786
186.012,0.0314835073729885
186.618,0.0315332057468538
187.224,0.0315827380236403
187.83,0.031632105034629
188.436,0.0316813076055634
189.042,0.0317303465566946
189.648,0.0317792227028276
190.254,0.0318279368533664
190.86,0.0318764898123581
191.466,0.0319248823785378
192.072,0.0319731153453719
192.678,0.0320211895011021
193.284,0.0320691056287874
193.89,0.0321168645063475
194.496,0.0321644669066044
195.102,0.0322119135973243
195.708,0.0322592053412587
196.314,0.0323063428961856
196.92,0.0323533270149496
197.526,0.0324001584455021
198.132,0.0324468379309411
198.738,0.0324933662095503
199.344,0.0325397440148385
199.95,0.0325859720755773
200.556,0.0326320511158402
201.162,0.0326779818550398
201.768,0.0327237650079654
202.374,0.03276940128482
202.98,0.0328148913912574
203.586,0.0328602360284181
204.192,0.0329054358929656
204.798,0.0329504916771217
205.404,0.0329954040687026
206.01,0.0330401737511531
206.616,0.0330848014035817
207.222,0.0331292877007948
207.828,0.0331736333133308
208.434,0.0332178389074937
209.04,0.0332619051453865
209.646,0.0333058326849444
210.252,0.0333496221799671
210.858,0.0333932742801518
211.464,0.0334367896311251
212.07,0.0334801688744748
212.676,0.0335234126477811
213.282,0.0335665215846487
213.888,0.0336094963147369
214.494,0.0336523374637907
215.1,0.0336950456536709
215.706,0.0337376215023845
216.312,0.0337800656241143
216.918,0.0338223786292486
217.524,0.03386456112441
218.13,0.0339066137124852
218.736,0.0339485369926529
219.342,0.0339903315604127
219.948,0.0340319980076134
220.554,0.0340735369224805
221.16,0.0341149488896442
221.766,0.0341562344901668
222.372,0.0341973943015699
222.978,0.0342384288978611
223.584,0.0342793388495609
224.19,0.0343201247237292
224.796,0.0343607870839914
225.402,0.034401326490564
226.008,0.0344417435002812
226.614,0.0344820386666194
227.22,0.0345222125397233
227.826,0.0345622656664304
228.432,0.0346021985902959
229.038,0.0346420118516177
229.644,0.0346817059874601
230.25,0.0347212815316785
230.856,0.0347607390149429
231.462,0.0348000789647622
232.068,0.0348393019055071
232.674,0.0348784083584337
233.28,0.0349173988417066
233.886,0.0349562738704216
234.492,0.0349950339566287
235.098,0.0350336796093542
235.704,0.0350722113346234
236.31,0.0351106296354822
236.916,0.0351489350120195
237.522,0.0351871279613885
238.128,0.0352252089778285
238.734,0.0352631785526859
239.34,0.0353010371744356
239.946,0.035338785328702
240.552,0.0353764234982794
241.158,0.0354139521631529
241.764,0.0354513718005188
242.37,0.0354886828848047
242.976,0.0355258858876895
243.582,0.0355629812781235
244.188,0.0355999695223477
244.794,0.0356368510839141
245.4,0.035673626423704
246.006,0.0357102959999482
246.612,0.0357468602682454
247.218,0.0357833196815813
247.824,0.0358196746903474
248.43,0.0358559257423591
249.036,0.0358920732828747
249.642,0.0359281177546133
250.248,0.0359640595977729
250.854,0.0359998992500482
251.46,0.0360356371466487
252.066,0.0360712737203159
252.672,0.0361068094013412
253.278,0.0361422446175829
253.884,0.0361775797944834
254.49,0.0362128153550864
255.096,0.0362479517200537
255.702,0.0362829893076818
256.308,0.0363179285339189
256.914,0.0363527698123807
257.52,0.0363875135543673
258.126,0.0364221601688793
258.732,0.0364567100626335
259.338,0.0364911636400793
259.944,0.036525521303414
260.55,0.0365597834525989
261.156,0.0365939504853744
261.762,0.0366280227972758
262.368,0.0366620007816481
262.974,0.0366958848296618
263.58,0.036729675330327
264.186,0.0367633726705093
264.792,0.0367969772349437
265.398,0.0368304894062497
266.004,0.0368639095649458
266.61,0.0368972380894637
267.216,0.0369304753561629
267.822,0.0369636217393444
268.428,0.0369966776112654
269.034,0.0370296433421524
269.64,0.0370625193002159
270.246,0.0370953058516635
270.852,0.0371280033607137
271.458,0.0371606121896093
272.064,0.0371931326986311
272.67,0.0372255652461107
273.276,0.037257910188444
273.882,0.0372901678801041
274.488,0.0373223386736542
275.094,0.0373544229197607
275.7,0.0373864209672057
276.306,0.0374183331628997
276.912,0.0374501598518941
277.518,0.0374819013773939
278.124,0.0375135580807695
278.73,0.0375451303015696
279.336,0.0375766183775327
279.942,0.0376080226445996
280.548,0.0376393434369253
281.154,0.0376705810868905
281.76,0.0377017359251138
282.366,0.037732808280463
282.972,0.0377637984800669
283.578,0.0377947068493268
284.184,0.0378255337119278
284.79,0.03785627938985
285.396,0.0378869442033798
286.002,0.0379175284711211
286.608,0.0379480325100065
287.214,0.0379784566353075
287.82,0.0380088011606464
288.426,0.0380390663980062
289.032,0.0380692526577419
289.638,0.0380993602485907
290.244,0.0381293894776826
290.85,0.0381593406505513
291.456,0.0381892140711437
292.062,0.0382190100418311
292.668,0.0382487288634188
293.274,0.0382783708351562
293.88,0.0383079362547474
294.486,0.0383374254183606
295.092,0.0383668386206382
295.698,0.0383961761547067
296.304,0.0384254383121862
296.91,0.0384546253832004
297.516,0.0384837376563858
298.122,0.0385127754189016
298.728,0.0385417389564388
299.334,0.0385706285532298
299.94,0.0385994444920576
300.546,0.0386281870542652
301.152,0.0386568565197642
301.758,0.0386854531670447
302.364,0.0387139772731839
302.97,0.0387424291138546
303.576,0.0387708089633352
304.182,0.0387991170945172
304.788,0.0388273537789152
305.394,0.0388555192866744
306,0.0388836138865803
