"ResDensity","N_TraitValue"
2.5675,0.00191930546033657
2.7288116,0.00203398578454798
2.8901232,0.00214800393224688
3.0514348,0.00226136562214056
3.2127464,0.00237407650727455
3.374058,0.00248614217597238
3.5353696,0.00259756815275918
3.6966812,0.00270835989926953
3.8579928,0.00281852281513979
4.0193044,0.00292806223888543
4.180616,0.00303698344876331
4.3419276,0.00314529166361958
4.5032392,0.00325299204372316
4.6645508,0.00336008969158532
4.8258624,0.00346658965276554
4.987174,0.00357249691666382
5.1484856,0.00367781641729992
5.3097972,0.00378255303407956
5.4711088,0.00388671159254803
5.6324204,0.00399029686513127
5.793732,0.00409331357186478
5.9550436,0.00419576638111058
6.1163552,0.00429765991026242
6.2776668,0.00439899872643942
6.4389784,0.00449978734716852
6.60029,0.00460003024105573
6.7616016,0.00469973182844656
6.9229132,0.00479889648207581
7.0842248,0.00489752852770682
7.2455364,0.00499563224476051
7.406848,0.0050932118669343
7.5681596,0.00519027158281113
7.7294712,0.00528681553645885
7.8907828,0.00538284782801995
8.0520944,0.00547837251429205
8.213406,0.00557339360929917
8.3747176,0.00566791508485396
8.5360292,0.00576194087111114
8.6973408,0.00585547485711221
8.8586524,0.00594852089132168
9.019964,0.00604108278215485
9.1812756,0.00613316429849748
9.3425872,0.0062247691702173
9.5038988,0.00631590108866766
9.6652104,0.00640656370718333
9.826522,0.00649676064156876
9.9878336,0.00658649547057871
10.1491452,0.00667577173639163
10.3104568,0.00676459294507575
10.4717684,0.00685296256704801
10.63308,0.00694088403752612
10.7943916,0.00702836075697365
10.9557032,0.00711539609153847
11.1170148,0.00720199337348451
11.2783264,0.00728815590161703
11.439638,0.00737388694170153
11.6009496,0.00745918972687635
11.7622612,0.0075440674580591
11.9235728,0.0076285233043471
12.0848844,0.00771256040341171
12.246196,0.00779618186188701
12.4075076,0.00787939075575254
12.5688192,0.00796219013071051
12.7301308,0.00804458300255743
12.8914424,0.00812657235755023
13.052754,0.00820816115276707
13.2140656,0.00828935231646284
13.3753772,0.00837014874841952
13.5366888,0.00845055332029139
13.6980004,0.00853056887594524
13.859312,0.00861019823179569
14.0206236,0.00868944417713562
14.1819352,0.00876830947446187
14.3432468,0.00884679685979626
14.5045584,0.00892490904300197
14.66587,0.00900264870809542
14.8271816,0.00908001851355372
14.9884932,0.00915702109261769
15.1498048,0.00923365905359063
15.3111164,0.0093099349801328
15.472428,0.00938585143155178
15.6337396,0.00946141094308873
15.7950512,0.0095366160262006
15.9563628,0.00961146916883839
16.1176744,0.00968597283572152
16.278986,0.00976012946860836
16.4402976,0.00983394148656296
16.6016092,0.00990741128621814
16.7629208,0.00998054124203485
16.9242324,0.010053333706558
17.085544,0.0101257910106687
17.2468556,0.0101979154638331
17.4081672,0.0102697093543478
17.5694788,0.0103411749495816
17.7307904,0.0104123144962147
17.892102,0.0104831302204735
18.0534136,0.0105536243283634
18.2147252,0.0106237990058975
18.3760368,0.0106936564193227
18.5373484,0.0107631987153428
18.69866,0.010832428021338
18.8599716,0.010901346445582
19.0212832,0.0109699560774561
19.1825948,0.0110382589876605
19.3439064,0.0111062572284221
19.505218,0.0111739528337006
19.6665296,0.011241347819391
19.8278412,0.0113084441835237
19.9891528,0.0113752439064621
20.1504644,0.0114417489510974
20.311776,0.0115079612630408
20.4730876,0.0115738827708132
20.6343992,0.0116395153860327
20.7957108,0.0117048610035989
20.9570224,0.0117699215018758
21.118334,0.0118346987428715
21.2796456,0.0118991945724158
21.4409572,0.0119634108203356
21.6022688,0.012027349300628
21.7635804,0.0120910118116311
21.924892,0.0121544001361925
22.0862036,0.0122175160418358
22.2475152,0.0122803612809248
22.4088268,0.0123429375908261
22.5701384,0.0124052466940685
22.73145,0.0124672902985015
22.8927616,0.0125290700974515
23.0540732,0.0125905877698753
23.2153848,0.0126518449805127
23.3766964,0.0127128433800365
23.538008,0.0127735846052005
23.6993196,0.0128340702789865
23.8606312,0.0128943020107484
24.0219428,0.0129542813963547
24.1832544,0.0130140100183304
24.344566,0.013073489445995
24.5058776,0.0131327212356009
24.6671892,0.0131917069304684
24.8285008,0.0132504480611205
24.9898124,0.0133089461454146
25.151124,0.0133672026886734
25.3124356,0.0134252191838145
25.4737472,0.0134829971114772
25.6350588,0.0135405379401491
25.7963704,0.0135978431262899
25.957682,0.013654914114455
26.1189936,0.0137117523374162
26.2803052,0.0137683592162822
26.4416168,0.0138247361606163
26.6029284,0.0138808845685544
26.76424,0.0139368058269195
26.9255516,0.0139925013113368
27.0868632,0.0140479723863459
27.2481748,0.0141032204055125
27.4094864,0.0141582467115385
27.570798,0.0142130526363706
27.7321096,0.0142676395013079
27.8934212,0.0143220086171083
28.0547328,0.0143761612840928
28.2160444,0.0144300987922498
28.377356,0.0144838224213373
28.5386676,0.0145373334409841
28.6999792,0.0145906331107897
28.8612908,0.0146437226804233
29.0226024,0.0146966033897215
29.183914,0.0147492764687847
29.3452256,0.0148017431380724
29.5065372,0.0148540046084978
29.6678488,0.0149060620815206
29.8291604,0.0149579167492392
29.990472,0.0150095697944819
30.1517836,0.0150610223908963
30.3130952,0.015112275703039
30.4744068,0.0151633308864625
30.6357184,0.015214189087803
30.79703,0.0152648514448656
30.9583416,0.0153153190867092
31.1196532,0.0153655931337307
31.2809648,0.0154156746977478
31.4422764,0.0154655648820807
31.603588,0.0155152647816333
31.7648996,0.0155647754829735
31.9262112,0.0156140980644121
32.0875228,0.0156632335960811
32.2488344,0.0157121831400113
32.410146,0.0157609477502087
32.5714576,0.01580952847273
32.7327692,0.0158579263457576
32.8940808,0.0159061423996736
33.0553924,0.0159541776571328
33.216704,0.0160020331331349
33.3780156,0.0160497098350962
33.5393272,0.0160972087629202
33.7006388,0.0161445309090676
33.8619504,0.0161916772586252
34.023262,0.0162386487893743
34.1845736,0.0162854464718587
34.3458852,0.0163320712694511
34.5071968,0.0163785241384191
34.6685084,0.0164248060279911
34.82982,0.0164709178804206
34.9911316,0.0165168606310503
35.1524432,0.016562635208375
35.3137548,0.0166082425341047
35.4750664,0.016653683523226
35.636378,0.0166989590840636
35.7976896,0.0167440701183405
35.9590012,0.0167890175212383
36.1203128,0.0168338021814559
36.2816244,0.0168784249812686
36.442936,0.0169228867965856
36.6042476,0.0169671884970075
36.7655592,0.0170113309458832
36.9268708,0.0170553150003655
37.0881824,0.0170991415114669
37.249494,0.0171428113241145
37.4108056,0.0171863252772043
37.5721172,0.0172296842036547
37.7334288,0.0172728889304599
37.8947404,0.0173159402787423
38.056052,0.0173588390638046
38.2173636,0.0174015860951815
38.3786752,0.0174441821766899
38.5399868,0.0174866281064803
38.7012984,0.0175289246770857
38.86261,0.0175710726754716
39.0239216,0.0176130728830844
39.1852332,0.0176549260759
39.3465448,0.0176966330244714
39.5078564,0.0177381944939759
39.669168,0.0177796112442622
39.8304796,0.0178208840298964
39.9917912,0.017862013600208
40.1531028,0.0179030006993352
40.3144144,0.0179438460662699
40.475726,0.0179845504349018
40.6370376,0.0180251145340626
40.7983492,0.0180655390875696
40.9596608,0.0181058248142685
41.1209724,0.0181459724280761
41.282284,0.0181859826380224
41.4435956,0.0182258561482927
41.6049072,0.0182655936582684
41.7662188,0.0183051958625681
41.9275304,0.0183446634510884
42.088842,0.0183839971090434
42.2501536,0.0184231975170046
42.4114652,0.0184622653509404
42.5727768,0.0185012012822546
42.7340884,0.0185400059778249
42.8954,0.0185786801000412
43.0567116,0.0186172243068432
43.2180232,0.0186556392517575
43.3793348,0.0186939255839347
43.5406464,0.0187320839481862
43.701958,0.01877011498502
43.8632696,0.0188080193306766
44.0245812,0.0188457976171649
44.1858928,0.0188834504722967
44.3472044,0.0189209785197219
44.508516,0.0189583823789629
44.6698276,0.0189956626654485
44.8311392,0.0190328199905479
44.9924508,0.0190698549616039
45.1537624,0.0191067681819659
45.315074,0.0191435602510233
45.4763856,0.0191802317642371
45.6376972,0.0192167833131725
45.7990088,0.0192532154855306
45.9603204,0.0192895288651801
46.121632,0.0193257240321882
46.2829436,0.0193618015628515
46.4442552,0.0193977620297267
46.6055668,0.0194336060016611
46.7668784,0.0194693340438221
46.92819,0.0195049467177272
47.0895016,0.0195404445812737
47.2508132,0.0195758281887671
47.4121248,0.0196110980909505
47.5734364,0.0196462548350334
47.734748,0.019681298964719
47.8960596,0.0197162310202336
48.0573712,0.019751051538353
48.2186828,0.019785761052431
48.3799944,0.0198203600924261
48.541306,0.0198548491849289
48.7026176,0.0198892288531882
48.8639292,0.019923499617138
49.0252408,0.0199576619934235
49.1865524,0.0199917164954271
49.347864,0.0200256636332941
49.5091756,0.0200595039139582
49.6704872,0.0200932378411665
49.8317988,0.0201268659155051
49.9931104,0.0201603886344231
50.154422,0.0201938064922578
50.3157336,0.0202271199802584
50.4770452,0.0202603295866105
50.6383568,0.02029343579646
50.7996684,0.0203264390919362
50.96098,0.0203593399521758
51.1222916,0.0203921388533457
51.2836032,0.0204248362686662
51.4449148,0.0204574326684336
51.6062264,0.0204899285200428
51.767538,0.0205223242880097
51.9288496,0.0205546204339932
52.0901612,0.0205868174168174
52.2514728,0.0206189156924928
52.4127844,0.0206509157142386
52.574096,0.0206828179325032
52.7354076,0.0207146227949861
52.8967192,0.0207463307466582
53.0580308,0.0207779422297829
53.2193424,0.0208094576839368
53.380654,0.0208408775460295
53.5419656,0.0208722022503244
53.7032772,0.0209034322284586
53.8645888,0.0209345679094623
54.0259004,0.0209656097197789
54.187212,0.0209965580832842
54.3485236,0.021027413421306
54.5098352,0.0210581761526428
54.6711468,0.0210888466935831
54.8324584,0.0211194254579241
54.99377,0.0211499128569901
55.1550816,0.0211803092996512
55.3163932,0.0212106151923415
55.4777048,0.0212408309390771
55.6390164,0.0212709569414743
55.800328,0.021300993598767
55.9616396,0.0213309413078249
56.1229512,0.0213608004631703
56.2842628,0.0213905714569962
56.4455744,0.0214202546791826
56.606886,0.0214498505173143
56.7681976,0.0214793593566973
56.9295092,0.0215087815803758
57.0908208,0.0215381175691484
57.2521324,0.021567367701585
57.413444,0.0215965323540427
57.5747556,0.0216256119006822
57.7360672,0.0216546067134836
57.8973788,0.0216835171622625
58.0586904,0.0217123436146853
58.220002,0.0217410864362854
58.3813136,0.021769745990478
58.5426252,0.0217983226385761
58.7039368,0.0218268167398049
58.8652484,0.0218552286513175
59.02656,0.0218835587282096
59.1878716,0.0219118073235343
59.3491832,0.0219399747883166
59.5104948,0.0219680614715682
59.6718064,0.0219960677203018
59.833118,0.0220239938795453
59.9944296,0.0220518402923562
60.1557412,0.0220796072998354
60.3170528,0.0221072952411414
60.4783644,0.0221349044535038
60.639676,0.0221624352722371
60.8009876,0.0221898880307545
60.9622992,0.0222172630605809
61.1236108,0.0222445606913669
61.2849224,0.0222717812509013
61.446234,0.0222989250651247
61.6075456,0.0223259924581425
61.7688572,0.0223529837522375
61.9301688,0.0223798992678829
62.0914804,0.0224067393237551
62.252792,0.0224335042367459
62.4141036,0.0224601943219755
62.5754152,0.0224868098928043
62.7367268,0.0225133512608455
62.8980384,0.0225398187359774
63.05935,0.022566212626355
63.2206616,0.0225925332384223
63.3819732,0.0226187808769241
63.5432848,0.0226449558449178
63.7045964,0.0226710584437848
63.865908,0.0226970889732425
64.0272196,0.0227230477313553
64.1885312,0.0227489350145465
64.3498428,0.0227747511176091
64.5111544,0.0228004963337173
64.672466,0.0228261709544372
64.8337776,0.0228517752697386
64.9950892,0.022877309568005
65.1564008,0.022902774136045
65.3177124,0.0229281692591028
65.479024,0.0229534952208689
65.6403356,0.022978752303491
65.8016472,0.0230039407875837
65.9629588,0.0230290609522398
66.1242704,0.0230541130750397
66.285582,0.0230790974320626
66.4468936,0.0231040142978958
66.6082052,0.0231288639456451
66.7695168,0.023153646646945
66.9308284,0.0231783626719681
67.09214,0.0232030122894354
67.2534516,0.0232275957666258
67.4147632,0.0232521133693855
67.5760748,0.0232765653621383
67.7373864,0.0233009520078945
67.898698,0.0233252735682603
68.0600096,0.0233495303034477
68.2213212,0.0233737224722832
68.3826328,0.0233978503322174
68.5439444,0.0234219141393338
68.705256,0.0234459141483583
68.8665676,0.0234698506126676
69.0278792,0.0234937237842988
69.1891908,0.0235175339139577
69.3505024,0.0235412812510276
69.511814,0.0235649660435785
69.6731256,0.0235885885383753
69.8344372,0.0236121489808863
69.9957488,0.0236356476152922
70.1570604,0.0236590846844938
70.318372,0.0236824604301213
70.4796836,0.0237057750925417
70.6409952,0.0237290289108676
70.8023068,0.0237522221229652
70.9636184,0.0237753549654622
71.12493,0.0237984276737565
71.2862416,0.0238214404820233
71.4475532,0.0238443936232238
71.6088648,0.0238672873291125
71.7701764,0.0238901218302453
71.931488,0.0239128973559874
72.0927996,0.0239356141345204
72.2541112,0.0239582723928504
72.4154228,0.0239808723568156
72.5767344,0.0240034142510933
72.738046,0.0240258982992081
72.8993576,0.0240483247235385
73.0606692,0.0240706937453248
73.2219808,0.0240930055846761
73.3832924,0.0241152604605776
73.544604,0.0241374585908979
73.7059156,0.0241596001923957
73.8672272,0.0241816854807274
74.0285388,0.0242037146704537
74.1898504,0.0242256879750467
74.351162,0.0242476056068966
74.5124736,0.0242694677773191
74.6737852,0.0242912746965614
74.8350968,0.0243130265738096
74.9964084,0.024334723617195
75.15772,0.024356366033801
75.3190316,0.0243779540296695
75.4803432,0.0243994878098074
75.6416548,0.0244209675781934
75.8029664,0.024442393537784
75.964278,0.0244637658905203
76.1255896,0.024485084837334
76.2869012,0.0245063505781541
76.4482128,0.0245275633119127
76.6095244,0.0245487232365515
76.770836,0.0245698305490278
76.9321476,0.0245908854453209
77.0934592,0.0246118881204376
77.2547708,0.024632838768419
77.4160824,0.0246537375823456
77.577394,0.024674584754344
77.7387056,0.0246953804755924
77.9000172,0.0247161249363264
78.0613288,0.0247368183258449
78.2226404,0.0247574608325161
78.383952,0.0247780526437827
78.5452636,0.0247985939461681
78.7065752,0.0248190849252816
78.8678868,0.0248395257658242
79.0291984,0.0248599166515943
79.19051,0.0248802577654928
79.3518216,0.024900549289529
79.5131332,0.0249207914048258
79.6744448,0.0249409842916249
79.8357564,0.0249611281292928
79.997068,0.0249812230963253
80.1583796,0.0250012693703534
80.3196912,0.025021267128148
80.4810028,0.0250412165456258
80.6423144,0.0250611177978537
80.803626,0.0250809710590544
80.9649376,0.0251007765026114
81.1262492,0.0251205343010739
81.2875608,0.025140244626162
81.4488724,0.0251599076487714
81.610184,0.0251795235389788
81.7714956,0.0251990924660462
81.9328072,0.0252186145984265
82.0941188,0.0252380901037676
82.2554304,0.0252575191489177
82.416742,0.0252769018999297
82.5780536,0.0252962385220663
82.7393652,0.0253155291798045
82.9006768,0.0253347740368402
83.0619884,0.0253539732560931
83.2233,0.0253731269997108
