"ResDensity","N_TraitValue"
55.1144,2.34026774554027e-06
55.9149606,2.36814819742211e-06
56.7155212,2.39588545171992e-06
57.5160818,2.42348060882961e-06
58.3166424,2.4509347579013e-06
59.117203,2.47824897698259e-06
59.9177636,2.50542433315974e-06
60.7183242,2.53246188269655e-06
61.5188848,2.55936267117128e-06
62.3194454,2.5861277336114e-06
63.120006,2.61275809462634e-06
63.9205666,2.63925476853824e-06
64.7211272,2.66561875951075e-06
65.5216878,2.69185106167588e-06
66.3222484,2.71795265925893e-06
67.122809,2.74392452670162e-06
67.9233696,2.76976762878335e-06
68.7239302,2.79548292074065e-06
69.5244908,2.8210713483849e-06
70.3250514,2.84653384821824e-06
71.125612,2.87187134754789e-06
71.9261726,2.89708476459869e-06
72.7267332,2.92217500862401e-06
73.5272938,2.94714298001506e-06
74.3278544,2.97198957040862e-06
75.128415,2.99671566279317e-06
75.9289756,3.02132213161346e-06
76.7295362,3.04580984287363e-06
77.5300968,3.07017965423881e-06
78.3306574,3.09443241513522e-06
79.131218,3.1185689668489e-06
79.9317786,3.14259014262296e-06
80.7323392,3.16649676775347e-06
81.5328998,3.19028965968401e-06
82.3334604,3.21396962809879e-06
83.134021,3.23753747501455e-06
83.9345816,3.26099399487106e-06
84.7351422,3.28433997462042e-06
85.5357028,3.30757619381508e-06
86.3362634,3.33070342469454e-06
87.136824,3.35372243227099e-06
87.9373846,3.3766339744136e-06
88.7379452,3.39943880193172e-06
89.5385058,3.4221376586569e-06
90.3390664,3.44473128152375e-06
91.139627,3.4672204006497e-06
91.9401876,3.48960573941364e-06
92.7407482,3.51188801453348e-06
93.5413088,3.53406793614267e-06
94.3418694,3.55614620786561e-06
95.14243,3.57812352689207e-06
95.9429906,3.60000058405058e-06
96.7435512,3.6217780638808e-06
97.5441118,3.64345664470493e-06
98.3446724,3.66503699869817e-06
99.145233,3.68651979195812e-06
99.9457936,3.70790568457339e-06
100.7463542,3.72919533069116e-06
101.5469148,3.75038937858392e-06
102.3474754,3.7714884707152e-06
103.148036,3.79249324380457e-06
103.9485966,3.81340432889165e-06
104.7491572,3.83422235139931e-06
105.5497178,3.854947931196e-06
106.3502784,3.87558168265732e-06
107.150839,3.89612421472671e-06
107.9513996,3.91657613097533e-06
108.7519602,3.9369380296612e-06
109.5525208,3.95721050378754e-06
110.3530814,3.97739414116032e-06
111.153642,3.99748952444508e-06
111.9542026,4.017497231223e-06
112.7547632,4.03741783404624e-06
113.5553238,4.05725190049256e-06
114.3558844,4.07699999321921e-06
115.156445,4.09666267001613e-06
115.9570056,4.11624048385852e-06
116.7575662,4.13573398295862e-06
117.5581268,4.15514371081689e-06
118.3586874,4.17447020627257e-06
119.159248,4.19371400355346e-06
119.9598086,4.21287563232524e-06
120.7603692,4.23195561773999e-06
121.5609298,4.25095448048421e-06
122.3614904,4.26987273682617e-06
123.162051,4.28871089866266e-06
123.9626116,4.30746947356519e-06
124.7631722,4.32614896482556e-06
125.5637328,4.34474987150088e-06
126.3642934,4.36327268845799e-06
127.164854,4.38171790641739e-06
127.9654146,4.40008601199653e-06
128.7659752,4.41837748775265e-06
129.5665358,4.43659281222499e-06
130.3670964,4.45473245997656e-06
131.167657,4.47279690163534e-06
131.9682176,4.49078660393497e-06
132.7687782,4.50870202975498e-06
133.5693388,4.52654363816045e-06
134.3698994,4.54431188444126e-06
135.17046,4.56200722015077e-06
135.9710206,4.57963009314413e-06
136.7715812,4.59718094761603e-06
137.5721418,4.61466022413801e-06
138.3727024,4.63206835969536e-06
139.173263,4.64940578772351e-06
139.9738236,4.66667293814401e-06
140.7743842,4.68387023740008e-06
141.5749448,4.7009981084917e-06
142.3755054,4.71805697101028e-06
143.176066,4.73504724117297e-06
143.9766266,4.75196933185647e-06
144.7771872,4.76882365263047e-06
145.5777478,4.78561060979073e-06
146.3783084,4.80233060639172e-06
147.178869,4.81898404227884e-06
147.9794296,4.83557131412034e-06
148.7799902,4.85209281543879e-06
149.5805508,4.8685489366422e-06
150.3811114,4.88494006505478e-06
151.181672,4.90126658494734e-06
151.9822326,4.9175288775673e-06
152.7827932,4.93372732116835e-06
153.5833538,4.94986229103985e-06
154.3839144,4.96593415953571e-06
155.184475,4.98194329610311e-06
155.9850356,4.99789006731079e-06
156.7855962,5.01377483687702e-06
157.5861568,5.02959796569725e-06
158.3867174,5.04535981187145e-06
159.187278,5.06106073073115e-06
159.9878386,5.07670107486607e-06
160.7883992,5.09228119415059e-06
161.5889598,5.10780143576981e-06
162.3895204,5.12326214424533e-06
163.190081,5.13866366146074e-06
163.9906416,5.15400632668685e-06
164.7912022,5.16929047660658e-06
165.5917628,5.18451644533958e-06
166.3923234,5.1996845644666e-06
167.192884,5.21479516305355e-06
167.9934446,5.22984856767529e-06
168.7940052,5.24484510243916e-06
169.5945658,5.25978508900826e-06
170.3951264,5.27466884662442e-06
171.195687,5.28949669213095e-06
171.9962476,5.30426893999512e-06
172.7968082,5.31898590233041e-06
173.5973688,5.33364788891848e-06
174.3979294,5.34825520723088e-06
175.19849,5.36280816245058e-06
175.9990506,5.37730705749323e-06
176.7996112,5.39175219302813e-06
177.6001718,5.40614386749904e-06
178.4007324,5.42048237714477e-06
179.201293,5.43476801601943e-06
180.0018536,5.44900107601259e-06
180.8024142,5.46318184686915e-06
181.6029748,5.477310616209e-06
182.4035354,5.49138766954644e-06
183.204096,5.50541329030944e-06
184.0046566,5.51938775985868e-06
184.8052172,5.5333113575063e-06
185.6057778,5.54718436053457e-06
186.4063384,5.56100704421429e-06
187.206899,5.57477968182296e-06
188.0074596,5.58850254466281e-06
188.8080202,5.60217590207863e-06
189.6085808,5.61580002147539e-06
190.4091414,5.62937516833562e-06
191.209702,5.64290160623674e-06
192.0102626,5.65637959686805e-06
192.8108232,5.66980940004763e-06
193.6113838,5.68319127373904e-06
194.4119444,5.69652547406784e-06
195.212505,5.70981225533791e-06
196.0130656,5.72305187004764e-06
196.8136262,5.73624456890592e-06
197.6141868,5.74939060084794e-06
198.4147474,5.76249021305089e-06
199.215308,5.77554365094942e-06
200.0158686,5.78855115825097e-06
200.8164292,5.80151297695096e-06
201.6169898,5.81442934734778e-06
202.4175504,5.82730050805764e-06
203.218111,5.84012669602926e-06
204.0186716,5.85290814655842e-06
204.8192322,5.86564509330235e-06
205.6197928,5.87833776829397e-06
206.4203534,5.89098640195596e-06
207.220914,5.90359122311471e-06
208.0214746,5.91615245901416e-06
208.8220352,5.9286703353294e-06
209.6225958,5.9411450761802e-06
210.4231564,5.95357690414441e-06
211.223717,5.96596604027118e-06
212.0242776,5.97831270409406e-06
212.8248382,5.99061711364397e-06
213.6253988,6.00287948546204e-06
214.4259594,6.01510003461229e-06
215.22652,6.02727897469425e-06
216.0270806,6.03941651785535e-06
216.8276412,6.05151287480328e-06
217.6282018,6.06356825481816e-06
218.4287624,6.07558286576462e-06
219.229323,6.08755691410373e-06
220.0298836,6.09949060490486e-06
220.8304442,6.11138414185736e-06
221.6310048,6.12323772728216e-06
222.4315654,6.13505156214322e-06
223.232126,6.14682584605893e-06
224.0326866,6.15856077731331e-06
224.8332472,6.17025655286717e-06
225.6338078,6.18191336836911e-06
226.4343684,6.19353141816646e-06
227.234929,6.20511089531603e-06
228.0354896,6.21665199159486e-06
228.8360502,6.22815489751076e-06
229.6366108,6.23961980231282e-06
230.4371714,6.25104689400179e-06
231.237732,6.26243635934034e-06
232.0382926,6.27378838386325e-06
232.8388532,6.28510315188745e-06
233.6394138,6.29638084652206e-06
234.4399744,6.30762164967821e-06
235.240535,6.31882574207885e-06
236.0410956,6.32999330326843e-06
236.8416562,6.34112451162247e-06
237.6422168,6.35221954435709e-06
238.4427774,6.36327857753839e-06
239.243338,6.37430178609179e-06
240.0438986,6.38528934381122e-06
240.8444592,6.39624142336828e-06
241.6450198,6.40715819632126e-06
242.4455804,6.41803983312413e-06
243.246141,6.42888650313538e-06
244.0467016,6.43969837462684e-06
244.8472622,6.45047561479234e-06
245.6478228,6.46121838975637e-06
246.4483834,6.47192686458259e-06
247.248944,6.48260120328227e-06
248.0495046,6.49324156882273e-06
248.8500652,6.50384812313555e-06
249.6506258,6.51442102712484e-06
250.4511864,6.52496044067534e-06
251.251747,6.53546652266053e-06
252.0523076,6.54593943095055e-06
252.8528682,6.55637932242016e-06
253.6534288,6.56678635295654e-06
254.4539894,6.57716067746707e-06
255.25455,6.58750244988701e-06
256.0551106,6.5978118231871e-06
256.8556712,6.60808894938111e-06
257.6562318,6.61833397953333e-06
258.4567924,6.62854706376595e-06
259.257353,6.6387283512664e-06
260.0579136,6.6488779902946e-06
260.8584742,6.6589961281902e-06
261.6590348,6.66908291137965e-06
262.4595954,6.67913848538331e-06
263.260156,6.68916299482242e-06
264.0607166,6.69915658342607e-06
264.8612772,6.709119394038e-06
265.6618378,6.71905156862349e-06
266.4623984,6.72895324827605e-06
267.262959,6.7388245732241e-06
268.0635196,6.74866568283764e-06
268.8640802,6.75847671563472e-06
269.6646408,6.76825780928804e-06
270.4652014,6.77800910063133e-06
271.265762,6.78773072566572e-06
272.0663226,6.7974228195661e-06
272.8668832,6.80708551668739e-06
273.6674438,6.81671895057071e-06
274.4680044,6.82632325394954e-06
275.268565,6.83589855875585e-06
276.0691256,6.8454449961261e-06
276.8696862,6.85496269640726e-06
277.6702468,6.86445178916272e-06
278.4708074,6.87391240317818e-06
279.271368,6.88334466646746e-06
280.0719286,6.89274870627831e-06
280.8724892,6.90212464909809e-06
281.6730498,6.91147262065948e-06
282.4736104,6.92079274594604e-06
283.274171,6.93008514919787e-06
284.0747316,6.93934995391706e-06
284.8752922,6.94858728287318e-06
285.6758528,6.95779725810869e-06
286.4764134,6.96698000094438e-06
287.276974,6.97613563198459e-06
288.0775346,6.98526427112259e-06
288.8780952,6.99436603754575e-06
289.6786558,7.00344104974076e-06
290.4792164,7.01248942549874e-06
291.279777,7.02151128192037e-06
292.0803376,7.03050673542094e-06
292.8808982,7.03947590173533e-06
293.6814588,7.04841889592298e-06
294.4820194,7.05733583237283e-06
295.28258,7.0662268248082e-06
296.0831406,7.07509198629159e-06
296.8837012,7.0839314292295e-06
297.6842618,7.09274526537717e-06
298.4848224,7.10153360584329e-06
299.285383,7.1102965610947e-06
300.0859436,7.11903424096095e-06
300.8865042,7.12774675463897e-06
301.6870648,7.13643421069755e-06
302.4876254,7.14509671708189e-06
303.288186,7.15373438111805e-06
304.0887466,7.16234730951741e-06
304.8893072,7.17093560838103e-06
305.6898678,7.17949938320403e-06
306.4904284,7.1880387388799e-06
307.290989,7.19655377970478e-06
308.0915496,7.20504460938172e-06
308.8921102,7.21351133102488e-06
309.6926708,7.22195404716371e-06
310.4932314,7.23037285974707e-06
311.293792,7.23876787014736e-06
312.0943526,7.24713917916457e-06
312.8949132,7.25548688703033e-06
313.6954738,7.26381109341189e-06
314.4960344,7.2721118974161e-06
315.296595,7.28038939759336e-06
316.0971556,7.28864369194147e-06
316.8977162,7.29687487790955e-06
317.6982768,7.30508305240185e-06
318.4988374,7.31326831178156e-06
319.299398,7.32143075187456e-06
320.0999586,7.3295704679732e-06
320.9005192,7.33768755483997e-06
321.7010798,7.3457821067112e-06
322.5016404,7.35385421730069e-06
323.302201,7.36190397980336e-06
324.1027616,7.36993148689879e-06
324.9033222,7.3779368307548e-06
325.7038828,7.38592010303098e-06
326.5044434,7.3938813948822e-06
327.305004,7.40182079696205e-06
328.1055646,7.4097383994263e-06
328.9061252,7.4176342919363e-06
329.7066858,7.42550856366239e-06
330.5072464,7.43336130328722e-06
331.307807,7.44119259900912e-06
332.1083676,7.44900253854537e-06
332.9089282,7.45679120913547e-06
333.7094888,7.46455869754444e-06
334.5100494,7.47230509006598e-06
335.31061,7.48003047252569e-06
336.1111706,7.48773493028425e-06
336.9117312,7.49541854824056e-06
337.7122918,7.50308141083486e-06
338.5128524,7.51072360205179e-06
339.313413,7.5183452054235e-06
340.1139736,7.5259463040327e-06
340.9145342,7.53352698051562e-06
341.7150948,7.54108731706507e-06
342.5156554,7.54862739543337e-06
343.316216,7.55614729693531e-06
344.1167766,7.56364710245109e-06
344.9173372,7.57112689242918e-06
345.7178978,7.57858674688924e-06
346.5184584,7.58602674542492e-06
347.319019,7.59344696720677e-06
348.1195796,7.60084749098496e-06
348.9201402,7.60822839509213e-06
349.7207008,7.61558975744614e-06
350.5212614,7.62293165555276e-06
351.321822,7.63025416650849e-06
352.1223826,7.63755736700317e-06
352.9229432,7.64484133332268e-06
353.7235038,7.65210614135164e-06
354.5240644,7.65935186657598e-06
355.324625,7.6665785840856e-06
356.1251856,7.67378636857695e-06
356.9257462,7.68097529435559e-06
357.7263068,7.68814543533877e-06
358.5268674,7.69529686505795e-06
359.327428,7.7024296566613e-06
360.1279886,7.70954388291623e-06
360.9285492,7.71663961621181e-06
361.7291098,7.72371692856128e-06
362.5296704,7.73077589160447e-06
363.330231,7.73781657661019e-06
364.1307916,7.74483905447865e-06
364.9313522,7.75184339574387e-06
365.7319128,7.75882967057597e-06
366.5324734,7.76579794878358e-06
367.333034,7.77274829981613e-06
368.1335946,7.77968079276616e-06
368.9341552,7.78659549637164e-06
369.7347158,7.79349247901818e-06
370.5352764,7.80037180874136e-06
371.335837,7.8072335532289e-06
372.1363976,7.81407777982292e-06
372.9369582,7.82090455552214e-06
373.7375188,7.82771394698406e-06
374.5380794,7.8345060205271e-06
375.33864,7.84128084213282e-06
376.1392006,7.84803847744798e-06
376.9397612,7.85477899178673e-06
377.7403218,7.86150245013266e-06
378.5408824,7.86820891714093e-06
379.341443,7.87489845714029e-06
380.1420036,7.88157113413522e-06
380.9425642,7.88822701180787e-06
381.7431248,7.89486615352017e-06
382.5436854,7.9014886223158e-06
383.344246,7.90809448092218e-06
384.1448066,7.91468379175248e-06
384.9453672,7.92125661690757e-06
385.7459278,7.92781301817795e-06
386.5464884,7.93435305704573e-06
387.347049,7.94087679468652e-06
388.1476096,7.94738429197134e-06
388.9481702,7.95387560946852e-06
389.7487308,7.96035080744559e-06
390.5492914,7.96680994587113e-06
391.349852,7.9732530844166e-06
392.1504126,7.97968028245824e-06
392.9509732,7.98609159907883e-06
393.7515338,7.99248709306953e-06
394.5520944,7.99886682293169e-06
395.352655,8.0052308468786e-06
396.1532156,8.01157922283728e-06
396.9537762,8.01791200845025e-06
397.7543368,8.02422926107723e-06
398.5548974,8.03053103779694e-06
399.355458,8.03681739540876e-06
400.1560186,8.04308839043445e-06
400.9565792,8.04934407911987e-06
401.7571398,8.05558451743663e-06
402.5577004,8.06180976108378e-06
403.358261,8.06801986548946e-06
404.1588216,8.07421488581254e-06
404.9593822,8.08039487694425e-06
405.7599428,8.08655989350984e-06
406.5605034,8.09270998987011e-06
407.361064,8.09884522012311e-06
408.1616246,8.10496563810563e-06
408.9621852,8.11107129739484e-06
409.7627458,8.11716225130982e-06
410.5633064,8.12323855291314e-06
411.363867,8.12930025501235e-06
412.1644276,8.13534741016158e-06
412.9649882,8.141380070663e-06
413.7655488,8.14739828856836e-06
414.5661094,8.15340211568046e-06
415.36667,8.15939160355469e-06
416.1672306,8.16536680350043e-06
416.9677912,8.17132776658258e-06
417.7683518,8.17727454362297e-06
418.5689124,8.18320718520185e-06
419.369473,8.18912574165926e-06
420.1700336,8.19503026309652e-06
420.9705942,8.20092079937762e-06
421.7711548,8.20679740013059e-06
422.5717154,8.21266011474895e-06
423.372276,8.21850899239304e-06
424.1728366,8.22434408199145e-06
424.9733972,8.23016543224234e-06
425.7739578,8.2359730916148e-06
426.5745184,8.24176710835021e-06
427.375079,8.24754753046359e-06
428.1756396,8.25331440574489e-06
428.9762002,8.25906778176031e-06
429.7767608,8.26480770585365e-06
430.5773214,8.27053422514757e-06
431.377882,8.27624738654488e-06
432.1784426,8.28194723672984e-06
432.9790032,8.28763382216941e-06
433.7795638,8.29330718911455e-06
434.5801244,8.29896738360142e-06
435.380685,8.30461445145268e-06
436.1812456,8.31024843827867e-06
436.9818062,8.31586938947869e-06
437.7823668,8.3214773502422e-06
438.5829274,8.32707236555002e-06
439.383488,8.33265448017554e-06
440.1840486,8.33822373868591e-06
440.9846092,8.34378018544325e-06
441.7851698,8.34932386460579e-06
442.5857304,8.35485482012908e-06
443.386291,8.36037309576712e-06
444.1868516,8.36587873507352e-06
444.9874122,8.37137178140265e-06
445.7879728,8.3768522779108e-06
446.5885334,8.38232026755726e-06
447.389094,8.38777579310549e-06
448.1896546,8.39321889712421e-06
448.9902152,8.39864962198852e-06
449.7907758,8.40406800988098e-06
450.5913364,8.40947410279272e-06
451.391897,8.41486794252453e-06
452.1924576,8.42024957068793e-06
452.9930182,8.42561902870621e-06
453.7935788,8.43097635781554e-06
454.5941394,8.43632159906602e-06
455.3947,8.44165479332268e-06
