"ResDensity","N_TraitValue"
1.063,0.00533755431945536
1.2416136,0.00615089742530952
1.4202272,0.00694273788763184
1.5988408,0.00771391729143375
1.7774544,0.008465233869281
1.956068,0.0091974452573113
2.1346816,0.00991127104364377
2.3132952,0.0106073951271992
2.4919088,0.0112864679031853
2.6705224,0.0119491082899264
2.849136,0.0125959056103155
3.0277496,0.013227421339909
3.2063632,0.0138441907325644
3.3849768,0.0144467243335119
3.5635904,0.0150355093888518
3.742204,0.0156110111596543
3.9208176,0.0161736741481112
4.0994312,0.0167239232425309
4.2780448,0.0172621647873752
4.4566584,0.0177887875840008
4.635272,0.0183041638272854
4.8138856,0.0188086499828802
4.9924992,0.0193025876094335
5.1711128,0.0197863041297713
5.3497264,0.0202601135546943
5.52834,0.020724317162752
5.7069536,0.0211792041390883
5.8855672,0.0216250521762035
6.0641808,0.0220621280392561
6.2427944,0.0224906880983222
6.421408,0.0229109788298441
6.6000216,0.0233232372893293
6.7786352,0.0237276915572037
6.9572488,0.0241245611595827
7.1358624,0.0245140574655893
7.314476,0.0248963840627323
7.4930896,0.0252717371117425
7.6717032,0.0256403056821697
7.8503168,0.0260022720699436
8.0289304,0.0263578120980215
8.207544,0.0267070954011638
8.3861576,0.0270502856958057
8.5647712,0.0273875410359289
8.7433848,0.0277190140557713
8.9219984,0.0280448522001594
9.100612,0.0283651979431932
9.2792256,0.0286801889959647
9.4578392,0.0289899585039464
9.6364528,0.0292946352346445
9.8150664,0.029594343756072
9.99368,0.0298892046065619
10.1722936,0.0301793344564062
10.3509072,0.0304648462617762
10.5295208,0.0307458494113519
10.7081344,0.0310224498660581
10.886748,0.0312947502922842
11.0653616,0.0315628501889386
11.2439752,0.0318268460086684
11.4225888,0.0320868312735546
11.6012024,0.0323428966855734
11.779816,0.0325951302320997
11.9584296,0.0328436172867088
12.1370432,0.0330884407055191
12.3156568,0.0333296809193057
12.4942704,0.0335674160215977
12.672884,0.0338017218529641
12.8514976,0.0340326720816777
13.0301112,0.0342603382809385
13.2087248,0.0344847900028258
13.3873384,0.0347060948491402
13.565952,0.0349243185392855
13.7445656,0.0351395249753368
13.9231792,0.0353517763044265
14.1017928,0.0355611329785784
14.2804064,0.035767653812111
14.45902,0.0359713960367227
14.6376336,0.0361724153543692
14.8162472,0.0363707659880348
14.9948608,0.0365665007304947
15.1734744,0.0367596709911612
15.352088,0.0369503268411
15.5307016,0.0371385170563
15.7093152,0.0373242891592759
15.8879288,0.0375076894590765
16.0665424,0.0376887630897707
16.245156,0.0378675540474778
16.4237696,0.0380441052260067
16.6023832,0.0382184584511629
16.7809968,0.0383906545137837
16.9596104,0.0385607332015532
17.138224,0.0387287333296519
17.3168376,0.0388946927702889
17.4954512,0.0390586484811647
17.6740648,0.039220636532909
17.8526784,0.0393806921355369
18.031292,0.0395388496639632
18.2099056,0.0396951426826152
18.3885192,0.0398496039691794
18.5671328,0.0400022655375185
18.7457464,0.0401531586597921
18.92436,0.0403023138878127
19.1029736,0.0404497610736683
19.2815872,0.0405955293896405
19.4602008,0.0407396473474461
19.6388144,0.0408821428168286
19.817428,0.0410230430435258
19.9960416,0.0411623746666366
20.1746552,0.0413001637354119
20.3532688,0.0414364357254901
20.5318824,0.0415712155545993
20.710496,0.0417045275977475
20.8891096,0.0418363957019178
21.0677232,0.0419668432002894
21.2463368,0.0420958929260019
21.4249504,0.0422235672254783
21.603564,0.0423498879713256
21.7821776,0.0424748765748262
21.9607912,0.0425985539980366
22.1394048,0.0427209407655077
22.3180184,0.0428420569756392
22.496632,0.0429619223116831
22.6752456,0.0430805560524074
22.8538592,0.0431979770824331
23.0324728,0.0433142039022557
23.2110864,0.0434292546379625
23.3897,0.0435431470506561
23.5683136,0.0436558985455957
23.7469272,0.0437675261810635
23.9255408,0.0438780466769687
24.1041544,0.043987476423196
24.282768,0.0440958314877083
24.4613816,0.0442031276244118
24.6399952,0.0443093802807919
24.8186088,0.044414604605327
24.9972224,0.0445188154546883
25.175836,0.0446220274007326
25.3544496,0.0447242547372947
25.5330632,0.0448255114867868
25.7116768,0.0449258114066104
25.8902904,0.0450251679953875
26.068904,0.0451235944990166
26.2475176,0.0452211039165597
26.4261312,0.0453177090059653
26.6047448,0.045413422289633
26.7833584,0.0455082560598246
26.961972,0.045602222383927
27.1405856,0.0456953331095709
27.3191992,0.0457875998696105
27.4978128,0.0458790340869688
27.6764264,0.0459696469793514
27.85504,0.0460594495638349
28.0336536,0.0461484526613321
28.2122672,0.0462366669009385
28.3908808,0.046324102724164
28.5694944,0.0464107703890529
28.748108,0.0464966799741958
28.9267216,0.0465818413826369
29.1053352,0.0466662643456789
29.2839488,0.0467499584265908
29.4625624,0.0468329330242183
29.641176,0.0469151973765028
29.8197896,0.0469967605639102
29.9984032,0.0470776315127717
30.1770168,0.0471578189985408
30.3556304,0.0472373316489674
30.534244,0.0473161779471925
30.7128576,0.0473943662347652
30.8914712,0.0474719047145847
31.0700848,0.0475488014537688
31.2486984,0.0476250643864522
31.427312,0.0477007013165152
31.6059256,0.0477757199202457
31.7845392,0.0478501277489364
31.9631528,0.0479239322314186
32.1417664,0.0479971406765348
32.32038,0.048069760275551
32.4989936,0.0481417981045123
32.6776072,0.0482132611265404
32.8562208,0.0482841561940784
33.0348344,0.0483544900510799
33.213448,0.0484242693351487
33.3920616,0.048493500579626
33.5706752,0.0485621902156303
33.7492888,0.0486303445740484
33.9279024,0.0486979698874808
34.106516,0.0487650722921414
34.2851296,0.048831657829714
34.4637432,0.0488977324491652
34.6423568,0.0489633020085164
34.8209704,0.0490283722765751
34.999584,0.0490929489346267
35.1781976,0.0491570375780882
35.3568112,0.0492206437181244
35.5354248,0.0492837727832273
35.7140384,0.0493464301207611
35.892652,0.0494086209984717
36.0712656,0.0494703506059634
36.2498792,0.0495316240561419
36.4284928,0.0495924463866269
36.6071064,0.0496528225611316
36.78572,0.0497127574708142
36.9643336,0.049772255935598
37.1429472,0.0498313227054638
37.3215608,0.0498899624617141
37.5001744,0.0499481798182095
37.678788,0.0500059793225794
37.8574016,0.0500633654574056
38.0360152,0.0501203426413816
38.2146288,0.0501769152304467
38.3932424,0.0502330875188958
38.571856,0.0502888637404664
38.7504696,0.0503442480694023
38.9290832,0.0503992446214945
39.1076968,0.0504538574551015
39.2863104,0.0505080905721469
39.464924,0.0505619479190975
39.6435376,0.0506154333879203
39.8221512,0.0506685508170202
40.0007648,0.0507213039921583
40.1793784,0.0507736966473509
40.357992,0.0508257324657513
40.5366056,0.0508774150805122
40.7152192,0.0509287480756319
40.8938328,0.0509797349867821
41.0724464,0.0510303793021205
41.25106,0.0510806844630857
41.4296736,0.0511306538651768
41.6082872,0.0511802908587178
41.7869008,0.0512295987496059
41.9655144,0.051278580800046
42.144128,0.0513272402292694
42.3227416,0.05137558021424
42.5013552,0.051423603890345
42.6799688,0.0514713143520732
42.8585824,0.0515187146536795
43.037196,0.0515658078098369
43.2158096,0.0516125967962753
43.3944232,0.0516590845504085
43.5730368,0.0517052739719493
43.7516504,0.0517511679235114
43.930264,0.0517967692312021
44.1088776,0.0518420806852012
44.2874912,0.0518871050403312
44.4661048,0.0519318450166145
44.6447184,0.0519763032998223
44.823332,0.052020482542011
45.0019456,0.0520643853620505
45.1805592,0.0521080143461408
45.3591728,0.0521513720483206
45.5377864,0.0521944609909652
45.7164,0.0522372836652761
45.8950136,0.0522798425317604
46.0736272,0.052322140020703
46.2522408,0.0523641785326284
46.4308544,0.0524059604387554
46.609468,0.0524474880814427
46.7880816,0.0524887637746265
46.9666952,0.0525297898042506
47.1453088,0.0525705684286884
47.3239224,0.0526111018791571
47.502536,0.0526513923601245
47.6811496,0.0526914420497094
47.8597632,0.0527312531000731
48.0383768,0.0527708276378059
48.2169904,0.052810167764305
48.395604,0.0528492755561469
48.5742176,0.0528881530654525
48.7528312,0.0529268023202464
48.9314448,0.0529652253248092
49.1100584,0.0530034240600242
49.288672,0.0530414004837179
49.4672856,0.053079156530994
49.6458992,0.0531166941145626
49.8245128,0.0531540151250632
50.0031264,0.0531911214313817
50.18174,0.0532280148809629
50.3603536,0.0532646973001166
50.5389672,0.0533011704943194
50.7175808,0.0533374362485105
50.8961944,0.0533734963273834
51.074808,0.0534093524756717
51.2534216,0.0534450064184306
51.4320352,0.0534804598613138
51.6106488,0.053515714490845
51.7892624,0.0535507719746861
51.967876,0.0535856339618992
52.1464896,0.053620302083206
52.3251032,0.0536547779512418
52.5037168,0.0536890631608052
52.6823304,0.0537231592891047
52.860944,0.0537570678959998
53.0395576,0.0537907905242396
53.2181712,0.0538243286996963
53.3967848,0.0538576839315953
53.5753984,0.0538908577127422
53.754012,0.0539238515197447
53.9326256,0.0539566668132323
54.1112392,0.0539893050380716
54.2898528,0.0540217676235783
54.4684664,0.054054055983726
54.64708,0.0540861715173513
54.8256936,0.0541181156083563
55.0043072,0.0541498896259068
55.1829208,0.0541814949246281
55.3615344,0.0542129328447978
55.540148,0.0542442047125348
55.7187616,0.0542753118399861
55.8973752,0.0543062555255104
56.0759888,0.0543370370538582
56.2546024,0.0543676576963503
56.433216,0.0543981187110525
56.6118296,0.0544284213429476
56.7904432,0.0544585668241058
56.9690568,0.0544885563738509
57.1476704,0.054518391198925
57.326284,0.0545480724936505
57.5048976,0.0545776014400893
57.6835112,0.0546069792081999
57.8621248,0.0546362069559917
58.0407384,0.0546652858296771
58.219352,0.0546942169638218
58.3979656,0.0547230014814917
58.5765792,0.0547516404943991
58.7551928,0.0547801351030446
58.9338064,0.0548084863968595
59.11242,0.0548366954543433
59.2910336,0.0548647633432014
59.4696472,0.0548926911204795
59.6482608,0.0549204798326962
59.8268744,0.0549481305159736
60.005488,0.0549756441961667
60.1841016,0.0550030218889895
60.3627152,0.0550302646001405
60.5413288,0.0550573733254258
60.7199424,0.0550843490508799
60.898556,0.0551111927528863
61.0771696,0.0551379053982941
61.2557832,0.055164487944535
61.4343968,0.0551909413397374
61.6130104,0.0552172665228388
61.791624,0.0552434644236974
61.9702376,0.0552695359632013
62.1488512,0.0552954820533764
62.3274648,0.0553213035974929
62.5060784,0.0553470014901701
62.684692,0.0553725766174793
62.8633056,0.0553980298570465
63.0419192,0.055423362078152
63.2205328,0.0554485741418295
63.3991464,0.0554736669009642
63.57776,0.0554986412003882
63.7563736,0.055523497876976
63.9349872,0.0555482377597374
64.1136008,0.0555728616699101
64.2922144,0.0555973704210504
64.470828,0.0556217648191228
64.6494416,0.0556460456625882
64.8280552,0.0556702137424916
65.0066688,0.055694269842547
65.1852824,0.0557182147392232
65.363896,0.0557420492018266
65.5425096,0.0557657739925838
65.7211232,0.0557893898667229
65.8997368,0.0558128975725539
66.0783504,0.055836297851547
66.256964,0.0558595914384114
66.4355776,0.0558827790611716
66.6141912,0.0559058614412436
66.7928048,0.0559288392935095
66.9714184,0.0559517133263914
67.150032,0.0559744842419243
67.3286456,0.0559971527358276
67.5072592,0.0560197194975763
67.6858728,0.0560421852104709
67.8644864,0.0560645505517059
68.0431,0.0560868161924385
68.2217136,0.0561089827978553
68.4003272,0.0561310510272387
68.5789408,0.0561530215340322
68.7575544,0.0561748949659049
68.936168,0.0561966719648152
69.1147816,0.0562183531670736
69.2933952,0.0562399392034045
69.4720088,0.0562614306990078
69.6506224,0.0562828282736187
69.829236,0.0563041325415677
70.0078496,0.0563253441118391
70.1864632,0.0563464635881293
70.3650768,0.0563674915689039
70.5436904,0.0563884286474541
70.722304,0.0564092754119529
70.9009176,0.0564300324455098
71.0795312,0.0564507003262254
71.2581448,0.0564712796272449
71.4367584,0.0564917709168113
71.615372,0.0565121747583173
71.7939856,0.0565324917103575
71.9725992,0.0565527223267789
72.1512128,0.0565728671567313
72.3298264,0.0565929267447175
72.50844,0.0566129016306415
72.6870536,0.0566327923498576
72.8656672,0.056652599433218
73.0442808,0.05667232340712
73.2228944,0.0566919647935529
73.401508,0.0567115241101434
73.5801216,0.0567310018702019
73.7587352,0.0567503985827668
73.9373488,0.0567697147526492
74.1159624,0.0567889508804762
74.294576,0.056808107462735
74.4731896,0.0568271849918147
74.6518032,0.056846183956049
74.8304168,0.056865104839758
75.0090304,0.0568839481232887
75.187644,0.0569027142830565
75.3662576,0.0569214037915845
75.5448712,0.056940017117544
75.7234848,0.056958554725793
75.9020984,0.0569770170774151
76.080712,0.0569954046297581
76.2593256,0.057013717836471
76.4379392,0.0570319571475422
76.6165528,0.0570501230093357
76.7951664,0.0570682158646277
76.97378,0.0570862361526427
77.1523936,0.0571041843090888
77.3310072,0.0571220607661932
77.5096208,0.0571398659527364
77.6882344,0.057157600294087
77.866848,0.0571752642122351
78.0454616,0.0571928581258261
78.2240752,0.0572103824501937
78.4026888,0.0572278375973923
78.5813024,0.05724522397623
78.759916,0.0572625419922995
78.9385296,0.0572797920480107
79.1171432,0.057296974542621
79.2957568,0.0573140898722667
79.4743704,0.0573311384299932
79.652984,0.0573481206057848
79.8315976,0.0573650367865952
80.0102112,0.0573818873563761
80.1888248,0.0573986726961066
80.3674384,0.0574153931838221
80.546052,0.0574320491946423
80.7246656,0.0574486411007994
80.9032792,0.0574651692716659
81.0818928,0.0574816340737821
81.2605064,0.0574980358708828
81.43912,0.0575143750239244
81.6177336,0.0575306518911116
81.7963472,0.0575468668279231
81.9749608,0.0575630201871374
82.1535744,0.0575791123188593
82.332188,0.0575951435705439
82.5108016,0.0576111142870228
82.6894152,0.0576270248105278
82.8680288,0.0576428754807163
83.0466424,0.0576586666346948
83.225256,0.0576743986070428
83.4038696,0.057690071729837
83.5824832,0.0577056863326741
83.7610968,0.0577212427426941
83.9397104,0.0577367412846032
84.118324,0.0577521822806963
84.2969376,0.0577675660508795
84.4755512,0.057782892912692
84.6541648,0.0577981631813279
84.8327784,0.0578133771696581
85.011392,0.0578285351882515
85.1900056,0.057843637545396
85.3686192,0.0578586845471196
85.5472328,0.0578736764972112
85.7258464,0.0578886136972405
85.90446,0.0579034964465788
86.0830736,0.0579183250424186
86.2616872,0.0579330997797939
86.4403008,0.0579478209515989
86.6189144,0.0579624888486084
86.797528,0.0579771037594961
86.9761416,0.0579916659708538
87.1547552,0.0580061757672105
87.3333688,0.0580206334310503
87.5119824,0.0580350392428314
87.690596,0.0580493934810035
87.8692096,0.0580636964220263
88.0478232,0.0580779483403873
88.2264368,0.0580921495086188
88.4050504,0.0581063001973158
88.583664,0.0581204006751528
88.7622776,0.0581344512089014
88.9408912,0.0581484520634463
89.1195048,0.0581624035018025
89.2981184,0.0581763057851318
89.476732,0.0581901591727588
89.6553456,0.0582039639221871
89.8339592,0.0582177202891155
90.0125728,0.0582314285274535
90.1911864,0.0582450888893369
90.3698,0.0582587016251437
