"ResDensity","N_TraitValue"
18,0.0361349101512727
19.404,0.0385917190498845
20.808,0.0410033208227259
22.212,0.0433709518620382
23.616,0.0456958038811008
25.02,0.0479790259143416
26.424,0.0502217262109563
27.828,0.0524249740285924
29.232,0.0545898013331986
30.636,0.0567172044107153
32.04,0.0588081453958958
33.444,0.0608635537231877
34.848,0.0628843275042693
36.252,0.064871334836532
37.656,0.0668254150465133
39.06,0.0687473798720215
40.464,0.0706380145864522
41.868,0.0724980790685648
43.272,0.0743283088207834
44.676,0.0761294159388888
46.08,0.0779020900357847
47.484,0.0796469991218599
48.888,0.0813647904443032
50.292,0.0830560912875902
51.696,0.084721509737218
53.1,0.0863616354086456
54.504,0.0879770401432711
55.908,0.0895682786731751
57.312,0.0911358892562518
58.716,0.0926803942832559
60.12,0.0942023008582031
61.524,0.0957021013534801
62.928,0.0971802739409386
64.332,0.0986372831001784
65.736,0.100073580105154
67.14,0.101489603490175
68.544,0.102885779496314
69.948,0.104262522499169
71.352,0.105620235418893
72.756,0.106959310113335
74.16,0.108280127755103
75.564,0.109583059193301
76.968,0.110868465300681
78.372,0.112136697306868
79.776,0.113388097118329
81.18,0.114622997625677
82.584,0.1158417229989
83.988,0.117044588971075
85.392,0.11823190311106
86.796,0.119403965085694
88.2,0.120561066911945
89.604,0.121703493199472
91.008,0.12283152138401
92.412,0.123945421951989
93.816,0.125045458656768
95.22,0.126131888726839
96.624,0.127204963066358
98.028,0.128264926448324
99.432,0.129312017700722
100.836,0.130346469885917
102.24,0.131368510473604
103.644,0.132378361507561
105.048,0.133376239766469
106.452,0.134362356919056
107.856,0.135336919673777
109.26,0.136300129923267
110.664,0.137252184883777
112.068,0.138193277229792
113.472,0.139123595224025
114.876,0.14004332284297
116.28,0.140952639898195
117.684,0.141851722153537
119.088,0.142740741438361
120.492,0.143619865757043
121.896,0.144489259394809
123.3,0.145349083020083
124.704,0.146199493783478
126.108,0.147040645413545
127.512,0.147872688309417
128.916,0.14869576963046
130.32,0.14951003338304
131.724,0.150315620504516
133.128,0.151112668944565
134.532,0.151901313743933
135.936,0.152681687110708
137.34,0.153453918494206
138.744,0.154218134656557
140.148,0.154974459742073
141.552,0.155723015344474
142.956,0.156463920572064
144.36,0.157197292110905
145.764,0.157923244286085
147.168,0.158641889121126
148.572,0.159353336395618
149.976,0.16005769370112
151.38,0.160755066495404
152.784,0.161445558155091
154.188,0.162129270026736
155.592,0.162806301476416
156.996,0.163476749937876
158.4,0.164140710959268
159.804,0.16479827824855
161.208,0.165449543717572
162.612,0.166094597524903
164.016,0.16673352811744
165.42,0.167366422270839
166.824,0.167993365128798
168.228,0.168614440241244
169.632,0.169229729601453
171.036,0.169839313682133
172.44,0.170443271470509
173.844,0.171041680502444
175.248,0.171634616895622
176.652,0.172222155381824
178.056,0.172804369338327
179.46,0.173381330818451
180.864,0.173953110581291
182.268,0.174519778120642
183.672,0.175081401693154
185.076,0.175638048345744
186.48,0.176189783942275
187.884,0.176736673189537
189.288,0.177278779662545
190.692,0.177816165829174
192.096,0.178348893074157
193.5,0.178877021722459
194.904,0.179400611062049
196.308,0.179919719366088
197.712,0.180434403914548
199.116,0.180944721015281
200.52,0.181450726024558
201.924,0.181952473367081
203.328,0.182450016555502
204.732,0.182943408209446
206.136,0.183432700074064
207.54,0.183917943038121
208.944,0.184399187151641
210.348,0.184876481643118
211.752,0.185349874936298
213.156,0.185819414666563
214.56,0.186285147696904
215.964,0.186747120133517
217.368,0.187205377341013
218.772,0.187659963957276
220.176,0.188110923907951
221.58,0.188558300420594
222.984,0.189002136038488
224.388,0.189442472634128
225.792,0.189879351422387
227.196,0.19031281297338
228.6,0.190742897225021
230.004,0.191169643495287
231.408,0.191593090494206
232.812,0.192013276335557
234.216,0.192430238548309
235.62,0.192844014087792
237.024,0.193254639346619
238.428,0.193662150165354
239.832,0.194066581842938
241.236,0.194467969146886
242.64,0.194866346323249
244.044,0.19526174710635
245.448,0.195654204728314
246.852,0.196043751928371
248.256,0.196430420961966
249.66,0.196814243609661
251.064,0.197195251185838
252.468,0.197573474547222
253.872,0.197948944101207
255.276,0.198321689814008
256.68,0.198691741218631
258.084,0.199059127422672
259.488,0.199423877115956
260.892,0.199786018577998
262.296,0.200145579685315
263.7,0.200502587918578
265.104,0.200857070369617
266.508,0.201209053748271
267.912,0.201558564389094
269.316,0.201905628257932
270.72,0.202250270958343
272.124,0.202592517737901
273.528,0.202932393494359
274.932,0.203269922781686
276.336,0.203605129815979
277.74,0.20393803848126
279.144,0.204268672335144
280.548,0.204597054614395
281.952,0.204923208240376
283.356,0.205247155824375
284.76,0.205568919672836
286.164,0.205888521792475
287.568,0.206205983895303
288.972,0.206521327403536
290.376,0.206834573454417
291.78,0.207145742904942
293.184,0.207454856336483
294.588,0.207761934059331
295.992,0.208066996117142
297.396,0.208370062291299
298.8,0.208671152105187
300.204,0.208970284828386
301.608,0.209267479480784
303.012,0.209562754836605
304.416,0.209856129428363
305.82,0.210147621550741
307.224,0.210437249264394
308.628,0.210725030399679
310.032,0.211010982560311
311.436,0.211295123126957
312.84,0.211577469260756
314.244,0.211858037906773
315.648,0.212136845797391
317.052,0.212413909455635
318.456,0.212689245198437
319.86,0.212962869139842
321.264,0.213234797194146
322.668,0.213505045078987
324.072,0.213773628318371
325.476,0.214040562245644
326.88,0.214305862006412
328.284,0.214569542561403
329.688,0.214831618689282
331.092,0.215092104989411
332.496,0.215351015884558
333.9,0.215608365623564
335.304,0.215864168283951
336.708,0.216118437774494
338.112,0.216371187837738
339.516,0.216622432052477
340.92,0.216872183836185
342.324,0.217120456447403
343.728,0.217367262988087
345.132,0.217612616405913
346.536,0.217856529496538
347.94,0.21809901490583
349.344,0.218340085132047
350.748,0.218579752527992
352.152,0.218818029303116
353.556,0.219054927525594
354.96,0.219290459124364
356.364,0.219524635891128
357.768,0.219757469482319
359.172,0.219988971421036
360.576,0.220219153098946
361.98,0.22044802577815
363.384,0.220675600593024
364.788,0.220901888552019
366.192,0.221126900539441
367.596,0.221350647317194
369,0.221573139526496
370.404,0.221794387689565
371.808,0.22201440221128
373.212,0.222233193380812
374.616,0.222450771373224
376.02,0.222667146251054
377.424,0.222882327965863
378.828,0.223096326359761
380.232,0.223309151166908
381.636,0.22352081201499
383.04,0.22373131842667
384.444,0.223940679821018
385.848,0.224148905514915
387.252,0.224356004724433
388.656,0.224561986566198
390.06,0.224766860058727
391.464,0.224970634123741
392.868,0.225173317587466
394.272,0.225374919181901
395.676,0.225575447546076
397.08,0.225774911227287
398.484,0.225973318682306
399.888,0.22617067827858
401.292,0.226366998295404
402.696,0.226562286925084
404.1,0.226756552274072
405.504,0.226949802364086
406.908,0.227142045133223
408.312,0.227333288437035
409.716,0.227523540049606
411.12,0.227712807664604
412.524,0.227901098896317
413.928,0.228088421280675
415.332,0.228274782276256
416.736,0.228460189265274
418.14,0.228644649554554
419.544,0.228828170376495
420.948,0.229010758890013
422.352,0.229192422181469
423.756,0.229373167265591
425.16,0.229553001086376
426.564,0.229731930517975
427.968,0.229909962365572
429.372,0.23008710336625
430.776,0.230263360189834
432.18,0.230438739439732
433.584,0.23061324765376
434.988,0.230786891304955
436.392,0.23095967680237
437.796,0.231131610491871
439.2,0.231302698656907
440.604,0.231472947519278
442.008,0.23164236323989
443.412,0.231810951919495
444.816,0.23197871959943
446.22,0.23214567226233
447.624,0.232311815832846
449.028,0.232477156178342
450.432,0.232641699109587
451.836,0.232805450381436
453.24,0.232968415693502
454.644,0.233130600690814
456.048,0.233292010964471
457.452,0.233452652052285
458.856,0.233612529439413
460.26,0.233771648558983
461.664,0.233930014792706
463.068,0.234087633471489
464.472,0.234244509876025
465.876,0.234400649237391
467.28,0.234556056737621
468.684,0.234710737510289
470.088,0.234864696641064
471.492,0.235017939168277
472.896,0.235170470083462
474.3,0.235322294331905
475.704,0.235473416813174
477.108,0.235623842381648
478.512,0.235773575847037
479.916,0.235922621974891
481.32,0.236070985487113
482.724,0.23621867106245
484.128,0.236365683336988
485.532,0.23651202690464
486.936,0.236657706317619
488.34,0.236802726086913
489.744,0.236947090682751
491.148,0.237090804535061
492.552,0.237233872033926
493.956,0.237376297530025
495.36,0.237518085335081
496.764,0.237659239722291
498.168,0.237799764926758
499.572,0.237939665145915
500.976,0.238078944539939
502.38,0.238217607232168
503.784,0.238355657309507
505.188,0.238493098822825
506.592,0.238629935787357
507.996,0.238766172183095
509.4,0.238901811955167
510.804,0.239036859014225
512.208,0.239171317236819
513.612,0.239305190465766
515.016,0.239438482510518
516.42,0.239571197147521
517.824,0.239703338120576
519.228,0.239834909141187
520.632,0.239965913888909
522.036,0.240096356011694
523.44,0.240226239126225
524.844,0.240355566818254
526.248,0.240484342642932
527.652,0.240612570125132
529.056,0.240740252759772
530.46,0.240867394012133
531.864,0.240993997318173
533.268,0.241120066084834
534.672,0.241245603690351
536.076,0.24137061348455
537.48,0.241495098789151
538.884,0.241619062898057
540.288,0.241742509077647
541.692,0.241865440567062
543.096,0.241987860578491
544.5,0.242109772297448
545.904,0.242231178883048
547.308,0.242352083468282
548.712,0.242472489160284
550.116,0.242592399040601
551.52,0.242711816165452
552.924,0.242830743565988
554.328,0.242949184248553
555.732,0.243067141194931
557.136,0.243184617362599
558.54,0.243301615684978
559.944,0.243418139071669
561.348,0.243534190408701
562.752,0.243649772558767
564.156,0.24376488836146
565.56,0.243879540633503
566.964,0.243993732168982
568.368,0.244107465739572
569.772,0.244220744094759
571.176,0.244333569962066
572.58,0.244445946047267
573.984,0.244557875034608
575.388,0.244669359587016
576.792,0.244780402346315
578.196,0.244891005933431
579.6,0.245001172948599
581.004,0.245110905971568
582.408,0.245220207561801
583.812,0.245329080258676
585.216,0.24543752658168
586.62,0.245545549030605
588.024,0.24565315008574
589.428,0.245760332208059
590.832,0.245867097839413
592.236,0.245973449402709
593.64,0.246079389302101
595.044,0.246184919923164
596.448,0.246290043633077
597.852,0.246394762780799
599.256,0.246499079697244
600.66,0.246602996695455
602.064,0.246706516070772
603.468,0.246809640101006
604.872,0.2469123710466
606.276,0.247014711150798
607.68,0.247116662639809
609.084,0.247218227722966
610.488,0.247319408592885
611.892,0.247420207425627
613.296,0.24752062638085
614.7,0.247620667601963
616.104,0.247720333216284
617.508,0.247819625335182
618.912,0.247918546054234
620.316,0.248017097453369
621.72,0.248115281597014
623.124,0.248213100534238
624.528,0.248310556298895
625.932,0.248407650909765
627.336,0.248504386370691
628.74,0.248600764670724
630.144,0.248696787784249
631.548,0.248792457671128
632.952,0.248887776276831
634.356,0.248982745532566
635.76,0.249077367355411
637.164,0.249171643648443
638.568,0.249265576300867
639.972,0.249359167188137
641.376,0.249452418172089
642.78,0.249545331101056
644.184,0.249637907809997
645.588,0.249730150120611
646.992,0.249822059841465
648.396,0.249913638768105
649.8,0.250004888683174
651.204,0.250095811356533
652.608,0.250186408545368
654.012,0.250276681994308
655.416,0.250366633435536
656.82,0.250456264588899
658.224,0.25054557716202
659.628,0.250634572850401
661.032,0.250723253337536
662.436,0.250811620295017
663.84,0.250899675382633
665.244,0.25098742024848
666.648,0.251074856529063
668.052,0.251161985849394
669.456,0.251248809823097
670.86,0.251335330052505
672.264,0.251421548128761
673.668,0.251507465631911
675.072,0.251593084131005
676.476,0.251678405184192
677.88,0.251763430338813
679.284,0.251848161131493
680.688,0.251932599088239
682.092,0.252016745724525
683.496,0.252100602545388
684.9,0.252184171045514
686.304,0.252267452709331
687.708,0.252350449011092
689.112,0.252433161414964
690.516,0.252515591375117
691.92,0.252597740335804
693.324,0.252679609731449
694.728,0.252761200986729
696.132,0.252842515516659
697.536,0.25292355472667
698.94,0.253004320012692
700.344,0.253084812761235
701.748,0.253165034349465
703.152,0.253244986145289
704.556,0.253324669507426
705.96,0.253404085785486
707.364,0.253483236320048
708.768,0.253562122442735
710.172,0.253640745476287
711.576,0.253719106734635
712.98,0.253797207522978
714.384,0.253875049137848
715.788,0.25395263286719
717.192,0.254029959990429
718.596,0.254107031778539
720,0.254183849494116
