"ResDensity","N_TraitValue"
10.6337,2.38150139325064e-06
10.9960094,2.45550828353005e-06
11.3583188,2.52908756314137e-06
11.7206282,2.60224292750033e-06
12.0829376,2.67497802956386e-06
12.445247,2.74729648043816e-06
12.8075564,2.81920184997631e-06
13.1698658,2.8906976673657e-06
13.5321752,2.96178742170543e-06
13.8944846,3.03247456257389e-06
14.256794,3.10276250058676e-06
14.6191034,3.17265460794557e-06
14.9814128,3.24215421897698e-06
15.3437222,3.31126463066303e-06
15.7060316,3.37998910316256e-06
16.068341,3.44833086032379e-06
16.4306504,3.5162930901885e-06
16.7929598,3.58387894548773e-06
17.1552692,3.65109154412932e-06
17.5175786,3.71793396967741e-06
17.879888,3.78440927182394e-06
18.2421974,3.85052046685254e-06
18.6045068,3.91627053809473e-06
18.9668162,3.98166243637869e-06
19.3291256,4.04669908047067e-06
19.691435,4.11138335750934e-06
20.0537444,4.17571812343298e-06
20.4160538,4.2397062033998e-06
20.7783632,4.30335039220153e-06
21.1406726,4.3666534546703e-06
21.502982,4.42961812607903e-06
21.8652914,4.49224711253538e-06
22.2276008,4.55454309136948e-06
22.5899102,4.61650871151542e-06
22.9522196,4.67814659388671e-06
23.314529,4.73945933174584e-06
23.6768384,4.80044949106798e-06
24.0391478,4.86111961089888e-06
24.4014572,4.9214722037073e-06
24.7637666,4.98150975573179e-06
25.126076,5.04123472732213e-06
25.4883854,5.1006495532754e-06
25.8506948,5.15975664316688e-06
26.2130042,5.21855838167577e-06
26.5753136,5.2770571289059e-06
26.937623,5.33525522070151e-06
27.2999324,5.39315496895817e-06
27.6622418,5.45075866192886e-06
28.0245512,5.5080685645255e-06
28.3868606,5.56508691861573e-06
28.74917,5.62181594331531e-06
29.1114794,5.67825783527597e-06
29.4737888,5.73441476896897e-06
29.8360982,5.79028889696435e-06
30.1984076,5.84588235020595e-06
30.560717,5.90119723828234e-06
30.9230264,5.95623564969367e-06
31.2853358,6.01099965211451e-06
31.6476452,6.0654912926528e-06
32.0099546,6.11971259810492e-06
32.372264,6.17366557520696e-06
32.7345734,6.22735221088235e-06
33.0968828,6.28077447248571e-06
33.4591922,6.3339343080432e-06
33.8215016,6.38683364648933e-06
34.183811,6.43947439790022e-06
34.5461204,6.49185845372353e-06
34.9084298,6.54398768700502e-06
35.2707392,6.59586395261176e-06
35.6330486,6.64748908745219e-06
35.995358,6.69886491069286e-06
36.3576674,6.74999322397219e-06
36.7199768,6.80087581161105e-06
37.0822862,6.85151444082029e-06
37.4445956,6.9019108619054e-06
37.806905,6.95206680846815e-06
38.1692144,7.00198399760537e-06
38.5315238,7.0516641301049e-06
38.8938332,7.10110889063878e-06
39.2561426,7.15031994795368e-06
39.618452,7.19929895505861e-06
39.9807614,7.24804754941004e-06
40.3430708,7.29656735309436e-06
40.7053802,7.3448599730078e-06
41.0676896,7.39292700103382e-06
41.429999,7.44077001421807e-06
41.7923084,7.4883905749408e-06
42.1546178,7.53579023108699e-06
42.5169272,7.58297051621402e-06
42.8792366,7.6299329497171e-06
43.241546,7.67667903699237e-06
43.6038554,7.72321026959773e-06
43.9661648,7.7695281254115e-06
44.3284742,7.8156340687889e-06
44.6907836,7.86152955071636e-06
45.053093,7.90721600896372e-06
45.4154024,7.95269486823441e-06
45.7777118,7.99796754031349e-06
46.1400212,8.04303542421381e-06
46.5023306,8.08789990632005e-06
46.86464,8.13256236053094e-06
47.2269494,8.17702414839947e-06
47.5892588,8.22128661927127e-06
47.9515682,8.26535111042111e-06
48.3138776,8.30921894718756e-06
48.676187,8.3528914431059e-06
49.0384964,8.39636990003922e-06
49.4008058,8.43965560830774e-06
49.7631152,8.48274984681651e-06
50.1254246,8.52565388318135e-06
50.487734,8.56836897385313e-06
50.8500434,8.61089636424043e-06
51.2123528,8.65323728883059e-06
51.5746622,8.69539297130913e-06
51.9369716,8.73736462467769e-06
52.299281,8.77915345137034e-06
52.6615904,8.82076064336839e-06
53.0238998,8.86218738231377e-06
53.3862092,8.90343483962089e-06
53.7485186,8.94450417658703e-06
54.110828,8.98539654450131e-06
54.4731374,9.02611308475234e-06
54.8354468,9.06665492893436e-06
55.1977562,9.10702319895209e-06
55.5600656,9.1472190071242e-06
55.922375,9.18724345628552e-06
56.2846844,9.22709763988787e-06
56.6469938,9.26678264209964e-06
57.0093032,9.30629953790411e-06
57.3716126,9.34564939319649e-06
57.733922,9.38483326487979e-06
58.0962314,9.42385220095945e-06
58.4585408,9.46270724063675e-06
58.8208502,9.50139941440105e-06
59.1831596,9.53992974412095e-06
59.545469,9.57829924313422e-06
59.9077784,9.61650891633662e-06
60.2700878,9.65455976026965e-06
60.6323972,9.69245276320718e-06
60.9947066,9.73018890524104e-06
61.357016,9.76776915836545e-06
61.7193254,9.80519448656055e-06
62.0816348,9.8424658458748e-06
62.4439442,9.87958418450636e-06
62.8062536,9.91655044288356e-06
63.168563,9.95336555374425e-06
63.5308724,9.99003044221432e-06
63.8931818,1.00265460258852e-05
64.2554912,1.00629132148902e-05
64.6178006,1.00991329119805e-05
64.98011,1.01352060125997e-05
65.3424194,1.01711334049572e-05
65.7047288,1.02069159701019e-05
66.0670382,1.02425545819934e-05
66.4293476,1.02780501075739e-05
66.791657,1.03134034068378e-05
67.1539664,1.03486153329016e-05
67.5162758,1.03836867320726e-05
67.8785852,1.04186184439163e-05
68.2408946,1.04534113013237e-05
68.603204,1.04880661305774e-05
68.9655134,1.05225837514169e-05
69.3278228,1.05569649771036e-05
69.6901322,1.05912106144841e-05
70.0524416,1.06253214640541e-05
70.414751,1.06592983200199e-05
70.7770604,1.06931419703605e-05
71.1393698,1.07268531968888e-05
71.5016792,1.07604327753112e-05
71.8639886,1.07938814752873e-05
72.226298,1.08272000604891e-05
72.5886074,1.08603892886585e-05
72.9509168,1.08934499116651e-05
73.3132262,1.09263826755631e-05
73.6755356,1.0959188320647e-05
74.037845,1.09918675815074e-05
74.4001544,1.10244211870858e-05
74.7624638,1.10568498607287e-05
75.1247732,1.10891543202412e-05
75.4870826,1.112133527794e-05
75.849392,1.11533934407057e-05
76.2117014,1.11853295100346e-05
76.5740108,1.12171441820899e-05
76.9363202,1.12488381477523e-05
77.2986296,1.12804120926697e-05
77.660939,1.13118666973072e-05
78.0232484,1.13432026369956e-05
78.3855578,1.13744205819798e-05
78.7478672,1.14055211974665e-05
79.1101766,1.14365051436717e-05
79.472486,1.14673730758671e-05
79.8347954,1.14981256444268e-05
80.1971048,1.15287634948723e-05
80.5594142,1.15592872679181e-05
80.9217236,1.15896975995164e-05
81.284033,1.16199951209011e-05
81.6463424,1.16501804586313e-05
82.0086518,1.1680254234635e-05
82.3709612,1.17102170662515e-05
82.7332706,1.17400695662733e-05
83.09558,1.17698123429888e-05
83.4578894,1.17994460002227e-05
83.8201988,1.18289711373772e-05
84.1825082,1.18583883494726e-05
84.5448176,1.1887698227187e-05
84.907127,1.1916901356896e-05
85.2694364,1.19459983207118e-05
85.6317458,1.19749896965217e-05
85.9940552,1.20038760580265e-05
86.3563646,1.20326579747784e-05
86.718674,1.20613360122184e-05
87.0809834,1.20899107317131e-05
87.4432928,1.21183826905916e-05
87.8056022,1.21467524421818e-05
88.1679116,1.2175020535846e-05
88.530221,1.22031875170163e-05
88.8925304,1.223125392723e-05
89.2548398,1.22592203041643e-05
89.6171492,1.22870871816701e-05
89.9794586,1.23148550898066e-05
90.341768,1.23425245548747e-05
90.7040774,1.23700960994501e-05
91.0663868,1.23975702424162e-05
91.4286962,1.24249474989971e-05
91.7910056,1.2452228380789e-05
92.153315,1.2479413395793e-05
92.5156244,1.25065030484459e-05
92.8779338,1.25334978396516e-05
93.2402432,1.25603982668124e-05
93.6025526,1.25872048238587e-05
93.964862,1.26139180012801e-05
94.3271714,1.26405382861549e-05
94.6894808,1.26670661621795e-05
95.0517902,1.26935021096981e-05
95.4140996,1.27198466057316e-05
95.776409,1.27461001240062e-05
96.1387184,1.27722631349817e-05
96.5010278,1.27983361058798e-05
96.8633372,1.28243195007118e-05
97.2256466,1.28502137803063e-05
97.587956,1.2876019402336e-05
97.9502654,1.29017368213454e-05
98.3125748,1.29273664887766e-05
98.6748842,1.29529088529966e-05
99.0371936,1.29783643593227e-05
99.399503,1.30037334500488e-05
99.7618124,1.30290165644709e-05
100.1241218,1.30542141389127e-05
100.4864312,1.307932660675e-05
100.8487406,1.31043543984365e-05
101.21105,1.31292979415276e-05
101.5733594,1.31541576607053e-05
101.9356688,1.31789339778017e-05
102.2979782,1.32036273118237e-05
102.6602876,1.32282380789757e-05
103.022597,1.32527666926837e-05
103.3849064,1.32772135636182e-05
103.7472158,1.33015790997168e-05
104.1095252,1.33258637062075e-05
104.4718346,1.33500677856307e-05
104.834144,1.33741917378616e-05
105.1964534,1.33982359601323e-05
105.5587628,1.34222008470535e-05
105.9210722,1.34460867906359e-05
106.2833816,1.34698941803121e-05
106.645691,1.34936234029572e-05
107.0080004,1.35172748429102e-05
107.3703098,1.35408488819943e-05
107.7326192,1.3564345899538e-05
108.0949286,1.35877662723948e-05
108.457238,1.36111103749641e-05
108.8195474,1.36343785792104e-05
109.1818568,1.36575712546835e-05
109.5441662,1.3680688768538e-05
109.9064756,1.37037314855528e-05
110.268785,1.37266997681497e-05
110.6310944,1.37495939764132e-05
110.9934038,1.37724144681089e-05
111.3557132,1.3795161598702e-05
111.7180226,1.3817835721376e-05
112.080332,1.38404371870511e-05
112.4426414,1.38629663444019e-05
112.8049508,1.38854235398757e-05
113.1672602,1.39078091177099e-05
113.5295696,1.393012341995e-05
113.891879,1.39523667864668e-05
114.2541884,1.39745395549735e-05
114.6164978,1.39966420610433e-05
114.9788072,1.40186746381256e-05
115.3411166,1.40406376175635e-05
115.703426,1.40625313286098e-05
116.0657354,1.4084356098444e-05
116.4280448,1.4106112252188e-05
116.7903542,1.4127800112923e-05
117.1526636,1.41494200017045e-05
117.514973,1.41709722375793e-05
117.8772824,1.41924571376002e-05
118.2395918,1.42138750168421e-05
118.6019012,1.42352261884172e-05
118.9642106,1.42565109634904e-05
119.32652,1.42777296512941e-05
119.6888294,1.42988825591437e-05
120.0511388,1.43199699924518e-05
120.4134482,1.43409922547437e-05
120.7757576,1.43619496476709e-05
121.138067,1.43828424710267e-05
121.5003764,1.44036710227595e-05
121.8626858,1.44244355989877e-05
122.2249952,1.44451364940131e-05
122.5873046,1.44657740003354e-05
122.949614,1.44863484086656e-05
123.3119234,1.45068600079396e-05
123.6742328,1.45273090853322e-05
124.0365422,1.45476959262698e-05
124.3988516,1.45680208144444e-05
124.761161,1.45882840318262e-05
125.1234704,1.46084858586769e-05
125.4857798,1.46286265735626e-05
125.8480892,1.46487064533665e-05
126.2103986,1.4668725773302e-05
126.572708,1.46886848069244e-05
126.9350174,1.47085838261443e-05
127.2973268,1.47284231012394e-05
127.6596362,1.4748202900867e-05
128.0219456,1.4767923492076e-05
128.384255,1.47875851403186e-05
128.7465644,1.48071881094631e-05
129.1088738,1.48267326618048e-05
129.4711832,1.4846219058078e-05
129.8334926,1.48656475574679e-05
130.195802,1.48850184176216e-05
130.5581114,1.49043318946598e-05
130.9204208,1.4923588243188e-05
131.2827302,1.49427877163079e-05
131.6450396,1.49619305656278e-05
132.007349,1.49810170412746e-05
132.3696584,1.50000473919039e-05
132.7319678,1.50190218647112e-05
133.0942772,1.50379407054422e-05
133.4565866,1.50568041584041e-05
133.818896,1.50756124664754e-05
134.1812054,1.50943658711166e-05
134.5435148,1.51130646123808e-05
134.9058242,1.51317089289235e-05
135.2681336,1.5150299058013e-05
135.630443,1.51688352355406e-05
135.9927524,1.518731769603e-05
136.3550618,1.52057466726479e-05
136.7173712,1.52241223972134e-05
137.0796806,1.52424451002079e-05
137.44199,1.52607150107844e-05
137.8042994,1.52789323567777e-05
138.1666088,1.5297097364713e-05
138.5289182,1.53152102598161e-05
138.8912276,1.53332712660224e-05
139.253537,1.53512806059857e-05
139.6158464,1.53692385010882e-05
139.9781558,1.5387145171449e-05
140.3404652,1.5405000835933e-05
140.7027746,1.54228057121602e-05
141.065084,1.54405600165144e-05
141.4273934,1.54582639641518e-05
141.7897028,1.54759177690101e-05
142.1520122,1.54935216438165e-05
142.5143216,1.55110758000968e-05
142.876631,1.55285804481836e-05
143.2389404,1.55460357972248e-05
143.6012498,1.55634420551919e-05
143.9635592,1.55807994288882e-05
144.3258686,1.55981081239571e-05
144.688178,1.561536834489e-05
145.0504874,1.56325802950348e-05
145.4127968,1.56497441766034e-05
145.7751062,1.56668601906799e-05
146.1374156,1.56839285372284e-05
146.499725,1.57009494151006e-05
146.8620344,1.57179230220438e-05
147.2243438,1.57348495547085e-05
147.5866532,1.57517292086559e-05
147.9489626,1.57685621783655e-05
148.311272,1.57853486572423e-05
148.6735814,1.58020888376248e-05
149.0358908,1.58187829107917e-05
149.3982002,1.58354310669697e-05
149.7605096,1.58520334953403e-05
150.122819,1.58685903840474e-05
150.4851284,1.5885101920204e-05
150.8474378,1.59015682898994e-05
151.2097472,1.59179896782063e-05
151.5720566,1.59343662691877e-05
151.934366,1.59506982459035e-05
152.2966754,1.59669857904179e-05
152.6589848,1.59832290838055e-05
153.0212942,1.59994283061585e-05
153.3836036,1.60155836365931e-05
153.745913,1.60316952532561e-05
154.1082224,1.60477633333317e-05
154.4705318,1.60637880530478e-05
154.8328412,1.60797695876823e-05
155.1951506,1.60957081115698e-05
155.55746,1.61116037981078e-05
155.9197694,1.61274568197629e-05
156.2820788,1.61432673480772e-05
156.6443882,1.61590355536744e-05
157.0066976,1.61747616062659e-05
157.369007,1.61904456746569e-05
157.7313164,1.62060879267526e-05
158.0936258,1.6221688529564e-05
158.4559352,1.62372476492139e-05
158.8182446,1.62527654509428e-05
159.180554,1.62682420991147e-05
159.5428634,1.62836777572232e-05
159.9051728,1.62990725878968e-05
160.2674822,1.63144267529048e-05
160.6297916,1.63297404131631e-05
160.992101,1.63450137287398e-05
161.3544104,1.63602468588605e-05
161.7167198,1.63754399619141e-05
162.0790292,1.63905931954582e-05
162.4413386,1.64057067162247e-05
162.803648,1.64207806801248e-05
163.1659574,1.6435815242255e-05
163.5282668,1.64508105569016e-05
163.8905762,1.64657667775469e-05
164.2528856,1.64806840568735e-05
164.615195,1.64955625467703e-05
164.9775044,1.65104023983372e-05
165.3398138,1.65252037618902e-05
165.7021232,1.65399667869669e-05
166.0644326,1.65546916223309e-05
166.426742,1.65693784159774e-05
166.7890514,1.65840273151376e-05
167.1513608,1.65986384662844e-05
167.5136702,1.66132120151363e-05
167.8759796,1.66277481066629e-05
168.238289,1.66422468850897e-05
168.6005984,1.66567084939026e-05
168.9629078,1.66711330758527e-05
169.3252172,1.6685520772961e-05
169.6875266,1.66998717265234e-05
170.049836,1.67141860771148e-05
170.4121454,1.67284639645938e-05
170.7744548,1.67427055281077e-05
171.1367642,1.67569109060965e-05
171.4990736,1.67710802362977e-05
171.861383,1.67852136557504e-05
172.2236924,1.67993113008002e-05
172.5860018,1.68133733071032e-05
172.9483112,1.68273998096307e-05
173.3106206,1.6841390942673e-05
173.67293,1.68553468398442e-05
174.0352394,1.68692676340862e-05
174.3975488,1.6883153457673e-05
174.7598582,1.68970044422148e-05
175.1221676,1.69108207186622e-05
175.484477,1.69246024173104e-05
175.8467864,1.69383496678032e-05
176.2090958,1.69520625991372e-05
176.5714052,1.69657413396656e-05
176.9337146,1.69793860171025e-05
177.296024,1.69929967585265e-05
177.6583334,1.70065736903851e-05
178.0206428,1.70201169384982e-05
178.3829522,1.70336266280623e-05
178.7452616,1.70471028836542e-05
179.107571,1.70605458292347e-05
179.4698804,1.70739555881527e-05
179.8321898,1.70873322831488e-05
180.1944992,1.71006760363591e-05
180.5568086,1.71139869693189e-05
180.919118,1.71272652029662e-05
181.2814274,1.71405108576458e-05
181.6437368,1.71537240531126e-05
182.0060462,1.71669049085351e-05
182.3683556,1.71800535424994e-05
182.730665,1.71931700730123e-05
183.0929744,1.72062546175054e-05
183.4552838,1.7219307292838e-05
183.8175932,1.72323282153008e-05
184.1799026,1.72453175006195e-05
184.542212,1.72582752639582e-05
184.9045214,1.72712016199225e-05
185.2668308,1.72840966825634e-05
185.6291402,1.72969605653801e-05
185.9914496,1.73097933813236e-05
186.353759,1.73225952428002e-05
186.7160684,1.73353662616744e-05
187.0783778,1.73481065492724e-05
187.4406872,1.73608162163852e-05
187.8029966,1.7373495373272e-05
188.165306,1.73861441296632e-05
188.5276154,1.73987625947636e-05
188.8899248,1.74113508772556e-05
189.2522342,1.74239090853024e-05
189.6145436,1.74364373265508e-05
189.976853,1.74489357081347e-05
190.3391624,1.74614043366777e-05
190.7014718,1.74738433182964e-05
191.0637812,1.74862527586036e-05
191.4260906,1.74986327627108e-05
191.7884,1.75109834352315e-05
