"ResDensity","N_TraitValue"
2,1.98774963542021e-05
2.048,2.03260028243913e-05
2.096,2.07732527244294e-05
2.144,2.12192513276843e-05
2.192,2.16640038780581e-05
2.24,2.21075155901922e-05
2.288,2.25497916496714e-05
2.336,2.2990837213226e-05
2.384,2.3430657408932e-05
2.432,2.38692573364102e-05
2.48,2.43066420670231e-05
2.528,2.474281664407e-05
2.576,2.51777860829818e-05
2.624,2.56115553715122e-05
2.672,2.60441294699289e-05
2.72,2.64755133112027e-05
2.768,2.69057118011947e-05
2.816,2.73347298188426e-05
2.864,2.77625722163449e-05
2.912,2.81892438193441e-05
2.96,2.86147494271077e-05
3.008,2.90390938127086e-05
3.056,2.94622817232034e-05
3.104,2.98843178798093e-05
3.152,3.03052069780797e-05
3.2,3.07249536880785e-05
3.248,3.11435626545529e-05
3.296,3.15610384971042e-05
3.344,3.19773858103584e-05
3.392,3.23926091641344e-05
3.44,3.28067131036111e-05
3.488,3.32197021494935e-05
3.536,3.36315807981772e-05
3.584,3.40423535219112e-05
3.632,3.44520247689604e-05
3.68,3.48605989637656e-05
3.728,3.52680805071031e-05
3.776,3.56744737762425e-05
3.824,3.60797831251036e-05
3.872,3.64840128844119e-05
3.92,3.68871673618527e-05
3.968,3.72892508422243e-05
4.016,3.76902675875896e-05
4.064,3.80902218374268e-05
4.112,3.84891178087789e-05
4.16,3.88869596964016e-05
4.208,3.92837516729107e-05
4.256,3.96794978889279e-05
4.304,4.00742024732252e-05
4.352,4.04678695328689e-05
4.4,4.08605031533619e-05
4.448,4.1252107398785e-05
4.496,4.1642686311937e-05
4.544,4.20322439144741e-05
4.592,4.24207842070479e-05
4.64,4.2808311169442e-05
4.688,4.31948287607082e-05
4.736,4.35803409193015e-05
4.784,4.39648515632133e-05
4.832,4.43483645901046e-05
4.88,4.47308838774376e-05
4.928,4.51124132826063e-05
4.976,4.54929566430661e-05
5.024,4.58725177764626e-05
5.072,4.62511004807594e-05
5.12,4.66287085343644e-05
5.168,4.70053456962556e-05
5.216,4.73810157061063e-05
5.264,4.77557222844081e-05
5.312,4.81294691325944e-05
5.36,4.85022599331618e-05
5.408,4.88740983497915e-05
5.456,4.92449880274688e-05
5.504,4.96149325926027e-05
5.552,4.99839356531437e-05
5.6,5.03520007987013e-05
5.648,5.07191316006604e-05
5.696,5.10853316122967e-05
5.744,5.14506043688915e-05
5.792,5.18149533878452e-05
5.84,5.21783821687906e-05
5.888,5.25408941937045e-05
5.936,5.29024929270192e-05
5.984,5.32631818157329e-05
6.032,5.36229642895189e-05
6.08,5.39818437608347e-05
6.128,5.43398236250296e-05
6.176,5.4696907260452e-05
6.224,5.50530980285554e-05
6.272,5.54083992740043e-05
6.32,5.57628143247783e-05
6.368,5.61163464922766e-05
6.416,5.64689990714209e-05
6.464,5.68207753407574e-05
6.512,5.71716785625592e-05
6.56,5.75217119829262e-05
6.608,5.78708788318861e-05
6.656,5.8219182323493e-05
6.704,5.85666256559266e-05
6.752,5.89132120115898e-05
6.8,5.92589445572057e-05
6.848,5.96038264439144e-05
6.896,5.99478608073686e-05
6.944,6.02910507678286e-05
6.992,6.06333994302566e-05
7.04,6.09749098844105e-05
7.088,6.13155852049365e-05
7.136,6.16554284514619e-05
7.184,6.19944426686863e-05
7.232,6.23326308864725e-05
7.28,6.26699961199372e-05
7.328,6.30065413695399e-05
7.376,6.33422696211726e-05
7.424,6.36771838462476e-05
7.472,6.40112870017854e-05
7.52,6.43445820305016e-05
7.568,6.46770718608933e-05
7.616,6.5008759407325e-05
7.664,6.53396475701137e-05
7.712,6.56697392356133e-05
7.76,6.59990372762987e-05
7.808,6.6327544550849e-05
7.856,6.66552639042304e-05
7.904,6.69821981677781e-05
7.952,6.73083501592779e-05
8,6.76337226830474e-05
8.048,6.7958318530016e-05
8.096,6.82821404778047e-05
8.144,6.8605191290806e-05
8.192,6.89274737202617e-05
8.24,6.92489905043413e-05
8.288,6.95697443682198e-05
8.336,6.98897380241546e-05
8.384,7.02089741715616e-05
8.432,7.05274554970914e-05
8.48,7.08451846747049e-05
8.528,7.11621643657476e-05
8.576,7.14783972190243e-05
8.624,7.17938858708726e-05
8.672,7.21086329452365e-05
8.72,7.2422641053739e-05
8.768,7.2735912795754e-05
8.816,7.30484507584787e-05
8.864,7.33602575170042e-05
8.912,7.36713356343865e-05
8.96,7.39816876617168e-05
9.008,7.4291316138191e-05
9.056,7.46002235911792e-05
9.104,7.49084125362944e-05
9.152,7.52158854774605e-05
9.2,7.55226449069806e-05
9.248,7.5828693305604e-05
9.296,7.6134033142593e-05
9.344,7.64386668757899e-05
9.392,7.6742596951682e-05
9.44,7.70458258054681e-05
9.488,7.73483558611226e-05
9.536,7.76501895314609e-05
9.584,7.7951329218203e-05
9.632,7.82517773120374e-05
9.68,7.85515361926846e-05
9.728,7.88506082289593e-05
9.776,7.91489957788334e-05
9.824,7.94467011894977e-05
9.872,7.97437267974237e-05
9.92,8.00400749284241e-05
9.968,8.03357478977143e-05
10.016,8.06307480099722e-05
10.064,8.09250775593982e-05
10.112,8.12187388297747e-05
10.16,8.1511734094525e-05
10.208,8.18040656167723e-05
10.256,8.20957356493978e-05
10.304,8.23867464350984e-05
10.352,8.26771002064443e-05
10.4,8.29667991859365e-05
10.448,8.32558455860626e-05
10.496,8.35442416093541e-05
10.544,8.38319894484417e-05
10.592,8.41190912861111e-05
10.64,8.44055492953582e-05
10.688,8.46913656394439e-05
10.736,8.49765424719484e-05
10.784,8.52610819368257e-05
10.832,8.55449861684568e-05
10.88,8.58282572917035e-05
10.928,8.61108974219612e-05
10.976,8.63929086652116e-05
11.024,8.6674293118075e-05
11.072,8.69550528678621e-05
11.12,8.72351899926261e-05
11.168,8.75147065612135e-05
11.216,8.77936046333151e-05
11.264,8.80718862595167e-05
11.312,8.83495534813494e-05
11.36,8.86266083313394e-05
11.408,8.89030528330577e-05
11.456,8.9178889001169e-05
11.504,8.94541188414816e-05
11.552,8.97287443509946e-05
11.6,9.00027675179475e-05
11.648,9.02761903218676e-05
11.696,9.05490147336174e-05
11.744,9.08212427154425e-05
11.792,9.10928762210186e-05
11.84,9.13639171954976e-05
11.888,9.16343675755549e-05
11.936,9.19042292894348e-05
11.984,9.21735042569968e-05
12.032,9.24421943897611e-05
12.08,9.27103015909534e-05
12.128,9.29778277555502e-05
12.176,9.32447747703236e-05
12.224,9.35111445138852e-05
12.272,9.37769388567305e-05
12.32,9.40421596612825e-05
12.368,9.43068087819355e-05
12.416,9.45708880650979e-05
12.464,9.48343993492354e-05
12.512,9.50973444649137e-05
12.56,9.53597252348406e-05
12.608,9.56215434739086e-05
12.656,9.58828009892361e-05
12.704,9.61434995802098e-05
12.752,9.64036410385251e-05
12.8,9.66632271482278e-05
12.848,9.69222596857548e-05
12.896,9.71807404199742e-05
12.944,9.74386711122262e-05
12.992,9.76960535163625e-05
13.04,9.79528893787865e-05
13.088,9.82091804384925e-05
13.136,9.84649284271051e-05
13.184,9.87201350689183e-05
13.232,9.8974802080934e-05
13.28,9.92289311729006e-05
13.328,9.94825240473513e-05
13.376,9.97355823996424e-05
13.424,9.99881079179903e-05
13.472,0.00010024010228351
13.52,0.000100491567170251
13.568,0.000100742504245238
13.616,0.000100992915168501
13.664,0.000101242801593118
13.712,0.000101492165165251
13.76,0.000101741007524178
13.808,0.000101989330302332
13.856,0.000102237135125337
13.904,0.000102484423612042
13.952,0.000102731197374555
14,0.000102977458018284
14.048,0.000103223207141963
14.096,0.000103468446337696
14.144,0.000103713177190981
14.192,0.000103957401280756
14.24,0.000104201120179422
14.288,0.000104444335452884
14.336,0.000104687048660582
14.384,0.000104929261355522
14.432,0.000105170975084313
14.48,0.000105412191387201
14.528,0.000105652911798095
14.576,0.000105893137844606
14.624,0.000106132871048076
14.672,0.000106372112923611
14.72,0.000106610864980115
14.768,0.000106849128720317
14.816,0.000107086905640808
14.864,0.000107324197232066
14.912,0.000107561004978493
14.96,0.000107797330358445
15.008,0.000108033174844259
15.056,0.000108268539902287
15.104,0.000108503426992925
15.152,0.000108737837570644
15.2,0.00010897177308402
15.248,0.000109205234975764
15.296,0.000109438224682748
15.344,0.000109670743636042
15.392,0.000109902793260935
15.44,0.000110134374976971
15.488,0.000110365490197973
15.536,0.000110596140332076
15.584,0.00011082632678175
15.632,0.000111056050943834
15.68,0.000111285314209563
15.728,0.000111514117964593
15.776,0.000111742463589032
15.824,0.000111970352457466
15.872,0.000112197785938989
15.92,0.000112424765397227
15.968,0.000112651292190368
16.016,0.000112877367671189
16.064,0.00011310299318708
16.112,0.000113328170080073
16.16,0.000113552899686872
16.208,0.00011377718333887
16.256,0.000114001022362187
16.304,0.000114224418077686
16.352,0.000114447371801006
16.4,0.000114669884842583
16.448,0.00011489195850768
16.496,0.000115113594096408
16.544,0.000115334792903756
16.592,0.000115555556219613
16.64,0.000115775885328792
16.688,0.00011599578151106
16.736,0.000116215246041158
16.784,0.000116434280188828
16.832,0.000116652885218837
16.88,0.000116871062390999
16.928,0.000117088812960205
16.976,0.00011730613817644
17.024,0.000117523039284812
17.072,0.000117739517525573
17.12,0.000117955574134147
17.168,0.000118171210341146
17.216,0.0001183864273724
17.264,0.000118601226448977
17.312,0.000118815608787207
17.36,0.000119029575598707
17.408,0.000119243128090397
17.456,0.000119456267464532
17.504,0.000119668994918718
17.552,0.000119881311645937
17.6,0.000120093218834567
17.648,0.000120304717668409
17.696,0.000120515809326703
17.744,0.000120726494984154
17.792,0.000120936775810953
17.84,0.000121146652972797
17.888,0.000121356127630914
17.936,0.000121565200942081
17.984,0.000121773874058646
18.032,0.00012198214812855
18.08,0.000122190024295348
18.128,0.000122397503698231
18.176,0.000122604587472042
18.224,0.000122811276747305
18.272,0.000123017572650236
18.32,0.000123223476302772
18.368,0.000123428988822584
18.416,0.000123634111323105
18.464,0.000123838844913542
18.512,0.000124043190698903
18.56,0.000124247149780011
18.608,0.000124450723253529
18.656,0.000124653912211975
18.704,0.000124856717743745
18.752,0.000125059140933131
18.8,0.000125261182860341
18.848,0.000125462844601516
18.896,0.000125664127228754
18.944,0.000125865031810121
18.992,0.00012606555940968
19.04,0.0001262657110875
19.088,0.000126465487899682
19.136,0.000126664890898375
19.184,0.000126863921131791
19.232,0.00012706257964423
19.28,0.000127260867476093
19.328,0.000127458785663902
19.376,0.00012765633524032
19.424,0.000127853517234165
19.472,0.00012805033267043
19.52,0.000128246782570302
19.568,0.000128442867951178
19.616,0.00012863858982668
19.664,0.00012883394920668
19.712,0.00012902894709731
19.76,0.000129223584500981
19.808,0.000129417862416404
19.856,0.000129611781838603
19.904,0.000129805343758932
19.952,0.000129998549165094
20,0.000130191399041159
20.048,0.000130383894367575
20.096,0.00013057603612119
20.144,0.000130767825275267
20.192,0.000130959262799501
20.24,0.000131150349660032
20.288,0.000131341086819466
20.336,0.000131531475236888
20.384,0.000131721515867879
20.432,0.000131911209664534
20.48,0.000132100557575472
20.528,0.000132289560545859
20.576,0.000132478219517419
20.624,0.000132666535428453
20.672,0.000132854509213849
20.72,0.000133042141805105
20.768,0.000133229434130339
20.816,0.000133416387114304
20.864,0.000133603001678408
20.912,0.000133789278740725
20.96,0.000133975219216011
21.008,0.000134160824015719
21.056,0.000134346094048014
21.104,0.00013453103021779
21.152,0.000134715633426679
21.2,0.000134899904573073
21.248,0.000135083844552132
21.296,0.000135267454255804
21.344,0.000135450734572833
21.392,0.000135633686388782
21.44,0.000135816310586038
21.488,0.000135998608043833
21.536,0.000136180579638256
21.584,0.000136362226242264
21.632,0.000136543548725702
21.68,0.000136724547955312
21.728,0.000136905224794748
21.776,0.00013708558010459
21.824,0.000137265614742359
21.872,0.000137445329562529
21.92,0.000137624725416539
21.968,0.000137803803152812
22.016,0.000137982563616762
22.064,0.000138161007650809
22.112,0.000138339136094397
22.16,0.000138516949784
22.208,0.000138694449553139
22.256,0.000138871636232397
22.304,0.000139048510649427
22.352,0.000139225073628969
22.4,0.000139401325992858
22.448,0.000139577268560044
22.496,0.000139752902146598
22.544,0.000139928227565729
22.592,0.000140103245627793
22.64,0.000140277957140309
22.688,0.000140452362907967
22.736,0.000140626463732647
22.784,0.000140800260413424
22.832,0.000140973753746585
22.88,0.000141146944525639
22.928,0.000141319833541331
22.976,0.000141492421581652
23.024,0.000141664709431851
23.072,0.00014183669787445
23.12,0.000142008387689252
23.168,0.000142179779653354
23.216,0.00014235087454116
23.264,0.000142521673124391
23.312,0.000142692176172099
23.36,0.000142862384450675
23.408,0.000143032298723863
23.456,0.000143201919752771
23.504,0.000143371248295882
23.552,0.000143540285109066
23.6,0.00014370903094559
23.648,0.00014387748655613
23.696,0.000144045652688782
23.744,0.000144213530089075
23.792,0.000144381119499976
23.84,0.000144548421661909
23.888,0.000144715437312761
23.936,0.000144882167187892
23.984,0.000145048612020151
24.032,0.000145214772539879
24.08,0.000145380649474928
24.128,0.000145546243550667
24.176,0.00014571155548999
24.224,0.000145876586013334
24.272,0.000146041335838684
24.32,0.000146205805681582
24.368,0.000146369996255144
24.416,0.000146533908270064
24.464,0.000146697542434626
24.512,0.000146860899454717
24.56,0.000147023980033834
24.608,0.000147186784873094
24.656,0.000147349314671245
24.704,0.000147511570124679
24.752,0.000147673551927435
24.8,0.000147835260771216
24.848,0.000147996697345395
24.896,0.000148157862337024
24.944,0.000148318756430847
24.992,0.000148479380309307
25.04,0.000148639734652558
25.088,0.000148799820138472
25.136,0.000148959637442649
25.184,0.000149119187238431
25.232,0.000149278470196903
25.28,0.00014943748698691
25.328,0.000149596238275064
25.376,0.00014975472472575
25.424,0.000149912947001141
25.472,0.000150070905761203
25.52,0.000150228601663706
25.568,0.000150386035364232
25.616,0.000150543207516186
25.664,0.000150700118770801
25.712,0.000150856769777154
25.76,0.000151013161182167
25.808,0.00015116929363062
25.856,0.000151325167765163
25.904,0.000151480784226317
25.952,0.000151636143652489
26,0.000151791246679979
