"ResDensity","N_TraitValue"
59.0463,0.00163138185167309
60.2912286,0.00166234195304734
61.5361572,0.00169317459991578
62.7810858,0.0017238805777062
64.0260144,0.00175446066540607
65.270943,0.00178491563562848
66.5158716,0.00181524625467717
67.7608002,0.00184545328261084
69.0057288,0.00187553747330657
70.2506574,0.00190549957452263
71.495586,0.00193534032796034
72.7405146,0.00196506046932536
73.9854432,0.00199466072838809
75.2303718,0.0020241418290434
76.4753004,0.0020535044893697
77.720229,0.0020827494216872
78.9651576,0.00211187733261549
80.2100862,0.00214088892313053
81.4550148,0.00216978488862078
82.6999434,0.00219856591894285
83.944872,0.00222723269847636
85.1898006,0.00225578590617818
86.4347292,0.00228422621563603
87.6796578,0.0023125542951215
88.9245864,0.00234077080764233
90.169515,0.00236887641099415
91.4144436,0.00239687175781163
92.6593722,0.00242475749561897
93.9043008,0.0024525342668798
95.1492294,0.0024802027090466
96.394158,0.00250776345460936
97.6390866,0.00253521713114385
98.8840152,0.00256256436135925
100.1289438,0.00258980576314518
101.3738724,0.00261694194961829
102.618801,0.00264397352916825
103.8637296,0.00267090110550319
105.1086582,0.00269772527769466
106.3535868,0.00272444664022207
107.5985154,0.00275106578301659
108.843444,0.00277758329150455
110.0883726,0.00280399974665041
111.3333012,0.00283031572499913
112.5782298,0.00285653179871815
113.8231584,0.00288264853563882
115.068087,0.00290866649929747
116.3130156,0.00293458624897586
117.5579442,0.0029604083397413
118.8028728,0.00298613332248628
120.0478014,0.00301176174396761
121.29273,0.00303729414684519
122.5376586,0.00306273106972029
123.7825872,0.00308807304717345
125.0275158,0.0031133206098019
126.2724444,0.0031384742842566
127.517373,0.00316353459327886
128.7623016,0.00318850205573658
130.0072302,0.00321337718666
131.2521588,0.00323816049727718
132.4970874,0.00326285249504898
133.742016,0.0032874536837037
134.9869446,0.00331196456327136
136.2318732,0.00333638563011756
137.4768018,0.00336071737697698
138.7217304,0.00338496029298652
139.966659,0.00340911486371812
141.2115876,0.00343318157121109
142.4565162,0.00345716089400429
143.7014448,0.00348105330716775
144.9463734,0.00350485928233409
146.191302,0.00352857928772955
147.4362306,0.00355221378820469
148.6811592,0.00357576324526473
149.9260878,0.00359922811709963
151.1710164,0.00362260885861378
152.415945,0.0036459059214554
153.6608736,0.00366911975404563
154.9058022,0.00369225080160729
156.1507308,0.00371529950619336
157.3956594,0.00373826630671512
158.640588,0.00376115163897003
159.8855166,0.00378395593566928
161.1304452,0.00380667962646508
162.3753738,0.00382932313797761
163.6203024,0.00385188689382176
164.865231,0.00387437131463351
166.1101596,0.00389677681809612
167.3550882,0.00391910381896592
168.6000168,0.00394135272909796
169.8449454,0.00396352395747133
171.089874,0.00398561791021419
172.3348026,0.0040076349906286
173.5797312,0.00402957559921502
174.8246598,0.00405144013369665
176.0695884,0.00407322898904342
177.314517,0.00409494255749578
178.5594456,0.00411658122858826
179.8043742,0.00413814538917272
181.0493028,0.00415963542344145
182.2942314,0.00418105171294998
183.53916,0.00420239463663962
184.7840886,0.00422366457085985
186.0290172,0.00424486188939044
187.2739458,0.00426598696346332
188.5188744,0.00428704016178429
189.763803,0.00430802185055444
191.0087316,0.00432893239349137
192.2536602,0.00434977215185026
193.4985888,0.00437054148444463
194.7435174,0.00439124074766694
195.988446,0.00441187029550899
197.2333746,0.00443243047958208
198.4783032,0.00445292164913701
199.7232318,0.00447334415108385
200.9681604,0.00449369833001148
202.213089,0.00451398452820703
203.4580176,0.00453420308567503
204.7029462,0.00455435434015641
205.9478748,0.00457443862714732
207.1928034,0.00459445627991772
208.437732,0.00461440762952986
209.6826606,0.00463429300485649
210.9275892,0.00465411273259895
212.1725178,0.00467386713730503
213.4174464,0.00469355654138676
214.662375,0.00471318126513787
215.9073036,0.00473274162675119
217.1522322,0.00475223794233587
218.3971608,0.00477167052593435
219.6420894,0.00479103968953929
220.887018,0.00481034574311022
222.1319466,0.0048295889945901
223.3768752,0.00484876974992168
224.6218038,0.00486788831306369
225.8667324,0.00488694498600697
227.111661,0.00490594006879028
228.3565896,0.00492487385951612
229.6015182,0.00494374665436627
230.8464468,0.00496255874761728
232.0913754,0.00498131043165574
233.336304,0.00500000199699341
234.5812326,0.00501863373228229
235.8261612,0.00503720592432938
237.0710898,0.00505571885811148
238.3160184,0.00507417281678975
239.560947,0.0050925680817241
240.8058756,0.00511090493248755
242.0508042,0.00512918364688035
243.2957328,0.00514740450094404
244.5406614,0.00516556776897531
245.78559,0.00518367372353981
247.0305186,0.00520172263548573
248.2754472,0.00521971477395737
249.5203758,0.00523765040640846
250.7653044,0.00525552979861544
252.010233,0.00527335321469059
253.2551616,0.00529112091709503
254.5000902,0.00530883316665158
255.7450188,0.00532649022255758
256.9899474,0.00534409234239748
258.234876,0.00536163978215537
259.4798046,0.00537913279622744
260.7247332,0.0053965716374342
261.9696618,0.00541395655703272
263.2145904,0.00543128780472867
264.459519,0.00544856562868827
265.7044476,0.00546579027555016
266.9493762,0.00548296199043711
268.1943048,0.00550008101696766
269.4392334,0.00551714759726764
270.684162,0.00553416197198159
271.9290906,0.00555112438028406
273.1740192,0.00556803505989084
274.4189478,0.00558489424707
275.6638764,0.005601702176653
276.908805,0.0056184590820455
278.1537336,0.0056351651952382
279.3986622,0.00565182074681756
280.6435908,0.00566842596597638
281.8885194,0.00568498108052433
283.133448,0.00570148631689837
284.3783766,0.00571794190017306
285.6233052,0.00573434805407081
286.8682338,0.005750705000972
288.1131624,0.00576701296192503
289.358091,0.0057832721566563
290.6030196,0.00579948280358006
291.8479482,0.00581564511980817
293.0928768,0.00583175932115984
294.3378054,0.0058478256221712
295.582734,0.00586384423610483
296.8276626,0.00587981537495922
298.0725912,0.00589573924947807
299.3175198,0.0059116160691596
300.5624484,0.00592744604226574
301.807377,0.00594322937583121
303.0523056,0.00595896627567257
304.2972342,0.00597465694639715
305.5421628,0.00599030159141193
306.7870914,0.00600590041293231
308.03202,0.00602145361199084
309.2769486,0.00603696138844588
310.5218772,0.00605242394099008
311.7668058,0.00606784146715897
313.0117344,0.00608321416333929
314.256663,0.00609854222477737
315.5015916,0.00611382584558737
316.7465202,0.00612906521875953
317.9914488,0.0061442605361682
319.2363774,0.00615941198857998
320.481306,0.00617451976566165
321.7262346,0.00618958405598813
322.9711632,0.00620460504705027
324.2160918,0.00621958292526267
325.4610204,0.00623451787597138
326.705949,0.00624941008346153
327.9508776,0.00626425973096495
329.1958062,0.00627906700066763
330.4407348,0.00629383207371724
331.6856634,0.00630855513023042
332.930592,0.00632323634930022
334.1755206,0.00633787590900326
335.4204492,0.006352473986407
336.6653778,0.00636703075757683
337.9103064,0.00638154639758318
339.155235,0.00639602108050853
340.4001636,0.00641045497945437
341.6450922,0.00642484826654809
342.8900208,0.00643920111294984
344.1349494,0.0064535136888593
345.379878,0.00646778616352241
346.6248066,0.00648201870523804
347.8697352,0.00649621148136462
349.1146638,0.00651036465832669
350.3595924,0.00652447840162139
351.604521,0.00653855287582493
352.8494496,0.006552588244599
354.0943782,0.00656658467069706
355.3393068,0.0065805423159707
356.5842354,0.00659446134137583
357.829164,0.00660834190697887
359.0740926,0.00662218417196292
360.3190212,0.00663598829463383
361.5639498,0.00664975443242618
362.8088784,0.00666348274190937
364.053807,0.00667717337879347
365.2987356,0.00669082649793513
366.5436642,0.00670444225334344
367.7885928,0.0067180207981857
369.0335214,0.00673156228479318
370.27845,0.00674506686466678
371.5233786,0.00675853468848273
372.7683072,0.00677196590609816
374.0132358,0.00678536066655666
375.2581644,0.00679871911809382
376.503093,0.00681204140814266
377.7480216,0.00682532768333908
378.9929502,0.00683857808952723
380.2378788,0.00685179277176487
381.4828074,0.0068649718743286
382.727736,0.0068781155407192
383.9726646,0.00689122391366677
385.2175932,0.00690429713513591
386.4625218,0.00691733534633086
387.7074504,0.0069303386877006
388.952379,0.00694330729894384
390.1973076,0.00695624131901406
391.4422362,0.00696914088612448
392.6871648,0.00698200613775295
393.9320934,0.00699483721064687
395.177022,0.00700763424082801
396.4219506,0.00702039736359732
397.6668792,0.00703312671353973
398.9118078,0.00704582242452881
400.1567364,0.00705848462973154
401.401665,0.00707111346161293
402.6465936,0.00708370905194062
403.8915222,0.00709627153178952
405.1364508,0.0071088010315463
406.3813794,0.00712129768091392
407.626308,0.00713376160891612
408.8712366,0.00714619294390184
410.1161652,0.00715859181354964
411.3610938,0.00717095834487207
412.6060224,0.00718329266422
413.850951,0.00719559489728691
415.0958796,0.00720786516911321
416.3408082,0.00722010360409041
417.5857368,0.00723231032596537
418.8306654,0.00724448545784445
420.075594,0.00725662912219767
421.3205226,0.00726874144086278
422.5654512,0.00728082253504938
423.8103798,0.00729287252534292
425.0553084,0.00730489153170873
426.300237,0.00731687967349603
427.5451656,0.00732883706944181
428.7900942,0.00734076383767484
430.0350228,0.00735266009571948
431.2799514,0.00736452596049958
432.52488,0.00737636154834231
433.7698086,0.00738816697498197
435.0147372,0.00739994235556371
436.2596658,0.00741168780464735
437.5045944,0.00742340343621103
438.749523,0.00743508936365493
439.9944516,0.00744674569980494
441.2393802,0.00745837255691626
442.4843088,0.007469970046677
443.7292374,0.00748153828021181
444.974166,0.00749307736808537
446.2190946,0.00750458742030592
447.4640232,0.00751606854632881
448.7089518,0.00752752085505991
449.9538804,0.00753894445485906
451.198809,0.00755033945354352
452.4437376,0.00756170595839135
453.6886662,0.00757304407614475
454.9335948,0.00758435391301343
456.1785234,0.00759563557467793
457.423452,0.00760688916629287
458.6683806,0.0076181147924903
459.9133092,0.00762931255738282
461.1582378,0.00764048256456693
462.4031664,0.00765162491712613
463.648095,0.00766273971763412
464.8930236,0.00767382706815798
466.1379522,0.00768488707026125
467.3828808,0.00769591982500703
468.6278094,0.00770692543296111
469.872738,0.00771790399419497
471.1176666,0.00772885560828884
472.3625952,0.00773978037433469
473.6075238,0.00775067839093927
474.8524524,0.00776154975622699
476.097381,0.00777239456784297
477.3423096,0.00778321292295587
478.5872382,0.00779400491826084
479.8321668,0.0078047706499824
481.0770954,0.00781551021387729
482.322024,0.0078262237052373
483.5669526,0.00783691121889213
484.8118812,0.00784757284921211
486.0568098,0.00785820869011106
487.3017384,0.007868818835049
488.546667,0.00787940337703491
489.7915956,0.00788996240862943
491.0365242,0.00790049602194756
492.2814528,0.00791100430866136
493.5263814,0.00792148736000258
494.77131,0.00793194526676533
496.0162386,0.00794237811930866
497.2611672,0.00795278600755921
498.5060958,0.00796316902101376
499.7510244,0.00797352724874182
500.995953,0.00798386077938816
502.2408816,0.00799416970117532
503.4858102,0.00800445410190617
504.7307388,0.00801471406896638
505.9756674,0.00802494968932686
507.220596,0.00803516104954628
508.4655246,0.00804534823577346
509.7104532,0.00805551133374982
510.9553818,0.00806565042881176
512.2003104,0.00807576560589311
513.445239,0.00808585694952739
514.6901676,0.0080959245438503
515.9350962,0.00810596847260193
517.1800248,0.00811598881912918
518.4249534,0.00812598566638803
519.669882,0.00813595909694579
520.9148106,0.00814590919298345
522.1597392,0.00815583603629787
523.4046678,0.00816573970830405
524.6495964,0.00817562029003739
525.894525,0.00818547786215581
527.1394536,0.00819531250494203
528.3843822,0.00820512429830573
529.6293108,0.00821491332178566
530.8742394,0.00822467965455188
532.119168,0.00823442337540782
533.3640966,0.00824414456279243
534.6090252,0.00825384329478229
535.8539538,0.00826351964909367
537.0988824,0.00827317370308464
538.343811,0.00828280553375714
539.5887396,0.00829241521775896
540.8336682,0.00830200283138586
542.0785968,0.00831156845058353
543.3235254,0.0083211121509496
544.568454,0.00833063400773568
545.8133826,0.00834013409584928
547.0583112,0.00834961248985579
548.3032398,0.00835906926398045
549.5481684,0.00836850449211027
550.793097,0.00837791824779597
552.0380256,0.00838731060425387
553.2829542,0.00839668163436781
554.5278828,0.00840603141069101
555.7728114,0.00841536000544797
557.01774,0.0084246674905363
558.2626686,0.0084339539375286
559.5075972,0.00844321941767428
560.7525258,0.00845246400190136
561.9974544,0.00846168776081832
563.242383,0.00847089076471588
564.4873116,0.00848007308356876
565.7322402,0.00848923478703749
566.9771688,0.00849837594447017
568.2220974,0.00850749662490419
569.467026,0.00851659689706801
570.7119546,0.00852567682938284
571.9568832,0.00853473648996437
573.2018118,0.00854377594662452
574.4467404,0.00855279526687305
575.691669,0.00856179451791931
576.9365976,0.00857077376667388
578.1815262,0.00857973307975021
579.4264548,0.00858867252346632
580.6713834,0.00859759216384638
581.916312,0.00860649206662236
583.1612406,0.00861537229723567
584.4061692,0.00862423292083871
585.6510978,0.00863307400229651
586.8960264,0.00864189560618829
588.140955,0.00865069779680903
589.3858836,0.00865948063817105
590.6308122,0.00866824419400555
591.8757408,0.00867698852776414
593.1206694,0.00868571370262041
594.365598,0.0086944197814714
595.6105266,0.00870310682693913
596.8554552,0.00871177490137215
598.1003838,0.00872042406684695
599.3453124,0.0087290543851695
600.590241,0.00873766591787669
601.8351696,0.00874625872623782
603.0800982,0.00875483287125605
604.3250268,0.00876338841366979
605.5699554,0.00877192541395423
606.814884,0.00878044393232268
608.0598126,0.00878894402872803
609.3047412,0.00879742576286414
610.5496698,0.00880588919416723
611.7945984,0.00881433438181731
613.039527,0.0088227613847395
614.2844556,0.00883117026160544
615.5293842,0.00883956107083466
616.7743128,0.00884793387059588
618.0192414,0.00885628871880842
619.26417,0.00886462567314349
620.5090986,0.00887294479102553
621.7540272,0.00888124612963353
622.9989558,0.00888952974590235
624.2438844,0.00889779569652399
625.488813,0.00890604403794894
626.7337416,0.00891427482638738
627.9786702,0.00892248811781056
629.2235988,0.00893068396795198
630.4685274,0.0089388624323087
631.713456,0.00894702356614256
632.9583846,0.00895516742448148
634.2033132,0.00896329406212062
635.4482418,0.00897140353362367
636.6931704,0.00897949589332406
637.938099,0.00898757119532614
639.1830276,0.00899562949350642
640.4279562,0.00900367084151476
641.6728848,0.00901169529277556
642.9178134,0.00901970290048894
644.162742,0.00902769371763191
645.4076706,0.00903566779695954
646.6525992,0.00904362519100616
647.8975278,0.00905156595208644
649.1424564,0.00905949013229659
650.387385,0.00906739778351551
651.6323136,0.00907528895740585
652.8772422,0.00908316370541523
654.1221708,0.00909102207877728
655.3670994,0.0090988641285128
656.612028,0.00910668990543083
657.8569566,0.00911449946012979
659.1018852,0.00912229284299851
660.3468138,0.00913007010421737
661.5917424,0.00913783129375936
662.836671,0.00914557646139112
664.0815996,0.00915330565667405
665.3265282,0.00916101892896535
666.5714568,0.00916871632741905
667.8163854,0.00917639790098708
669.061314,0.00918406369842029
670.3062426,0.0091917137682695
671.5511712,0.00919934815888653
672.7960998,0.00920696691842516
674.0410284,0.00921457009484222
675.285957,0.00922215773589855
676.5308856,0.00922972988916003
677.7758142,0.00923728660199854
679.0207428,0.00924482792159295
680.2656714,0.00925235389493015
681.5106,0.00925986456880597
