"ResDensity","N_TraitValue"
53.9653,5.64168839123901e-06
54.765863,5.714232725272e-06
55.566426,5.78649508230277e-06
56.366989,5.85847710319277e-06
57.167552,5.93018041609693e-06
57.968115,6.00160663658639e-06
58.768678,6.07275736776986e-06
59.569241,6.14363420041353e-06
60.369804,6.21423871305964e-06
61.170367,6.28457247214368e-06
61.97093,6.35463703211022e-06
62.771493,6.42443393552743e-06
63.572056,6.49396471320031e-06
64.372619,6.56323088428255e-06
65.173182,6.63223395638724e-06
65.973745,6.70097542569619e-06
66.774308,6.76945677706811e-06
67.574871,6.83767948414552e-06
68.375434,6.90564500946042e-06
69.175997,6.97335480453886e-06
69.97656,7.04081031000421e-06
70.777123,7.1080129556794e-06
71.577686,7.17496416068788e-06
72.378249,7.24166533355357e-06
73.178812,7.30811787229959e-06
73.979375,7.37432316454598e-06
74.779938,7.44028258760625e-06
75.580501,7.50599750858289e-06
76.381064,7.57146928446186e-06
77.181627,7.63669926220597e-06
77.98219,7.70168877884723e-06
78.782753,7.76643916157826e-06
79.583316,7.83095172784256e-06
80.383879,7.89522778542395e-06
81.184442,7.95926863253486e-06
81.985005,8.02307555790379e-06
82.785568,8.08664984086174e-06
83.586131,8.14999275142769e-06
84.386694,8.21310555039321e-06
85.187257,8.27598948940607e-06
85.98782,8.33864581105303e-06
86.788383,8.40107574894165e-06
87.588946,8.46328052778126e-06
88.389509,8.52526136346305e-06
89.190072,8.5870194631393e-06
89.990635,8.64855602530173e-06
90.791198,8.70987223985905e-06
91.591761,8.77096928821363e-06
92.392324,8.83184834333741e-06
93.192887,8.89251056984694e-06
93.99345,8.95295712407765e-06
94.794013,9.01318915415734e-06
95.594576,9.07320780007885e-06
96.395139,9.13301419377198e-06
97.195702,9.19260945917467e-06
97.996265,9.25199471230343e-06
98.796828,9.31117106132293e-06
99.597391,9.370139606615e-06
100.397954,9.4289014408468e-06
101.198517,9.48745764903833e-06
101.99908,9.5458093086292e-06
102.799643,9.60395748954473e-06
103.600206,9.66190325426131e-06
104.400769,9.71964765787114e-06
105.201332,9.77719174814629e-06
106.001895,9.83453656560202e-06
106.802458,9.89168314355952e-06
107.603021,9.948632508208e-06
108.403584,1.00053856786661e-05
109.204147,1.00619436670426e-05
110.00471,1.01183074784968e-05
110.805273,1.01744781112979e-05
111.605836,1.02304565568837e-05
112.406399,1.02862437999197e-05
113.206962,1.03418408183559e-05
114.007525,1.03972485834845e-05
114.808088,1.04524680599964e-05
115.608651,1.05075002060372e-05
116.409214,1.05623459732624e-05
117.209777,1.06170063068923e-05
118.01034,1.06714821457668e-05
118.810903,1.07257744223983e-05
119.611466,1.07798840630257e-05
120.412029,1.08338119876666e-05
121.212592,1.08875591101695e-05
122.013155,1.09411263382657e-05
122.813718,1.09945145736201e-05
123.614281,1.10477247118818e-05
124.414844,1.11007576427346e-05
125.215407,1.11536142499458e-05
126.01597,1.12062954114162e-05
126.816533,1.12588019992279e-05
127.617096,1.13111348796932e-05
128.417659,1.13632949134014e-05
129.218222,1.14152829552667e-05
130.018785,1.14670998545744e-05
130.819348,1.15187464550277e-05
131.619911,1.15702235947927e-05
132.420474,1.16215321065446e-05
133.221037,1.16726728175119e-05
134.0216,1.17236465495213e-05
134.822163,1.17744541190416e-05
135.622726,1.18250963372271e-05
136.423289,1.18755740099612e-05
137.223852,1.19258879378986e-05
138.024415,1.1976038916508e-05
138.824978,1.20260277361141e-05
139.625541,1.20758551819388e-05
140.426104,1.21255220341425e-05
141.226667,1.21750290678647e-05
142.02723,1.22243770532646e-05
142.827793,1.22735667555607e-05
143.628356,1.23225989350705e-05
144.428919,1.23714743472497e-05
145.229482,1.2420193742731e-05
146.030045,1.24687578673625e-05
146.830608,1.25171674622458e-05
147.631171,1.25654232637736e-05
148.431734,1.2613526003667e-05
149.232297,1.26614764090128e-05
150.03286,1.27092752022997e-05
150.833423,1.27569231014551e-05
151.633986,1.28044208198805e-05
152.434549,1.28517690664874e-05
153.235112,1.28989685457325e-05
154.035675,1.29460199576528e-05
154.836238,1.29929239979e-05
155.636801,1.30396813577748e-05
156.437364,1.3086292724261e-05
157.237927,1.3132758780059e-05
158.03849,1.31790802036192e-05
158.839053,1.32252576691751e-05
159.639616,1.32712918467757e-05
160.440179,1.33171834023185e-05
161.240742,1.33629329975809e-05
162.041305,1.34085412902526e-05
162.841868,1.34540089339667e-05
163.642431,1.34993365783313e-05
164.442994,1.35445248689599e-05
165.243557,1.35895744475028e-05
166.04412,1.36344859516767e-05
166.844683,1.36792600152954e-05
167.645246,1.37238972682992e-05
168.445809,1.37683983367848e-05
169.246372,1.38127638430342e-05
170.046935,1.38569944055439e-05
170.847498,1.39010906390537e-05
171.648061,1.39450531545752e-05
172.448624,1.39888825594197e-05
173.249187,1.40325794572265e-05
174.04975,1.40761444479907e-05
174.850313,1.41195781280901e-05
175.650876,1.41628810903132e-05
176.451439,1.42060539238854e-05
177.252002,1.42490972144962e-05
178.052565,1.42920115443257e-05
178.853128,1.43347974920704e-05
179.653691,1.437745563297e-05
180.454254,1.44199865388322e-05
181.254817,1.44623907780591e-05
182.05538,1.4504668915672e-05
182.855943,1.45468215133367e-05
183.656506,1.45888491293885e-05
184.457069,1.46307523188564e-05
185.257632,1.46725316334881e-05
186.058195,1.47141876217739e-05
186.858758,1.47557208289705e-05
187.659321,1.47971317971254e-05
188.459884,1.48384210650998e-05
189.260447,1.48795891685926e-05
190.06101,1.4920636640163e-05
190.861573,1.49615640092539e-05
191.662136,1.50023718022143e-05
192.462699,1.50430605423223e-05
193.263262,1.50836307498071e-05
194.063825,1.51240829418711e-05
194.864388,1.51644176327125e-05
195.664951,1.52046353335462e-05
196.465514,1.52447365526261e-05
197.266077,1.52847217952664e-05
198.06664,1.53245915638623e-05
198.867203,1.53643463579119e-05
199.667766,1.54039866740361e-05
200.468329,1.54435130060001e-05
201.268892,1.54829258447335e-05
202.069455,1.55222256783507e-05
202.870018,1.5561412992171e-05
203.670581,1.56004882687388e-05
204.471144,1.56394519878429e-05
205.271707,1.56783046265367e-05
206.07227,1.57170466591575e-05
206.872833,1.57556785573455e-05
207.673396,1.57942007900635e-05
208.473959,1.58326138236153e-05
209.274522,1.58709181216648e-05
210.075085,1.59091141452548e-05
210.875648,1.59472023528252e-05
211.676211,1.59851832002314e-05
212.476774,1.60230571407627e-05
213.277337,1.60608246251601e-05
214.0779,1.60984861016344e-05
214.878463,1.61360420158835e-05
215.679026,1.61734928111107e-05
216.479589,1.62108389280414e-05
217.280152,1.62480808049407e-05
218.080715,1.62852188776308e-05
218.881278,1.63222535795075e-05
219.681841,1.63591853415574e-05
220.482404,1.63960145923746e-05
221.282967,1.64327417581771e-05
222.08353,1.64693672628234e-05
222.884093,1.65058915278288e-05
223.684656,1.65423149723813e-05
224.485219,1.65786380133582e-05
225.285782,1.66148610653414e-05
226.086345,1.66509845406335e-05
226.886908,1.66870088492735e-05
227.687471,1.67229343990521e-05
228.488034,1.67587615955272e-05
229.288597,1.67944908420391e-05
230.08916,1.68301225397258e-05
230.889723,1.68656570875377e-05
231.690286,1.69010948822529e-05
232.490849,1.69364363184915e-05
233.291412,1.69716817887309e-05
234.091975,1.70068316833195e-05
234.892538,1.70418863904918e-05
235.693101,1.70768462963823e-05
236.493664,1.71117117850398e-05
237.294227,1.71464832384417e-05
238.09479,1.71811610365075e-05
238.895353,1.72157455571128e-05
239.695916,1.72502371761034e-05
240.496479,1.72846362673082e-05
241.297042,1.73189432025535e-05
242.097605,1.73531583516756e-05
242.898168,1.73872820825349e-05
243.698731,1.74213147610285e-05
244.499294,1.74552567511033e-05
245.299857,1.74891084147693e-05
246.10042,1.75228701121123e-05
246.900983,1.75565422013067e-05
247.701546,1.75901250386279e-05
248.502109,1.76236189784655e-05
249.302672,1.76570243733349e-05
250.103235,1.76903415738904e-05
250.903798,1.77235709289373e-05
251.704361,1.77567127854438e-05
252.504924,1.77897674885531e-05
253.305487,1.7822735381596e-05
254.10605,1.78556168061018e-05
254.906613,1.78884121018109e-05
255.707176,1.79211216066863e-05
256.507739,1.79537456569248e-05
257.308302,1.79862845869692e-05
258.108865,1.8018738729519e-05
258.909428,1.80511084155424e-05
259.709991,1.80833939742872e-05
260.510554,1.81155957332919e-05
261.311117,1.8147714018397e-05
262.11168,1.81797491537559e-05
262.912243,1.82117014618458e-05
263.712806,1.82435712634784e-05
264.513369,1.82753588778108e-05
265.313932,1.83070646223562e-05
266.114495,1.83386888129944e-05
266.915058,1.8370231763982e-05
267.715621,1.84016937879634e-05
268.516184,1.84330751959806e-05
269.316747,1.84643762974838e-05
270.11731,1.84955974003412e-05
270.917873,1.85267388108496e-05
271.718436,1.8557800833744e-05
272.518999,1.85887837722077e-05
273.319562,1.86196879278821e-05
274.120125,1.86505136008765e-05
274.920688,1.86812610897781e-05
275.721251,1.87119306916611e-05
276.521814,1.87425227020966e-05
277.322377,1.87730374151622e-05
278.12294,1.88034751234511e-05
278.923503,1.88338361180818e-05
279.724066,1.88641206887071e-05
280.524629,1.88943291235234e-05
281.325192,1.89244617092799e-05
282.125755,1.89545187312876e-05
282.926318,1.89845004734284e-05
283.726881,1.90144072181639e-05
284.527444,1.90442392465444e-05
285.328007,1.90739968382177e-05
286.12857,1.91036802714376e-05
286.929133,1.9133289823073e-05
287.729696,1.91628257686161e-05
288.530259,1.91922883821912e-05
289.330822,1.9221677936563e-05
290.131385,1.92509947031453e-05
290.931948,1.92802389520088e-05
291.732511,1.93094109518903e-05
292.533074,1.93385109701998e-05
293.333637,1.93675392730297e-05
294.1342,1.93964961251624e-05
294.934763,1.94253817900782e-05
295.735326,1.94541965299637e-05
296.535889,1.94829406057196e-05
297.336452,1.95116142769684e-05
298.137015,1.95402178020623e-05
298.937578,1.95687514380911e-05
299.738141,1.95972154408898e-05
300.538704,1.96256100650462e-05
301.339267,1.96539355639087e-05
302.13983,1.96821921895933e-05
302.940393,1.97103801929918e-05
303.740956,1.97384998237788e-05
304.541519,1.9766551330419e-05
305.342082,1.97945349601748e-05
306.142645,1.98224509591136e-05
306.943208,1.98502995721144e-05
307.743771,1.98780810428758e-05
308.544334,1.99057956139225e-05
309.344897,1.99334435266127e-05
310.14546,1.9961025021145e-05
310.946023,1.99885403365651e-05
311.746586,2.00159897107732e-05
312.547149,2.00433733805305e-05
313.347712,2.0070691581466e-05
314.148275,2.00979445480836e-05
314.948838,2.01251325137684e-05
315.749401,2.01522557107935e-05
316.549964,2.01793143703268e-05
317.350527,2.02063087224373e-05
318.15109,2.02332389961017e-05
318.951653,2.02601054192111e-05
319.752216,2.0286908218577e-05
320.552779,2.03136476199382e-05
321.353342,2.03403238479666e-05
322.153905,2.03669371262738e-05
322.954468,2.03934876774175e-05
323.755031,2.04199757229073e-05
324.555594,2.04464014832111e-05
325.356157,2.04727651777612e-05
326.15672,2.04990670249604e-05
326.957283,2.05253072421879e-05
327.757846,2.05514860458055e-05
328.558409,2.05776036511632e-05
329.358972,2.06036602726056e-05
330.159535,2.06296561234774e-05
330.960098,2.06555914161291e-05
331.760661,2.06814663619233e-05
332.561224,2.07072811712399e-05
333.361787,2.07330360534822e-05
334.16235,2.07587312170824e-05
334.962913,2.07843668695071e-05
335.763476,2.08099432172631e-05
336.564039,2.08354604659027e-05
337.364602,2.08609188200297e-05
338.165165,2.08863184833041e-05
338.965728,2.09116596584483e-05
339.766291,2.0936942547252e-05
340.566854,2.09621673505777e-05
341.367417,2.0987334268366e-05
342.16798,2.10124434996411e-05
342.968543,2.10374952425156e-05
343.769106,2.10624896941961e-05
344.569669,2.10874270509883e-05
345.370232,2.11123075083019e-05
346.170795,2.11371312606561e-05
346.971358,2.11618985016843e-05
347.771921,2.11866094241393e-05
348.572484,2.12112642198984e-05
349.373047,2.12358630799681e-05
350.17361,2.12604061944893e-05
350.974173,2.1284893752742e-05
351.774736,2.13093259431503e-05
352.575299,2.13337029532874e-05
353.375862,2.13580249698797e-05
354.176425,2.13822921788124e-05
354.976988,2.1406504765134e-05
355.777551,2.14306629130605e-05
356.578114,2.14547668059807e-05
357.378677,2.14788166264607e-05
358.17924,2.15028125562482e-05
358.979803,2.15267547762774e-05
359.780366,2.15506434666735e-05
360.580929,2.1574478806757e-05
361.381492,2.15982609750485e-05
362.182055,2.16219901492729e-05
362.982618,2.16456665063639e-05
363.783181,2.16692902224686e-05
364.583744,2.16928614729515e-05
365.384307,2.17163804323992e-05
366.18487,2.17398472746244e-05
366.985433,2.17632621726704e-05
367.785996,2.17866252988152e-05
368.586559,2.1809936824576e-05
369.387122,2.1833196920713e-05
370.187685,2.18564057572339e-05
370.988248,2.18795635033977e-05
371.788811,2.19026703277194e-05
372.589374,2.19257263979733e-05
373.389937,2.19487318811979e-05
374.1905,2.19716869436991e-05
374.991063,2.19945917510548e-05
375.791626,2.20174464681189e-05
376.592189,2.20402512590247e-05
377.392752,2.20630062871893e-05
378.193315,2.20857117153176e-05
378.993878,2.21083677054057e-05
379.794441,2.2130974418745e-05
380.595004,2.21535320159263e-05
381.395567,2.21760406568432e-05
382.19613,2.2198500500696e-05
382.996693,2.22209117059954e-05
383.797256,2.22432744305666e-05
384.597819,2.22655888315523e-05
385.398382,2.22878550654173e-05
386.198945,2.23100732879511e-05
386.999508,2.23322436542724e-05
387.800071,2.23543663188325e-05
388.600634,2.23764414354185e-05
389.401197,2.23984691571573e-05
390.20176,2.24204496365189e-05
391.002323,2.24423830253201e-05
391.802886,2.24642694747279e-05
392.603449,2.24861091352629e-05
393.404012,2.25079021568027e-05
394.204575,2.25296486885858e-05
395.005138,2.25513488792143e-05
395.805701,2.25730028766578e-05
396.606264,2.25946108282567e-05
397.406827,2.26161728807253e-05
398.20739,2.26376891801552e-05
399.007953,2.26591598720189e-05
399.808516,2.26805851011726e-05
400.609079,2.270196501186e-05
401.409642,2.27232997477148e-05
402.210205,2.27445894517649e-05
403.010768,2.27658342664345e-05
403.811331,2.27870343335483e-05
404.611894,2.28081897943338e-05
405.412457,2.28293007894252e-05
406.21302,2.28503674588658e-05
407.013583,2.28713899421115e-05
407.814146,2.28923683780341e-05
408.614709,2.29133029049236e-05
409.415272,2.29341936604922e-05
410.215835,2.29550407818763e-05
411.016398,2.29758444056406e-05
411.816961,2.29966046677799e-05
412.617524,2.30173217037233e-05
413.418087,2.3037995648336e-05
414.21865,2.3058626635923e-05
415.019213,2.30792148002317e-05
415.819776,2.30997602744549e-05
416.620339,2.31202631912335e-05
417.420902,2.31407236826596e-05
418.221465,2.31611418802791e-05
419.022028,2.31815179150945e-05
419.822591,2.32018519175683e-05
420.623154,2.32221440176247e-05
421.423717,2.32423943446535e-05
422.22428,2.3262603027512e-05
423.024843,2.32827701945281e-05
423.825406,2.33028959735032e-05
424.625969,2.33229804917145e-05
425.426532,2.33430238759177e-05
426.227095,2.33630262523503e-05
427.027658,2.33829877467333e-05
427.828221,2.34029084842745e-05
428.628784,2.3422788589671e-05
429.429347,2.34426281871116e-05
430.22991,2.34624274002797e-05
431.030473,2.34821863523554e-05
431.831036,2.35019051660186e-05
432.631599,2.35215839634513e-05
433.432162,2.35412228663398e-05
434.232725,2.35608219958778e-05
435.033288,2.35803814727685e-05
435.833851,2.35999014172273e-05
436.634414,2.36193819489839e-05
437.434977,2.36388231872852e-05
438.23554,2.36582252508974e-05
439.036103,2.36775882581088e-05
439.836666,2.36969123267316e-05
440.637229,2.37161975741048e-05
441.437792,2.37354441170965e-05
442.238355,2.37546520721061e-05
443.038918,2.37738215550667e-05
443.839481,2.37929526814475e-05
444.640044,2.38120455662559e-05
445.440607,2.38311003240403e-05
446.24117,2.38501170688918e-05
447.041733,2.38690959144468e-05
447.842296,2.38880369738894e-05
448.642859,2.39069403599531e-05
449.443422,2.39258061849238e-05
450.243985,2.39446345606413e-05
451.044548,2.39634255985019e-05
451.845111,2.39821794094607e-05
452.645674,2.40008961040335e-05
453.446237,2.40195757922989e-05
454.2468,2.40382185839009e-05
