"ResDensity","N_TraitValue"
0.5,9.21473793040504e-06
0.529,9.73517061520873e-06
0.558,1.02541083893391e-05
0.587,1.07715576846162e-05
0.616,1.1287524896016e-05
0.645,1.18020163819335e-05
0.674,1.23150384644444e-05
0.703,1.28265974295638e-05
0.732,1.33366995275027e-05
0.761,1.38453509729231e-05
0.79,1.435255794519e-05
0.819,1.48583265886217e-05
0.848,1.53626630127379e-05
0.877,1.58655732925058e-05
0.906,1.63670634685839e-05
0.935,1.68671395475639e-05
0.964,1.73658075022108e-05
0.993,1.78630732717001e-05
1.022,1.8358942761854e-05
1.051,1.88534218453752e-05
1.08,1.93465163620787e-05
1.109,1.98382321191214e-05
1.138,2.03285748912307e-05
1.167,2.08175504209299e-05
1.196,2.13051644187627e-05
1.225,2.17914225635158e-05
1.254,2.22763305024385e-05
1.283,2.27598938514622e-05
1.312,2.32421181954168e-05
1.341,2.37230090882458e-05
1.37,2.42025720532193e-05
1.399,2.46808125831458e-05
1.428,2.51577361405816e-05
1.457,2.56333481580391e-05
1.486,2.61076540381929e-05
1.515,2.65806591540843e-05
1.544,2.70523688493241e-05
1.573,2.75227884382944e-05
1.602,2.79919232063475e-05
1.631,2.84597784100041e-05
1.66,2.89263592771498e-05
1.689,2.93916710072295e-05
1.718,2.98557187714408e-05
1.747,3.03185077129256e-05
1.776,3.07800429469598e-05
1.805,3.12403295611419e-05
1.834,3.16993726155802e-05
1.863,3.2157177143078e-05
1.892,3.26137481493173e-05
1.921,3.30690906130419e-05
1.95,3.35232094862376e-05
1.979,3.39761096943122e-05
2.008,3.44277961362735e-05
2.037,3.4878273684906e-05
2.066,3.53275471869457e-05
2.095,3.57756214632545e-05
2.124,3.62225013089924e-05
2.153,3.66681914937885e-05
2.182,3.71126967619105e-05
2.211,3.75560218324335e-05
2.24,3.79981713994068e-05
2.269,3.84391501320195e-05
2.298,3.88789626747647e-05
2.327,3.9317613647603e-05
2.356,3.9755107646124e-05
2.385,4.01914492417066e-05
2.414,4.06266429816788e-05
2.443,4.1060693389475e-05
2.472,4.14936049647931e-05
2.501,4.192538218375e-05
2.53,4.23560294990358e-05
2.559,4.27855513400668e-05
2.588,4.32139521131372e-05
2.617,4.36412362015705e-05
2.646,4.40674079658681e-05
2.675,4.4492471743858e-05
2.704,4.49164318508424e-05
2.733,4.53392925797428e-05
2.762,4.57610582012459e-05
2.791,4.61817329639466e-05
2.82,4.66013210944911e-05
2.849,4.70198267977183e-05
2.878,4.74372542568004e-05
2.907,4.78536076333819e-05
2.936,4.82688910677184e-05
2.965,4.86831086788135e-05
2.994,4.9096264564555e-05
3.023,4.95083628018504e-05
3.052,4.99194074467604e-05
3.081,5.03294025346325e-05
3.11,5.07383520802328e-05
3.139,5.11462600778771e-05
3.168,5.15531305015608e-05
3.197,5.19589673050883e-05
3.226,5.23637744222009e-05
3.255,5.27675557667035e-05
3.284,5.31703152325916e-05
3.313,5.35720566941757e-05
3.342,5.39727840062057e-05
3.371,5.43725010039945e-05
3.4,5.47712115035401e-05
3.429,5.51689193016472e-05
3.458,5.55656281760473e-05
3.487,5.59613418855191e-05
3.516,5.63560641700062e-05
3.545,5.67497987507358e-05
3.574,5.71425493303354e-05
3.603,5.75343195929484e-05
3.632,5.79251132043499e-05
3.661,5.83149338120608e-05
3.69,5.87037850454612e-05
3.719,5.90916705159033e-05
3.748,5.94785938168227e-05
3.777,5.98645585238499e-05
3.806,6.02495681949203e-05
3.835,6.06336263703832e-05
3.864,6.10167365731108e-05
3.893,6.13989023086057e-05
3.922,6.17801270651076e-05
3.951,6.21604143136998e-05
3.98,6.25397675084143e-05
4.009,6.29181900863367e-05
4.038,6.32956854677094e-05
4.067,6.36722570560353e-05
4.096,6.40479082381796e-05
4.125,6.44226423844718e-05
4.154,6.4796462848806e-05
4.183,6.51693729687412e-05
4.212,6.55413760656008e-05
4.241,6.59124754445708e-05
4.27,6.6282674394798e-05
4.299,6.66519761894873e-05
4.328,6.70203840859977e-05
4.357,6.73879013259383e-05
4.386,6.77545311352637e-05
4.415,6.81202767243677e-05
4.444,6.84851412881777e-05
4.473,6.88491280062474e-05
4.502,6.9212240042849e-05
4.531,6.95744805470653e-05
4.56,6.99358526528805e-05
4.589,7.02963594792704e-05
4.618,7.06560041302926e-05
4.647,7.10147896951752e-05
4.676,7.13727192484052e-05
4.705,7.17297958498169e-05
4.734,7.20860225446784e-05
4.763,7.24414023637785e-05
4.792,7.27959383235125e-05
4.821,7.3149633425968e-05
4.85,7.3502490659009e-05
4.879,7.38545129963605e-05
4.908,7.42057033976916e-05
4.937,7.4556064808699e-05
4.966,7.49056001611889e-05
4.995,7.52543123731591e-05
5.024,7.56022043488799e-05
5.053,7.59492789789749e-05
5.082,7.62955391405011e-05
5.111,7.66409876970283e-05
5.14,7.6985627498718e-05
5.169,7.73294613824021e-05
5.198,7.76724921716602e-05
5.227,7.80147226768975e-05
5.256,7.83561556954208e-05
5.285,7.86967940115157e-05
5.314,7.90366403965212e-05
5.343,7.93756976089059e-05
5.372,7.97139683943417e-05
5.401,8.00514554857787e-05
5.43,8.03881616035182e-05
5.459,8.0724089455286e-05
5.488,8.10592417363053e-05
5.517,8.13936211293683e-05
5.546,8.1727230304908e-05
5.575,8.20600719210692e-05
5.604,8.23921486237794e-05
5.633,8.27234630468185e-05
5.662,8.30540178118886e-05
5.691,8.33838155286833e-05
5.72,8.37128587949562e-05
5.749,8.40411501965891e-05
5.778,8.43686923076598e-05
5.807,8.46954876905095e-05
5.836,8.50215388958092e-05
5.865,8.53468484626267e-05
5.894,8.5671418918492e-05
5.923,8.59952527794628e-05
5.952,8.63183525501898e-05
5.981,8.66407207239811e-05
6.01,8.69623597828662e-05
6.039,8.728327219766e-05
6.068,8.76034604280258e-05
6.097,8.79229269225384e-05
6.126,8.82416741187461e-05
6.155,8.85597044432332e-05
6.184,8.88770203116813e-05
6.213,8.91936241289305e-05
6.242,8.95095182890401e-05
6.271,8.98247051753491e-05
6.3,9.01391871605359e-05
6.329,9.04529666066781e-05
6.358,9.07660458653114e-05
6.387,9.10784272774888e-05
6.416,9.1390113173838e-05
6.445,9.17011058746206e-05
6.474,9.20114076897887e-05
6.503,9.23210209190425e-05
6.532,9.26299478518871e-05
6.561,9.29381907676888e-05
6.59,9.32457519357315e-05
6.619,9.35526336152718e-05
6.648,9.38588380555948e-05
6.677,9.4164367496069e-05
6.706,9.44692241662006e-05
6.735,9.47734102856882e-05
6.764,9.50769280644762e-05
6.793,9.53797797028086e-05
6.822,9.56819673912821e-05
6.851,9.59834933108988e-05
6.88,9.62843596331188e-05
6.909,9.65845685199126e-05
6.938,9.68841221238122e-05
6.967,9.71830225879632e-05
6.996,9.74812720461754e-05
7.025,9.77788726229741e-05
7.054,9.807582643365e-05
7.083,9.83721355843099e-05
7.112,9.86678021719259e-05
7.141,9.89628282843853e-05
7.17,9.92572160005395e-05
7.199,9.95509673902529e-05
7.228,9.98440845144517e-05
7.257,0.000100136569425171
7.286,0.000100428424165606
7.315,0.000100719650770153
7.344,0.000101010251264463
7.373,0.000101300227665489
7.402,0.000101589581981525
7.431,0.000101878316212261
7.46,0.000102166432348824
7.489,0.000102453932373826
7.518,0.000102740818261409
7.547,0.000103027091977289
7.576,0.000103312755478803
7.605,0.000103597810714951
7.634,0.000103882259626443
7.663,0.000104166104145741
7.692,0.000104449346197105
7.721,0.000104731987696633
7.75,0.000105014030552308
7.779,0.000105295476664038
7.808,0.000105576327923701
7.837,0.000105856586215186
7.866,0.000106136253414434
7.895,0.000106415331389484
7.924,0.000106693822000508
7.953,0.000106971727099861
7.982,0.000107249048532112
8.011,0.000107525788134094
8.04,0.00010780194773494
8.069,0.000108077529156121
8.098,0.000108352534211493
8.127,0.00010862696470733
8.156,0.000108900822442367
8.185,0.000109174109207838
8.214,0.000109446826787519
8.243,0.000109718976957758
8.272,0.000109990561487522
8.301,0.000110261582138434
8.33,0.000110532040664807
8.359,0.000110801938813684
8.388,0.000111071278324877
8.417,0.000111340060931003
8.446,0.000111608288357522
8.475,0.000111875962322773
8.504,0.00011214308453801
8.533,0.000112409656707442
8.562,0.000112675680528264
8.591,0.000112941157690697
8.62,0.000113206089878023
8.649,0.000113470478766619
8.678,0.000113734326025996
8.707,0.000113997633318828
8.736,0.000114260402300994
8.765,0.000114522634621607
8.794,0.000114784331923051
8.823,0.000115045495841017
8.852,0.000115306128004534
8.881,0.000115566230036002
8.91,0.000115825803551232
8.939,0.000116084850159471
8.968,0.000116343371463441
8.997,0.000116601369059372
9.026,0.000116858844537031
9.055,0.000117115799479758
9.084,0.000117372235464498
9.113,0.000117628154061831
9.142,0.000117883556836008
9.171,0.000118138445344978
9.2,0.000118392821140424
9.229,0.000118646685767793
9.258,0.000118900040766327
9.287,0.000119152887669092
9.316,0.000119405228003015
9.345,0.000119657063288908
9.374,0.000119908395041501
9.403,0.000120159224769476
9.432,0.00012040955397549
9.461,0.000120659384156211
9.49,0.000120908716802347
9.519,0.000121157553398673
9.548,0.00012140589542406
9.577,0.000121653744351511
9.606,0.00012190110164818
9.635,0.000122147968775411
9.664,0.000122394347188758
9.693,0.000122640238338022
9.722,0.000122885643667271
9.751,0.000123130564614874
9.78,0.000123375002613528
9.809,0.000123618959090286
9.838,0.000123862435466581
9.867,0.000124105433158262
9.896,0.00012434795357561
9.925,0.000124589998123378
9.954,0.000124831568200806
9.983,0.000125072665201657
10.012,0.000125313290514239
10.041,0.000125553445521434
10.07,0.000125793131600724
10.099,0.000126032350124214
10.128,0.000126271102458664
10.157,0.000126509389965511
10.186,0.000126747214000897
10.215,0.000126984575915692
10.244,0.000127221477055522
10.273,0.000127457918760795
10.302,0.000127693902366723
10.331,0.000127929429203349
10.36,0.000128164500595575
10.389,0.000128399117863181
10.418,0.000128633282320854
10.447,0.000128866995278211
10.476,0.000129100258039823
10.505,0.000129333071905241
10.534,0.000129565438169019
10.563,0.000129797358120736
10.592,0.000130028833045026
10.621,0.000130259864221592
10.65,0.000130490452925241
10.679,0.000130720600425897
10.708,0.000130950307988632
10.737,0.000131179576873684
10.766,0.000131408408336483
10.795,0.000131636803627675
10.824,0.000131864763993139
10.853,0.000132092290674018
10.882,0.000132319384906732
10.911,0.00013254604792301
10.94,0.000132772280949905
10.969,0.000132998085209821
10.998,0.00013322346192053
11.027,0.000133448412295199
11.056,0.000133672937542409
11.085,0.000133897038866178
11.114,0.00013412071746598
11.143,0.000134343974536768
11.172,0.000134566811268998
11.201,0.000134789228848645
11.23,0.000135011228457228
11.259,0.000135232811271828
11.288,0.000135453978465113
11.317,0.000135674731205352
11.346,0.000135895070656443
11.375,0.00013611499797793
11.404,0.00013633451432502
11.433,0.000136553620848611
11.462,0.000136772318695304
11.491,0.000136990609007429
11.52,0.000137208492923061
11.549,0.000137425971576043
11.578,0.000137643046096003
11.607,0.000137859717608376
11.636,0.000138075987234418
11.665,0.000138291856091235
11.694,0.000138507325291793
11.723,0.000138722395944941
11.752,0.000138937069155432
11.781,0.000139151346023937
11.81,0.000139365227647067
11.839,0.000139578715117393
11.868,0.000139791809523461
11.897,0.000140004511949814
11.926,0.000140216823477007
11.955,0.000140428745181627
11.984,0.000140640278136312
12.013,0.000140851423409769
12.042,0.000141062182066791
12.071,0.000141272555168273
12.1,0.000141482543771235
12.129,0.000141692148928834
12.158,0.000141901371690388
12.187,0.000142110213101385
12.216,0.00014231867420351
12.245,0.000142526756034654
12.274,0.000142734459628936
12.303,0.00014294178601672
12.332,0.000143148736224629
12.361,0.000143355311275565
12.39,0.000143561512188725
12.419,0.000143767339979617
12.448,0.000143972795660078
12.477,0.000144177880238288
12.506,0.00014438259471879
12.535,0.000144586940102503
12.564,0.000144790917386742
12.593,0.000144994527565231
12.622,0.00014519777162812
12.651,0.000145400650562002
12.68,0.000145603165349928
12.709,0.000145805316971424
12.738,0.000146007106402506
12.767,0.000146208534615693
12.796,0.000146409602580029
12.825,0.000146610311261094
12.854,0.000146810661621018
12.883,0.000147010654618501
12.912,0.000147210291208826
12.941,0.000147409572343874
12.97,0.000147608498972137
12.999,0.00014780707203874
13.028,0.000148005292485447
13.057,0.000148203161250682
13.086,0.000148400679269543
13.115,0.000148597847473815
13.144,0.000148794666791984
13.173,0.000148991138149255
13.202,0.000149187262467564
13.231,0.000149383040665593
13.26,0.000149578473658784
13.289,0.000149773562359352
13.318,0.000149968307676304
13.347,0.000150162710515448
13.376,0.000150356771779409
13.405,0.000150550492367643
13.434,0.00015074387317645
13.463,0.00015093691509899
13.492,0.000151129619025294
13.521,0.000151321985842281
13.55,0.000151514016433768
13.579,0.000151705711680484
13.608,0.000151897072460087
13.637,0.000152088099647175
13.666,0.000152278794113298
13.695,0.000152469156726972
13.724,0.000152659188353695
13.753,0.000152848889855956
13.782,0.000153038262093252
13.811,0.000153227305922096
13.84,0.000153416022196036
13.869,0.000153604411765662
13.898,0.000153792475478623
13.927,0.000153980214179638
13.956,0.000154167628710509
13.985,0.000154354719910133
14.014,0.000154541488614515
14.043,0.000154727935656779
14.072,0.000154914061867186
14.101,0.000155099868073137
14.13,0.000155285355099193
14.159,0.000155470523767085
14.188,0.000155655374895724
14.217,0.000155839909301216
14.246,0.000156024127796872
14.275,0.000156208031193222
14.304,0.000156391620298025
14.333,0.000156574895916279
14.362,0.00015675785885024
14.391,0.000156940509899424
14.42,0.000157122849860627
14.449,0.000157304879527932
14.478,0.000157486599692722
14.507,0.00015766801114369
14.536,0.000157849114666852
14.565,0.000158029911045558
14.594,0.000158210401060505
14.623,0.000158390585489743
14.652,0.000158570465108692
14.681,0.000158750040690151
14.71,0.000158929313004307
14.739,0.000159108282818749
14.768,0.000159286950898477
14.797,0.000159465318005915
14.826,0.00015964338490092
14.855,0.000159821152340791
14.884,0.000159998621080286
14.913,0.000160175791871625
14.942,0.000160352665464508
14.971,0.000160529242606118
15,0.000160705524041139
