"ResDensity","N_TraitValue"
6,2.78040045531191e-05
6.228,2.87904586109158e-05
6.456,2.97721323710951e-05
6.684,3.07490604972246e-05
6.912,3.17212773185367e-05
7.14,3.26888168339502e-05
7.368,3.36517127160335e-05
7.596,3.46099983149105e-05
7.824,3.55637066621116e-05
8.052,3.65128704743686e-05
8.28,3.74575221573562e-05
8.508,3.83976938093798e-05
8.736,3.93334172250114e-05
8.964,4.02647238986733e-05
9.192,4.11916450281721e-05
9.42,4.21142115181823e-05
9.648,4.30324539836807e-05
9.876,4.39464027533334e-05
10.104,4.48560878728349e-05
10.332,4.57615391082003e-05
10.56,4.66627859490124e-05
10.788,4.75598576116229e-05
11.016,4.84527830423098e-05
11.244,4.93415909203908e-05
11.472,5.02263096612938e-05
11.7,5.11069674195851e-05
11.928,5.19835920919561e-05
12.156,5.28562113201689e-05
12.384,5.37248524939617e-05
12.612,5.45895427539147e-05
12.84,5.54503089942767e-05
13.068,5.63071778657534e-05
13.296,5.71601757782581e-05
13.524,5.80093289036249e-05
13.752,5.88546631782857e-05
13.98,5.96962043059105e-05
14.208,6.05339777600132e-05
14.436,6.13680087865213e-05
14.664,6.21983224063125e-05
14.892,6.30249434177165e-05
15.12,6.38478963989836e-05
15.348,6.46672057107212e-05
15.576,6.54828954982975e-05
15.804,6.62949896942129e-05
16.032,6.71035120204413e-05
16.26,6.79084859907398e-05
16.488,6.87099349129278e-05
16.716,6.95078818911372e-05
16.944,7.0302349828032e-05
17.172,7.10933614270002e-05
17.4,7.18809391943158e-05
17.628,7.26651054412737e-05
17.856,7.34458822862968e-05
18.084,7.42232916570152e-05
18.312,7.49973552923192e-05
18.54,7.57680947443856e-05
18.768,7.65355313806782e-05
18.996,7.72996863859221e-05
19.224,7.80605807640532e-05
19.452,7.88182353401426e-05
19.68,7.95726707622967e-05
19.908,8.03239075035327e-05
20.136,8.10719658636307e-05
20.364,8.18168659709621e-05
20.592,8.25586277842951e-05
20.82,8.32972710945772e-05
21.048,8.40328155266954e-05
21.276,8.47652805412144e-05
21.504,8.54946854360926e-05
21.732,8.6221049348377e-05
21.96,8.69443912558773e-05
22.188,8.76647299788178e-05
22.416,8.83820841814707e-05
22.644,8.90964723737675e-05
22.872,8.98079129128911e-05
23.1,9.05164240048483e-05
23.328,9.1222023706023e-05
23.556,9.19247299247099e-05
23.784,9.26245604226295e-05
24.012,9.3321532816425e-05
24.24,9.40156645791401e-05
24.468,9.47069730416792e-05
24.696,9.53954753942502e-05
24.924,9.60811886877893e-05
25.152,9.67641298353679e-05
25.38,9.74443156135841e-05
25.608,9.81217626639359e-05
25.836,9.87964874941785e-05
26.064,9.94685064796653e-05
26.292,0.000100137835864673
26.52,0.000100804491763708
26.748,0.000101468490162805
26.976,0.000102129846920799
27.204,0.000102788577770592
27.432,0.000103444698320398
27.66,0.000104098224054976
27.888,0.000104749170336851
28.116,0.000105397552407514
28.344,0.000106043385388614
28.572,0.000106686684283133
28.8,0.000107327463976548
29.028,0.000107965739237978
29.256,0.000108601524721319
29.484,0.000109234834966367
29.712,0.000109865684399927
29.94,0.000110494087336902
30.168,0.000111120057981387
30.396,0.000111743610427726
30.624,0.000112364758661583
30.852,0.000112983516560977
31.08,0.000113599897897322
31.308,0.000114213916336446
31.536,0.000114825585439601
31.764,0.000115434918664464
31.992,0.000116041929366119
32.22,0.000116646630798037
32.448,0.000117249036113041
32.676,0.000117849158364255
32.904,0.000118447010506052
33.132,0.000119042605394982
33.36,0.000119635955790696
33.588,0.000120227074356859
33.816,0.000120815973662044
34.044,0.000121402666180632
34.272,0.000121987164293685
34.5,0.000122569480289822
34.728,0.000123149626366076
34.956,0.000123727614628751
35.184,0.000124303457094259
35.412,0.000124877165689955
35.64,0.000125448752254961
35.868,0.000126018228540979
36.096,0.000126585606213098
36.324,0.000127150896850589
36.552,0.000127714111947692
36.78,0.000128275262914399
37.008,0.000128834361077221
37.236,0.000129391417679949
37.464,0.000129946443884412
37.692,0.000130499450771219
37.92,0.000131050449340499
38.148,0.000131599450512627
38.376,0.000132146465128949
38.604,0.000132691503952493
38.832,0.000133234577668678
39.06,0.000133775696886007
39.288,0.000134314872136763
39.516,0.000134852113877692
39.744,0.000135387432490673
39.972,0.000135920838283397
40.2,0.000136452341490017
40.428,0.000136981952271812
40.656,0.000137509680717829
40.884,0.000138035536845527
41.112,0.000138559530601408
41.34,0.000139081671861646
41.568,0.000139601970432708
41.796,0.000140120436051964
42.024,0.000140637078388301
42.252,0.000141151907042717
42.48,0.000141664931548922
42.708,0.000142176161373923
42.936,0.000142685605918605
43.164,0.000143193274518312
43.392,0.000143699176443412
43.62,0.000144203320899866
43.848,0.000144705717029783
44.076,0.000145206373911973
44.304,0.000145705300562496
44.532,0.000146202505935201
44.76,0.000146697998922263
44.988,0.000147191788354714
45.216,0.000147683883002962
45.444,0.00014817429157732
45.672,0.00014866302272851
45.9,0.000149150085048179
46.128,0.000149635487069398
46.356,0.000150119237267162
46.584,0.000150601344058884
46.812,0.000151081815804881
47.04,0.000151560660808861
47.268,0.000152037887318397
47.496,0.000152513503525402
47.724,0.000152987517566601
47.952,0.000153459937523989
48.18,0.000153930771425297
48.408,0.000154400027244439
48.636,0.000154867712901971
48.864,0.00015533383626553
49.092,0.000155798405150277
49.32,0.000156261427319334
49.548,0.000156722910484217
49.776,0.000157182862305264
50.004,0.000157641290392059
50.232,0.000158098202303848
50.46,0.000158553605549962
50.688,0.00015900750759022
50.916,0.000159459915835344
51.144,0.000159910837647355
51.372,0.000160360280339979
51.6,0.000160808251179038
51.828,0.000161254757382842
52.056,0.000161699806122581
52.284,0.000162143404522703
52.512,0.000162585559661296
52.74,0.000163026278570467
52.968,0.000163465568236713
53.196,0.000163903435601289
53.424,0.000164339887560576
53.652,0.000164774930966442
53.88,0.000165208572626598
54.108,0.000165640819304959
54.336,0.00016607167772199
54.564,0.000166501154555057
54.792,0.000166929256438771
55.02,0.000167355989965332
55.248,0.000167781361684864
55.476,0.000168205378105751
55.704,0.00016862804569497
55.932,0.000169049370878421
56.16,0.000169469360041249
56.388,0.000169888019528169
56.616,0.000170305355643786
56.844,0.00017072137465291
57.072,0.000171136082780869
57.3,0.000171549486213821
57.528,0.000171961591099063
57.756,0.000172372403545332
57.984,0.000172781929623108
58.212,0.000173190175364916
58.44,0.000173597146765617
58.668,0.000174002849782708
58.896,0.000174407290336605
59.124,0.000174810474310939
59.352,0.000175212407552833
59.58,0.000175613095873193
59.808,0.000176012545046982
60.036,0.0001764107608135
60.264,0.000176807748876658
60.492,0.000177203514905251
60.72,0.000177598064533227
60.948,0.000177991403359956
61.176,0.000178383536950493
61.404,0.00017877447083584
61.632,0.000179164210513211
61.86,0.000179552761446281
62.088,0.00017994012906545
62.316,0.00018032631876809
62.544,0.0001807113359188
62.772,0.000181095185849651
63,0.000181477873860433
63.228,0.0001818594052189
63.456,0.000182239785161012
63.684,0.000182619018891171
63.912,0.000182997111582465
64.14,0.000183374068376895
64.368,0.000183749894385615
64.596,0.00018412459468916
64.824,0.000184498174337673
65.052,0.000184870638351137
65.28,0.000185241991719596
65.508,0.000185612239403378
65.736,0.000185981386333317
65.964,0.000186349437410974
66.192,0.000186716397508847
66.42,0.000187082271470593
66.648,0.000187447064111241
66.876,0.000187810780217396
67.104,0.000188173424547457
67.332,0.000188535001831819
67.56,0.000188895516773081
67.788,0.00018925497404625
68.016,0.000189613378298941
68.244,0.000189970734151579
68.472,0.000190327046197598
68.7,0.000190682319003637
68.928,0.000191036557109733
69.156,0.000191389765029521
69.384,0.000191741947250417
69.612,0.000192093108233814
69.84,0.000192443252415269
70.068,0.000192792384204689
70.296,0.000193140507986516
70.524,0.000193487628119912
70.752,0.00019383374893894
70.98,0.000194178874752744
71.208,0.000194523009845728
71.436,0.000194866158477736
71.664,0.000195208324884221
71.892,0.000195549513276427
72.12,0.000195889727841557
72.348,0.000196228972742947
72.576,0.000196567252120232
72.804,0.00019690457008952
73.032,0.000197240930743553
73.26,0.000197576338151877
73.488,0.000197910796361003
73.716,0.000198244309394574
73.944,0.00019857688125352
74.172,0.000198908515916224
74.4,0.000199239217338678
74.628,0.000199568989454639
74.856,0.000199897836175787
75.084,0.000200225761391881
75.312,0.000200552768970907
75.54,0.000200878862759238
75.768,0.000201204046581776
75.996,0.000201528324242108
76.224,0.000201851699522653
76.452,0.000202174176184807
76.68,0.00020249575796909
76.908,0.000202816448595292
77.136,0.000203136251762614
77.364,0.000203455171149812
77.592,0.000203773210415337
77.82,0.000204090373197477
78.048,0.000204406663114491
78.276,0.000204722083764753
78.504,0.000205036638726883
78.732,0.000205350331559885
78.96,0.000205663165803282
79.188,0.000205975144977245
79.416,0.000206286272582732
79.644,0.00020659655210161
79.872,0.000206905986996794
80.1,0.000207214580712369
80.328,0.000207522336673722
80.556,0.000207829258287666
80.784,0.000208135348942567
81.012,0.000208440612008468
81.24,0.000208745050837215
81.468,0.000209048668762575
81.696,0.000209351469100364
81.924,0.000209653455148561
82.152,0.000209954630187432
82.38,0.00021025499747965
82.608,0.000210554560270407
82.836,0.000210853321787537
83.064,0.000211151285241628
83.292,0.000211448453826139
83.52,0.000211744830717514
83.748,0.000212040419075293
83.976,0.000212335222042228
84.204,0.000212629242744391
84.432,0.000212922484291286
84.66,0.000213214949775958
84.888,0.000213506642275104
85.116,0.000213797564849176
85.344,0.000214087720542494
85.572,0.000214377112383348
85.8,0.000214665743384105
86.028,0.000214953616541313
86.256,0.000215240734835804
86.484,0.0002155271012328
86.712,0.00021581271868201
86.94,0.000216097590117736
87.168,0.000216381718458972
87.396,0.000216665106609501
87.624,0.000216947757457998
87.852,0.000217229673878127
88.08,0.000217510858728636
88.308,0.000217791314853457
88.536,0.000218071045081798
88.764,0.000218350052228243
88.992,0.000218628339092842
89.22,0.000218905908461207
89.448,0.000219182763104606
89.676,0.000219458905780051
89.904,0.000219734339230393
90.132,0.000220009066184414
90.36,0.000220283089356911
90.588,0.000220556411448794
90.816,0.000220829035147168
91.044,0.000221100963125423
91.272,0.000221372198043322
91.5,0.000221642742547089
91.728,0.00022191259926949
91.956,0.000222181770829927
92.184,0.000222450259834512
92.412,0.000222718068876161
92.64,0.000222985200534671
92.868,0.000223251657376806
93.096,0.000223517441956378
93.324,0.000223782556814329
93.552,0.000224047004478812
93.78,0.000224310787465269
94.008,0.000224573908276517
94.236,0.00022483636940282
94.464,0.000225098173321972
94.692,0.000225359322499372
94.92,0.000225619819388106
95.148,0.000225879666429018
95.376,0.00022613886605079
95.604,0.000226397420670018
95.832,0.000226655332691283
96.06,0.000226912604507232
96.288,0.000227169238498646
96.516,0.000227425237034516
96.744,0.000227680602472116
96.972,0.000227935337157076
97.2,0.00022818944342345
97.428,0.000228442923593795
97.656,0.000228695779979232
97.884,0.000228948014879523
98.112,0.000229199630583141
98.34,0.000229450629367335
98.568,0.000229701013498199
98.796,0.000229950785230747
99.024,0.000230199946808971
99.252,0.000230448500465915
99.48,0.000230696448423739
99.708,0.000230943792893788
99.936,0.000231190536076651
100.164,0.000231436680162236
100.392,0.000231682227329825
100.62,0.000231927179748147
100.848,0.000232171539575436
101.076,0.000232415308959494
101.304,0.00023265849003776
101.532,0.000232901084937367
101.76,0.000233143095775205
101.988,0.000233384524657983
102.216,0.000233625373682292
102.444,0.000233865644934661
102.672,0.000234105340491624
102.9,0.000234344462419774
103.128,0.000234583012775824
103.356,0.000234820993606667
103.584,0.000235058406949435
103.812,0.000235295254831554
104.04,0.000235531539270806
104.268,0.000235767262275383
104.496,0.000236002425843944
104.724,0.000236237031965675
104.952,0.00023647108262034
105.18,0.000236704579778341
105.408,0.000236937525400772
105.636,0.000237169921439471
105.864,0.000237401769837079
106.092,0.000237633072527092
106.32,0.000237863831433913
106.548,0.000238094048472911
106.776,0.000238323725550466
107.004,0.000238552864564029
107.232,0.000238781467402169
107.46,0.000239009535944628
107.688,0.000239237072062371
107.916,0.000239464077617639
108.144,0.000239690554463997
108.372,0.000239916504446386
108.6,0.000240141929401175
108.828,0.000240366831156205
109.056,0.000240591211530845
109.284,0.000240815072336039
109.512,0.000241038415374351
109.74,0.000241261242440018
109.968,0.000241483555318997
110.196,0.000241705355789011
110.424,0.000241926645619599
110.652,0.000242147426572158
110.88,0.000242367700399998
111.108,0.00024258746884838
111.336,0.000242806733654568
111.564,0.000243025496547871
111.792,0.000243243759249691
112.02,0.000243461523473567
112.248,0.00024367879092522
112.476,0.000243895563302597
112.704,0.000244111842295917
112.932,0.000244327629587713
113.16,0.000244542926852876
113.388,0.000244757735758698
113.616,0.000244972057964918
113.844,0.000245185895123762
114.072,0.000245399248879983
114.3,0.000245612120870909
114.528,0.000245824512726482
114.756,0.000246036426069298
114.984,0.000246247862514651
115.212,0.000246458823670572
115.44,0.000246669311137872
115.668,0.00024687932651018
115.896,0.000247088871373985
116.124,0.000247297947308676
116.352,0.00024750655588658
116.58,0.000247714698673002
116.808,0.000247922377226266
117.036,0.000248129593097752
117.264,0.000248336347831935
117.492,0.000248542642966423
117.72,0.000248748480031997
117.948,0.000248953860552647
118.176,0.000249158786045608
118.404,0.000249363258021403
118.632,0.000249567277983873
118.86,0.000249770847430221
119.088,0.000249973967851042
119.316,0.000250176640730365
119.544,0.000250378867545684
119.772,0.000250580649767998
120,0.000250781988861846
