"ResDensity","N_TraitValue"
4,0.00104945989475676
4.092,0.00107340676897824
4.184,0.00109734513733343
4.276,0.00112127500435342
4.368,0.00114519637456606
4.46,0.00116910925249602
4.552,0.00119301364266474
4.644,0.00121690954959045
4.736,0.00124079697778818
4.828,0.00126467593176975
4.92,0.00128854641604379
5.012,0.00131240843511572
5.104,0.00133626199348777
5.196,0.00136010709565897
5.288,0.00138394374612519
5.38,0.00140777194937907
5.472,0.0014315917099101
5.564,0.00145540303220458
5.656,0.00147920592074562
5.748,0.00150300038001318
5.84,0.00152678641448401
5.932,0.00155056402863173
6.024,0.00157433322692677
6.116,0.00159809401383641
6.208,0.00162184639382475
6.3,0.00164559037135274
6.392,0.00166932595087819
6.484,0.00169305313685573
6.576,0.00171677193373686
6.668,0.00174048234596993
6.76,0.00176418437800014
6.852,0.00178787803426955
6.944,0.00181156331921707
7.036,0.00183524023727851
7.128,0.00185890879288651
7.22,0.00188256899047058
7.312,0.00190622083445713
7.404,0.00192986432926943
7.496,0.00195349947932761
7.588,0.00197712628904871
7.68,0.00200074476284664
7.772,0.00202435490513219
7.864,0.00204795672031305
7.956,0.00207155021279379
8.048,0.00209513538697589
8.14,0.0021187122472577
8.232,0.00214228079803451
8.324,0.00216584104369847
8.416,0.00218939298863866
8.508,0.00221293663724107
8.6,0.00223647199388859
8.692,0.00225999906296102
8.784,0.00228351784883508
8.876,0.00230702835588442
8.968,0.0023305305884796
9.06,0.0023540245509881
9.152,0.00237751024777434
9.244,0.00240098768319966
9.336,0.00242445686162234
9.428,0.00244791778739758
9.52,0.00247137046487753
9.612,0.00249481489841129
9.704,0.00251825109234487
9.796,0.00254167905102126
9.888,0.00256509877878039
9.98,0.00258851027995912
10.072,0.0026119135588913
10.164,0.00263530861990769
10.256,0.00265869546733606
10.348,0.0026820741055011
10.44,0.00270544453872449
10.532,0.00272880677132487
10.624,0.00275216080761784
10.716,0.00277550665191599
10.808,0.00279884430852886
10.9,0.002822173781763
10.992,0.00284549507592192
11.084,0.00286880819530611
11.176,0.00289211314421306
11.268,0.00291540992693723
11.36,0.00293869854777009
11.452,0.0029619790110001
11.544,0.00298525132091269
11.636,0.00300851548179034
11.728,0.00303177149791247
11.82,0.00305501937355556
11.912,0.00307825911299306
12.004,0.00310149072049545
12.096,0.0031247142003302
12.188,0.00314792955676182
12.28,0.00317113679405182
12.372,0.00319433591645874
12.464,0.00321752692823813
12.556,0.00324070983364257
12.648,0.00326388463692168
12.74,0.0032870513423221
12.832,0.00331020995408749
12.924,0.00333336047645856
13.016,0.00335650291367306
13.108,0.00337963726996579
13.2,0.00340276354956856
13.292,0.00342588175671025
13.384,0.00344899189561678
13.476,0.00347209397051113
13.568,0.00349518798561333
13.66,0.00351827394514047
13.752,0.00354135185330667
13.844,0.00356442171432315
13.936,0.00358748353239817
14.028,0.00361053731173706
14.12,0.00363358305654223
14.212,0.00365662077101316
14.304,0.00367965045934638
14.396,0.00370267212573552
14.488,0.00372568577437129
14.58,0.00374869140944146
14.672,0.0037716890351309
14.764,0.00379467865562158
14.856,0.00381766027509253
14.948,0.00384063389771989
15.04,0.00386359952767689
15.132,0.00388655716913385
15.224,0.00390950682625821
15.316,0.00393244850321448
15.408,0.0039553822041643
15.5,0.00397830793326641
15.592,0.00400122569467666
15.684,0.004024135492548
15.776,0.00404703733103051
15.868,0.00406993121427138
15.96,0.00409281714641492
16.052,0.00411569513160256
16.144,0.00413856517397286
16.236,0.0041614272776615
16.328,0.00418428144680129
16.42,0.00420712768552219
16.512,0.00422996599795125
16.604,0.00425279638821271
16.696,0.00427561886042792
16.788,0.00429843341871537
16.88,0.0043212400671907
16.972,0.00434403880996671
17.064,0.00436682965115332
17.156,0.00438961259485762
17.248,0.00441238764518386
17.34,0.00443515480623344
17.432,0.00445791408210492
17.524,0.00448066547689401
17.616,0.00450340899469359
17.708,0.00452614463959372
17.8,0.00454887241568162
17.892,0.00457159232704167
17.984,0.00459430437775544
18.076,0.00461700857190167
18.168,0.00463970491355628
18.26,0.00466239340679236
18.352,0.00468507405568021
18.444,0.00470774686428728
18.536,0.00473041183667825
18.628,0.00475306897691494
18.72,0.00477571828905642
18.812,0.0047983597771589
18.904,0.00482099344527584
18.996,0.00484361929745786
19.088,0.00486623733775281
19.18,0.00488884757020572
19.272,0.00491144999885886
19.364,0.00493404462775167
19.456,0.00495663146092085
19.548,0.00497921050240027
19.64,0.00500178175622104
19.732,0.00502434522641149
19.824,0.00504690091699717
19.916,0.00506944883200085
20.008,0.00509198897544253
20.1,0.00511452135133945
20.192,0.00513704596370606
20.284,0.00515956281655406
20.376,0.00518207191389238
20.468,0.00520457325972719
20.56,0.0052270668580619
20.652,0.00524955271289718
20.744,0.00527203082823091
20.836,0.00529450120805826
20.928,0.00531696385637162
21.02,0.00533941877716065
21.112,0.00536186597441225
21.204,0.00538430545211059
21.296,0.00540673721423711
21.388,0.00542916126477049
21.48,0.00545157760768668
21.572,0.00547398624695891
21.664,0.00549638718655767
21.756,0.00551878043045072
21.848,0.0055411659826031
21.94,0.00556354384697712
22.032,0.00558591402753239
22.124,0.00560827652822576
22.216,0.00563063135301141
22.308,0.00565297850584077
22.4,0.00567531799066258
22.492,0.00569764981142287
22.584,0.00571997397206493
22.676,0.0057422904765294
22.768,0.00576459932875417
22.86,0.00578690053267446
22.952,0.00580919409222277
23.044,0.00583148001132893
23.136,0.00585375829392005
23.228,0.00587602894392056
23.32,0.00589829196525222
23.412,0.00592054736183406
23.504,0.00594279513758248
23.596,0.00596503529641115
23.688,0.00598726784223109
23.78,0.00600949277895063
23.872,0.00603171011047544
23.964,0.00605391984070849
24.056,0.00607612197355012
24.148,0.00609831651289796
24.24,0.00612050346264699
24.332,0.00614268282668955
24.424,0.00616485460891528
24.516,0.00618701881321119
24.608,0.00620917544346162
24.7,0.00623132450354825
24.792,0.00625346599735014
24.884,0.00627559992874365
24.976,0.00629772630160254
25.068,0.0063198451197979
25.16,0.00634195638719818
25.252,0.00636406010766918
25.344,0.00638615628507409
25.436,0.00640824492327343
25.528,0.00643032602612511
25.62,0.00645239959748441
25.712,0.00647446564120395
25.804,0.00649652416113376
25.896,0.00651857516112123
25.988,0.00654061864501111
26.08,0.00656265461664555
26.172,0.00658468307986409
26.264,0.00660670403850363
26.356,0.00662871749639846
26.448,0.00665072345738029
26.54,0.00667272192527817
26.632,0.00669471290391858
26.724,0.00671669639712539
26.816,0.00673867240871984
26.908,0.00676064094252062
27,0.00678260200234377
27.092,0.00680455559200277
27.184,0.00682650171530848
27.276,0.00684844037606919
27.368,0.00687037157809058
27.46,0.00689229532517577
27.552,0.00691421162112526
27.644,0.00693612046973701
27.736,0.00695802187480635
27.828,0.00697991584012607
27.92,0.00700180236948637
28.012,0.00702368146667488
28.104,0.00704555313547664
28.196,0.00706741737967415
28.288,0.00708927420304732
28.38,0.00711112360937349
28.472,0.00713296560242747
28.564,0.00715480018598148
28.656,0.00717662736380518
28.748,0.00719844713966569
28.84,0.00722025951732755
28.932,0.00724206450055279
29.024,0.00726386209310086
29.116,0.00728565229872865
29.208,0.00730743512119053
29.3,0.00732921056423832
29.392,0.00735097863162129
29.484,0.00737273932708617
29.576,0.00739449265437718
29.668,0.00741623861723596
29.76,0.00743797721940165
29.852,0.00745970846461085
29.944,0.00748143235659763
30.036,0.00750314889909354
30.128,0.00752485809582759
30.22,0.00754655995052627
30.312,0.00756825446691358
30.404,0.00758994164871096
30.496,0.00761162149963737
30.588,0.00763329402340922
30.68,0.00765495922374044
30.772,0.00767661710434244
30.864,0.00769826766892411
30.956,0.00771991092119186
31.048,0.00774154686484957
31.14,0.00776317550359864
31.232,0.00778479684113795
31.324,0.00780641088116391
31.416,0.00782801762737041
31.508,0.00784961708344887
31.6,0.00787120925308819
31.692,0.00789279413997482
31.784,0.00791437174779268
31.876,0.00793594208022325
31.968,0.00795750514094549
32.06,0.00797906093363591
32.152,0.00800060946196851
32.244,0.00802215072961485
32.336,0.00804368474024399
32.428,0.00806521149752253
32.52,0.0080867310051146
32.612,0.00810824326668185
32.704,0.00812974828588348
32.796,0.00815124606637622
32.888,0.00817273661181434
32.98,0.00819421992584965
33.072,0.0082156960121315
33.164,0.0082371648743068
33.256,0.00825862651601997
33.348,0.00828008094091303
33.44,0.00830152815262551
33.532,0.00832296815479452
33.624,0.0083444009510547
33.716,0.00836582654503826
33.808,0.00838724494037498
33.9,0.00840865614069218
33.992,0.00843006014961476
34.084,0.00845145697076518
34.176,0.00847284660776347
34.268,0.00849422906422722
34.36,0.00851560434377161
34.452,0.00853697245000936
34.544,0.00855833338655081
34.636,0.00857968715700384
34.728,0.00860103376497393
34.82,0.00862237321406414
34.912,0.00864370550787511
35.004,0.00866503065000505
35.096,0.0086863486440498
35.188,0.00870765949360274
35.28,0.00872896320225488
35.372,0.0087502597735948
35.464,0.0087715492112087
35.556,0.00879283151868034
35.648,0.00881410669959112
35.74,0.00883537475752002
35.832,0.00885663569604363
35.924,0.00887788951873614
36.016,0.00889913622916935
36.108,0.00892037583091268
36.2,0.00894160832753315
36.292,0.00896283372259541
36.384,0.00898405201966169
36.476,0.00900526322229188
36.568,0.00902646733404346
36.66,0.00904766435847156
36.752,0.00906885429912891
36.844,0.00909003715956587
36.936,0.00911121294333042
37.028,0.0091323816539682
37.12,0.00915354329502246
37.212,0.00917469787003408
37.304,0.00919584538254159
37.396,0.00921698583608114
37.488,0.00923811923418653
37.58,0.0092592455803892
37.672,0.00928036487821825
37.764,0.0093014771312004
37.856,0.00932258234286003
37.948,0.00934368051671916
38.04,0.00936477165629747
38.132,0.00938585576511231
38.224,0.00940693284667864
38.316,0.00942800290450913
38.408,0.00944906594211407
38.5,0.00947012196300144
38.592,0.00949117097067684
38.684,0.00951221296864359
38.776,0.00953324796040265
38.868,0.00955427594945263
38.96,0.00957529693928985
39.052,0.00959631093340828
39.144,0.00961731793529957
39.236,0.00963831794845303
39.328,0.00965931097635568
39.42,0.0096802970224922
39.512,0.00970127609034496
39.604,0.009722248183394
39.696,0.00974321330511708
39.788,0.0097641714589896
39.88,0.0097851226484847
39.972,0.00980606687707317
40.064,0.00982700414822353
40.156,0.00984793446540196
40.248,0.00986885783207237
40.34,0.00988977425169636
40.432,0.00991068372773322
40.524,0.00993158626363995
40.616,0.00995248186287125
40.708,0.00997337052887956
40.8,0.00999425226511499
40.892,0.0100151270750254
40.984,0.0100359949620563
41.076,0.0100568559296509
41.168,0.0100777099812503
41.26,0.0100985571202931
41.352,0.0101193973502159
41.444,0.0101402306744526
41.536,0.0101610570964352
41.628,0.0101818766195932
41.72,0.0102026892473541
41.812,0.0102234949831428
41.904,0.0102442938303821
41.996,0.0102650857924926
42.088,0.0102858708728925
42.18,0.0103066490749977
42.272,0.0103274204022221
42.364,0.0103481848579771
42.456,0.0103689424456719
42.548,0.0103896931687134
42.64,0.0104104370305065
42.732,0.0104311740344534
42.824,0.0104519041839545
42.916,0.0104726274824077
43.008,0.0104933439332087
43.1,0.010514053539751
43.192,0.0105347563054258
43.284,0.0105554522336221
43.376,0.0105761413277266
43.468,0.0105968235911239
43.56,0.0106174990271962
43.652,0.0106381676393236
43.744,0.010658829430884
43.836,0.0106794844052528
43.928,0.0107001325658034
44.02,0.0107207739159071
44.112,0.0107414084589326
44.204,0.0107620361982467
44.296,0.0107826571372139
44.388,0.0108032712791964
44.48,0.0108238786275542
44.572,0.0108444791856451
44.664,0.0108650729568249
44.756,0.0108856599444468
44.848,0.010906240151862
44.94,0.0109268135824196
45.032,0.0109473802394663
45.124,0.0109679401263467
45.216,0.0109884932464032
45.308,0.0110090396029759
45.4,0.0110295791994027
45.492,0.0110501120390196
45.584,0.0110706381251601
45.676,0.0110911574611554
45.768,0.011111670050335
45.86,0.0111321758960257
45.952,0.0111526750015524
46.044,0.0111731673702378
46.136,0.0111936530054022
46.228,0.011214131910364
46.32,0.0112346040884392
46.412,0.0112550695429418
46.504,0.0112755282771835
46.596,0.0112959802944739
46.688,0.0113164255981204
46.78,0.0113368641914281
46.872,0.0113572960777002
46.964,0.0113777212602375
47.056,0.0113981397423387
47.148,0.0114185515273004
47.24,0.011438956618417
47.332,0.0114593550189807
47.424,0.0114797467322816
47.516,0.0115001317616076
47.608,0.0115205101102445
47.7,0.0115408817814759
47.792,0.0115612467785832
47.884,0.0115816051048457
47.976,0.0116019567635406
48.068,0.0116223017579429
48.16,0.0116426400913255
48.252,0.0116629717669591
48.344,0.0116832967881123
48.436,0.0117036151580515
48.528,0.011723926880041
48.62,0.0117442319573431
48.712,0.0117645303932177
48.804,0.0117848221909227
48.896,0.011805107353714
48.988,0.0118253858848452
49.08,0.0118456577875677
49.172,0.011865923065131
49.264,0.0118861817207824
49.356,0.011906433757767
49.448,0.0119266791793278
49.54,0.0119469179887057
49.632,0.0119671501891396
49.724,0.0119873757838661
49.816,0.0120075947761198
49.908,0.0120278071691331
50,0.0120480129661364
