"ResDensity","N_TraitValue"
10,0.000127466722431068
10.3,0.000131147176523264
10.6,0.000134819591307687
10.9,0.000138483993096293
11.2,0.000142140408086338
11.5,0.000145788862361005
11.8,0.000149429381890027
12.1,0.000153061992530298
12.4,0.000156686720026489
12.7,0.000160303590011654
13,0.000163912628007836
13.3,0.000167513859426666
13.6,0.000171107309569959
13.9,0.000174693003630309
14.2,0.000178270966691675
14.5,0.000181841223729968
14.8,0.00018540379961363
15.1,0.000188958719104213
15.4,0.000192506006856954
15.7,0.00019604568742134
16,0.000199577785241679
16.3,0.000203102324657664
16.6,0.000206619329904925
16.9,0.000210128825115593
17.2,0.000213630834318843
17.5,0.000217125381441453
17.8,0.000220612490308338
18.1,0.0002240921846431
18.4,0.000227564488068561
18.7,0.000231029424107301
19,0.000234487016182184
19.3,0.000237937287616893
19.6,0.000241380261636448
19.9,0.00024481596136773
20.2,0.00024824440984
20.5,0.000251665629985411
20.8,0.00025507964463952
21.1,0.000258486476541797
21.4,0.00026188614833613
21.7,0.000265278682571325
22,0.000268664101701606
22.3,0.000272042428087109
22.6,0.000275413683994377
22.9,0.000278777891596845
23.2,0.000282135072975332
23.5,0.000285485250118517
23.8,0.000288828444923425
24.1,0.000292164679195901
24.4,0.000295493974651085
24.7,0.000298816352913883
25,0.000302131835519435
25.3,0.000305440443913581
25.6,0.000308742199453323
25.9,0.000312037123407283
26.2,0.000315325236956162
26.5,0.000318606561193195
26.8,0.000321881117124597
27.1,0.000325148925670015
27.4,0.000328410007662975
27.7,0.000331664383851319
28,0.000334912074897651
28.3,0.000338153101379772
28.6,0.000341387483791112
28.9,0.000344615242541167
29.2,0.000347836397955925
29.5,0.000351050970278292
29.8,0.000354258979668519
30.1,0.000357460446204621
30.4,0.000360655389882797
30.7,0.000363843830617846
31,0.000367025788243581
31.3,0.00037020128251324
31.6,0.000373370333099895
31.9,0.000376532959596857
32.2,0.000379689181518082
32.5,0.000382839018298571
32.8,0.000385982489294769
33.1,0.000389119613784962
33.4,0.000392250410969671
33.7,0.000395374899972043
34,0.00039849309983824
34.3,0.000401605029537829
34.6,0.000404710707964163
34.9,0.000407810153934764
35.2,0.000410903386191707
35.5,0.000413990423401991
35.8,0.000417071284157921
36.1,0.000420145986977478
36.4,0.000423214550304689
36.7,0.000426276992509998
37,0.000429333331890633
37.3,0.000432383586670969
37.6,0.000435427775002888
37.9,0.000438465914966145
38.2,0.000441498024568721
38.5,0.00044452412174718
38.8,0.000447544224367023
39.1,0.000450558350223041
39.4,0.000453566517039661
39.7,0.000456568742471296
40,0.000459565044102692
40.3,0.000462555439449266
40.6,0.000465539945957454
40.9,0.000468518581005042
41.2,0.000471491361901513
41.5,0.000474458305888375
41.8,0.000477419430139496
42.1,0.000480374751761438
42.4,0.000483324287793783
42.7,0.000486268055209462
43,0.000489206070915082
43.3,0.000492138351751246
43.6,0.00049506491449288
43.9,0.000497985775849546
44.2,0.000500900952465766
44.5,0.000503810460921337
44.8,0.000506714317731643
45.1,0.000509612539347968
45.4,0.000512505142157809
45.7,0.000515392142485183
46,0.000518273556590935
46.3,0.000521149400673041
46.6,0.000524019690866915
46.9,0.000526884443245709
47.2,0.000529743673820612
47.5,0.000532597398541149
47.8,0.00053544563329548
48.1,0.000538288393910692
48.4,0.000541125696153091
48.7,0.000543957555728498
49,0.000546783988282536
49.3,0.000549605009400916
49.6,0.000552420634609728
49.9,0.000555230879375723
50.2,0.000558035759106597
50.5,0.000560835289151274
50.8,0.00056362948480018
51.1,0.000566418361285532
51.4,0.000569201933781602
51.7,0.000571980217405005
52,0.000574753227214962
52.3,0.000577520978213579
52.6,0.000580283485346113
52.9,0.000583040763501247
53.2,0.000585792827511349
53.5,0.000588539692152744
53.8,0.00059128137214598
54.1,0.000594017882156083
54.4,0.000596749236792828
54.7,0.000599475450610991
55,0.000602196538110613
55.3,0.000604912513737254
55.6,0.00060762339188225
55.9,0.000610329186882968
56.2,0.000613029913023055
56.5,0.000615725584532695
56.8,0.000618416215588854
57.1,0.00062110182031553
57.4,0.000623782412784002
57.7,0.000626458007013074
58,0.000629128616969319
58.3,0.000631794256567324
58.6,0.000634454939669928
58.9,0.000637110680088467
59.2,0.00063976149158301
59.5,0.000642407387862597
59.8,0.000645048382585476
60.1,0.000647684489359338
60.4,0.00065031572174155
60.7,0.000652942093239386
61,0.000655563617310264
61.3,0.000658180307361968
61.6,0.000660792176752882
61.9,0.000663399238792216
62.2,0.00066600150674023
62.5,0.000668598993808464
62.8,0.000671191713159954
63.1,0.000673779677909461
63.4,0.000676362901123689
63.7,0.000678941395821507
64,0.000681515174974163
64.3,0.000684084251505507
64.6,0.000686648638292206
64.9,0.000689208348163955
65.2,0.000691763393903697
65.5,0.000694313788247833
65.8,0.000696859543886432
66.1,0.000699400673463443
66.4,0.000701937189576905
66.7,0.000704469104779156
67,0.000706996431577036
67.3,0.000709519182432098
67.6,0.000712037369760808
67.9,0.000714551005934754
68.2,0.000717060103280843
68.5,0.000719564674081506
68.8,0.000722064730574899
69.1,0.000724560284955098
69.4,0.000727051349372304
69.7,0.000729537935933034
70,0.000732020056700319
70.3,0.000734497723693902
70.6,0.000736970948890427
70.9,0.000739439744223636
71.2,0.000741904121584559
71.5,0.000744364092821706
71.8,0.000746819669741257
72.1,0.000749270864107247
72.4,0.000751717687641762
72.7,0.000754160152025116
73,0.000756598268896045
73.3,0.000759032049851888
73.6,0.00076146150644877
73.9,0.000763886650201789
74.2,0.000766307492585193
74.5,0.000768724045032566
74.8,0.000771136318937001
75.1,0.000773544325651288
75.4,0.000775948076488086
75.7,0.000778347582720099
76,0.000780742855580259
76.3,0.000783133906261894
76.6,0.000785520745918908
76.9,0.000787903385665949
77.2,0.000790281836578587
77.5,0.000792656109693482
77.8,0.000795026216008556
78.1,0.000797392166483162
78.4,0.000799753972038255
78.7,0.000802111643556557
79,0.000804465191882726
79.3,0.000806814627823523
79.6,0.000809159962147975
79.9,0.000811501205587541
80.2,0.000813838368836278
80.5,0.000816171462550998
80.8,0.000818500497351435
81.1,0.000820825483820406
81.4,0.000823146432503967
81.7,0.000825463353911577
82,0.000827776258516254
82.3,0.000830085156754735
82.6,0.000832390059027631
82.9,0.000834690975699583
83.2,0.000836987917099419
83.5,0.000839280893520308
83.8,0.000841569915219913
84.1,0.000843854992420545
84.4,0.000846136135309315
84.7,0.000848413354038283
85,0.000850686658724613
85.3,0.00085295605945072
85.6,0.000855221566264417
85.9,0.00085748318917907
86.2,0.000859740938173738
86.5,0.000861994823193325
86.8,0.000864244854148723
87.1,0.000866491040916959
87.4,0.000868733393341338
87.7,0.00087097192123159
88,0.000873206634364008
88.3,0.000875437542481594
88.6,0.000877664655294202
88.9,0.000879887982478672
89.2,0.000882107533678979
89.5,0.000884323318506365
89.8,0.000886535346539484
90.1,0.000888743627324534
90.4,0.000890948170375398
90.7,0.000893148985173781
91,0.000895346081169344
91.3,0.000897539467779839
91.6,0.000899729154391247
91.9,0.000901915150357907
92.2,0.000904097465002654
92.5,0.000906276107616947
92.8,0.000908451087461004
93.1,0.000910622413763933
93.4,0.000912790095723861
93.7,0.000914954142508065
94,0.0009171145632531
94.3,0.000919271367064931
94.6,0.000921424563019056
94.9,0.000923574160160637
95.2,0.000925720167504624
95.5,0.000927862594035884
95.8,0.000930001448709324
96.1,0.000932136740450018
96.4,0.000934268478153327
96.7,0.000936396670685029
97,0.000938521326881433
97.3,0.000940642455549512
97.6,0.000942760065467016
97.9,0.000944874165382596
98.2,0.000946984764015926
98.5,0.000949091870057822
98.8,0.000951195492170359
99.1,0.000953295638986993
99.4,0.000955392319112677
99.7,0.00095748554112398
100,0.000959575313569202
100.3,0.000961661644968493
100.6,0.000963744543813967
100.9,0.000965824018569815
101.2,0.000967900077672426
101.5,0.000969972729530494
101.8,0.000972041982525138
102.1,0.000974107845010008
102.4,0.000976170325311405
102.7,0.000978229431728387
103,0.000980285172532882
103.3,0.000982337555969799
103.6,0.000984386590257141
103.9,0.000986432283586109
104.2,0.000988474644121215
104.5,0.00099051368000039
104.8,0.000992549399335094
105.1,0.000994581810210417
105.4,0.000996610920685194
105.7,0.000998636738792106
106,0.00100065927253779
106.3,0.00100267852990294
106.6,0.00100469451884242
106.9,0.00100670724728536
107.2,0.00100871672313525
107.5,0.00101072295427007
107.8,0.00101272594854239
108.1,0.00101472571377945
108.4,0.00101672225778325
108.7,0.00101871558833072
109,0.00102070571317374
109.3,0.0010226926400393
109.6,0.00102467637662957
109.9,0.00102665693062199
110.2,0.0010286343096694
110.5,0.00103060852140013
110.8,0.00103257957341809
111.1,0.00103454747330285
111.4,0.00103651222860977
111.7,0.00103847384687009
112,0.00104043233559102
112.3,0.00104238770225581
112.6,0.0010443399543239
112.9,0.00104628909923097
113.2,0.00104823514438906
113.5,0.00105017809718665
113.8,0.00105211796498875
114.1,0.001054054755137
114.4,0.00105598847494978
114.7,0.00105791913172227
115,0.00105984673272655
115.3,0.00106177128521173
115.6,0.00106369279640397
115.9,0.00106561127350665
116.2,0.00106752672370037
116.5,0.00106943915414313
116.8,0.00107134857197037
117.1,0.00107325498429505
117.4,0.00107515839820778
117.7,0.00107705882077686
118,0.00107895625904841
118.3,0.00108085072004642
118.6,0.00108274221077288
118.9,0.0010846307382078
119.2,0.00108651630930938
119.5,0.00108839893101403
119.8,0.00109027861023648
120.1,0.00109215535386986
120.4,0.00109402916878579
120.7,0.00109590006183446
121,0.00109776803984471
121.3,0.00109963310962412
121.6,0.00110149527795909
121.9,0.00110335455161491
122.2,0.00110521093733587
122.5,0.00110706444184532
122.8,0.00110891507184575
123.1,0.00111076283401888
123.4,0.00111260773502574
123.7,0.00111444978150674
124,0.00111628898008178
124.3,0.00111812533735027
124.6,0.00111995885989127
124.9,0.00112178955426355
125.2,0.00112361742700563
125.5,0.00112544248463593
125.8,0.00112726473365277
126.1,0.00112908418053452
126.4,0.00113090083173962
126.7,0.00113271469370667
127,0.00113452577285453
127.3,0.00113633407558238
127.6,0.00113813960826979
127.9,0.0011399423772768
128.2,0.00114174238894399
128.5,0.00114353964959256
128.8,0.00114533416552442
129.1,0.00114712594302222
129.4,0.00114891498834947
129.7,0.00115070130775058
130,0.00115248490745095
130.3,0.00115426579365705
130.6,0.00115604397255646
130.9,0.00115781945031797
131.2,0.00115959223309165
131.5,0.0011613623270089
131.8,0.00116312973818254
132.1,0.00116489447270689
132.4,0.0011666565366578
132.7,0.00116841593609276
133,0.00117017267705095
133.3,0.00117192676555331
133.6,0.00117367820760262
133.9,0.00117542700918356
134.2,0.00117717317626276
134.5,0.00117891671478892
134.8,0.00118065763069282
135.1,0.0011823959298874
135.4,0.00118413161826788
135.7,0.00118586470171174
136,0.00118759518607886
136.3,0.00118932307721155
136.6,0.00119104838093462
136.9,0.00119277110305544
137.2,0.00119449124936403
137.5,0.00119620882563311
137.8,0.00119792383761814
138.1,0.00119963629105743
138.4,0.00120134619167218
138.7,0.00120305354516652
139,0.00120475835722764
139.3,0.00120646063352577
139.6,0.00120816037971432
139.9,0.00120985760142987
140.2,0.00121155230429231
140.5,0.00121324449390483
140.8,0.00121493417585402
141.1,0.00121662135570994
141.4,0.00121830603902615
141.7,0.00121998823133979
142,0.00122166793817164
142.3,0.00122334516502618
142.6,0.00122501991739165
142.9,0.00122669220074009
143.2,0.00122836202052744
143.5,0.00123002938219356
143.8,0.00123169429116231
144.1,0.00123335675284163
144.4,0.00123501677262352
144.7,0.0012366743558842
145,0.00123832950798411
145.3,0.00123998223426795
145.6,0.00124163254006479
145.9,0.0012432804306881
146.2,0.00124492591143581
146.5,0.00124656898759035
146.8,0.00124820966441875
147.1,0.00124984794717263
147.4,0.00125148384108833
147.7,0.00125311735138693
148,0.00125474848327427
148.3,0.00125637724194108
148.6,0.00125800363256298
148.9,0.00125962766030055
149.2,0.0012612493302994
149.5,0.00126286864769018
149.8,0.0012644856175887
150.1,0.00126610024509593
150.4,0.00126771253529807
150.7,0.00126932249326661
151,0.00127093012405837
151.3,0.00127253543271558
151.6,0.0012741384242659
151.9,0.0012757391037225
152.2,0.00127733747608406
152.5,0.00127893354633492
152.8,0.00128052731944502
153.1,0.00128211880037004
153.4,0.00128370799405139
153.7,0.00128529490541631
154,0.00128687953937789
154.3,0.00128846190083511
154.6,0.00129004199467293
154.9,0.00129161982576231
155.2,0.00129319539896028
155.5,0.00129476871910997
155.8,0.00129633979104066
156.1,0.00129790861956785
156.4,0.00129947520949331
156.7,0.00130103956560508
157,0.0013026016926776
157.3,0.00130416159547167
157.6,0.00130571927873457
157.9,0.00130727474720007
158.2,0.00130882800558849
158.5,0.00131037905860675
158.8,0.00131192791094841
159.1,0.00131347456729372
159.4,0.00131501903230967
159.7,0.00131656131065002
160,0.00131810140695539
