"ResDensity","N_TraitValue"
55.4934,2.73974580094292e-06
56.2929562,2.77916681160378e-06
57.0925124,2.81858630155259e-06
57.8920686,2.85800427087733e-06
58.6916248,2.89742071966599e-06
59.491181,2.93683564800656e-06
60.2907372,2.976249055987e-06
61.0902934,3.01566094369528e-06
61.8898496,3.05507131121935e-06
62.6894058,3.09448015864718e-06
63.488962,3.13388748606671e-06
64.2885182,3.17329329356588e-06
65.0880744,3.21269758123261e-06
65.8876306,3.25210034915483e-06
66.6871868,3.29150159742047e-06
67.486743,3.33090132611744e-06
68.2862992,3.37029953533363e-06
69.0858554,3.40969622515695e-06
69.8854116,3.44909139567529e-06
70.6849678,3.48848504697653e-06
71.484524,3.52787717914856e-06
72.2840802,3.56726779227923e-06
73.0836364,3.60665688645643e-06
73.8831926,3.64604446176799e-06
74.6827488,3.68543051830179e-06
75.482305,3.72481505614565e-06
76.2818612,3.76419807538742e-06
77.0814174,3.80357957611493e-06
77.8809736,3.84295955841599e-06
78.6805298,3.88233802237844e-06
79.480086,3.92171496809007e-06
80.2796422,3.96109039563869e-06
81.0791984,4.0004643051121e-06
81.8787546,4.03983669659809e-06
82.6783108,4.07920757018444e-06
83.477867,4.11857692595892e-06
84.2774232,4.15794476400932e-06
85.0769794,4.19731108442338e-06
85.8765356,4.23667588728886e-06
86.6760918,4.27603917269352e-06
87.475648,4.3154009407251e-06
88.2752042,4.35476119147133e-06
89.0747604,4.39411992501994e-06
89.8743166,4.43347714145865e-06
90.6738728,4.47283284087518e-06
91.473429,4.51218702335724e-06
92.2729852,4.55153968899253e-06
93.0725414,4.59089083786875e-06
93.8720976,4.63024047007357e-06
94.6716538,4.6695885856947e-06
95.47121,4.70893518481979e-06
96.2707662,4.74828026753651e-06
97.0703224,4.78762383393254e-06
97.8698786,4.82696588409552e-06
98.6694348,4.8663064181131e-06
99.468991,4.90564543607293e-06
100.2685472,4.94498293806263e-06
101.0681034,4.98431892416983e-06
101.8676596,5.02365339448216e-06
102.6672158,5.06298634908723e-06
103.466772,5.10231778807264e-06
104.2663282,5.141647711526e-06
105.0658844,5.1809761195349e-06
105.8654406,5.22030301218693e-06
106.6649968,5.25962838956967e-06
107.464553,5.29895225177068e-06
108.2641092,5.33827459887755e-06
109.0636654,5.37759543097782e-06
109.8632216,5.41691474815906e-06
110.6627778,5.4562325505088e-06
111.462334,5.4955488381146e-06
112.2618902,5.53486361106397e-06
113.0614464,5.57417686944445e-06
113.8610026,5.61348861334355e-06
114.6605588,5.6527988428488e-06
115.460115,5.69210755804769e-06
116.2596712,5.73141475902773e-06
117.0592274,5.7707204458764e-06
117.8587836,5.8100246186812e-06
118.6583398,5.8493272775296e-06
119.457896,5.88862842250908e-06
120.2574522,5.92792805370709e-06
121.0570084,5.96722617121111e-06
121.8565646,6.00652277510857e-06
122.6561208,6.04581786548694e-06
123.455677,6.08511144243364e-06
124.2552332,6.12440350603611e-06
125.0547894,6.16369405638177e-06
125.8543456,6.20298309355804e-06
126.6539018,6.24227061765234e-06
127.453458,6.28155662875206e-06
128.2530142,6.32084112694461e-06
129.0525704,6.36012411231738e-06
129.8521266,6.39940558495776e-06
130.6516828,6.43868554495311e-06
131.451239,6.47796399239082e-06
132.2507952,6.51724092735824e-06
133.0503514,6.55651634994274e-06
133.8499076,6.59579026023166e-06
134.6494638,6.63506265831236e-06
135.44902,6.67433354427216e-06
136.2485762,6.71360291819841e-06
137.0481324,6.75287078017842e-06
137.8476886,6.7921371302995e-06
138.6472448,6.83140196864899e-06
139.446801,6.87066529531416e-06
140.2463572,6.90992711038234e-06
141.0459134,6.94918741394079e-06
141.8454696,6.98844620607682e-06
142.6450258,7.02770348687769e-06
143.444582,7.06695925643067e-06
144.2441382,7.10621351482304e-06
145.0436944,7.14546626214204e-06
145.8432506,7.18471749847493e-06
146.6428068,7.22396722390895e-06
147.442363,7.26321543853134e-06
148.2419192,7.30246214242933e-06
149.0414754,7.34170733569014e-06
149.8410316,7.38095101840098e-06
150.6405878,7.42019319064908e-06
151.440144,7.45943385252163e-06
152.2397002,7.49867300410582e-06
153.0392564,7.53791064548886e-06
153.8388126,7.57714677675791e-06
154.6383688,7.61638139800017e-06
155.437925,7.65561450930279e-06
156.2374812,7.69484611075294e-06
157.0370374,7.73407620243778e-06
157.8365936,7.77330478444446e-06
158.6361498,7.81253185686012e-06
159.435706,7.85175741977189e-06
160.2352622,7.89098147326691e-06
161.0348184,7.9302040174323e-06
161.8343746,7.96942505235517e-06
162.6339308,8.00864457812264e-06
163.433487,8.0478625948218e-06
164.2330432,8.08707910253976e-06
165.0325994,8.1262941013636e-06
165.8321556,8.16550759138041e-06
166.6317118,8.20471957267725e-06
167.431268,8.24393004534121e-06
168.2308242,8.28313900945933e-06
169.0303804,8.32234646511869e-06
169.8299366,8.36155241240633e-06
170.6294928,8.40075685140928e-06
171.429049,8.43995978221459e-06
172.2286052,8.47916120490929e-06
173.0281614,8.51836111958039e-06
173.8277176,8.55755952631491e-06
174.6272738,8.59675642519987e-06
175.42683,8.63595181632226e-06
176.2263862,8.67514569976908e-06
177.0259424,8.71433807562732e-06
177.8254986,8.75352894398396e-06
178.6250548,8.79271830492597e-06
179.424611,8.83190615854033e-06
180.2241672,8.871092504914e-06
181.0237234,8.91027734413393e-06
181.8232796,8.94946067628707e-06
182.6228358,8.98864250146037e-06
183.422392,9.02782281974075e-06
184.2219482,9.06700163121515e-06
185.0215044,9.10617893597049e-06
185.8210606,9.14535473409368e-06
186.6206168,9.18452902567164e-06
187.420173,9.22370181079126e-06
188.2197292,9.26287308953944e-06
189.0192854,9.30204286200307e-06
189.8188416,9.34121112826903e-06
190.6183978,9.3803778884242e-06
191.417954,9.41954314255544e-06
192.2175102,9.45870689074962e-06
193.0170664,9.49786913309359e-06
193.8166226,9.5370298696742e-06
194.6161788,9.57618910057829e-06
195.415735,9.6153468258927e-06
196.2152912,9.65450304570425e-06
197.0148474,9.69365776009977e-06
197.8144036,9.73281096916607e-06
198.6139598,9.77196267298997e-06
199.413516,9.81111287165825e-06
200.2130722,9.85026156525772e-06
201.0126284,9.88940875387517e-06
201.8121846,9.92855443759738e-06
202.6117408,9.96769861651112e-06
203.411297,1.00068412907032e-05
204.2108532,1.00459824602603e-05
205.0104094,1.00851221252692e-05
205.8099656,1.01242602858167e-05
206.6095218,1.01633969419895e-05
207.409078,1.02025320938743e-05
208.2086342,1.02416657415579e-05
209.0081904,1.0280797885127e-05
209.8077466,1.03199285246683e-05
210.6073028,1.03590576602685e-05
211.406859,1.03981852920144e-05
212.2064152,1.04373114199925e-05
213.0059714,1.04764360442897e-05
213.8055276,1.05155591649925e-05
214.6050838,1.05546807821877e-05
215.40464,1.05938008959619e-05
216.2041962,1.06329195064019e-05
217.0037524,1.06720366135941e-05
217.8033086,1.07111522176254e-05
218.6028648,1.07502663185822e-05
219.402421,1.07893789165514e-05
220.2019772,1.08284900116194e-05
221.0015334,1.0867599603873e-05
221.8010896,1.09067076933987e-05
222.6006458,1.09458142802831e-05
223.400202,1.09849193646129e-05
224.1997582,1.10240229464746e-05
224.9993144,1.10631250259549e-05
225.7988706,1.11022256031402e-05
226.5984268,1.11413246781173e-05
227.397983,1.11804222509726e-05
228.1975392,1.12195183217927e-05
228.9970954,1.12586128906642e-05
229.7966516,1.12977059576736e-05
230.5962078,1.13367975229075e-05
231.395764,1.13758875864523e-05
232.1953202,1.14149761483947e-05
232.9948764,1.14540632088211e-05
233.7944326,1.14931487678181e-05
234.5939888,1.15322328254722e-05
235.393545,1.15713153818698e-05
236.1931012,1.16103964370975e-05
236.9926574,1.16494759912418e-05
237.7922136,1.16885540443891e-05
238.5917698,1.17276305966259e-05
239.391326,1.17667056480387e-05
240.1908822,1.1805779198714e-05
240.9904384,1.18448512487381e-05
241.7899946,1.18839217981976e-05
242.5895508,1.19229908471789e-05
243.389107,1.19620583957684e-05
244.1886632,1.20011244440526e-05
244.9882194,1.20401889921178e-05
245.7877756,1.20792520400506e-05
246.5873318,1.21183135879372e-05
247.386888,1.21573736358642e-05
248.1864442,1.21964321839179e-05
248.9860004,1.22354892321846e-05
249.7855566,1.22745447807508e-05
250.5851128,1.23135988297029e-05
251.384669,1.23526513791272e-05
252.1842252,1.23917024291101e-05
252.9837814,1.24307519797379e-05
253.7833376,1.2469800031097e-05
254.5828938,1.25088465832737e-05
255.38245,1.25478916363544e-05
256.1820062,1.25869351904254e-05
256.9815624,1.2625977245573e-05
257.7811186,1.26650178018836e-05
258.5806748,1.27040568594434e-05
259.380231,1.27430944183387e-05
260.1797872,1.27821304786559e-05
260.9793434,1.28211650404812e-05
261.7788996,1.2860198103901e-05
262.5784558,1.28992296690014e-05
263.378012,1.29382597358688e-05
264.1775682,1.29772883045894e-05
264.9771244,1.30163153752495e-05
265.7766806,1.30553409479353e-05
266.5762368,1.30943650227331e-05
267.375793,1.31333875997291e-05
268.1753492,1.31724086790096e-05
268.9749054,1.32114282606607e-05
269.7744616,1.32504463447687e-05
270.5740178,1.32894629314198e-05
271.373574,1.33284780207002e-05
272.1731302,1.33674916126961e-05
272.9726864,1.34065037074937e-05
273.7722426,1.34455143051792e-05
274.5717988,1.34845234058387e-05
275.371355,1.35235310095584e-05
276.1709112,1.35625371164245e-05
276.9704674,1.36015417265231e-05
277.7700236,1.36405448399404e-05
278.5695798,1.36795464567625e-05
279.369136,1.37185465770757e-05
280.1686922,1.37575452009659e-05
280.9682484,1.37965423285193e-05
281.7678046,1.38355379598221e-05
282.5673608,1.38745320949603e-05
283.366917,1.39135247340201e-05
284.1664732,1.39525158770876e-05
284.9660294,1.39915055242488e-05
285.7655856,1.40304936755898e-05
286.5651418,1.40694803311968e-05
287.364698,1.41084654911557e-05
288.1642542,1.41474491555527e-05
288.9638104,1.41864313244737e-05
289.7633666,1.4225411998005e-05
290.5629228,1.42643911762324e-05
291.362479,1.43033688592421e-05
292.1620352,1.434234504712e-05
292.9615914,1.43813197399523e-05
293.7611476,1.44202929378248e-05
294.5607038,1.44592646408237e-05
295.36026,1.44982348490349e-05
296.1598162,1.45372035625445e-05
296.9593724,1.45761707814383e-05
297.7589286,1.46151365058025e-05
298.5584848,1.4654100735723e-05
299.358041,1.46930634712857e-05
300.1575972,1.47320247125767e-05
300.9571534,1.47709844596818e-05
301.7567096,1.48099427126871e-05
302.5562658,1.48488994716784e-05
303.355822,1.48878547367418e-05
304.1553782,1.49268085079632e-05
304.9549344,1.49657607854284e-05
305.7544906,1.50047115692234e-05
306.5540468,1.50436608594342e-05
307.353603,1.50826086561466e-05
308.1531592,1.51215549594465e-05
308.9527154,1.51604997694198e-05
309.7522716,1.51994430861524e-05
310.5518278,1.52383849097302e-05
311.351384,1.5277325240239e-05
312.1509402,1.53162640777648e-05
312.9504964,1.53552014223934e-05
313.7500526,1.53941372742106e-05
314.5496088,1.54330716333023e-05
315.349165,1.54720044997543e-05
316.1487212,1.55109358736524e-05
316.9482774,1.55498657550826e-05
317.7478336,1.55887941441306e-05
318.5473898,1.56277210408822e-05
319.346946,1.56666464454232e-05
320.1465022,1.57055703578394e-05
320.9460584,1.57444927782167e-05
321.7456146,1.57834137066408e-05
322.5451708,1.58223331431975e-05
323.344727,1.58612510879726e-05
324.1442832,1.59001675410518e-05
324.9438394,1.59390825025209e-05
325.7433956,1.59779959724656e-05
326.5429518,1.60169079509718e-05
327.342508,1.60558184381251e-05
328.1420642,1.60947274340113e-05
328.9416204,1.61336349387161e-05
329.7411766,1.61725409523252e-05
330.5407328,1.62114454749244e-05
331.340289,1.62503485065993e-05
332.1398452,1.62892500474357e-05
332.9394014,1.63281500975193e-05
333.7389576,1.63670486569357e-05
334.5385138,1.64059457257706e-05
335.33807,1.64448413041098e-05
336.1376262,1.64837353920388e-05
336.9371824,1.65226279896434e-05
337.7367386,1.65615190970091e-05
338.5362948,1.66004087142217e-05
339.335851,1.66392968413668e-05
340.1354072,1.667818347853e-05
340.9349634,1.6717068625797e-05
341.7345196,1.67559522832533e-05
342.5340758,1.67948344509847e-05
343.333632,1.68337151290766e-05
344.1331882,1.68725943176148e-05
344.9327444,1.69114720166848e-05
345.7323006,1.69503482263721e-05
346.5318568,1.69892229467625e-05
347.331413,1.70280961779414e-05
348.1309692,1.70669679199945e-05
348.9305254,1.71058381730072e-05
349.7300816,1.71447069370652e-05
350.5296378,1.71835742122541e-05
351.329194,1.72224399986592e-05
352.1287502,1.72613042963663e-05
352.9283064,1.73001671054608e-05
353.7278626,1.73390284260283e-05
354.5274188,1.73778882581542e-05
355.326975,1.74167466019241e-05
356.1265312,1.74556034574234e-05
356.9260874,1.74944588247378e-05
357.7256436,1.75333127039527e-05
358.5251998,1.75721650951535e-05
359.324756,1.76110159984257e-05
360.1243122,1.76498654138549e-05
360.9238684,1.76887133415265e-05
361.7234246,1.77275597815259e-05
362.5229808,1.77664047339386e-05
363.322537,1.780524819885e-05
364.1220932,1.78440901763457e-05
364.9216494,1.78829306665109e-05
365.7212056,1.79217696694312e-05
366.5207618,1.7960607185192e-05
367.320318,1.79994432138787e-05
368.1198742,1.80382777555766e-05
368.9194304,1.80771108103712e-05
369.7189866,1.81159423783479e-05
370.5185428,1.81547724595921e-05
371.318099,1.81936010541892e-05
372.1176552,1.82324281622245e-05
372.9172114,1.82712537837833e-05
373.7167676,1.83100779189512e-05
374.5163238,1.83489005678133e-05
375.31588,1.83877217304551e-05
376.1154362,1.84265414069619e-05
376.9149924,1.84653595974191e-05
377.7145486,1.85041763019119e-05
378.5141048,1.85429915205257e-05
379.313661,1.85818052533458e-05
380.1132172,1.86206175004576e-05
380.9127734,1.86594282619463e-05
381.7123296,1.86982375378972e-05
382.5118858,1.87370453283956e-05
383.311442,1.87758516335267e-05
384.1109982,1.8814656453376e-05
384.9105544,1.88534597880286e-05
385.7101106,1.88922616375698e-05
386.5096668,1.89310620020849e-05
387.309223,1.89698608816591e-05
388.1087792,1.90086582763776e-05
388.9083354,1.90474541863257e-05
389.7078916,1.90862486115887e-05
390.5074478,1.91250415522517e-05
391.307004,1.91638330083999e-05
392.1065602,1.92026229801187e-05
392.9061164,1.92414114674931e-05
393.7056726,1.92801984706084e-05
394.5052288,1.93189839895498e-05
395.304785,1.93577680244025e-05
396.1043412,1.93965505752516e-05
396.9038974,1.94353316421823e-05
397.7034536,1.94741112252798e-05
398.5030098,1.95128893246292e-05
399.302566,1.95516659403158e-05
400.1021222,1.95904410724245e-05
400.9016784,1.96292147210407e-05
401.7012346,1.96679868862493e-05
402.5007908,1.97067575681356e-05
403.300347,1.97455267667846e-05
404.0999032,1.97842944822816e-05
404.8994594,1.98230607147115e-05
405.6990156,1.98618254641595e-05
406.4985718,1.99005887307106e-05
407.298128,1.993935051445e-05
408.0976842,1.99781108154628e-05
408.8972404,2.0016869633834e-05
409.6967966,2.00556269696487e-05
410.4963528,2.00943828229919e-05
411.295909,2.01331371939488e-05
412.0954652,2.01718900826043e-05
412.8950214,2.02106414890434e-05
413.6945776,2.02493914133514e-05
414.4941338,2.0288139855613e-05
415.29369,2.03268868159135e-05
416.0932462,2.03656322943378e-05
416.8928024,2.04043762909709e-05
417.6923586,2.04431188058978e-05
418.4919148,2.04818598392035e-05
419.291471,2.0520599390973e-05
420.0910272,2.05593374612913e-05
420.8905834,2.05980740502433e-05
421.6901396,2.06368091579141e-05
422.4896958,2.06755427843886e-05
423.289252,2.07142749297518e-05
424.0888082,2.07530055940885e-05
424.8883644,2.07917347774838e-05
425.6879206,2.08304624800226e-05
426.4874768,2.08691887017899e-05
427.287033,2.09079134428704e-05
428.0865892,2.09466367033493e-05
428.8861454,2.09853584833113e-05
429.6857016,2.10240787828414e-05
430.4852578,2.10627976020245e-05
431.284814,2.11015149409454e-05
432.0843702,2.11402307996891e-05
432.8839264,2.11789451783405e-05
433.6834826,2.12176580769844e-05
434.4830388,2.12563694957056e-05
435.282595,2.12950794345892e-05
436.0821512,2.13337878937198e-05
436.8817074,2.13724948731823e-05
437.6812636,2.14112003730617e-05
438.4808198,2.14499043934426e-05
439.280376,2.148860693441e-05
440.0799322,2.15273079960487e-05
440.8794884,2.15660075784435e-05
441.6790446,2.16047056816792e-05
442.4786008,2.16434023058405e-05
443.278157,2.16820974510124e-05
444.0777132,2.17207911172795e-05
444.8772694,2.17594833047267e-05
445.6768256,2.17981740134387e-05
446.4763818,2.18368632435004e-05
447.275938,2.18755509949964e-05
448.0754942,2.19142372680115e-05
448.8750504,2.19529220626306e-05
449.6746066,2.19916053789382e-05
450.4741628,2.20302872170192e-05
451.273719,2.20689675769583e-05
452.0732752,2.21076464588403e-05
452.8728314,2.21463238627497e-05
453.6723876,2.21849997887714e-05
454.4719438,2.222367423699e-05
455.2715,2.22623472074903e-05
