"ResDensity","N_TraitValue"
2.6258,0.0635905805175835
4.1946774,0.096465125310658
5.7635548,0.126184904539992
7.3324322,0.153183241380631
8.9013096,0.177817574511524
10.470187,0.200385372689172
12.0390644,0.221136205406548
13.6079418,0.240281010897234
15.1768192,0.257999292397911
16.7456966,0.274444763558878
18.314574,0.289749819407352
19.8834514,0.304029108359563
21.4523288,0.31738240931582
23.0212062,0.32989696660981
24.5900836,0.341649398368802
26.158961,0.352707266524095
27.7278384,0.363130376450068
29.2967158,0.372971859036994
30.8655932,0.382279076536225
32.4344706,0.391094384776956
34.003348,0.399455777639443
35.5722254,0.407397434471905
37.1411028,0.414950187086152
38.7099802,0.422141919786346
40.2788576,0.428997913372888
41.847735,0.435541142066767
43.4166124,0.441792530703795
44.9854898,0.447771178265542
46.5543672,0.453494552777675
48.1232446,0.458978661765131
49.692122,0.464238201767366
51.2609994,0.469286689854606
52.8298768,0.474136579623272
54.3987542,0.478799363766318
55.9676316,0.483285664996931
57.536509,0.487605316839811
59.1053864,0.491767435583321
60.6742638,0.495780484500569
62.2431412,0.499652331291479
63.8120186,0.503390299566269
65.380896,0.50700121507919
66.9497734,0.510491447326622
68.5186508,0.513866947042874
70.0875282,0.51713328005804
71.6564056,0.520295657923151
73.225283,0.523358965657071
74.7941604,0.526327786925877
76.3630378,0.529206426927677
77.9319152,0.531998933223173
79.5007926,0.534709114723936
81.06967,0.537340559025708
82.6385474,0.539896648252627
84.2074248,0.542380573559488
85.7763022,0.544795348422823
87.3451796,0.547143820837174
88.914057,0.549428684520355
90.4829344,0.551652489220393
92.0518118,0.553817650207055
93.6206892,0.55592645702225
95.1895666,0.557981081555949
96.758444,0.559983585507508
98.3273214,0.561935927286283
99.8961988,0.563839968400074
101.4650762,0.565697479375229
103.0339536,0.567510145247956
104.602831,0.569279570662661
106.1717084,0.571007284609729
107.7405858,0.572694744832155
109.3094632,0.574343341927701
110.8783406,0.57595440317087
112.447218,0.577529196076749
114.0160954,0.579068931726846
115.5849728,0.580574767875254
117.1538502,0.582047811851894
118.7227276,0.583489123278128
120.291605,0.584899716608745
121.8604824,0.586280563513124
123.4293598,0.587632595107339
124.9982372,0.58895670404796
126.5671146,0.59025374649746
128.135992,0.591524543970308
129.7048694,0.59276988506813
131.2737468,0.59399052711162
132.8426242,0.595187197676311
134.4115016,0.596360596038746
135.980379,0.597511394539084
137.5492564,0.598640239865731
139.1181338,0.599747754267141
140.6870112,0.60083453669557
142.2558886,0.60190116388719
143.824766,0.602948191382661
145.3936434,0.603976154491962
146.9625208,0.604985569206981
148.5313982,0.605976933065161
150.1002756,0.606950725967211
151.669153,0.607907410951733
153.2380304,0.608847434929366
154.8069078,0.60977122937891
156.3757852,0.610679211007706
157.9446626,0.611571782378385
159.51354,0.61244933250398
161.0824174,0.61331223741324
162.6512948,0.614160860687876
164.2201722,0.61499555397335
165.7890496,0.615816657464714
167.357927,0.616624500368917
168.9268044,0.617419401344883
170.4956818,0.618201668922615
172.0645592,0.618971601902468
173.6334366,0.619729489735688
175.202314,0.620475612887226
176.7711914,0.621210243181787
178.3400688,0.621933644134013
179.9089462,0.622646071263633
181.4778236,0.623347772396388
183.046701,0.624038987951455
184.6155784,0.624719951216093
186.1844558,0.625390888608149
187.7533332,0.626052019927058
189.3222106,0.626703558593918
190.891088,0.627345711881186
192.4599654,0.627978681132527
194.0288428,0.628602661973285
195.5977202,0.629217844512063
197.1665976,0.629824413533829
198.735475,0.630422548684969
200.3043524,0.631012424650672
201.8732298,0.631594211325021
203.4421072,0.63216807397413
205.0109846,0.632734173392664
206.579862,0.633292666054048
208.1487394,0.63384370425466
209.7176168,0.634387436252288
211.2864942,0.63492400639912
212.8553716,0.63545355526951
214.424249,0.635976219782759
215.9931264,0.636492133321146
217.5620038,0.637001425843404
219.1308812,0.637504223993864
220.6997586,0.638000651207444
222.268636,0.63849082781068
223.8375134,0.638974871118953
225.4063908,0.639452895530098
226.9752682,0.639925012614544
228.5441456,0.640391331202122
230.113023,0.640851957465706
231.6819004,0.6413069950018
233.2507778,0.64175654490822
234.8196552,0.64220070585897
236.3885326,0.642639574176451
237.95741,0.643073243901098
239.5262874,0.643501806858564
241.0951648,0.643925352724534
242.6640422,0.644343969087287
244.2329196,0.644757741508076
245.801797,0.645166753579436
247.3706744,0.645571086981475
248.9395518,0.645970821536263
250.5084292,0.646366035260359
252.0773066,0.646756804415576
253.646184,0.647143203558038
255.2150614,0.647525305585606
256.7839388,0.647903181783722
258.3528162,0.648276901869746
259.9216936,0.648646534035839
261.490571,0.649012144990444
263.0594484,0.649373799998417
264.6283258,0.649731562919874
266.1972032,0.650085496247774
267.7660806,0.650435661144316
269.334958,0.650782117476174
270.9038354,0.651124923848613
272.4727128,0.651464137638545
274.0415902,0.651799815026538
275.6104676,0.652132011027839
277.179345,0.652460779522427
278.7482224,0.652786173284155
280.3170998,0.65310824400898
281.8859772,0.653427042342352
283.4548546,0.653742617905758
285.023732,0.654055019322471
286.5926094,0.654364294242527
288.1614868,0.654670489366952
289.7303642,0.654973650471271
291.2992416,0.655273822428323
292.868119,0.655571049230402
294.4369964,0.65586537401075
296.0058738,0.656156839064425
297.5747512,0.656445485868559
299.1436286,0.656731355102041
300.712506,0.657014486664623
302.2813834,0.657294919695486
303.8502608,0.657572692591277
305.4191382,0.657847843023638
306.9880156,0.658120407956229
308.556893,0.658390423661293
310.1257704,0.658657925735738
311.6946478,0.658922949116787
313.2635252,0.659185528097185
314.8324026,0.659445696339997
316.40128,0.659703486892988
317.9701574,0.659958932202623
319.5390348,0.660212064127677
321.1079122,0.660462913952482
322.6767896,0.660711512399817
324.245667,0.66095788964345
325.8145444,0.661202075320348
327.3834218,0.661444098542562
328.9522992,0.661683987908794
330.5211766,0.661921771515666
332.090054,0.662157476968688
333.6589314,0.662391131392945
335.2278088,0.662622761443496
336.7966862,0.66285239331552
338.3655636,0.663080052754183
339.934441,0.663305765064266
341.5033184,0.663529555119538
343.0721958,0.663751447371894
344.6410732,0.663971465860265
346.2099506,0.664189634219294
347.778828,0.664405975687802
349.3477054,0.664620513117042
350.9165828,0.664833268978741
352.4854602,0.665044265372949
354.0543376,0.665253524035693
355.623215,0.665461066346438
357.1920924,0.665666913335369
358.7609698,0.665871085690498
360.3298472,0.666073603764592
361.8987246,0.666274487581938
363.467602,0.666473756844942
365.0364794,0.66667143094057
366.6053568,0.666867528946638
368.1742342,0.667062069637949
369.7431116,0.667255071492283
371.311989,0.667446552696251
372.8808664,0.667636531151005
374.4497438,0.667825024477819
376.0186212,0.668012050023535
377.5874986,0.668197624865887
379.156376,0.668381765818698
380.7252534,0.668564489436959
382.2941308,0.668745812021789
383.8630082,0.668925749625287
385.4318856,0.669104318055262
387.000763,0.66928153287987
388.5696404,0.669457409432133
390.1385178,0.669631962814365
391.7073952,0.669805207902492
393.2762726,0.669977159350282
394.84515,0.67014783159347
396.4140274,0.670317238853808
397.9829048,0.670485395143005
399.5517822,0.670652314266598
401.1206596,0.670818009827725
402.689537,0.670982495230826
404.2584144,0.671145783685252
405.8272918,0.671307888208804
407.3961692,0.671468821631195
408.9650466,0.671628596597429
410.533924,0.671787225571119
412.1028014,0.671944720837723
413.6716788,0.672101094507721
415.2405562,0.672256358519714
416.8094336,0.672410524643466
418.378311,0.672563604482876
419.9471884,0.672715609478891
421.5160658,0.672866550912357
423.0849432,0.673016439906805
424.6538206,0.673165287431192
426.222698,0.673313104302569
427.7915754,0.673459901188705
429.3604528,0.673605688610654
430.9293302,0.673750476945266
432.4982076,0.673894276427652
434.067085,0.674037097153594
435.6359624,0.674178949081908
437.2048398,0.674319842036761
438.7737172,0.674459785709933
440.3425946,0.674598789663049
441.911472,0.674736863329747
443.4803494,0.674874016017819
445.0492268,0.6750102569113
446.6181042,0.675145595072515
448.1869816,0.675280039444097
449.755859,0.675413598850946
451.3247364,0.67554628200217
452.8936138,0.675678097492969
454.4624912,0.675809053806498
456.0313686,0.675939159315685
457.600246,0.676068422285012
459.1691234,0.67619685087227
460.7380008,0.676324453130274
462.3068782,0.676451237008542
463.8757556,0.676577210354952
465.444633,0.676702380917356
467.0135104,0.676826756345174
468.5823878,0.676950344190947
470.1512652,0.677073151911868
471.7201426,0.677195186871283
473.28902,0.677316456340161
474.8578974,0.677436967498539
476.4267748,0.677556727436939
477.9956522,0.677675743157758
479.5645296,0.677794021576634
481.133407,0.677911569523785
482.7022844,0.678028393745322
484.2711618,0.678144500904543
485.8400392,0.678259897583198
487.4089166,0.678374590282733
488.977794,0.678488585425509
490.5466714,0.678601889356006
492.1155488,0.678714508341994
493.6844262,0.678826448575692
495.2533036,0.678937716174904
496.822181,0.679048317184131
498.3910584,0.679158257575666
499.9599358,0.67926754325067
501.5288132,0.679376180040228
503.0976906,0.679484173706387
504.666568,0.67959152994317
506.2354454,0.679698254377583
507.8043228,0.679804352570594
509.3732002,0.679909830018101
510.9420776,0.680014692151879
512.510955,0.680118944340516
514.0798324,0.680222591890323
515.6487098,0.680325640046242
517.2175872,0.680428093992726
518.7864646,0.680529958854607
520.355342,0.680631239697955
521.9242194,0.680731941530917
523.4930968,0.680832069304538
525.0619742,0.680931627913578
526.6308516,0.681030622197307
528.199729,0.68112905694029
529.7686064,0.681226936873154
531.3374838,0.681324266673355
532.9063612,0.681421050965911
534.4752386,0.681517294324146
536.044116,0.681613001270401
537.6129934,0.681708176276751
539.1818708,0.681802823765692
540.7507482,0.681896948110835
542.3196256,0.681990553637575
543.888503,0.682083644623754
545.4573804,0.682176225300313
547.0262578,0.682268299851934
548.5951352,0.682359872417668
550.1640126,0.68245094709156
551.73289,0.682541527923252
553.3017674,0.682631618918589
554.8706448,0.68272122404021
556.4395222,0.682810347208123
558.0083996,0.682898992300284
559.577277,0.682987163153152
561.1461544,0.683074863562251
562.7150318,0.683162097282707
564.2839092,0.683248868029786
565.8527866,0.683335179479426
567.421664,0.683421035268751
568.9905414,0.683506438996582
570.5594188,0.683591394223943
572.1282962,0.683675904474554
573.6971736,0.683759973235319
575.266051,0.683843603956803
576.8349284,0.683926800053709
578.4038058,0.684009564905337
579.9726832,0.684091901856047
581.5415606,0.684173814215706
583.110438,0.684255305260132
584.6793154,0.684336378231532
586.2481928,0.68441703633893
587.8170702,0.684497282758593
589.3859476,0.684577120634446
590.954825,0.684656553078483
592.5237024,0.68473558317117
594.0925798,0.684814213961848
595.6614572,0.684892448469119
597.2303346,0.684970289681237
598.799212,0.685047740556485
600.3680894,0.685124804023552
601.9369668,0.685201482981903
603.5058442,0.685277780302139
605.0747216,0.685353698826359
606.643599,0.68542924136851
608.2124764,0.685504410714738
609.7813538,0.685579209623726
611.3502312,0.685653640827037
612.9191086,0.685727707029441
614.487986,0.685801410909246
616.0568634,0.685874755118621
617.6257408,0.685947742283912
619.1946182,0.686020375005957
620.7634956,0.686092655860395
622.332373,0.686164587397968
623.9012504,0.686236172144827
625.4701278,0.686307412602821
627.0390052,0.686378311249792
628.6078826,0.68644887053986
630.17676,0.686519092903712
631.7456374,0.686588980748872
633.3145148,0.686658536459983
634.8833922,0.686727762399078
636.4522696,0.686796660905843
638.021147,0.686865234297884
639.5900244,0.686933484870987
641.1589018,0.687001414899372
642.7277792,0.687069026635948
644.2966566,0.68713632231256
645.865534,0.687203304140236
647.4344114,0.687269974309429
649.0032888,0.687336334990255
650.5721662,0.687402388332729
652.1410436,0.687468136466997
653.709921,0.687533581503567
655.2787984,0.687598725533529
656.8476758,0.687663570628786
658.4165532,0.687728118842266
659.9854306,0.687792372208144
661.554308,0.687856332742052
663.1231854,0.687920002441295
664.6920628,0.68798338328505
666.2609402,0.688046477234581
667.8298176,0.688109286233434
669.398695,0.688171812207641
670.9675724,0.688234057065914
672.5364498,0.688296022699841
674.1053272,0.688357710984077
675.6742046,0.688419123776533
677.243082,0.688480262918562
678.8119594,0.688541130235145
680.3808368,0.68860172753507
681.9497142,0.688662056611113
683.5185916,0.688722119240214
685.087469,0.688781917183652
686.6563464,0.688841452187216
688.2252238,0.688900725981376
689.7941012,0.688959740281451
691.3629786,0.689018496787774
692.931856,0.689076997185854
694.5007334,0.689135243146539
696.0696108,0.689193236326174
697.6384882,0.68925097836676
699.2073656,0.689308470896105
700.776243,0.689365715527981
702.3451204,0.689422713862273
703.9139978,0.689479467485127
705.4828752,0.689535977969103
707.0517526,0.689592246873309
708.62063,0.689648275743557
710.1895074,0.689704066112496
711.7583848,0.689759619499754
713.3272622,0.689814937412079
714.8961396,0.68987002134347
716.465017,0.689924872775316
718.0338944,0.689979493176526
719.6027718,0.690033884003662
721.1716492,0.690088046701065
722.7405266,0.690141982700989
724.309404,0.690195693423722
725.8782814,0.690249180277712
727.4471588,0.690302444659691
729.0160362,0.690355487954796
730.5849136,0.690408311536689
732.153791,0.690460916767676
733.7226684,0.690513304998823
735.2915458,0.690565477570074
736.8604232,0.690617435810361
738.4293006,0.690669181037723
739.998178,0.690720714559411
741.5670554,0.690772037672003
743.1359328,0.690823151661511
744.7048102,0.690874057803486
746.2736876,0.690924757363129
747.842565,0.690975251595391
749.4114424,0.69102554174508
750.9803198,0.691075629046963
752.5491972,0.691125514725863
754.1180746,0.691175199996765
755.686952,0.691224686064909
757.2558294,0.691273974125893
758.8247068,0.691323065365763
760.3935842,0.691371960961114
761.9624616,0.691420662079179
763.531339,0.691469169877928
765.1002164,0.691517485506152
766.6690938,0.69156561010356
768.2379712,0.691613544800867
769.8068486,0.69166129071988
771.375726,0.691708848973588
772.9446034,0.69175622066625
774.5134808,0.691803406893476
776.0823582,0.691850408742314
777.6512356,0.691897227291335
779.220113,0.691943863610712
780.7889904,0.691990318762305
782.3578678,0.69203659379974
783.9267452,0.692082689768486
785.4956226,0.692128607705941
787.0645,0.6921743486415
