"ResDensity","N_TraitValue"
38.6442,3.64862774304652e-05
39.2049632,3.69387789748959e-05
39.7657264,3.73894031040407e-05
40.3264896,3.78381614777205e-05
40.8872528,3.82850656594037e-05
41.448016,3.87301271171994e-05
42.0087792,3.91733572248378e-05
42.5695424,3.96147672626397e-05
43.1303056,4.00543684184731e-05
43.6910688,4.04921717886987e-05
44.251832,4.09281883791033e-05
44.8125952,4.13624291058222e-05
45.3733584,4.17949047962503e-05
45.9341216,4.22256261899416e-05
46.4948848,4.26546039394987e-05
47.055648,4.30818486114508e-05
47.6164112,4.35073706871213e-05
48.1771744,4.39311805634848e-05
48.7379376,4.43532885540141e-05
49.2987008,4.47737048895166e-05
49.859464,4.51924397189612e-05
50.4202272,4.56095031102946e-05
50.9809904,4.60249050512484e-05
51.5417536,4.64386554501365e-05
52.1025168,4.68507641366425e-05
52.66328,4.72612408625988e-05
53.2240432,4.76700953027552e-05
53.7848064,4.80773370555393e-05
54.3455696,4.84829756438074e-05
54.9063328,4.88870205155873e-05
55.467096,4.92894810448112e-05
56.0278592,4.96903665320412e-05
56.5886224,5.00896862051851e-05
57.1493856,5.04874492202054e-05
57.7101488,5.08836646618179e-05
58.270912,5.12783415441845e-05
58.8316752,5.16714888115961e-05
59.3924384,5.20631153391484e-05
59.9532016,5.24532299334099e-05
60.5139648,5.28418413330819e-05
61.074728,5.3228958209651e-05
61.6354912,5.36145891680343e-05
62.1962544,5.39987427472166e-05
62.7570176,5.43814274208811e-05
63.3177808,5.4762651598032e-05
63.878544,5.51424236236109e-05
64.4393072,5.55207517791054e-05
65.0000704,5.58976442831511e-05
65.5608336,5.62731092921269e-05
66.1215968,5.66471549007432e-05
66.68236,5.70197891426238e-05
67.2431232,5.73910199908808e-05
67.8038864,5.77608553586836e-05
68.3646496,5.81293030998208e-05
68.9254128,5.84963710092565e-05
69.486176,5.88620668236798e-05
70.0469392,5.92263982220484e-05
70.6077024,5.95893728261262e-05
71.1684656,5.99509982010144e-05
71.7292288,6.03112818556779e-05
72.289992,6.0670231243464e-05
72.8507552,6.10278537626171e-05
73.4115184,6.13841567567869e-05
73.9722816,6.17391475155309e-05
74.5330448,6.20928332748113e-05
75.093808,6.24452212174873e-05
75.6545712,6.27963184738008e-05
76.2153344,6.31461321218576e-05
76.7760976,6.34946691881029e-05
77.3368608,6.38419366477917e-05
77.897624,6.41879414254546e-05
78.4583872,6.45326903953572e-05
79.0191504,6.48761903819562e-05
79.5799136,6.52184481603494e-05
80.1406768,6.55594704567208e-05
80.70144,6.58992639487819e-05
81.2622032,6.6237835266207e-05
81.8229664,6.65751909910645e-05
82.3837296,6.69113376582437e-05
82.9444928,6.72462817558764e-05
83.505256,6.75800297257548e-05
84.0660192,6.7912587963744e-05
84.6267824,6.82439628201906e-05
85.1875456,6.85741606003274e-05
85.7483088,6.89031875646729e-05
86.309072,6.92310499294269e-05
86.8698352,6.95577538668623e-05
87.4305984,6.98833055057122e-05
87.9913616,7.02077109315533e-05
88.5521248,7.05309761871849e-05
89.112888,7.08531072730042e-05
89.6736512,7.11741101473776e-05
90.2344144,7.14939907270081e-05
90.7951776,7.18127548872989e-05
91.3559408,7.21304084627126e-05
91.916704,7.2446957247128e-05
92.4774672,7.27624069941917e-05
93.0382304,7.3076763417667e-05
93.5989936,7.3390032191779e-05
94.1597568,7.37022189515555e-05
94.72052,7.40133292931654e-05
95.2812832,7.43233687742529e-05
95.8420464,7.46323429142685e-05
96.4028096,7.49402571947962e-05
96.9635728,7.52471170598784e-05
97.524336,7.55529279163359e-05
98.0850992,7.58576951340861e-05
98.6458624,7.61614240464568e-05
99.2066256,7.64641199504978e-05
99.7673888,7.67657881072887e-05
100.328152,7.70664337422434e-05
100.8889152,7.73660620454121e-05
101.4496784,7.76646781717799e-05
102.0104416,7.79622872415626e-05
102.5712048,7.8258894340499e-05
103.131968,7.85545045201409e-05
103.6927312,7.88491227981395e-05
104.2534944,7.91427541585299e-05
104.8142576,7.94354035520116e-05
105.3750208,7.97270758962271e-05
105.935784,8.0017776076037e-05
106.4965472,8.03075089437932e-05
107.0573104,8.05962793196083e-05
107.6180736,8.08840919916234e-05
108.1788368,8.11709517162724e-05
108.7396,8.14568632185443e-05
109.3003632,8.17418311922425e-05
109.8611264,8.20258603002414e-05
110.4218896,8.23089551747412e-05
110.9826528,8.25911204175196e-05
111.543416,8.28723606001808e-05
112.1041792,8.31526802644029e-05
112.6649424,8.34320839221819e-05
113.2257056,8.37105760560741e-05
113.7864688,8.39881611194358e-05
114.347232,8.42648435366605e-05
114.9079952,8.45406277034142e-05
115.4687584,8.48155179868679e-05
116.0295216,8.50895187259285e-05
116.5902848,8.53626342314668e-05
117.151048,8.56348687865435e-05
117.7118112,8.59062266466333e-05
118.2725744,8.61767120398469e-05
118.8333376,8.64463291671498e-05
119.3941008,8.67150822025806e-05
119.954864,8.69829752934661e-05
120.5156272,8.72500125606343e-05
121.0763904,8.75161980986264e-05
121.6371536,8.77815359759055e-05
122.1979168,8.80460302350639e-05
122.75868,8.8309684893029e-05
123.3194432,8.85725039412658e-05
123.8802064,8.8834491345979e-05
124.4409696,8.90956510483122e-05
125.0017328,8.93559869645456e-05
125.562496,8.96155029862918e-05
126.1232592,8.98742029806896e-05
126.6840224,9.01320907905962e-05
127.2447856,9.03891702347775e-05
127.8055488,9.06454451080964e-05
128.366312,9.09009191816997e-05
128.9270752,9.11555962032032e-05
129.4878384,9.14094798968745e-05
130.0486016,9.16625739638152e-05
130.6093648,9.19148820821399e-05
131.170128,9.21664079071555e-05
131.7308912,9.24171550715364e-05
132.2916544,9.26671271855006e-05
132.8524176,9.29163278369821e-05
133.4131808,9.31647605918031e-05
133.973944,9.34124289938437e-05
134.5347072,9.36593365652109e-05
135.0954704,9.39054868064048e-05
135.6562336,9.41508831964849e-05
136.2169968,9.43955291932333e-05
136.77776,9.46394282333176e-05
137.3385232,9.48825837324515e-05
137.8992864,9.51249990855544e-05
138.4600496,9.53666776669094e-05
139.0208128,9.56076228303199e-05
139.581576,9.58478379092645e-05
140.1423392,9.60873262170511e-05
140.7031024,9.6326091046969e-05
141.2638656,9.65641356724397e-05
141.8246288,9.6801463347167e-05
142.385392,9.70380773052848e-05
142.9461552,9.72739807615041e-05
143.5069184,9.75091769112588e-05
144.0676816,9.77436689308497e-05
144.6284448,9.79774599775876e-05
145.189208,9.8210553189935e-05
145.7499712,9.84429516876467e-05
146.3107344,9.86746585719088e-05
146.8714976,9.89056769254764e-05
147.4322608,9.91360098128111e-05
147.993024,9.93656602802156e-05
148.5537872,9.95946313559686e-05
149.1145504,9.98229260504576e-05
149.6753136,0.000100050547356311
150.2360768,0.000100277498248529
150.79684,0.000100503781684612
151.3576032,0.000100729400604692
151.9183664,0.000100954357931657
152.4791296,0.000101178656571277
153.0398928,0.000101402299412332
153.600656,0.000101625289326735
154.1614192,0.000101847629169652
154.7221824,0.000102069321779627
155.2829456,0.000102290369978704
155.8437088,0.000102510776572542
156.404472,0.000102730544350538
156.9652352,0.000102949676085942
157.5259984,0.000103168174535976
158.0867616,0.000103386042441948
158.6475248,0.000103603282529366
159.208288,0.000103819897508054
159.7690512,0.000104035890072262
160.3298144,0.000104251262900781
160.8905776,0.00010446601865705
161.4513408,0.000104680159989269
162.012104,0.000104893689530505
162.5728672,0.000105106609898803
163.1336304,0.000105318923697289
163.6943936,0.000105530633514282
164.2551568,0.000105741741923392
164.81592,0.00010595225148363
165.3766832,0.000106162164739509
165.9374464,0.000106371484221148
166.4982096,0.000106580212444369
167.0589728,0.000106788351910805
167.619736,0.000106995905107994
168.1804992,0.000107202874509482
168.7412624,0.000107409262574917
169.3020256,0.000107615071750153
169.8627888,0.00010782030446734
170.423552,0.000108024963145021
170.9843152,0.000108229050188233
171.5450784,0.000108432567988592
172.1058416,0.000108635518924394
172.6666048,0.000108837905360704
173.227368,0.000109039729649447
173.7881312,0.000109240994129505
174.3488944,0.000109441701126798
174.9096576,0.000109641852954382
175.4704208,0.000109841451912533
176.031184,0.000110040500288838
176.5919472,0.000110239000358279
177.1527104,0.000110436954383323
177.7134736,0.000110634364614008
178.2742368,0.000110831233288024
178.835,0.000111027562630802
179.3957632,0.000111223354855597
179.9565264,0.00011141861216357
180.5172896,0.00011161333674387
181.0780528,0.000111807530773718
181.638816,0.000112001196418486
182.1995792,0.000112194335831779
182.7603424,0.000112386951155516
183.3211056,0.000112579044520003
183.8818688,0.00011277061804402
184.442632,0.000112961673834893
185.0033952,0.000113152213988574
185.5641584,0.000113342240589716
186.1249216,0.000113531755711751
186.6856848,0.000113720761416963
187.246448,0.000113909259756565
187.8072112,0.000114097252770771
188.3679744,0.000114284742488871
188.9287376,0.000114471730929306
189.4895008,0.000114658220099736
190.050264,0.000114844211997115
190.6110272,0.000115029708607761
191.1717904,0.000115214711907428
191.7325536,0.000115399223861375
192.2933168,0.000115583246424435
192.85408,0.000115766781541086
193.4148432,0.000115949831145517
193.9756064,0.0001161323971617
194.5363696,0.000116314481503452
195.0971328,0.000116496086074505
195.657896,0.000116677212768574
196.2186592,0.00011685786346942
196.7794224,0.000117038040050913
197.3401856,0.000117217744377105
197.9009488,0.000117396978302286
198.461712,0.000117575743671052
199.0224752,0.000117754042318365
199.5832384,0.000117931876069622
200.1440016,0.00011810924674071
200.7047648,0.000118286156138074
201.265528,0.000118462606058772
201.8262912,0.000118638598290541
202.3870544,0.000118814134611858
202.9478176,0.000118989216791993
203.5085808,0.000119163846591077
204.069344,0.000119338025760154
204.6301072,0.000119511756041246
205.1908704,0.000119685039167404
205.7516336,0.000119857876862771
206.3123968,0.000120030270842638
206.87316,0.000120202222813499
207.4339232,0.000120373734473109
207.9946864,0.000120544807510539
208.5554496,0.000120715443606233
209.1162128,0.00012088564443206
209.676976,0.000121055411651371
210.2377392,0.000121224746919055
210.7985024,0.000121393651881586
211.3592656,0.000121562128177084
211.9200288,0.000121730177435365
212.480792,0.00012189780127799
213.0415552,0.000122065001318324
213.6023184,0.000122231779161583
214.1630816,0.000122398136404885
214.7238448,0.000122564074637304
215.284608,0.00012272959543992
215.8453712,0.000122894700385866
216.4061344,0.000123059391040383
216.9668976,0.000123223668960864
217.5276608,0.000123387535696907
218.088424,0.000123550992790363
218.6491872,0.000123714041775382
219.2099504,0.000123876684178465
219.7707136,0.000124038921518508
220.3314768,0.000124200755306852
220.89224,0.000124362187047327
221.4530032,0.000124523218236301
222.0137664,0.000124683850362727
222.5745296,0.000124844084908185
223.1352928,0.00012500392334693
223.696056,0.00012516336714594
224.2568192,0.000125322417764956
224.8175824,0.000125481076656527
225.3783456,0.00012563934526606
225.9391088,0.000125797225031855
226.499872,0.000125954717385156
227.0606352,0.000126111823750191
227.6213984,0.000126268545544217
228.1821616,0.000126424884177557
228.7429248,0.00012658084105365
229.303688,0.000126736417569089
229.8644512,0.000126891615113661
230.4252144,0.000127046435070392
230.9859776,0.000127200878815586
231.5467408,0.000127354947718867
232.107504,0.000127508643143218
232.6682672,0.000127661966445021
233.2290304,0.000127814918974102
233.7897936,0.000127967502073761
234.3505568,0.00012811971708082
234.91132,0.000128271565325659
235.4720832,0.000128423048132254
236.0328464,0.000128574166818215
236.5936096,0.000128724922694826
237.1543728,0.000128875317067084
237.715136,0.000129025351233732
238.2758992,0.000129175026487301
238.8366624,0.000129324344114146
239.3974256,0.00012947330539448
239.9581888,0.000129621911602414
240.518952,0.000129770164005993
241.0797152,0.00012991806386723
241.6404784,0.000130065612442144
242.2012416,0.000130212810980794
242.7620048,0.000130359660727314
243.322768,0.00013050616291995
243.8835312,0.000130652318791094
244.4442944,0.000130798129567318
245.0050576,0.000130943596469409
245.5658208,0.0001310887207124
246.126584,0.000131233503505611
246.6873472,0.000131377946052675
247.2481104,0.000131522049551576
247.8088736,0.000131665815194678
248.3696368,0.000131809244168763
248.9304,0.00013195233765506
249.4911632,0.000132095096829281
250.0519264,0.000132237522861646
250.6126896,0.000132379616916923
251.1734528,0.000132521380154457
251.734216,0.000132662813728199
252.2949792,0.00013280391878674
252.8557424,0.000132944696473342
253.4165056,0.000133085147925968
253.9772688,0.000133225274277312
254.538032,0.000133365076654832
255.0987952,0.000133504556180777
255.6595584,0.000133643713972219
256.2203216,0.000133782551141085
256.7810848,0.00013392106879418
257.341848,0.000134059268033223
257.9026112,0.000134197149954874
258.4633744,0.000134334715650762
259.0241376,0.000134471966207514
259.5849008,0.000134608902706784
260.145664,0.000134745526225283
260.7064272,0.000134881837834806
261.2671904,0.000135017838602257
261.8279536,0.000135153529589682
262.3887168,0.000135288911854294
262.94948,0.000135423986448501
263.5102432,0.000135558754419931
264.0710064,0.000135693216811465
264.6317696,0.000135827374661255
265.1925328,0.00013596122900276
265.753296,0.000136094780864766
266.3140592,0.000136228031271415
266.8748224,0.000136360981242232
267.4355856,0.000136493631792148
267.9963488,0.000136625983931528
268.557112,0.000136758038666197
269.1178752,0.000136889796997465
269.6786384,0.000137021259922151
270.2394016,0.00013715242843261
270.8001648,0.000137283303516757
271.360928,0.000137413886158091
271.9216912,0.000137544177335722
272.4824544,0.000137674178024394
273.0432176,0.000137803889194508
273.6039808,0.000137933311812149
274.164744,0.000138062446839107
274.7255072,0.000138191295232905
275.2862704,0.000138319857946817
275.8470336,0.000138448135929897
276.4077968,0.000138576130126997
276.96856,0.000138703841478796
277.5293232,0.000138831270921819
278.0900864,0.00013895841938846
278.6508496,0.000139085287807007
279.2116128,0.000139211877101664
279.772376,0.00013933818819257
280.3331392,0.000139464221995827
280.8939024,0.000139589979423518
281.4546656,0.00013971546138373
282.0154288,0.000139840668780576
282.576192,0.000139965602514218
283.1369552,0.000140090263480886
283.6977184,0.000140214652572902
284.2584816,0.000140338770678698
284.8192448,0.000140462618682842
285.380008,0.000140586197466054
285.9407712,0.000140709507905231
286.5015344,0.000140832550873464
287.0622976,0.000140955327240062
287.6230608,0.00014107783787057
288.183824,0.000141200083626791
288.7445872,0.000141322065366805
289.3053504,0.000141443783944989
289.8661136,0.00014156524021204
290.4268768,0.000141686435014989
290.98764,0.000141807369197226
291.5484032,0.000141928043598518
292.1091664,0.000142048459055027
292.6699296,0.000142168616399329
293.2306928,0.000142288516460439
293.791456,0.00014240816006382
294.3522192,0.000142527548031412
294.9129824,0.000142646681181644
295.4737456,0.000142765560329456
296.0345088,0.000142884186286316
296.595272,0.000143002559860241
297.1560352,0.00014312068185581
297.7167984,0.000143238553074188
298.2775616,0.000143356174313143
298.8383248,0.00014347354636706
299.399088,0.000143590670026963
299.9598512,0.000143707546080531
300.5206144,0.000143824175312118
301.0813776,0.000143940558502766
301.6421408,0.000144056696430227
302.202904,0.000144172589868978
302.7636672,0.000144288239590237
303.3244304,0.000144403646361983
303.8851936,0.000144518810948974
304.4459568,0.000144633734112758
305.00672,0.000144748416611694
305.5674832,0.000144862859200971
306.1282464,0.000144977062632619
306.6890096,0.000145091027655528
307.2497728,0.000145204755015466
307.810536,0.000145318245455093
308.3712992,0.000145431499713978
308.9320624,0.000145544518528616
309.4928256,0.000145657302632441
310.0535888,0.000145769852755845
310.614352,0.000145882169626193
311.1751152,0.000145994253967838
311.7358784,0.000146106106502137
312.2966416,0.000146217727947465
312.8574048,0.000146329119019233
313.418168,0.000146440280429902
313.9789312,0.000146551212888998
314.5396944,0.000146661917103128
315.1004576,0.000146772393775992
315.6612208,0.000146882643608403
316.221984,0.000146992667298297
316.7827472,0.00014710246554075
317.3435104,0.000147212039027994
317.9042736,0.000147321388449428
318.4650368,0.000147430514491636
319.0258,0.000147539417838398
