"ResDensity","N_TraitValue"
2,2.48168860678303e-05
2.068,2.55642556909171e-05
2.136,2.63060307481571e-05
2.204,2.70422738239567e-05
2.272,2.7773046572711e-05
2.34,2.84984097360152e-05
2.408,2.92184231594945e-05
2.476,2.99331458092638e-05
2.544,3.06426357880253e-05
2.612,3.13469503508141e-05
2.68,3.20461459204006e-05
2.748,3.27402781023578e-05
2.816,3.34294016998027e-05
2.884,3.41135707278203e-05
2.952,3.47928384275763e-05
3.02,3.54672572801291e-05
3.088,3.61368790199459e-05
3.156,3.6801754648132e-05
3.224,3.74619344453794e-05
3.292,3.81174679846426e-05
3.36,3.8768404143547e-05
3.428,3.94147911165377e-05
3.496,4.00566764267741e-05
3.564,4.06941069377771e-05
3.632,4.13271288648348e-05
3.7,4.19557877861713e-05
3.768,4.25801286538874e-05
3.836,4.3200195804674e-05
3.904,4.3816032970309e-05
3.972,4.44276832879376e-05
4.04,4.50351893101455e-05
4.108,4.56385930148271e-05
4.176,4.62379358148545e-05
4.244,4.68332585675524e-05
4.312,4.74246015839826e-05
4.38,4.80120046380428e-05
4.448,4.85955069753846e-05
4.516,4.91751473221543e-05
4.584,4.97509638935601e-05
4.652,5.03229944022713e-05
4.72,5.08912760666515e-05
4.788,5.14558456188311e-05
4.856,5.20167393126216e-05
4.924,5.25739929312764e-05
4.992,5.31276417951e-05
5.06,5.36777207689116e-05
5.128,5.4224264269363e-05
5.196,5.47673062721171e-05
5.264,5.53068803188885e-05
5.332,5.58430195243493e-05
5.4,5.63757565829043e-05
5.468,5.69051237753363e-05
5.536,5.74311529753274e-05
5.604,5.79538756558555e-05
5.672,5.84733228954719e-05
5.74,5.8989525384461e-05
5.808,5.95025134308843e-05
5.876,6.00123169665124e-05
5.944,6.0518965552647e-05
6.012,6.10224883858346e-05
6.08,6.15229143034752e-05
6.148,6.20202717893277e-05
6.216,6.25145889789141e-05
6.284,6.30058936648257e-05
6.352,6.34942133019312e-05
6.42,6.39795750124917e-05
6.488,6.44620055911819e-05
6.556,6.49415315100211e-05
6.624,6.54181789232154e-05
6.692,6.58919736719125e-05
6.76,6.63629412888723e-05
6.828,6.68311070030532e-05
6.896,6.72964957441171e-05
6.964,6.7759132146855e-05
7.032,6.82190405555335e-05
7.1,6.86762450281649e-05
7.168,6.91307693407026e-05
7.236,6.95826369911626e-05
7.304,7.00318712036727e-05
7.372,7.04784949324517e-05
7.44,7.0922530865719e-05
7.508,7.13640014295364e-05
7.576,7.18029287915839e-05
7.644,7.22393348648702e-05
7.712,7.26732413113792e-05
7.78,7.31046695456543e-05
7.848,7.35336407383218e-05
7.916,7.39601758195535e-05
7.984,7.43842954824708e-05
8.052,7.48060201864914e-05
8.12,7.52253701606195e-05
8.188,7.56423654066797e-05
8.256,7.60570257024979e-05
8.324,7.64693706050276e-05
8.392,7.6879419453425e-05
8.46,7.72871913720726e-05
8.528,7.76927052735518e-05
8.596,7.80959798615677e-05
8.664,7.84970336338243e-05
8.732,7.88958848848527e-05
8.8,7.92925517087935e-05
8.868,7.96870520021325e-05
8.936,8.00794034663924e-05
9.004,8.04696236107808e-05
9.072,8.08577297547943e-05
9.14,8.12437390307813e-05
9.208,8.16276683864632e-05
9.276,8.2009534587414e-05
9.344,8.23893542195017e-05
9.412,8.27671436912891e-05
9.48,8.31429192363968e-05
9.548,8.35166969158288e-05
9.616,8.38884926202603e-05
9.684,8.42583220722901e-05
9.752,8.46262008286565e-05
9.82,8.4992144282419e-05
9.888,8.53561676651054e-05
9.956,8.57182860488246e-05
10.024,8.60785143483475e-05
10.092,8.6436867323154e-05
10.16,8.67933595794495e-05
10.228,8.7148005572149e-05
10.296,8.75008196068311e-05
10.364,8.78518158416612e-05
10.432,8.8201008289286e-05
10.5,8.85484108186977e-05
10.568,8.88940371570705e-05
10.636,8.92379008915686e-05
10.704,8.95800154711267e-05
10.772,8.99203942082033e-05
10.84,9.02590502805079e-05
10.908,9.05959967327009e-05
10.976,9.09312464780691e-05
11.044,9.12648123001752e-05
11.112,9.15967068544827e-05
11.18,9.19269426699564e-05
11.248,9.22555321506391e-05
11.316,9.25824875772045e-05
11.384,9.29078211084875e-05
11.452,9.32315447829909e-05
11.52,9.35536705203708e-05
11.588,9.38742101228994e-05
11.656,9.41931752769066e-05
11.724,9.45105775541999e-05
11.792,9.48264284134643e-05
11.86,9.51407392016407e-05
11.928,9.54535211552851e-05
11.996,9.57647854019078e-05
12.064,9.60745429612925e-05
12.132,9.63828047467972e-05
12.2,9.66895815666357e-05
12.268,9.69948841251408e-05
12.336,9.72987230240095e-05
12.404,9.76011087635301e-05
12.472,9.79020517437917e-05
12.54,9.82015622658768e-05
12.608,9.84996505330365e-05
12.676,9.87963266518489e-05
12.744,9.9091600633362e-05
12.812,9.93854823942191e-05
12.88,9.96779817577692e-05
12.948,9.99691084551618e-05
13.016,0.000100258872126426
13.084,0.000100547282321533
13.152,0.000100834348501449
13.22,0.000101120080039166
13.288,0.000101404486220724
13.356,0.000101687576246215
13.424,0.000101969359230778
13.492,0.000102249844205576
13.56,0.000102529040118758
13.628,0.000102806955836417
13.696,0.000103083600143521
13.764,0.000103358981744845
13.832,0.00010363310926588
13.9,0.000103905991253735
13.968,0.000104177636178027
14.036,0.000104448052431753
14.104,0.000104717248332159
14.172,0.000104985232121589
14.24,0.000105252011968331
14.308,0.00010551759596744
14.376,0.000105781992141563
14.444,0.000106045208441744
14.512,0.000106307252748222
14.58,0.000106568132871216
14.648,0.000106827856551703
14.716,0.000107086431462182
14.784,0.000107343865207429
14.852,0.000107600165325247
14.92,0.000107855339287195
14.988,0.000108109394499319
15.056,0.000108362338302866
15.124,0.000108614177974993
15.192,0.000108864920729465
15.26,0.00010911457371734
15.328,0.000109363144027653
15.396,0.000109610638688085
15.464,0.000109857064665628
15.532,0.000110102428867235
15.6,0.000110346738140465
15.668,0.000110589999274126
15.736,0.000110832218998898
15.804,0.000111073403987953
15.872,0.000111313560857576
15.94,0.000111552696167758
16.008,0.000111790816422805
16.076,0.00011202792807192
16.144,0.000112264037509787
16.212,0.000112499151077149
16.28,0.000112733275061371
16.348,0.000112966415697004
16.416,0.000113198579166335
16.484,0.000113429771599939
16.552,0.000113659999077211
16.62,0.000113889267626907
16.688,0.000114117583227663
16.756,0.00011434495180852
16.824,0.000114571379249435
16.892,0.000114796871381786
16.96,0.000115021433988879
17.028,0.000115245072806433
17.096,0.000115467793523077
17.164,0.000115689601780827
17.232,0.000115910503175566
17.3,0.000116130503257512
17.368,0.000116349607531682
17.436,0.000116567821458355
17.504,0.000116785150453523
17.572,0.00011700159988934
17.64,0.000117217175094562
17.708,0.000117431881354988
17.776,0.000117645723913892
17.844,0.000117858707972445
17.912,0.000118070838690142
17.98,0.000118282121185218
18.048,0.000118492560535054
18.116,0.000118702161776594
18.184,0.000118910929906735
18.252,0.000119118869882733
18.32,0.000119325986622593
18.388,0.000119532285005455
18.456,0.000119737769871978
18.524,0.000119942446024718
18.592,0.000120146318228506
18.66,0.000120349391210811
18.728,0.000120551669662113
18.796,0.000120753158236257
18.864,0.000120953861550815
18.932,0.000121153784187437
19,0.000121352930692198
19.068,0.000121551305575947
19.136,0.000121748913314641
19.204,0.00012194575834969
19.272,0.00012214184508828
19.34,0.000122337177903712
19.408,0.000122531761135719
19.476,0.000122725599090791
19.544,0.000122918696042494
19.612,0.000123111056231781
19.68,0.000123302683867304
19.748,0.00012349358312572
19.816,0.000123683758151998
19.884,0.000123873213059713
19.952,0.000124061951931349
20.02,0.000124249978818585
20.088,0.000124437297742593
20.156,0.000124623912694319
20.224,0.000124809827634768
20.292,0.000124995046495285
20.36,0.00012517957317783
20.428,0.000125363411555256
20.496,0.000125546565471576
20.564,0.000125729038742231
20.632,0.000125910835154359
20.7,0.000126091958467053
20.768,0.000126272412411622
20.836,0.000126452200691845
20.904,0.000126631326984227
20.972,0.000126809794938251
21.04,0.000126987608176619
21.108,0.000127164770295506
21.176,0.000127341284864795
21.244,0.000127517155428321
21.312,0.000127692385504108
21.38,0.0001278669785846
21.448,0.000128040938136899
21.516,0.000128214267602988
21.584,0.000128386970399963
21.652,0.000128559049920256
21.72,0.000128730509531856
21.788,0.000128901352578529
21.856,0.000129071582380036
21.924,0.000129241202232351
21.992,0.000129410215407866
22.06,0.000129578625155609
22.128,0.000129746434701449
22.196,0.000129913647248302
22.264,0.000130080265976336
22.332,0.000130246294043169
22.4,0.000130411734584075
22.468,0.000130576590712175
22.536,0.000130740865518634
22.604,0.000130904562072858
22.672,0.00013106768342268
22.74,0.000131230232594551
22.808,0.00013139221259373
22.876,0.000131553626404464
22.944,0.000131714476990175
23.012,0.000131874767293641
23.08,0.000132034500237174
23.148,0.000132193678722798
23.216,0.000132352305632427
23.284,0.000132510383828035
23.352,0.000132667916151831
23.42,0.000132824905426429
23.488,0.000132981354455016
23.556,0.000133137266021517
23.624,0.000133292642890765
23.692,0.000133447487808661
23.76,0.000133601803502334
23.828,0.000133755592680306
23.896,0.000133908858032647
23.964,0.000134061602231132
24.032,0.000134213827929397
24.1,0.000134365537763094
24.168,0.000134516734350041
24.236,0.000134667420290373
24.304,0.000134817598166691
24.372,0.000134967270544212
24.44,0.00013511643997091
24.508,0.000135265108977665
24.576,0.000135413280078407
24.644,0.000135560955770251
24.712,0.000135708138533644
24.78,0.000135854830832503
24.848,0.000136001035114348
24.916,0.000136146753810444
24.984,0.00013629198933593
25.052,0.000136436744089958
25.12,0.000136581020455822
25.188,0.000136724820801087
25.256,0.000136868147477725
25.324,0.000137011002822235
25.392,0.000137153389155775
25.46,0.000137295308784289
25.528,0.000137436763998626
25.596,0.000137577757074669
25.664,0.000137718290273453
25.732,0.000137858365841287
25.8,0.000137997986009876
25.868,0.000138137152996436
25.936,0.000138275869003813
26.004,0.000138414136220601
26.072,0.000138551956821252
26.14,0.000138689332966195
26.208,0.000138826266801949
26.276,0.00013896276046123
26.344,0.000139098816063067
26.412,0.000139234435712906
26.48,0.000139369621502727
26.548,0.000139504375511141
26.616,0.000139638699803507
26.684,0.000139772596432029
26.752,0.000139906067435866
26.82,0.000140039114841232
26.888,0.000140171740661503
26.956,0.000140303946897312
27.024,0.000140435735536655
27.092,0.000140567108554991
27.16,0.000140698067915335
27.228,0.000140828615568361
27.296,0.000140958753452499
27.364,0.000141088483494026
27.432,0.000141217807607167
27.5,0.000141346727694184
27.568,0.000141475245645474
27.636,0.000141603363339657
27.704,0.000141731082643672
27.772,0.000141858405412863
27.84,0.000141985333491072
27.908,0.000142111868710727
27.976,0.000142238012892932
28.044,0.00014236376784755
28.112,0.000142489135373293
28.18,0.000142614117257809
28.248,0.000142738715277762
28.316,0.000142862931198922
28.384,0.000142986766776244
28.452,0.000143110223753952
28.52,0.000143233303865622
28.588,0.000143356008834261
28.656,0.00014347834037239
28.724,0.000143600300182123
28.792,0.000143721889955242
28.86,0.000143843111373283
28.928,0.000143963966107605
28.996,0.000144084455819473
29.064,0.000144204582160132
29.132,0.000144324346770882
29.2,0.000144443751283152
29.268,0.000144562797318577
29.336,0.00014468148648907
29.404,0.000144799820396891
29.472,0.000144917800634726
29.54,0.000145035428785754
29.608,0.000145152706423718
29.676,0.000145269635112996
29.744,0.000145386216408672
29.812,0.000145502451856603
29.88,0.000145618342993485
29.948,0.000145733891346927
30.016,0.000145849098435513
30.084,0.000145963965768871
30.152,0.000146078494847736
30.22,0.000146192687164021
30.288,0.000146306544200874
30.356,0.000146420067432751
30.424,0.00014653325832547
30.492,0.000146646118336284
30.56,0.000146758648913935
30.628,0.000146870851498721
30.696,0.000146982727522558
30.764,0.000147094278409037
30.832,0.000147205505573486
30.9,0.000147316410423031
30.968,0.000147426994356656
31.036,0.000147537258765259
31.104,0.000147647205031711
31.172,0.000147756834530916
31.24,0.000147866148629867
31.308,0.000147975148687702
31.376,0.000148083836055762
31.444,0.000148192212077644
31.512,0.00014830027808926
31.58,0.000148408035418889
31.648,0.000148515485387234
31.716,0.000148622629307473
31.784,0.000148729468485316
31.852,0.000148836004219053
31.92,0.000148942237799612
31.988,0.000149048170510609
32.056,0.000149153803628398
32.124,0.000149259138422125
32.192,0.000149364176153777
32.26,0.000149468918078232
32.328,0.000149573365443312
32.396,0.00014967751948983
32.464,0.000149781381451638
32.532,0.000149884952555679
32.6,0.000149988234022034
32.668,0.000150091227063967
32.736,0.000150193932887979
32.804,0.000150296352693848
32.872,0.00015039848767468
32.94,0.000150500339016955
33.008,0.00015060190790057
33.076,0.00015070319549889
33.144,0.000150804202978788
33.212,0.000150904931500692
33.28,0.000151005382218628
33.348,0.000151105556280268
33.416,0.000151205454826969
33.484,0.000151305078993818
33.552,0.000151404429909678
33.62,0.000151503508697224
33.688,0.000151602316472992
33.756,0.000151700854347418
33.824,0.000151799123424879
33.892,0.000151897124803736
33.96,0.000151994859576372
34.028,0.000152092328829237
34.096,0.000152189533642885
34.164,0.000152286475092013
34.232,0.000152383154245504
34.3,0.000152479572166466
34.368,0.000152575729912266
34.436,0.000152671628534576
34.504,0.000152767269079405
34.572,0.00015286265258714
34.64,0.000152957780092585
34.708,0.000153052652624996
34.776,0.000153147271208116
34.844,0.00015324163686022
34.912,0.000153335750594142
34.98,0.000153429613417318
35.048,0.000153523226331818
35.116,0.000153616590334383
35.184,0.000153709706416461
35.252,0.000153802575564242
35.32,0.000153895198758692
35.388,0.000153987576975588
35.456,0.000154079711185551
35.524,0.000154171602354084
35.592,0.000154263251441599
35.66,0.000154354659403458
35.728,0.00015444582719
35.796,0.000154536755746579
35.864,0.000154627446013591
35.932,0.000154717898926512
36,0.000154808115415928
