"ResDensity","N_TraitValue"
3.8187,0.211727853405272
4.1554376,0.22817900118812
4.4921752,0.244316246941667
4.8289128,0.260148490042526
5.1656504,0.275684296610633
5.502388,0.290931914963973
5.8391256,0.30589929022116
6.1758632,0.320594078106176
6.5126008,0.335023658005687
6.8493384,0.349195145325709
7.186076,0.363115403191105
7.5228136,0.376791053528333
7.8595512,0.390228487569037
8.1962888,0.403433875809495
8.5330264,0.416413177458525
8.869764,0.429172149404244
9.2065016,0.441716354728022
9.5432392,0.454051170792093
9.8799768,0.466181796925518
10.2167144,0.478113261731584
10.553452,0.489850430038208
10.8901896,0.501398009511543
11.2269272,0.512760556951659
11.5636648,0.523942484287995
11.9004024,0.534948064291156
12.23714,0.545781436016584
12.5738776,0.556446609994673
12.9106152,0.566947473181008
13.2473528,0.577287793679553
13.5840904,0.587471225250859
13.920828,0.597501311616599
14.2575656,0.60738149057112
14.5943032,0.617115097909991
14.9310408,0.626705371185014
15.2677784,0.636155453294554
15.604516,0.645468395917564
15.9412536,0.654647162799182
16.2779912,0.663694632895332
16.6147288,0.672613603383342
16.9514664,0.681406792545184
17.288204,0.690076842529587
17.6249416,0.698626321998913
17.9616792,0.707057728666372
18.2984168,0.715373491728833
18.6351544,0.72357597420022
18.971892,0.731667475150184
19.3086296,0.739650231852525
19.6453672,0.747526421847564
19.9821048,0.75529816492248
20.3188424,0.762967525013363
20.65558,0.770536512032606
20.9923176,0.778007083625004
21.3290552,0.785381146855795
21.6657928,0.792660559833708
22.0025304,0.7998471332719
22.339268,0.80694263198956
22.6760056,0.813948776356775
23.0127432,0.820867243685153
23.3494808,0.827699669566567
23.6862184,0.834447649162255
24.022956,0.841112738444414
24.3596936,0.847696455392328
24.6964312,0.854200281144941
25.0331688,0.860625661111732
25.3699064,0.866974006043633
25.706644,0.873246693065655
26.0433816,0.879445066672819
26.3801192,0.885570439690893
26.7168568,0.891624094203388
27.0535944,0.897607282446173
27.390332,0.903521227671045
27.7270696,0.909367124979477
28.0638072,0.915146142127754
28.4005448,0.920859420304633
28.7372824,0.926508074882619
29.07402,0.932093196143879
29.4107576,0.937615849981813
29.7474952,0.943077078579205
30.0842328,0.948477901063878
30.4209704,0.953819314142707
30.757708,0.959102292714825
31.0944456,0.964327790464818
31.4311832,0.969496740436656
31.7679208,0.974610055589096
32.1046584,0.979668629333243
32.441396,0.984673336052944
32.7781336,0.98962503160864
33.1148712,0.994524553825295
33.4516088,0.99937272296498
33.7883464,1.00417034218468
34.125084,1.00891819797984
34.4618216,1.01361706061421
34.7985592,1.01826768453643
35.1352968,1.02287080878381
35.4720344,1.02742715737393
35.808772,1.03193743968419
36.1455096,1.03640235082004
36.4822472,1.04082257197211
36.8189848,1.04519877076263
37.1557224,1.04953160158162
37.49246,1.05382170591306
37.8291976,1.05806971265157
38.1659352,1.06227623840965
38.5026728,1.06644188781613
38.8394104,1.07056725380585
39.176148,1.07465291790102
39.5128856,1.07869945048448
39.8496232,1.08270741106519
40.1863608,1.08667734853607
40.5230984,1.09060980142464
40.859836,1.09450529813654
41.1965736,1.09836435719223
41.5333112,1.10218748745702
41.8700488,1.10597518836486
42.2067864,1.10972795013573
42.543524,1.11344625398722
42.8802616,1.11713057234019
43.2169992,1.12078136901892
43.5537368,1.12439909944568
43.8904744,1.1279842108302
44.227212,1.1315371423539
44.5639496,1.1350583253493
44.9006872,1.13854818347451
45.2374248,1.14200713288321
45.5741624,1.14543558239008
45.9109,1.14883393363181
46.2476376,1.15220258122403
46.5843752,1.15554191291401
46.9211128,1.15885230972948
47.2578504,1.16213414612352
47.594588,1.16538779011579
47.9313256,1.1686136034301
48.2680632,1.17181194162844
48.6048008,1.17498315424169
48.9415384,1.17812758489689
49.278276,1.18124557144139
49.6150136,1.18433744606387
49.9517512,1.18740353541233
50.2884888,1.19044416070906
50.6252264,1.19345963786292
50.961964,1.19645027757869
51.2987016,1.19941638546379
51.6354392,1.20235826213244
51.9721768,1.20527620330715
52.3089144,1.20817049991788
52.645652,1.2110414381987
52.9823896,1.21388929978214
53.3191272,1.21671436179135
53.6558648,1.21951689692992
53.9926024,1.22229717356968
54.32934,1.22505545583637
54.6660776,1.22779200369325
55.0028152,1.2305070730228
55.3395528,1.2332009157065
55.6762904,1.23587377970269
56.013028,1.23852590912265
56.3497656,1.24115754430496
56.6865032,1.24376892188807
57.0232408,1.24636027488125
57.3599784,1.24893183273389
57.696716,1.25148382140322
58.0334536,1.25401646342052
58.3701912,1.25652997795575
58.7069288,1.25902458088085
59.0436664,1.26150048483149
59.380404,1.26395789926752
59.7171416,1.266397030532
60.0538792,1.268818081909
60.3906168,1.27122125368007
60.7273544,1.27360674317944
61.064092,1.27597474484806
61.4008296,1.27832545028646
61.7375672,1.28065904830636
62.0743048,1.28297572498128
62.4110424,1.28527566369598
62.74778,1.28755904519486
63.0845176,1.28982604762929
63.4212552,1.29207684660397
63.7579928,1.29431161522224
64.0947304,1.29653052413052
64.431468,1.29873374156166
64.7682056,1.30092143337753
65.1049432,1.30309376311061
65.4416808,1.30525089200477
65.7784184,1.30739297905512
66.115156,1.30952018104712
66.4518936,1.31163265259479
66.7886312,1.31373054617822
67.1253688,1.31581401218024
67.4621064,1.31788319892231
67.798844,1.31993825269982
68.1355816,1.32197931781645
68.4723192,1.32400653661804
68.8090568,1.32602004952564
69.1457944,1.32801999506793
69.482532,1.33000650991302
69.8192696,1.33197972889956
70.1560072,1.33393978506725
70.4927448,1.33588680968675
70.8294824,1.33782093228897
71.16622,1.33974228069383
71.5029576,1.34165098103838
71.8396952,1.34354715780442
72.1764328,1.34543093384557
72.5131704,1.3473024304138
72.849908,1.34916176718544
73.1866456,1.3510090622867
73.5233832,1.35284443231865
73.8601208,1.35466799238184
74.1968584,1.35647985610025
74.533596,1.35828013564499
74.8703336,1.36006894175739
75.2070712,1.3618463837717
75.5438088,1.36361256963744
75.8805464,1.36536760594117
76.217284,1.36711159792797
76.5540216,1.36884464952248
76.8907592,1.37056686334954
77.2274968,1.37227834075446
77.5642344,1.37397918182285
77.900972,1.3756694854002
78.2377096,1.37734934911098
78.5744472,1.37901886937747
78.9111848,1.38067814143817
79.2479224,1.38232725936594
79.58466,1.38396631608576
79.9213976,1.38559540339222
80.2581352,1.3872146119666
80.5948728,1.38882403139374
80.9316104,1.39042375017857
81.268348,1.39201385576227
81.6050856,1.39359443453829
81.9418232,1.39516557186793
82.2785608,1.39672735209573
82.6152984,1.39827985856457
82.952036,1.3998231736305
83.2887736,1.40135737867726
83.6255112,1.40288255413066
83.9622488,1.40439877947256
84.2989864,1.40590613325473
84.635724,1.40740469311239
84.9724616,1.40889453577753
85.3091992,1.41037573709205
85.6459368,1.41184837202058
85.9826744,1.41331251466315
86.319412,1.41476823826763
86.6561496,1.41621561524191
86.9928872,1.41765471716596
87.3296248,1.41908561480358
87.6663624,1.42050837811401
88.0031,1.42192307626336
88.3398376,1.42332977763578
88.6765752,1.42472854984451
89.0133128,1.42611945974269
89.3500504,1.42750257343403
89.686788,1.42887795628327
90.0235256,1.43024567292647
90.3602632,1.43160578728117
90.6970008,1.4329583625563
91.0337384,1.43430346126202
91.370476,1.4356411452193
91.7072136,1.43697147556942
92.0439512,1.43829451278331
92.3806888,1.43961031667066
92.7174264,1.44091894638895
93.054164,1.44222046045236
93.3909016,1.44351491674042
93.7276392,1.44480237250665
94.0643768,1.44608288438696
94.4011144,1.44735650840798
94.737852,1.44862329999521
95.0745896,1.44988331398111
95.4113272,1.45113660461294
95.7480648,1.45238322556058
96.0848024,1.45362322992422
96.42154,1.45485667024185
96.7582776,1.4560835984967
97.0950152,1.45730406612456
97.4317528,1.45851812402094
97.7684904,1.45972582254816
98.105228,1.46092721154231
98.4419656,1.46212234032011
98.7787032,1.46331125768565
99.1154408,1.46449401193705
99.4521784,1.46567065087298
99.788916,1.4668412217991
100.1256536,1.46800577153443
100.4623912,1.46916434641754
100.7991288,1.47031699231275
101.1358664,1.47146375461615
101.472604,1.47260467826157
101.8093416,1.47373980772644
102.1460792,1.47486918703758
102.4828168,1.4759928597769
102.8195544,1.47711086908699
103.156292,1.47822325767663
103.4930296,1.47933006782626
103.8297672,1.48043134139334
104.1665048,1.48152711981757
104.5032424,1.48261744412615
104.83998,1.48370235493888
105.1767176,1.48478189247319
105.5134552,1.48585609654913
105.8501928,1.48692500659425
106.1869304,1.48798866164845
106.523668,1.48904710036868
106.8604056,1.49010036103369
107.1971432,1.49114848154859
107.5338808,1.49219149944944
107.8706184,1.4932294519077
108.207356,1.49426237573464
108.5440936,1.49529030738574
108.8808312,1.49631328296493
109.2175688,1.49733133822883
109.5543064,1.49834450859093
109.891044,1.49935282912568
110.2277816,1.50035633457254
110.5645192,1.50135505934
110.9012568,1.50234903750944
111.2379944,1.5033383028391
111.574732,1.50432288876783
111.9114696,1.50530282841888
112.2482072,1.50627815460364
112.5849448,1.50724889982526
112.9216824,1.50821509628228
113.25842,1.50917677587221
113.5951576,1.51013397019499
113.9318952,1.5110867105565
114.2686328,1.51203502797197
114.6053704,1.5129789531693
114.942108,1.51391851659242
115.2788456,1.51485374840457
115.6155832,1.51578467849148
115.9523208,1.51671133646461
116.2890584,1.51763375166425
116.625796,1.51855195316264
116.9625336,1.519465969767
117.2992712,1.52037583002256
117.6360088,1.52128156221555
117.9727464,1.52218319437608
118.309484,1.52308075428109
118.6462216,1.52397426945714
118.9829592,1.52486376718329
119.3196968,1.52574927449384
119.6564344,1.52663081818106
119.993172,1.52750842479791
120.3299096,1.5283821206607
120.6666472,1.52925193185173
121.0033848,1.53011788422188
121.3401224,1.53098000339315
121.67686,1.53183831476123
122.0135976,1.53269284349794
122.3503352,1.53354361455375
122.6870728,1.53439065266017
123.0238104,1.53523398233213
123.360548,1.53607362787041
123.6972856,1.53690961336391
124.0340232,1.53774196269197
124.3707608,1.53857069952668
124.7074984,1.53939584733508
125.044236,1.54021742938138
125.3809736,1.54103546872918
125.7177112,1.54184998824358
126.0544488,1.54266101059337
126.3911864,1.54346855825305
126.727924,1.54427265350501
127.0646616,1.54507331844149
127.4013992,1.54587057496664
127.7381368,1.54666444479852
128.0748744,1.54745494947107
128.411612,1.54824211033606
128.7483496,1.54902594856498
129.0850872,1.54980648515101
129.4218248,1.5505837409108
129.7585624,1.55135773648641
130.0953,1.55212849234707
130.4320376,1.55289602879102
130.7687752,1.5536603659473
131.1055128,1.55442152377746
131.4422504,1.55517952207735
131.778988,1.55593438047883
132.1157256,1.55668611845143
132.4524632,1.55743475530406
132.7892008,1.55818031018663
133.1259384,1.55892280209173
133.462676,1.55966224985619
133.7994136,1.56039867216272
134.1361512,1.56113208754143
134.4728888,1.56186251437145
134.8096264,1.56258997088241
135.146364,1.56331447515599
135.4831016,1.56403604512738
135.8198392,1.56475469858683
136.1565768,1.56547045318101
136.4933144,1.56618332641457
136.830052,1.56689333565147
137.1667896,1.56760049811644
137.5035272,1.56830483089636
137.8402648,1.56900635094165
138.1770024,1.5697050750676
138.51374,1.57040101995574
138.8504776,1.57109420215517
139.1872152,1.57178463808383
139.5239528,1.57247234402986
139.8606904,1.57315733615283
140.197428,1.57383963048502
140.5341656,1.57451924293269
140.8709032,1.57519618927729
141.2076408,1.57587048517669
141.5443784,1.57654214616639
141.881116,1.57721118766073
142.2178536,1.57787762495402
142.5545912,1.57854147322175
142.8913288,1.57920274752175
143.2280664,1.57986146279527
143.564804,1.58051763386818
143.9015416,1.58117127545201
144.2382792,1.58182240214512
144.5750168,1.58247102843372
144.9117544,1.58311716869298
145.248492,1.58376083718811
145.5852296,1.58440204807538
145.9219672,1.58504081540313
146.2587048,1.58567715311289
146.5954424,1.58631107504028
146.93218,1.58694259491611
147.2689176,1.58757172636731
147.6056552,1.58819848291792
147.9423928,1.58882287799009
148.2791304,1.58944492490501
148.615868,1.59006463688386
148.9526056,1.59068202704875
149.2893432,1.59129710842366
149.6260808,1.59190989393532
149.9628184,1.59252039641416
150.299556,1.59312862859518
150.6362936,1.59373460311882
150.9730312,1.59433833253189
151.3097688,1.59493982928837
151.6465064,1.59553910575031
151.983244,1.59613617418867
152.3199816,1.59673104678414
152.6567192,1.597323735628
152.9934568,1.59791425272289
153.3301944,1.59850260998367
153.666932,1.5990888192382
154.0036696,1.59967289222814
154.3404072,1.6002548406097
154.6771448,1.60083467595448
155.0138824,1.60141240975017
155.35062,1.60198805340136
155.6873576,1.60256161823025
156.0240952,1.60313311547743
156.3608328,1.60370255630259
156.6975704,1.60426995178524
157.034308,1.60483531292546
157.3710456,1.60539865064458
157.7077832,1.60595997578589
158.0445208,1.60651929911536
158.3812584,1.6070766313223
158.717996,1.60763198302003
159.0547336,1.6081853647466
159.3914712,1.60873678696543
159.7282088,1.60928626006595
160.0649464,1.60983379436429
160.401684,1.6103794001039
160.7384216,1.61092308745619
161.0751592,1.61146486652118
161.4118968,1.61200474732812
161.7486344,1.61254273983608
162.085372,1.61307885393461
162.4221096,1.61361309944431
162.7588472,1.61414548611743
163.0955848,1.61467602363849
163.4323224,1.61520472162486
163.76906,1.61573158962731
164.1057976,1.61625663713062
164.4425352,1.61677987355413
164.7792728,1.61730130825233
165.1160104,1.61782095051536
165.452748,1.61833880956965
165.7894856,1.61885489457838
166.1262232,1.61936921464205
166.4629608,1.61988177879906
166.7996984,1.62039259602616
167.136436,1.62090167523903
167.4731736,1.6214090252928
167.8099112,1.62191465498251
168.1466488,1.6224185730437
168.4833864,1.62292078815282
168.820124,1.62342130892782
169.1568616,1.62392014392857
169.4935992,1.62441730165739
169.8303368,1.62491279055951
170.1670744,1.62540661902356
170.503812,1.62589879538206
170.8405496,1.62638932791184
171.1772872,1.62687822483456
171.5140248,1.62736549431714
171.8507624,1.62785114447219
172.1875,1.62833518335853
