"ResDensity","N_TraitValue"
0.5,0.00971173358291649
0.699,0.0130242066521173
0.898,0.0160774934942482
1.097,0.0189008690404421
1.296,0.0215193594073067
1.495,0.0239544857223146
1.694,0.0262248569726299
1.893,0.0283466464590622
2.092,0.03033397767104
2.291,0.0321992390556328
2.49,0.0339533425117716
2.689,0.0356059370077315
2.888,0.0371655861557418
3.087,0.0386399166446042
3.286,0.0400357429613858
3.485,0.0413591727064942
3.684,0.0426156959360154
3.883,0.0438102612879142
4.082,0.0449473411180755
4.281,0.0460309874537542
4.48,0.0470648802400387
4.679,0.0480523690900144
4.878,0.0489965095367297
5.077,0.0499000946135734
5.276,0.0507656824506314
5.475,0.0515956204613198
5.674,0.0523920666008861
5.873,0.053157008102175
6.072,0.0538922780311489
6.271,0.0545995699525303
6.47,0.0552804509525588
6.669,0.0559363732296406
6.868,0.0565686844333223
7.067,0.0571786369064946
7.266,0.0577673959642085
7.465,0.0583360473242586
7.664,0.058885603789227
7.863,0.0594170112665078
8.062,0.0599311542015892
8.261,0.0604288604902462
8.46,0.0609109059270311
8.659,0.0613780182403392
8.858,0.0618308807581914
9.057,0.0622701357435706
9.256,0.0626963874335497
9.455,0.0631102048124536
9.654,0.0635121241458197
9.853,0.0639026512988878
10.052,0.0642822638606956
10.251,0.0646514130925342
10.45,0.0650105257174767
10.649,0.0653600055659004
10.848,0.0657002350903445
11.047,0.066031576761649
11.246,0.0663543743570901
11.445,0.066668954150135
11.644,0.0669756260104723
11.843,0.0672746844221145
12.042,0.0675664094266033
12.241,0.0678510674976691
12.44,0.0681289123530856
12.639,0.0684001857089199
12.838,0.0686651179808896
13.037,0.0689239289371052
13.236,0.0691768283060841
13.435,0.0694240163435713
13.634,0.0696656843613865
13.833,0.0699020152212334
14.032,0.0701331837961491
14.231,0.0703593574020416
14.43,0.0705806962015524
14.629,0.0707973535822939
14.828,0.0710094765113383
15.027,0.0712172058676796
15.226,0.0714206767542482
15.425,0.0716200187909329
15.624,0.0718153563899421
15.823,0.0720068090147369
16.022,0.0721944914236665
16.221,0.0723785138993496
16.42,0.0725589824647677
16.619,0.0727359990869568
16.818,0.0729096618691222
17.017,0.073080065231936
17.216,0.0732473000847214
17.415,0.0734114539871752
17.614,0.0735726113022348
17.813,0.0737308533406484
18.012,0.0738862584977704
18.211,0.0740389023830644
18.41,0.0741888579427646
18.609,0.0743361955761121
18.808,0.0744809832455571
19.007,0.0746232865812873
19.206,0.0747631689804225
19.405,0.0749006917011884
19.604,0.0750359139523647
19.803,0.0751688929782819
20.002,0.0752996841396226
20.201,0.0754283409902665
20.4,0.0755549153504054
20.599,0.0756794573761343
20.798,0.0758020156257191
20.997,0.0759226371227211
21.196,0.0760413674161528
21.395,0.076158250637827
21.594,0.0762733295570484
21.793,0.0763866456327937
21.992,0.0764982390635105
22.191,0.0766081488346625
22.39,0.0767164127641397
22.589,0.0768230675456426
22.788,0.0769281487901465
22.987,0.0770316910655448
23.186,0.077133727934562
23.385,0.0772342919910257
23.584,0.0773334148945791
23.783,0.0774311274039118
23.982,0.0775274594085814
24.181,0.0776224399594972
24.38,0.0777160972981284
24.579,0.077808458884501
24.778,0.0778995514240406
24.977,0.0779894008933152
25.176,0.0780780325647331
25.375,0.0781654710302416
25.574,0.078251740224076
25.773,0.0783368634446017
25.972,0.0784208633752913
26.171,0.0785037621048776
26.37,0.078585581146718
26.569,0.0786663414574081
26.768,0.0787460634546771
26.967,0.078824767034597
27.166,0.078902471588137
27.365,0.0789791960170912
27.564,0.0790549587494076
27.763,0.0791297777539438
27.962,0.0792036705546751
28.161,0.0792766542443782
28.36,0.0793487454978126
28.559,0.079419960584422
28.758,0.0794903153805746
28.957,0.0795598253813629
29.156,0.0796285057119814
29.355,0.0796963711386982
29.554,0.0797634360794398
29.753,0.0798297146140018
29.952,0.0798952204939045
30.151,0.0799599671519039
30.35,0.0800239677111754
30.549,0.0800872349941809
30.748,0.0801497815312333
30.947,0.0802116195687698
31.146,0.0802727610773456
31.345,0.0803332177593594
31.544,0.0803930010565198
31.743,0.080452122157065
31.942,0.0805105920027424
32.141,0.0805684212955599
32.34,0.0806256205043162
32.539,0.0806821998709184
32.738,0.0807381694164963
32.937,0.0807935389473189
33.136,0.0808483180605221
33.335,0.080902516149655
33.534,0.0809561424100488
33.733,0.0810092058440186
33.932,0.0810617152659008
34.131,0.0811136793069345
34.33,0.0811651064199912
34.529,0.0812160048841581
34.728,0.0812663828091823
34.927,0.0813162481397775
35.126,0.0813656086598013
35.325,0.0814144719963055
35.524,0.0814628456234651
35.723,0.0815107368663891
35.922,0.081558152904819
36.121,0.0816051007767164
36.32,0.0816515873817457
36.519,0.0816976194846548
36.718,0.0817432037185561
36.917,0.0817883465881135
37.116,0.0818330544726362
37.315,0.0818773336290842
37.514,0.0819211901949875
37.713,0.0819646301912817
37.912,0.0820076595250642
38.111,0.0820502839922715
38.31,0.0820925092802819
38.509,0.0821343409704453
38.708,0.0821757845405427
38.907,0.0822168453671772
39.106,0.0822575287280992
39.305,0.0822978398044683
39.504,0.0823377836830526
39.703,0.0823773653583684
39.902,0.0824165897347623
40.101,0.082455461628437
40.3,0.0824939857694223
40.499,0.0825321668034943
40.698,0.0825700092940426
40.897,0.0826075177238886
41.096,0.0826446964970561
41.295,0.0826815499404945
41.494,0.0827180823057583
41.693,0.0827542977706411
41.892,0.0827902004407695
42.091,0.0828257943511536
42.29,0.0828610834676994
42.489,0.0828960716886817
42.688,0.0829307628461793
42.887,0.0829651607074748
43.086,0.0829992689764178
43.285,0.0830330912947545
43.484,0.0830666312434243
43.683,0.083099892343823
43.882,0.083132878059036
44.081,0.0831655917950394
44.28,0.0831980369018735
44.479,0.0832302166747853
44.678,0.0832621343553449
44.877,0.0832937931325337
45.076,0.0833251961438067
45.275,0.0833563464761287
45.474,0.0833872471669863
45.673,0.083417901205375
45.872,0.083448311532763
46.071,0.0834784810440323
46.27,0.0835084125883969
46.469,0.0835381089703004
46.668,0.0835675729502915
46.867,0.0835968072458796
47.066,0.0836258145323702
47.265,0.0836545974436811
47.464,0.0836831585731399
47.663,0.0837115004742625
47.862,0.0837396256615144
48.061,0.0837675366110543
48.26,0.0837952357614606
48.459,0.0838227255144421
48.658,0.0838500082355317
48.857,0.0838770862547653
49.056,0.0839039618673451
49.255,0.0839306373342878
49.454,0.0839571148830591
49.653,0.0839833967081937
49.852,0.0840094849719014
50.051,0.0840353818046601
50.25,0.0840610893057959
50.449,0.0840866095440506
50.648,0.0841119445581361
50.847,0.0841370963572779
51.046,0.0841620669217458
51.245,0.0841868582033741
51.444,0.0842114721260696
51.643,0.0842359105863099
51.842,0.0842601754536301
52.041,0.0842842685710998
52.24,0.0843081917557894
52.439,0.0843319467992275
52.638,0.0843555354678475
52.837,0.0843789595034259
53.036,0.084402220623511
53.235,0.0844253205218423
53.434,0.0844482608687623
53.633,0.0844710433116184
53.832,0.0844936694751579
54.031,0.0845161409619136
54.23,0.0845384593525828
54.429,0.0845606262063974
54.628,0.0845826430614875
54.827,0.0846045114352367
55.026,0.0846262328246312
55.225,0.0846478087066009
55.424,0.0846692405383546
55.623,0.0846905297577079
55.822,0.0847116777834047
56.021,0.0847326860154322
56.22,0.0847535558353304
56.419,0.0847742886064942
56.618,0.0847948856744712
56.817,0.0848153483672519
57.016,0.0848356779955557
57.215,0.0848558758531106
57.414,0.0848759432169275
57.613,0.0848958813475697
57.812,0.0849156914894165
58.011,0.0849353748709222
58.21,0.0849549327048701
58.409,0.0849743661886217
58.608,0.0849936765043608
58.807,0.0850128648193332
59.006,0.0850319322860824
59.205,0.0850508800426797
59.404,0.085069709212951
59.603,0.0850884209066991
59.802,0.0851070162199214
60.001,0.0851254962350243
60.2,0.0851438620210328
60.399,0.0851621146337969
60.598,0.085180255116194
60.797,0.0851982844983273
60.996,0.085216203797721
61.195,0.0852340140195117
61.394,0.085251716156636
61.593,0.0852693111900157
61.792,0.0852868000887382
61.991,0.0853041838102352
62.19,0.0853214633004569
62.389,0.0853386394940436
62.588,0.0853557133144946
62.787,0.0853726856743332
62.986,0.0853895574752698
63.185,0.0854063296083612
63.384,0.0854230029541678
63.583,0.0854395783829071
63.782,0.085456056754606
63.981,0.0854724389192488
64.18,0.0854887257169236
64.379,0.0855049179779662
64.578,0.0855210165231005
64.777,0.0855370221635781
64.976,0.0855529357013136
65.175,0.0855687579290193
65.374,0.0855844896303366
65.573,0.0856001315799651
65.772,0.0856156845437901
65.971,0.0856311492790075
66.17,0.0856465265342467
66.369,0.0856618170496914
66.568,0.0856770215571982
66.767,0.0856921407804137
66.966,0.085707175434889
67.165,0.0857221262281928
67.364,0.0857369938600222
67.563,0.0857517790223122
67.762,0.0857664823993426
67.961,0.085781104667844
68.16,0.085795646497101
68.359,0.0858101085490553
68.558,0.085824491478405
68.757,0.0858387959327045
68.956,0.0858530225524607
69.155,0.0858671719712294
69.354,0.0858812448157088
69.553,0.0858952417058323
69.752,0.0859091632548595
69.951,0.0859230100694656
70.15,0.0859367827498298
70.349,0.0859504818897219
70.548,0.0859641080765874
70.747,0.085977661891632
70.946,0.0859911439099035
71.145,0.086004554700374
71.344,0.0860178948260193
71.543,0.0860311648438976
71.742,0.0860443653052278
71.941,0.086057496755465
72.14,0.086070559734376
72.339,0.0860835547761133
72.538,0.0860964824092879
72.737,0.0861093431570408
72.936,0.0861221375371136
73.135,0.0861348660619182
73.334,0.0861475292386051
73.533,0.0861601275691305
73.732,0.0861726615503232
73.931,0.0861851316739491
74.13,0.0861975384267765
74.329,0.0862098822906384
74.528,0.0862221637424958
74.727,0.0862343832544984
74.926,0.0862465412940458
75.125,0.0862586383238463
75.324,0.0862706748019764
75.523,0.086282651181938
75.722,0.0862945679127157
75.921,0.0863064254388328
76.12,0.0863182242004066
76.319,0.0863299646332028
76.518,0.0863416471686893
76.717,0.0863532722340889
76.916,0.0863648402524312
77.115,0.0863763516426045
77.314,0.0863878068194058
77.513,0.0863992061935908
77.712,0.0864105501719232
77.911,0.0864218391572226
78.11,0.0864330735484129
78.309,0.0864442537405684
78.508,0.086455380124961
78.707,0.0864664530891053
78.906,0.0864774730168036
79.105,0.0864884402881905
79.304,0.0864993552797764
79.503,0.0865102183644908
79.702,0.0865210299117245
79.901,0.0865317902873717
80.1,0.086542499853871
80.299,0.0865531589702466
80.498,0.0865637679921479
80.697,0.0865743272718892
80.896,0.0865848371584889
81.095,0.0865952979977077
81.294,0.0866057101320868
81.493,0.0866160739009849
81.692,0.0866263896406155
81.891,0.0866366576840829
82.09,0.0866468783614181
82.289,0.0866570519996146
82.488,0.0866671789226627
82.687,0.0866772594515841
82.886,0.086687293904466
83.085,0.0866972825964943
83.284,0.0867072258399868
83.483,0.0867171239444254
83.682,0.0867269772164889
83.881,0.0867367859600839
84.08,0.0867465504763765
84.279,0.086756271063823
84.478,0.0867659480182004
84.677,0.0867755816326362
84.876,0.0867851721976382
85.075,0.0867947200011236
85.274,0.0868042253284478
85.473,0.0868136884624329
85.672,0.0868231096833958
85.871,0.0868324892691757
86.07,0.0868418274951613
86.269,0.0868511246343184
86.468,0.0868603809572158
86.667,0.0868695967320517
86.866,0.0868787722246799
87.065,0.0868879076986352
87.264,0.0868970034151583
87.463,0.0869060596332214
87.662,0.0869150766095521
87.861,0.0869240545986581
88.06,0.0869329938528508
88.259,0.0869418946222694
88.458,0.0869507571549038
88.657,0.0869595816966177
88.856,0.0869683684911716
89.055,0.086977117780245
89.254,0.0869858298034585
89.453,0.0869945047983961
89.652,0.0870031430006262
89.851,0.0870117446437235
90.05,0.0870203099592894
90.249,0.0870288391769737
90.448,0.087037332524494
90.647,0.0870457902276569
90.846,0.0870542125103777
91.045,0.0870625995947001
91.244,0.0870709517008154
91.443,0.0870792690470827
91.642,0.0870875518500468
91.841,0.0870958003244578
92.04,0.0871040146832894
92.239,0.0871121951377572
92.438,0.0871203418973367
92.637,0.0871284551697815
92.836,0.0871365351611407
93.035,0.0871445820757763
93.234,0.0871525961163807
93.433,0.0871605774839934
93.632,0.0871685263780181
93.831,0.0871764429962392
94.03,0.0871843275348381
94.229,0.0871921801884094
94.428,0.0872000011499772
94.627,0.0872077906110105
94.826,0.0872155487614393
95.025,0.0872232757896696
95.224,0.0872309718825988
95.423,0.0872386372256308
95.622,0.087246272002691
95.821,0.0872538763962408
96.02,0.0872614505872923
96.219,0.0872689947554224
96.418,0.0872765090787875
96.617,0.087283993734137
96.816,0.0872914488968273
97.015,0.0872988747408358
97.214,0.087306271438774
97.413,0.0873136391619011
97.612,0.0873209780801373
97.811,0.0873282883620766
98.01,0.087335570175
98.209,0.087342823684888
98.408,0.0873500490564334
98.607,0.0873572464530537
98.806,0.0873644160369034
99.005,0.0873715579688862
99.204,0.087378672408667
99.403,0.0873857595146838
99.602,0.0873928194441598
99.801,0.0873998523531142
100,0.0874068583963746
