"ResDensity","N_TraitValue"
5,0.00174938398473565
5.39,0.00185725031560463
5.78,0.00196189538527358
6.17,0.00206346136781613
6.56,0.00216208219192366
6.95,0.00225788413010125
7.34,0.00235098633805224
7.73,0.00244150134909638
8.12,0.00252953552793498
8.51,0.00261518948761007
8.9,0.00269855847309417
9.29,0.00277973271458531
9.68,0.00285879775326235
10.07,0.00293583474197301
10.46,0.00301092072307664
10.85,0.00308412888544133
11.24,0.0031555288023975
11.63,0.00322518665227417
12.02,0.00329316542298742
12.41,0.00335952510201036
12.8,0.00342432285292905
13.19,0.00348761317967637
13.58,0.00354944807943579
13.97,0.00360987718511647
14.36,0.00366894789822022
14.75,0.00372670551284783
15.14,0.00378319333152668
15.53,0.00383845277348194
15.92,0.0038925234759204
16.31,0.00394544338884751
16.7,0.00399724886389406
17.09,0.0040479747375896
17.48,0.00409765440948339
17.87,0.00414631991548109
18.26,0.00419400199673547
18.65,0.00424073016440249
19.04,0.00428653276054947
19.43,0.00433143701547937
19.82,0.00437546910171483
20.21,0.004418654184867
20.6,0.0044610164715967
20.99,0.00450257925486009
21.38,0.00454336495661653
21.77,0.00458339516816319
22.16,0.00462269068824872
22.55,0.00466127155910758
22.94,0.00469915710054601
23.33,0.00473636594220145
23.72,0.00477291605408875
24.11,0.00480882477553818
24.5,0.00484410884262333
24.89,0.0048787844141699
25.28,0.0049128670964305
25.67,0.00494637196650433
26.06,0.00497931359457594
26.45,0.0050117060650416
26.84,0.005043562996588
27.23,0.00507489756128314
27.62,0.00510572250273577
28.01,0.00513605015337595
28.4,0.00516589245090593
28.79,0.00519526095396754
29.18,0.00522416685706914
29.57,0.00525262100481278
29.96,0.00528063390545943
30.35,0.00530821574386804
30.74,0.0053353763938418
31.13,0.0053621254299131
31.52,0.00538847213859672
31.91,0.00541442552913909
32.3,0.00543999434378958
32.69,0.00546518706761867
33.08,0.005490011937906
33.47,0.00551447695312015
33.86,0.00553858988151072
34.25,0.00556235826933209
34.64,0.00558578944871723
35.03,0.00560889054521867
35.42,0.00563166848503304
35.81,0.00565413000192452
36.2,0.00567628164386175
36.59,0.00569812977938193
36.98,0.0057196806036951
37.37,0.00574094014454095
37.76,0.00576191426780967
38.15,0.00578260868293798
38.54,0.0058030289480907
38.93,0.00582318047513769
39.32,0.00584306853443565
39.71,0.00586269825942356
40.1,0.00588207465104019
40.49,0.00590120258197163
40.88,0.00592008680073662
41.27,0.00593873193561648
41.66,0.00595714249843694
42.05,0.00597532288820795
42.44,0.00599327739462796
42.83,0.00601101020145827
43.22,0.00602852538977326
43.61,0.00604582694109157
44,0.00606291874039352
44.39,0.00607980457902936
44.78,0.00609648815752304
45.17,0.00611297308827585
45.56,0.00612926289817404
45.95,0.00614536103110436
46.34,0.00616127085038139
46.73,0.00617699564109012
47.12,0.0061925386123473
47.51,0.00620790289948479
47.9,0.00622309156615804
48.29,0.00623810760638268
48.68,0.00625295394650209
49.07,0.00626763344708859
49.46,0.00628214890478088
49.85,0.00629650305406032
50.24,0.00631069856896822
50.63,0.00632473806476653
51.02,0.0063386240995441
51.41,0.00635235917577055
51.8,0.00636594574179969
52.19,0.0063793861933245
52.58,0.00639268287478536
52.97,0.00640583808073341
53.36,0.00641885405715049
53.75,0.00643173300272754
54.14,0.00644447707010275
54.53,0.006457088367061
54.92,0.00646956895769607
55.31,0.00648192086353684
55.7,0.00649414606463887
56.09,0.00650624650064255
56.48,0.00651822407179901
56.87,0.00653008063996492
57.26,0.00654181802956736
57.65,0.00655343802853965
58.04,0.00656494238922931
58.43,0.00657633282927898
58.82,0.00658761103248142
59.21,0.0065987786496092
59.6,0.00660983729922021
59.99,0.0066207885684397
60.38,0.00663163401371959
60.77,0.00664237516157595
61.16,0.00665301350930522
61.55,0.00666355052568006
61.94,0.00667398765162531
62.33,0.00668432630087493
62.72,0.00669456786061028
63.11,0.00670471369208069
63.5,0.00671476513120654
63.89,0.00672472348916567
64.28,0.00673459005296358
64.67,0.0067443660859879
65.06,0.00675405282854768
65.45,0.00676365149839799
65.84,0.0067731632912502
66.23,0.0067825893812686
66.62,0.00679193092155354
67.01,0.00680118904461166
67.4,0.00681036486281359
67.79,0.00681945946883953
68.18,0.00682847393611295
68.57,0.006837409319223
68.96,0.00684626665433576
69.35,0.00685504695959478
69.74,0.00686375123551126
70.13,0.00687238046534409
70.52,0.00688093561547009
70.91,0.00688941763574483
71.3,0.00689782745985415
71.69,0.0069061660056568
72.08,0.00691443417551837
72.47,0.00692263285663684
72.86,0.00693076292135991
73.25,0.00693882522749443
73.64,0.00694682061860808
74.03,0.00695474992432367
74.42,0.00696261396060603
74.81,0.00697041353004198
75.2,0.00697814942211335
75.59,0.00698582241346336
75.98,0.00699343326815659
76.37,0.00700098273793256
76.76,0.00700847156245328
77.15,0.00701590046954481
77.54,0.00702327017543309
77.93,0.00703058138497407
78.32,0.00703783479187851
78.71,0.00704503107893136
79.1,0.00705217091820601
79.49,0.00705925497127355
79.88,0.00706628388940707
80.27,0.00707325831378131
80.66,0.00708017887566762
81.05,0.00708704619662439
81.44,0.00709386088868318
81.83,0.00710062355453055
82.22,0.00710733478768572
82.61,0.00711399517267422
83,0.00712060528519762
83.39,0.00712716569229937
83.78,0.00713367695252702
84.17,0.00714013961609065
84.56,0.00714655422501796
84.95,0.00715292131330573
85.34,0.00715924140706804
85.73,0.00716551502468122
86.12,0.00717174267692551
86.51,0.00717792486712374
86.9,0.00718406209127694
87.29,0.00719015483819695
87.68,0.00719620358963624
88.07,0.00720220882041489
88.46,0.00720817099854481
88.85,0.00721409058535136
89.24,0.00721996803559231
89.63,0.00722580379757431
90.02,0.00723159831326692
90.41,0.00723735201841409
90.8,0.00724306534264352
91.19,0.00724873870957347
91.58,0.00725437253691757
91.97,0.00725996723658728
92.36,0.0072655232147923
92.75,0.0072710408721389
93.14,0.00727652060372618
93.53,0.00728196279924039
93.92,0.00728736784304734
94.31,0.00729273611428284
94.7,0.00729806798694139
95.09,0.00730336382996302
95.48,0.0073086240073184
95.87,0.00731384887809221
96.26,0.00731903879656487
96.65,0.00732419411229262
97.04,0.00732931517018597
97.43,0.00733440231058668
97.82,0.0073394558693431
98.21,0.00734447617788412
98.6,0.00734946356329161
98.99,0.00735441834837147
99.38,0.00735934085172326
99.77,0.00736423138780851
100.16,0.00736909026701767
100.55,0.00737391779573577
100.94,0.00737871427640686
101.33,0.00738348000759714
101.72,0.0073882152840569
102.11,0.00739292039678134
102.5,0.00739759563307012
102.89,0.0074022412765859
103.28,0.00740685760741163
103.67,0.00741144490210694
104.06,0.00741600343376329
104.45,0.00742053347205819
104.84,0.00742503528330839
105.23,0.00742950913052207
105.62,0.00743395527345006
106.01,0.00743837396863608
106.4,0.00744276546946614
106.79,0.00744713002621694
107.18,0.00745146788610341
107.57,0.00745577929332543
107.96,0.0074600644891136
108.35,0.00746432371177427
108.74,0.00746855719673371
109.13,0.00747276517658148
109.52,0.00747694788111304
109.91,0.00748110553737156
110.3,0.00748523836968904
110.69,0.00748934659972661
111.08,0.00749343044651419
111.47,0.00749749012648941
111.86,0.00750152585353587
112.25,0.00750553783902066
112.64,0.00750952629183129
113.03,0.00751349141841192
113.42,0.00751743342279904
113.81,0.00752135250665638
114.2,0.00752524886930937
114.59,0.00752912270777891
114.98,0.00753297421681458
115.37,0.00753680358892726
115.76,0.00754061101442124
116.15,0.00754439668142572
116.54,0.00754816077592579
116.93,0.00755190348179294
117.32,0.00755562498081491
117.71,0.00755932545272521
118.1,0.00756300507523202
118.49,0.00756666402404663
118.88,0.00757030247291142
119.27,0.00757392059362736
119.66,0.00757751855608105
120.05,0.00758109652827132
120.44,0.00758465467633535
120.83,0.00758819316457443
121.22,0.00759171215547922
121.61,0.0075952118097546
122,0.00759869228634421
122.39,0.00760215374245443
122.78,0.0076055963335781
123.17,0.00760902021351779
123.56,0.00761242553440869
123.95,0.00761581244674118
124.34,0.00761918109938296
124.73,0.0076225316396009
125.12,0.00762586421308246
125.51,0.00762917896395682
125.9,0.0076324760348157
126.29,0.00763575556673373
126.68,0.00763901769928866
127.07,0.00764226257058106
127.46,0.00764549031725391
127.85,0.00764870107451172
128.24,0.00765189497613942
128.63,0.00765507215452094
129.02,0.00765823274065753
129.41,0.00766137686418572
129.8,0.00766450465339508
130.19,0.00766761623524565
130.58,0.00767071173538513
130.97,0.00767379127816577
131.36,0.00767685498666107
131.75,0.00767990298268213
132.14,0.0076829353867938
132.53,0.0076859523183306
132.92,0.00768895389541235
133.31,0.00769194023495963
133.7,0.00769491145270887
134.09,0.00769786766322742
134.48,0.00770080897992818
134.87,0.00770373551508415
135.26,0.00770664737984271
135.65,0.00770954468423968
136.04,0.00771242753721319
136.43,0.00771529604661734
136.82,0.00771815031923563
137.21,0.00772099046079422
137.6,0.00772381657597502
137.99,0.00772662876842847
138.38,0.00772942714078629
138.77,0.00773221179467394
139.16,0.0077349828307229
139.55,0.00773774034858283
139.94,0.00774048444693349
140.33,0.0077432152234965
140.72,0.00774593277504699
141.11,0.00774863719742498
141.5,0.00775132858554667
141.89,0.00775400703341554
142.28,0.0077566726341333
142.67,0.00775932547991068
143.06,0.00776196566207804
143.45,0.00776459327109589
143.84,0.00776720839656517
144.23,0.0077698111272375
144.62,0.00777240155102516
145.01,0.00777497975501101
145.4,0.00777754582545828
145.79,0.00778009984782013
146.18,0.00778264190674918
146.57,0.00778517208610687
146.96,0.00778769046897263
147.35,0.00779019713765303
147.74,0.00779269217369072
148.13,0.00779517565787326
148.52,0.00779764767024189
148.91,0.00780010829010005
149.3,0.00780255759602195
149.69,0.00780499566586084
150.08,0.00780742257675736
150.47,0.00780983840514758
150.86,0.00781224322677109
151.25,0.00781463711667889
151.64,0.00781702014924121
152.03,0.00781939239815518
152.42,0.00782175393645247
152.81,0.00782410483650676
153.2,0.00782644517004114
153.59,0.00782877500813539
153.98,0.0078310944212332
154.37,0.00783340347914927
154.76,0.00783570225107628
155.15,0.00783799080559183
155.54,0.00784026921066528
155.93,0.0078425375336644
156.32,0.00784479584136213
156.71,0.00784704419994301
157.1,0.00784928267500974
157.49,0.00785151133158949
157.88,0.00785373023414025
158.27,0.00785593944655702
158.66,0.00785813903217794
159.05,0.00786032905379035
159.44,0.00786250957363677
159.83,0.00786468065342079
160.22,0.00786684235431288
160.61,0.00786899473695616
161,0.00787113786147204
161.39,0.00787327178746587
161.78,0.00787539657403238
162.17,0.00787751227976122
162.56,0.0078796189627423
162.95,0.00788171668057113
163.34,0.00788380549035404
163.73,0.00788588544871339
164.12,0.00788795661179267
164.51,0.00789001903526155
164.9,0.0078920727743209
165.29,0.00789411788370765
165.68,0.00789615441769973
166.07,0.00789818243012082
166.46,0.0079002019743451
166.85,0.00790221310330195
167.24,0.00790421586948054
167.63,0.00790621032493445
168.02,0.00790819652128613
168.41,0.00791017450973138
168.8,0.00791214434104374
169.19,0.00791410606557884
169.58,0.00791605973327868
169.97,0.00791800539367588
170.36,0.00791994309589785
170.75,0.00792187288867096
171.14,0.00792379482032459
171.53,0.00792570893879516
171.92,0.00792761529163015
172.31,0.00792951392599201
172.7,0.00793140488866207
173.09,0.00793328822604435
173.48,0.00793516398416938
173.87,0.00793703220869796
174.26,0.00793889294492483
174.65,0.00794074623778238
175.04,0.00794259213184421
175.43,0.00794443067132873
175.82,0.00794626190010272
176.21,0.00794808586168478
176.6,0.00794990259924877
176.99,0.00795171215562726
177.38,0.00795351457331485
177.77,0.00795530989447155
178.16,0.00795709816092599
178.55,0.00795887941417876
178.94,0.00796065369540554
179.33,0.00796242104546032
179.72,0.00796418150487853
180.11,0.00796593511388012
180.5,0.00796768191237264
180.89,0.00796942193995425
181.28,0.00797115523591676
181.67,0.0079728818392485
182.06,0.00797460178863733
182.45,0.0079763151224735
182.84,0.00797802187885247
183.23,0.0079797220955778
183.62,0.00798141581016388
184.01,0.00798310305983872
184.4,0.00798478388154668
184.79,0.00798645831195115
185.18,0.00798812638743725
185.57,0.00798978814411439
185.96,0.00799144361781898
186.35,0.00799309284411692
186.74,0.00799473585830619
187.13,0.00799637269541936
187.52,0.00799800339022606
187.91,0.00799962797723548
188.3,0.00800124649069878
188.69,0.00800285896461149
189.08,0.00800446543271591
189.47,0.00800606592850345
189.86,0.00800766048521697
190.25,0.00800924913585306
190.64,0.00801083191316435
191.03,0.00801240884966171
191.42,0.00801397997761653
191.81,0.0080155453290629
192.2,0.00801710493579978
192.59,0.00801865882939314
192.98,0.00802020704117814
193.37,0.00802174960226119
193.76,0.00802328654352203
194.15,0.00802481789561584
194.54,0.00802634368897522
194.93,0.00802786395381225
195.32,0.00802937872012046
195.71,0.00803088801767681
196.1,0.00803239187604363
196.49,0.00803389032457059
196.88,0.00803538339239654
197.27,0.00803687110845146
197.66,0.00803835350145832
198.05,0.00803983059993489
198.44,0.0080413024321956
198.83,0.00804276902635336
199.22,0.00804423041032132
199.61,0.00804568661181465
200,0.00804713765835231
