"ResDensity","N_TraitValue"
5.1322,9.20709591943225e-05
5.522924,9.90804937916185e-05
5.913648,0.000106090028388914
6.304372,0.00011309956298621
6.695096,0.000120109097583506
7.08582,0.000127118632180802
7.476544,0.000134128166778098
7.867268,0.000141137701375394
8.257992,0.00014814723597269
8.648716,0.000155156770569986
9.03944,0.000162166305167282
9.430164,0.000169175839764578
9.820888,0.000176185374361874
10.211612,0.00018319490895917
10.602336,0.000190204443556466
10.99306,0.000197213978153762
11.383784,0.000204223512751058
11.774508,0.000211233047348354
12.165232,0.00021824258194565
12.555956,0.000225252116542946
12.94668,0.000232261651140242
13.337404,0.000239271185737538
13.728128,0.000246280720334834
14.118852,0.00025329025493213
14.509576,0.000260299789529426
14.9003,0.000267309324126722
15.291024,0.000274318858724018
15.681748,0.000281328393321314
16.072472,0.00028833792791861
16.463196,0.000295347462515906
16.85392,0.000302356997113202
17.244644,0.000309366531710498
17.635368,0.000316376066307794
18.026092,0.00032338560090509
18.416816,0.000330395135502386
18.80754,0.000337404670099682
19.198264,0.000344414204696978
19.588988,0.000351423739294274
19.979712,0.00035843327389157
20.370436,0.000365442808488866
20.76116,0.000372452343086162
21.151884,0.000379461877683458
21.542608,0.000386471412280754
21.933332,0.00039348094687805
22.324056,0.000400490481475346
22.71478,0.000407500016072642
23.105504,0.000414509550669938
23.496228,0.000421519085267234
23.886952,0.00042852861986453
24.277676,0.000435538154461826
24.6684,0.000442547689059122
25.059124,0.000449557223656418
25.449848,0.000456566758253714
25.840572,0.00046357629285101
26.231296,0.000470585827448306
26.62202,0.000477595362045602
27.012744,0.000484604896642898
27.403468,0.000491614431240194
27.794192,0.00049862396583749
28.184916,0.000505633500434786
28.57564,0.000512643035032082
28.966364,0.000519652569629378
29.357088,0.000526662104226674
29.747812,0.00053367163882397
30.138536,0.000540681173421266
30.52926,0.000547690708018562
30.919984,0.000554700242615858
31.310708,0.000561709777213154
31.701432,0.00056871931181045
32.092156,0.000575728846407746
32.48288,0.000582738381005042
32.873604,0.000589747915602338
33.264328,0.000596757450199634
33.655052,0.00060376698479693
34.045776,0.000610776519394226
34.4365,0.000617786053991522
34.827224,0.000624795588588818
35.217948,0.000631805123186114
35.608672,0.00063881465778341
35.999396,0.000645824192380705
36.39012,0.000652833726978002
36.780844,0.000659843261575298
37.171568,0.000666852796172594
37.562292,0.000673862330769889
37.953016,0.000680871865367185
38.34374,0.000687881399964481
38.734464,0.000694890934561777
39.125188,0.000701900469159073
39.515912,0.000708910003756369
39.906636,0.000715919538353665
40.29736,0.000722929072950961
40.688084,0.000729938607548257
41.078808,0.000736948142145553
41.469532,0.000743957676742849
41.860256,0.000750967211340145
42.25098,0.000757976745937441
42.641704,0.000764986280534737
43.032428,0.000771995815132033
43.423152,0.000779005349729329
43.813876,0.000786014884326625
44.2046,0.000793024418923921
44.595324,0.000800033953521217
44.986048,0.000807043488118513
45.376772,0.000814053022715809
45.767496,0.000821062557313105
46.15822,0.000828072091910401
46.548944,0.000835081626507697
46.939668,0.000842091161104993
47.330392,0.000849100695702289
47.721116,0.000856110230299585
48.11184,0.000863119764896881
48.502564,0.000870129299494177
48.893288,0.000877138834091473
49.284012,0.000884148368688769
49.674736,0.000891157903286065
50.06546,0.000898167437883361
50.456184,0.000905176972480657
50.846908,0.000912186507077953
51.237632,0.000919196041675249
51.628356,0.000926205576272545
52.01908,0.000933215110869841
52.409804,0.000940224645467137
52.800528,0.000947234180064433
53.191252,0.000954243714661729
53.581976,0.000961253249259025
53.9727,0.000968262783856321
54.363424,0.000975272318453617
54.754148,0.000982281853050913
55.144872,0.000989291387648209
55.535596,0.000996300922245505
55.92632,0.0010033104568428
56.317044,0.0010103199914401
56.707768,0.00101732952603739
57.098492,0.00102433906063469
57.489216,0.00103134859523198
57.87994,0.00103835812982928
58.270664,0.00104536766442658
58.661388,0.00105237719902387
59.052112,0.00105938673362117
59.442836,0.00106639626821846
59.83356,0.00107340580281576
60.224284,0.00108041533741306
60.615008,0.00108742487201035
61.005732,0.00109443440660765
61.396456,0.00110144394120494
61.78718,0.00110845347580224
62.177904,0.00111546301039954
62.568628,0.00112247254499683
62.959352,0.00112948207959413
63.350076,0.00113649161419142
63.7408,0.00114350114878872
64.131524,0.00115051068338602
64.522248,0.00115752021798331
64.912972,0.00116452975258061
65.303696,0.0011715392871779
65.69442,0.0011785488217752
66.085144,0.0011855583563725
66.475868,0.00119256789096979
66.866592,0.00119957742556709
67.257316,0.00120658696016438
67.64804,0.00121359649476168
68.038764,0.00122060602935898
68.429488,0.00122761556395627
68.820212,0.00123462509855357
69.210936,0.00124163463315086
69.60166,0.00124864416774816
69.992384,0.00125565370234546
70.383108,0.00126266323694275
70.773832,0.00126967277154005
71.164556,0.00127668230613734
71.55528,0.00128369184073464
71.946004,0.00129070137533194
72.336728,0.00129771090992923
72.727452,0.00130472044452653
73.118176,0.00131172997912382
73.5089,0.00131873951372112
73.899624,0.00132574904831842
74.290348,0.00133275858291571
74.681072,0.00133976811751301
75.071796,0.0013467776521103
75.46252,0.0013537871867076
75.853244,0.0013607967213049
76.243968,0.00136780625590219
76.634692,0.00137481579049949
77.025416,0.00138182532509678
77.41614,0.00138883485969408
77.806864,0.00139584439429138
78.197588,0.00140285392888867
78.588312,0.00140986346348597
78.979036,0.00141687299808326
79.36976,0.00142388253268056
79.760484,0.00143089206727786
80.151208,0.00143790160187515
80.541932,0.00144491113647245
80.932656,0.00145192067106974
81.32338,0.00145893020566704
81.714104,0.00146593974026434
82.104828,0.00147294927486163
82.495552,0.00147995880945893
82.886276,0.00148696834405622
83.277,0.00149397787865352
83.667724,0.00150098741325082
84.058448,0.00150799694784811
84.449172,0.00151500648244541
84.839896,0.0015220160170427
85.23062,0.00152902555164
85.621344,0.0015360350862373
86.012068,0.00154304462083459
86.402792,0.00155005415543189
86.793516,0.00155706369002918
87.18424,0.00156407322462648
87.574964,0.00157108275922378
87.965688,0.00157809229382107
88.356412,0.00158510182841837
88.747136,0.00159211136301566
89.13786,0.00159912089761296
89.528584,0.00160613043221026
89.919308,0.00161313996680755
90.310032,0.00162014950140485
90.700756,0.00162715903600214
91.09148,0.00163416857059944
91.482204,0.00164117810519674
91.872928,0.00164818763979403
92.263652,0.00165519717439133
92.654376,0.00166220670898862
93.0451,0.00166921624358592
93.435824,0.00167622577818322
93.826548,0.00168323531278051
94.217272,0.00169024484737781
94.607996,0.0016972543819751
94.99872,0.0017042639165724
95.389444,0.0017112734511697
95.780168,0.00171828298576699
96.170892,0.00172529252036429
96.561616,0.00173230205496158
96.95234,0.00173931158955888
97.343064,0.00174632112415618
97.733788,0.00175333065875347
98.124512,0.00176034019335077
98.515236,0.00176734972794806
98.90596,0.00177435926254536
99.296684,0.00178136879714266
99.687408,0.00178837833173995
100.078132,0.00179538786633725
100.468856,0.00180239740093454
100.85958,0.00180940693553184
101.250304,0.00181641647012914
101.641028,0.00182342600472643
102.031752,0.00183043553932373
102.422476,0.00183744507392102
102.8132,0.00184445460851832
103.203924,0.00185146414311562
103.594648,0.00185847367771291
103.985372,0.00186548321231021
104.376096,0.0018724927469075
104.76682,0.0018795022815048
105.157544,0.0018865118161021
105.548268,0.00189352135069939
105.938992,0.00190053088529669
106.329716,0.00190754041989398
106.72044,0.00191454995449128
107.111164,0.00192155948908858
107.501888,0.00192856902368587
107.892612,0.00193557855828317
108.283336,0.00194258809288046
108.67406,0.00194959762747776
109.064784,0.00195660716207506
109.455508,0.00196361669667235
109.846232,0.00197062623126965
110.236956,0.00197763576586694
110.62768,0.00198464530046424
111.018404,0.00199165483506154
111.409128,0.00199866436965883
111.799852,0.00200567390425613
112.190576,0.00201268343885342
112.5813,0.00201969297345072
112.972024,0.00202670250804802
113.362748,0.00203371204264531
113.753472,0.00204072157724261
114.144196,0.0020477311118399
114.53492,0.0020547406464372
114.925644,0.0020617501810345
115.316368,0.00206875971563179
115.707092,0.00207576925022909
116.097816,0.00208277878482638
116.48854,0.00208978831942368
116.879264,0.00209679785402098
117.269988,0.00210380738861827
117.660712,0.00211081692321557
118.051436,0.00211782645781286
118.44216,0.00212483599241016
118.832884,0.00213184552700745
119.223608,0.00213885506160475
119.614332,0.00214586459620205
120.005056,0.00215287413079934
120.39578,0.00215988366539664
120.786504,0.00216689319999394
121.177228,0.00217390273459123
121.567952,0.00218091226918853
121.958676,0.00218792180378582
122.3494,0.00219493133838312
122.740124,0.00220194087298041
123.130848,0.00220895040757771
123.521572,0.00221595994217501
123.912296,0.0022229694767723
124.30302,0.0022299790113696
124.693744,0.00223698854596689
125.084468,0.00224399808056419
125.475192,0.00225100761516149
125.865916,0.00225801714975878
126.25664,0.00226502668435608
126.647364,0.00227203621895337
127.038088,0.00227904575355067
127.428812,0.00228605528814797
127.819536,0.00229306482274526
128.21026,0.00230007435734256
128.600984,0.00230708389193986
128.991708,0.00231409342653715
129.382432,0.00232110296113445
129.773156,0.00232811249573174
130.16388,0.00233512203032904
130.554604,0.00234213156492633
130.945328,0.00234914109952363
131.336052,0.00235615063412093
131.726776,0.00236316016871822
132.1175,0.00237016970331552
132.508224,0.00237717923791281
132.898948,0.00238418877251011
133.289672,0.00239119830710741
133.680396,0.0023982078417047
134.07112,0.002405217376302
134.461844,0.00241222691089929
134.852568,0.00241923644549659
135.243292,0.00242624598009389
135.634016,0.00243325551469118
136.02474,0.00244026504928848
136.415464,0.00244727458388577
136.806188,0.00245428411848307
137.196912,0.00246129365308037
137.587636,0.00246830318767766
137.97836,0.00247531272227496
138.369084,0.00248232225687225
138.759808,0.00248933179146955
139.150532,0.00249634132606685
139.541256,0.00250335086066414
139.93198,0.00251036039526144
140.322704,0.00251736992985873
140.713428,0.00252437946445603
141.104152,0.00253138899905333
141.494876,0.00253839853365062
141.8856,0.00254540806824792
142.276324,0.00255241760284521
142.667048,0.00255942713744251
143.057772,0.00256643667203981
143.448496,0.0025734462066371
143.83922,0.0025804557412344
144.229944,0.00258746527583169
144.620668,0.00259447481042899
145.011392,0.00260148434502629
145.402116,0.00260849387962358
145.79284,0.00261550341422088
146.183564,0.00262251294881817
146.574288,0.00262952248341547
146.965012,0.00263653201801277
147.355736,0.00264354155261006
147.74646,0.00265055108720736
148.137184,0.00265756062180465
148.527908,0.00266457015640195
148.918632,0.00267157969099925
149.309356,0.00267858922559654
149.70008,0.00268559876019384
150.090804,0.00269260829479113
150.481528,0.00269961782938843
150.872252,0.00270662736398573
151.262976,0.00271363689858302
151.6537,0.00272064643318032
152.044424,0.00272765596777761
152.435148,0.00273466550237491
152.825872,0.00274167503697221
153.216596,0.0027486845715695
153.60732,0.0027556941061668
153.998044,0.00276270364076409
154.388768,0.00276971317536139
154.779492,0.00277672270995869
155.170216,0.00278373224455598
155.56094,0.00279074177915328
155.951664,0.00279775131375057
156.342388,0.00280476084834787
156.733112,0.00281177038294517
157.123836,0.00281877991754246
157.51456,0.00282578945213976
157.905284,0.00283279898673705
158.296008,0.00283980852133435
158.686732,0.00284681805593165
159.077456,0.00285382759052894
159.46818,0.00286083712512624
159.858904,0.00286784665972353
160.249628,0.00287485619432083
160.640352,0.00288186572891813
161.031076,0.00288887526351542
161.4218,0.00289588479811272
161.812524,0.00290289433271001
162.203248,0.00290990386730731
162.593972,0.00291691340190461
162.984696,0.0029239229365019
163.37542,0.0029309324710992
163.766144,0.00293794200569649
164.156868,0.00294495154029379
164.547592,0.00295196107489109
164.938316,0.00295897060948838
165.32904,0.00296598014408568
165.719764,0.00297298967868297
166.110488,0.00297999921328027
166.501212,0.00298700874787757
166.891936,0.00299401828247486
167.28266,0.00300102781707216
167.673384,0.00300803735166945
168.064108,0.00301504688626675
168.454832,0.00302205642086405
168.845556,0.00302906595546134
169.23628,0.00303607549005864
169.627004,0.00304308502465593
170.017728,0.00305009455925323
170.408452,0.00305710409385053
170.799176,0.00306411362844782
171.1899,0.00307112316304512
171.580624,0.00307813269764241
171.971348,0.00308514223223971
172.362072,0.00309215176683701
172.752796,0.0030991613014343
173.14352,0.0031061708360316
173.534244,0.00311318037062889
173.924968,0.00312018990522619
174.315692,0.00312719943982349
174.706416,0.00313420897442078
175.09714,0.00314121850901808
175.487864,0.00314822804361537
175.878588,0.00315523757821267
176.269312,0.00316224711280997
176.660036,0.00316925664740726
177.05076,0.00317626618200456
177.441484,0.00318327571660185
177.832208,0.00319028525119915
178.222932,0.00319729478579645
178.613656,0.00320430432039374
179.00438,0.00321131385499104
179.395104,0.00321832338958833
179.785828,0.00322533292418563
180.176552,0.00323234245878293
180.567276,0.00323935199338022
180.958,0.00324636152797752
181.348724,0.00325337106257481
181.739448,0.00326038059717211
182.130172,0.00326739013176941
182.520896,0.0032743996663667
182.91162,0.003281409200964
183.302344,0.00328841873556129
183.693068,0.00329542827015859
184.083792,0.00330243780475589
184.474516,0.00330944733935318
184.86524,0.00331645687395048
185.255964,0.00332346640854777
185.646688,0.00333047594314507
186.037412,0.00333748547774237
186.428136,0.00334449501233966
186.81886,0.00335150454693696
187.209584,0.00335851408153425
187.600308,0.00336552361613155
187.991032,0.00337253315072885
188.381756,0.00337954268532614
188.77248,0.00338655221992344
189.163204,0.00339356175452073
189.553928,0.00340057128911803
189.944652,0.00340758082371533
190.335376,0.00341459035831262
190.7261,0.00342159989290992
191.116824,0.00342860942750721
191.507548,0.00343561896210451
191.898272,0.00344262849670181
192.288996,0.0034496380312991
192.67972,0.0034566475658964
193.070444,0.00346365710049369
193.461168,0.00347066663509099
193.851892,0.00347767616968828
194.242616,0.00348468570428558
194.63334,0.00349169523888288
195.024064,0.00349870477348017
195.414788,0.00350571430807747
195.805512,0.00351272384267476
196.196236,0.00351973337727206
196.58696,0.00352674291186936
196.977684,0.00353375244646665
197.368408,0.00354076198106395
197.759132,0.00354777151566124
198.149856,0.00355478105025854
198.54058,0.00356179058485584
198.931304,0.00356880011945313
199.322028,0.00357580965405043
199.712752,0.00358281918864772
200.103476,0.00358982872324502
200.4942,0.00359683825784232
