"ResDensity","N_TraitValue"
20.9172,0.162801394735432
22.806741,0.169651923794864
24.696282,0.175921779924715
26.585823,0.181681790894392
28.475364,0.186991715532258
30.364905,0.191902324733988
32.254446,0.196457029998104
34.143987,0.200693170252614
36.033528,0.204643037795565
37.923069,0.20833470303881
39.81261,0.211792682630771
41.702151,0.215038484593472
43.591692,0.21809105609959
45.481233,0.220967153589398
47.370774,0.223681650499923
49.260315,0.22624779454
51.149856,0.228677423905488
53.039397,0.230981149881672
54.928938,0.23316851177523
56.818479,0.235248108947119
58.70802,0.237227713800022
60.597561,0.239114368850256
62.487102,0.24091447043967
64.376643,0.24263384118463
66.266184,0.24427779289122
68.155725,0.245851181368931
70.045266,0.247358454334355
71.934807,0.248803693400254
73.824348,0.250190650984801
75.713889,0.25152278284382
77.60343,0.252803276819844
79.492971,0.254035078311513
81.382512,0.255220912891659
83.272053,0.256363306439668
85.161594,0.257464603101094
87.051135,0.258526981343262
88.940676,0.259552468338276
90.830217,0.260542952873236
92.719758,0.261500196960665
94.609299,0.2624258462993
96.49884,0.263321439715887
98.388381,0.264188417701947
100.277922,0.265028130145127
102.167463,0.265841843342407
104.057004,0.266630746371813
105.946545,0.26739595689006
107.836086,0.268138526415575
109.725627,0.26885944514941
111.615168,0.269559646380536
113.504709,0.270240010516719
115.39425,0.270901368777595
117.283791,0.271544506582508
119.173332,0.272170166662147
121.062873,0.272779051919905
122.952414,0.273371828066127
124.841955,0.273949126046009
126.731496,0.274511544279762
128.621037,0.275059650731758
130.510578,0.275593984823701
132.400119,0.276115059205374
134.28966,0.276623361395171
136.179201,0.277119355301458
138.068742,0.277603482634737
139.958283,0.278076164219651
141.847824,0.278537801215026
143.737365,0.27898877624937
145.626906,0.2794294544786
147.516447,0.279860184572134
149.405988,0.280281299632946
151.295529,0.280693118056689
153.18507,0.281095944334537
155.074611,0.281490069804007
156.964152,0.281875773351647
158.853693,0.282253322071157
160.743234,0.282622971880201
162.632775,0.282984968098902
164.522316,0.283339545992782
166.411857,0.28368693128265
168.301398,0.284027340623781
170.190939,0.284360982056508
172.08048,0.284688055430211
173.970021,0.285008752802498
175.859562,0.28532325881528
177.749103,0.285631751049264
179.638644,0.285934400358303
181.528185,0.286231371184934
183.417726,0.286522821858309
185.307267,0.286808904875678
187.196808,0.287089767168448
189.086349,0.28736555035382
190.97589,0.287636390972886
192.865431,0.287902420716048
194.754972,0.288163766636521
196.644513,0.288420551352668
198.534054,0.288672893239821
200.423595,0.28892090661224
202.313136,0.289164701895784
204.202677,0.289404385791849
206.092218,0.289640061433074
207.981759,0.28987182853131
209.8713,0.290099783518284
211.760841,0.290324019679373
213.650382,0.290544627280892
215.539923,0.290761693691246
217.429464,0.290975303496303
219.319005,0.291185538609285
221.208546,0.291392478375505
223.098087,0.291596199672212
224.987628,0.291796777003809
226.877169,0.291994282592705
228.76671,0.292188786466014
230.656251,0.292380356538346
232.545792,0.292569058690862
234.435333,0.292754956846817
236.324874,0.292938113043758
238.214415,0.293118587502548
240.103956,0.29329643869338
241.993497,0.293471723398938
243.883038,0.293644496774838
245.772579,0.293814812407491
247.66212,0.293982722369517
249.551661,0.294148277272823
251.441202,0.294311526319466
253.330743,0.294472517350404
255.220284,0.29463129689224
257.109825,0.294787910202049
258.999366,0.294942401310388
260.888907,0.295094813062564
262.778448,0.295245187158252
264.667989,0.295393564189528
266.55753,0.295539983677405
268.447071,0.295684484106922
270.336612,0.295827102960877
272.226153,0.295967876752231
274.115694,0.296106841055284
276.005235,0.296244030535638
277.894776,0.296379478979031
279.784317,0.296513219319076
281.673858,0.296645283663957
283.563399,0.296775703322129
285.45294,0.296904508827059
287.342481,0.297031729961064
289.232022,0.297157395778263
291.121563,0.297281534626702
293.011104,0.29740417416967
294.900645,0.297525341406253
296.790186,0.297645062691148
298.679727,0.297763363753775
300.569268,0.297880269716711
302.458809,0.297995805113474
304.34835,0.29810999390569
306.237891,0.298222859499659
308.127432,0.298334424762352
310.016973,0.298444712036852
311.906514,0.298553743157274
313.796055,0.298661539463178
315.685596,0.298768121813486
317.575137,0.298873510599947
319.464678,0.298977725760134
321.354219,0.299080786790026
323.24376,0.299182712756163
325.133301,0.299283522307404
327.022842,0.299383233686306
328.912383,0.299481864740127
330.801924,0.299579432931476
332.691465,0.299675955348619
334.581006,0.299771448715457
336.470547,0.299865929401187
338.360088,0.299959413429655
340.249629,0.300051916488417
342.13917,0.300143453937513
344.028711,0.300234040817972
345.918252,0.30032369186005
347.807793,0.300412421491214
349.697334,0.300500243843885
351.586875,0.300587172762941
353.476416,0.30067322181299
355.365957,0.30075840428543
357.255498,0.300842733205293
359.145039,0.300926221337881
361.03458,0.301008881195211
362.924121,0.301090725042265
364.813662,0.301171764903059
366.703203,0.301252012566526
368.592744,0.301331479592239
370.482285,0.301410177315961
372.371826,0.301488116855032
374.261367,0.301565309113609
376.150908,0.301641764787748
378.040449,0.301717494370347
379.92999,0.301792508155947
381.819531,0.301866816245394
383.709072,0.301940428550376
385.598613,0.302013354797832
387.488154,0.302085604534231
389.377695,0.302157187129742
391.267236,0.302228111782286
393.156777,0.302298387521473
395.046318,0.302368023212436
396.935859,0.302437027559558
398.8254,0.3025054091101
400.714941,0.302573176257731
402.604482,0.30264033724596
404.494023,0.302706900171482
406.383564,0.30277287298743
408.273105,0.302838263506543
410.162646,0.302903079404251
412.052187,0.302967328221677
413.941728,0.303031017368564
415.831269,0.303094154126122
417.72081,0.303156745649803
419.610351,0.303218798972006
421.499892,0.303280321004708
423.389433,0.303341318542034
425.278974,0.303401798262755
427.168515,0.303461766732728
429.058056,0.303521230407272
430.947597,0.303580195633482
432.837138,0.303638668652491
434.726679,0.30369665560167
436.61622,0.303754162516775
438.505761,0.303811195334045
440.395302,0.303867759892238
442.284843,0.303923861934629
444.174384,0.303979507110955
446.063925,0.304034700979304
447.953466,0.304089449007976
449.843007,0.304143756577281
451.732548,0.304197628981305
453.622089,0.304251071429629
455.51163,0.30430408904901
457.401171,0.304356686885019
459.290712,0.304408869903645
461.180253,0.30446064299285
463.069794,0.304512010964107
464.959335,0.304562978553878
466.848876,0.30461355042508
468.738417,0.304663731168502
470.627958,0.304713525304195
472.517499,0.304762937282831
474.40704,0.304811971487025
476.296581,0.304860632232636
478.186122,0.304908923770029
480.075663,0.304956850285315
481.965204,0.305004415901561
483.854745,0.30505162467997
485.744286,0.305098480621039
487.633827,0.305144987665689
489.523368,0.305191149696367
491.412909,0.305236970538131
493.30245,0.305282453959704
495.191991,0.305327603674507
497.081532,0.305372423341671
498.971073,0.305416916567023
500.860614,0.305461086904057
502.750155,0.305504937854878
504.639696,0.305548472871124
506.529237,0.30559169535488
508.418778,0.305634608659557
510.308319,0.305677216090761
512.19786,0.305719520907143
514.087401,0.305761526321232
515.976942,0.305803235500242
517.866483,0.305844651566873
519.756024,0.305885777600089
521.645565,0.305926616635881
523.535106,0.305967171668014
525.424647,0.306007445648759
527.314188,0.306047441489608
529.203729,0.306087162061979
531.09327,0.306126610197898
532.982811,0.306165788690677
534.872352,0.306204700295572
536.761893,0.306243347730425
538.651434,0.306281733676303
540.540975,0.306319860778115
542.430516,0.306357731645218
544.320057,0.306395348852014
546.209598,0.306432714938536
548.099139,0.306469832411013
549.98868,0.306506703742438
551.878221,0.306543331373109
553.767762,0.306579717711178
555.657303,0.306615865133167
557.546844,0.306651775984496
559.436385,0.306687452579981
561.325926,0.306722897204338
563.215467,0.30675811211267
565.105008,0.306793099530942
566.994549,0.306827861656452
568.88409,0.306862400658292
570.773631,0.306896718677796
572.663172,0.306930817828987
574.552713,0.306964700199007
576.442254,0.306998367848546
578.331795,0.307031822812257
580.221336,0.307065067099168
582.110877,0.307098102693083
584.000418,0.307130931552978
585.889959,0.307163555613386
587.7795,0.30719597678478
589.669041,0.307228196953941
591.558582,0.307260217984331
593.448123,0.307292041716447
595.337664,0.307323669968173
597.227205,0.307355104535132
599.116746,0.30738634719102
601.006287,0.307417399687942
602.895828,0.307448263756739
604.785369,0.307478941107311
606.67491,0.307509433428929
608.564451,0.307539742390552
610.453992,0.307569869641124
612.343533,0.307599816809877
614.233074,0.307629585506624
616.122615,0.307659177322047
618.012156,0.307688593827983
619.901697,0.307717836577697
621.791238,0.307746907106161
623.680779,0.307775806930318
625.57032,0.307804537549349
627.459861,0.307833100444932
629.349402,0.307861497081494
631.238943,0.307889728906465
633.128484,0.30791779735052
635.018025,0.307945703827826
636.907566,0.307973449736273
638.797107,0.308001036457713
640.686648,0.308028465358186
642.576189,0.308055737788146
644.46573,0.308082855082685
646.355271,0.308109818561747
648.244812,0.308136629530348
650.134353,0.308163289278777
652.023894,0.308189799082815
653.913435,0.308216160203928
655.802976,0.308242373889474
657.692517,0.308268441372895
659.582058,0.308294363873914
661.471599,0.308320142598724
663.36114,0.308345778740174
665.250681,0.308371273477955
667.140222,0.30839662797878
669.029763,0.308421843396562
670.919304,0.308446920872586
672.808845,0.308471861535689
674.698386,0.308496666502421
676.587927,0.308521336877216
678.477468,0.308545873752556
680.367009,0.308570278209131
682.25655,0.308594551315997
684.146091,0.308618694130734
686.035632,0.3086427076996
687.925173,0.308666593057677
689.814714,0.308690351229029
691.704255,0.308713983226837
693.593796,0.308737490053554
695.483337,0.30876087270104
697.372878,0.308784132150701
699.262419,0.308807269373633
701.15196,0.308830285330748
703.041501,0.308853180972915
704.931042,0.308875957241086
706.820583,0.308898615066429
708.710124,0.308921155370448
710.599665,0.308943579065117
712.489206,0.308965887052996
714.378747,0.308988080227354
716.268288,0.309010159472291
718.157829,0.309032125662852
720.04737,0.309053979665142
721.936911,0.309075722336445
723.826452,0.309097354525329
725.715993,0.309118877071764
727.605534,0.309140290807223
729.495075,0.309161596554795
731.384616,0.309182795129289
733.274157,0.309203887337334
735.163698,0.309224873977489
737.053239,0.309245755840335
738.94278,0.309266533708581
740.832321,0.309287208357159
742.721862,0.309307780553321
744.611403,0.309328251056733
746.500944,0.309348620619569
748.390485,0.309368889986604
750.280026,0.309389059895303
752.169567,0.309409131075912
754.059108,0.309429104251547
755.948649,0.309448980138277
757.83819,0.309468759445214
759.727731,0.309488442874593
761.617272,0.309508031121861
763.506813,0.309527524875752
765.396354,0.309546924818373
767.285895,0.309566231625281
769.175436,0.309585445965562
771.064977,0.309604568501909
772.954518,0.309623599890697
774.844059,0.309642540782059
776.7336,0.309661391819958
778.623141,0.309680153642265
780.512682,0.309698826880824
782.402223,0.30971741216153
784.291764,0.309735910104393
786.181305,0.309754321323609
788.070846,0.309772646427632
789.960387,0.309790886019233
791.849928,0.309809040695573
793.739469,0.309827111048266
795.62901,0.309845097663441
797.518551,0.30986300112181
799.408092,0.309880821998725
801.297633,0.309898560864245
803.187174,0.309916218283192
805.076715,0.309933794815214
806.966256,0.309951291014845
808.855797,0.30996870743156
810.745338,0.309986044609834
812.634879,0.310003303089199
814.52442,0.3100204834043
816.413961,0.310037586084952
818.303502,0.310054611656189
820.193043,0.310071560638324
822.082584,0.310088433546998
823.972125,0.310105230893234
825.861666,0.310121953183489
827.751207,0.310138600919703
829.640748,0.310155174599349
831.530289,0.310171674715487
833.41983,0.310188101756808
835.309371,0.310204456207683
837.198912,0.310220738548214
839.088453,0.310236949254276
840.977994,0.310253088797568
842.867535,0.310269157645656
844.757076,0.310285156262019
846.646617,0.310301085106092
848.536158,0.310316944633313
850.425699,0.310332735295164
852.31524,0.310348457539216
854.204781,0.310364111809168
856.094322,0.310379698544891
857.983863,0.310395218182471
859.873404,0.310410671154245
861.762945,0.310426057888844
863.652486,0.310441378811234
865.542027,0.310456634342752
867.431568,0.310471824901146
869.321109,0.310486950900613
871.21065,0.31050201275184
873.100191,0.310517010862032
874.989732,0.310531945634961
876.879273,0.310546817470992
878.768814,0.310561626767123
880.658355,0.310576373917022
882.547896,0.310591059311058
884.437437,0.310605683336338
886.326978,0.310620246376742
888.216519,0.310634748812951
890.10606,0.310649191022489
891.995601,0.310663573379748
893.885142,0.310677896256022
895.774683,0.310692160019544
897.664224,0.310706365035512
899.553765,0.31072051166612
901.443306,0.310734600270593
903.332847,0.310748631205215
905.222388,0.310762604823358
907.111929,0.310776521475515
909.00147,0.310790381509324
910.891011,0.310804185269602
912.780552,0.310817933098372
914.670093,0.310831625334891
916.559634,0.310845262315675
918.449175,0.310858844374533
920.338716,0.310872371842589
922.228257,0.310885845048311
924.117798,0.310899264317536
926.007339,0.310912629973499
927.89688,0.310925942336856
929.786421,0.310939201725712
931.675962,0.310952408455645
933.565503,0.310965562839731
935.455044,0.31097866518857
937.344585,0.310991715810308
939.234126,0.311004715010664
941.123667,0.311017663092952
943.013208,0.311030560358106
944.902749,0.311043407104701
946.79229,0.31105620362898
948.681831,0.311068950224872
950.571372,0.311081647184016
952.460913,0.311094294795788
954.350454,0.311106893347315
956.239995,0.311119443123503
958.129536,0.311131944407056
960.019077,0.311144397478496
961.908618,0.311156802616187
963.798159,0.311169160096354
965.6877,0.311181470193104
