"ResDensity","N_TraitValue"
5,3.67333093613832e-05
5.09,3.73804311689017e-05
5.18,3.80270659210705e-05
5.27,3.86732141675551e-05
5.36,3.93188764571942e-05
5.45,3.99640533380013e-05
5.54,4.0608745357166e-05
5.63,4.12529530610561e-05
5.72,4.18966769952186e-05
5.81,4.25399177043814e-05
5.9,4.31826757324551e-05
5.99,4.3824951622534e-05
6.08,4.44667459168983e-05
6.17,4.5108059157015e-05
6.26,4.57488918835398e-05
6.35,4.63892446363186e-05
6.44,4.70291179543888e-05
6.53,4.76685123759809e-05
6.62,4.83074284385202e-05
6.71,4.89458666786282e-05
6.8,4.95838276321237e-05
6.89,5.02213118340252e-05
6.98,5.08583198185514e-05
7.07,5.14948521191233e-05
7.16,5.21309092683656e-05
7.25,5.27664917981082e-05
7.34,5.34016002393872e-05
7.43,5.40362351224473e-05
7.52,5.46703969767424e-05
7.61,5.53040863309376e-05
7.7,5.59373037129105e-05
7.79,5.65700496497524e-05
7.88,5.72023246677705e-05
7.97,5.78341292924885e-05
8.06,5.84654640486486e-05
8.15,5.90963294602127e-05
8.24,5.97267260503641e-05
8.33,6.03566543415088e-05
8.42,6.09861148552766e-05
8.51,6.16151081125233e-05
8.6,6.22436346333315e-05
8.69,6.28716949370122e-05
8.78,6.34992895421064e-05
8.87,6.41264189663864e-05
8.96,6.47530837268571e-05
9.05,6.53792843397577e-05
9.14,6.60050213205628e-05
9.23,6.66302951839841e-05
9.32,6.72551064439716e-05
9.41,6.78794556137153e-05
9.5,6.85033432056462e-05
9.59,6.91267697314379e-05
9.68,6.97497357020081e-05
9.77,7.037224162752e-05
9.86,7.09942880173832e-05
9.95,7.16158753802559e-05
10.04,7.22370042240457e-05
10.13,7.28576750559112e-05
10.22,7.34778883822632e-05
10.31,7.40976447087664e-05
10.4,7.47169445403405e-05
10.49,7.53357883811615e-05
10.58,7.59541767346634e-05
10.67,7.65721101035394e-05
10.76,7.71895889897433e-05
10.85,7.78066138944906e-05
10.94,7.84231853182601e-05
11.03,7.90393037607954e-05
11.12,7.9654969721106e-05
11.21,8.02701836974687e-05
11.3,8.08849461874288e-05
11.39,8.14992576878018e-05
11.48,8.21131186946746e-05
11.57,8.27265297034065e-05
11.66,8.33394912086311e-05
11.75,8.3952003704257e-05
11.84,8.456406768347e-05
11.93,8.51756836387332e-05
12.02,8.57868520617896e-05
12.11,8.63975734436625e-05
12.2,8.70078482746573e-05
12.29,8.76176770443624e-05
12.38,8.82270602416512e-05
12.47,8.88359983546826e-05
12.56,8.94444918709027e-05
12.65,9.00525412770463e-05
12.74,9.06601470591378e-05
12.83,9.12673097024926e-05
12.92,9.18740296917187e-05
13.01,9.24803075107175e-05
13.1,9.30861436426855e-05
13.19,9.36915385701154e-05
13.28,9.42964927747972e-05
13.37,9.49010067378199e-05
13.46,9.55050809395725e-05
13.55,9.61087158597453e-05
13.64,9.67119119773312e-05
13.73,9.7314669770627e-05
13.82,9.79169897172345e-05
13.91,9.85188722940621e-05
14,9.91203179773255e-05
14.09,9.97213272425497e-05
14.18,0.00010032190056457
14.27,0.000100922038417532
14.36,0.000101521741274895
14.45,0.000102121009609432
14.54,0.000102719843893231
14.63,0.000103318244597697
14.72,0.000103916212193552
14.81,0.000104513747150836
14.9,0.00010511084993891
14.99,0.000105707521026458
15.08,0.000106303760881483
15.17,0.000106899569971315
15.26,0.000107494948762606
15.35,0.000108089897721337
15.44,0.000108684417312815
15.53,0.000109278508001676
15.62,0.000109872170251885
15.71,0.000110465404526739
15.8,0.000111058211288867
15.89,0.000111650591000232
15.98,0.000112242544122131
16.07,0.000112834071115196
16.16,0.000113425172439398
16.25,0.000114015848554044
16.34,0.000114606099917783
16.43,0.000115195926988603
16.52,0.000115785330223833
16.61,0.000116374310080147
16.7,0.000116962867013563
16.79,0.000117551001479442
16.88,0.000118138713932494
16.97,0.000118726004826775
17.06,0.000119312874615691
17.15,0.000119899323751998
17.24,0.000120485352687803
17.33,0.000121070961874564
17.42,0.000121656151763095
17.51,0.000122240922803562
17.6,0.00012282527544549
17.69,0.000123409210137757
17.78,0.000123992727328603
17.87,0.000124575827465624
17.96,0.00012515851099578
18.05,0.000125740778365388
18.14,0.000126322630020132
18.23,0.000126904066405058
18.32,0.000127485087964575
18.41,0.000128065695142463
18.5,0.000128645888381864
18.59,0.000129225668125291
18.68,0.000129805034814627
18.77,0.000130383988891124
18.86,0.000130962530795407
18.95,0.000131540660967472
19.04,0.000132118379846692
19.13,0.000132695687871813
19.22,0.000133272585480957
19.31,0.000133849073111623
19.4,0.00013442515120069
19.49,0.000135000820184416
19.58,0.000135576080498439
19.67,0.000136150932577779
19.76,0.000136725376856838
19.85,0.000137299413769404
19.94,0.000137873043748647
20.03,0.000138446267227127
20.12,0.000139019084636786
20.21,0.000139591496408959
20.3,0.000140163502974368
20.39,0.000140735104763126
20.48,0.000141306302204737
20.57,0.000141877095728098
20.66,0.000142447485761499
20.75,0.000143017472732626
20.84,0.000143587057068559
20.93,0.000144156239195776
21.02,0.000144725019540154
21.11,0.000145293398526967
21.2,0.000145861376580889
21.29,0.000146428954125996
21.38,0.000146996131585766
21.47,0.00014756290938308
21.56,0.000148129287940224
21.65,0.000148695267678889
21.74,0.00014926084902017
21.83,0.000149826032384573
21.92,0.000150390818192011
22.01,0.000150955206861805
22.1,0.000151519198812688
22.19,0.000152082794462805
22.28,0.000152645994229712
22.37,0.000153208798530381
22.46,0.000153771207781195
22.55,0.000154333222397956
22.64,0.000154894842795882
22.73,0.000155456069389607
22.82,0.000156016902593185
22.91,0.00015657734282009
23,0.000157137390483216
23.09,0.000157697045994879
23.18,0.000158256309766819
23.27,0.000158815182210197
23.36,0.000159373663735602
23.45,0.000159931754753047
23.54,0.000160489455671972
23.63,0.000161046766901245
23.72,0.000161603688849163
23.81,0.000162160221923452
23.9,0.000162716366531269
23.99,0.000163272123079204
24.08,0.00016382749197328
24.17,0.00016438247361895
24.26,0.000164937068421107
24.35,0.000165491276784076
24.44,0.00016604509911162
24.53,0.000166598535806941
24.62,0.000167151587272676
24.71,0.000167704253910907
24.8,0.000168256536123151
24.89,0.000168808434310371
24.98,0.00016935994887297
25.07,0.000169911080210795
25.16,0.00017046182872314
25.25,0.000171012194808741
25.34,0.000171562178865782
25.43,0.000172111781291894
25.52,0.000172661002484157
25.61,0.0001732098428391
25.7,0.000173758302752703
25.79,0.000174306382620395
25.88,0.000174854082837059
25.97,0.000175401403797032
26.06,0.000175948345894102
26.15,0.000176494909521516
26.24,0.000177041095071973
26.33,0.000177586902937631
26.42,0.000178132333510107
26.51,0.000178677387180473
26.6,0.000179222064339265
26.69,0.000179766365376477
26.78,0.000180310290681565
26.87,0.000180853840643448
26.96,0.000181397015650508
27.05,0.000181939816090592
27.14,0.000182482242351012
27.23,0.000183024294818544
27.32,0.000183565973879436
27.41,0.000184107279919399
27.5,0.000184648213323616
27.59,0.000185188774476739
27.68,0.00018572896376289
27.77,0.000186268781565665
27.86,0.000186808228268129
27.95,0.000187347304252824
28.04,0.000187886009901765
28.13,0.00018842434559644
28.22,0.000188962311717819
28.31,0.000189499908646342
28.4,0.000190037136761933
28.49,0.000190573996443991
28.58,0.000191110488071397
28.67,0.000191646612022512
28.76,0.000192182368675178
28.85,0.00019271775840672
28.94,0.000193252781593947
29.03,0.00019378743861315
29.12,0.000194321729840108
29.21,0.000194855655650083
29.3,0.000195389216417828
29.39,0.000195922412517579
29.48,0.000196455244323063
29.57,0.000196987712207498
29.66,0.000197519816543589
29.75,0.000198051557703534
29.84,0.000198582936059024
29.93,0.000199113951981242
30.02,0.000199644605840864
30.11,0.000200174898008061
30.2,0.000200704828852502
30.29,0.000201234398743349
30.38,0.000201763608049263
30.47,0.000202292457138404
30.56,0.000202820946378428
30.65,0.000203349076136494
30.74,0.00020387684677926
30.83,0.000204404258672886
30.92,0.000204931312183035
31.01,0.000205458007674871
31.1,0.000205984345513065
31.19,0.00020651032606179
31.28,0.000207035949684728
31.37,0.000207561216745064
31.46,0.000208086127605494
31.55,0.00020861068262822
31.64,0.000209134882174953
31.73,0.000209658726606915
31.82,0.000210182216284838
31.91,0.000210705351568966
32,0.000211228132819056
32.09,0.000211750560394376
32.18,0.000212272634653711
32.27,0.000212794355955358
32.36,0.000213315724657133
32.45,0.000213836741116365
32.54,0.000214357405689903
32.63,0.000214877718734112
32.72,0.000215397680604878
32.81,0.000215917291657606
32.9,0.000216436552247221
32.99,0.000216955462728169
33.08,0.000217474023454421
33.17,0.000217992234779467
33.26,0.000218510097056324
33.35,0.000219027610637532
33.44,0.000219544775875157
33.53,0.000220061593120791
33.62,0.000220578062725553
33.71,0.000221094185040089
33.8,0.000221609960414576
33.89,0.000222125389198717
33.98,0.000222640471741748
34.07,0.000223155208392435
34.16,0.000223669599499075
34.25,0.000224183645409499
34.34,0.000224697346471069
34.43,0.000225210703030685
34.52,0.000225723715434777
34.61,0.000226236384029314
34.7,0.000226748709159801
34.79,0.000227260691171279
34.88,0.000227772330408329
34.97,0.000228283627215068
35.06,0.000228794581935155
35.15,0.000229305194911788
35.24,0.000229815466487707
35.33,0.000230325397005192
35.42,0.000230834986806068
35.51,0.000231344236231702
35.6,0.000231853145623005
35.69,0.000232361715320433
35.78,0.000232869945663989
35.87,0.00023337783699322
35.96,0.000233885389647221
36.05,0.000234392603964638
36.14,0.00023489948028366
36.23,0.00023540601894203
36.32,0.00023591222027704
36.41,0.000236418084625531
36.5,0.000236923612323898
36.59,0.000237428803708088
36.68,0.000237933659113601
36.77,0.000238438178875489
36.86,0.000238942363328362
36.95,0.000239446212806383
37.04,0.000239949727643272
37.13,0.000240452908172306
37.22,0.000240955754726318
37.31,0.000241458267637701
37.4,0.000241960447238408
37.49,0.000242462293859949
37.58,0.000242963807833396
37.67,0.000243464989489382
37.76,0.000243965839158103
37.85,0.000244466357169317
37.94,0.000244966543852344
38.03,0.00024546639953607
38.12,0.000245965924548946
38.21,0.000246465119218986
38.3,0.000246963983873775
38.39,0.000247462518840459
38.48,0.000247960724445757
38.57,0.000248458601015954
38.66,0.000248956148876904
38.75,0.000249453368354032
38.84,0.000249950259772332
38.93,0.000250446823456371
39.02,0.000250943059730287
39.11,0.00025143896891779
39.2,0.000251934551342166
39.29,0.000252429807326273
39.38,0.000252924737192544
39.47,0.000253419341262987
39.56,0.000253913619859188
39.65,0.000254407573302309
39.74,0.000254901201913088
39.83,0.000255394506011845
39.92,0.000255887485918474
40.01,0.000256380141952453
40.1,0.000256872474432839
40.19,0.000257364483678269
40.28,0.000257856170006964
40.37,0.000258347533736724
40.46,0.000258838575184935
40.55,0.000259329294668566
40.64,0.00025981969250417
40.73,0.000260309769007886
40.82,0.000260799524495438
40.91,0.000261288959282138
41,0.000261778073682882
41.09,0.000262266868012158
41.18,0.000262755342584039
41.27,0.000263243497712189
41.36,0.000263731333709863
41.45,0.000264218850889903
41.54,0.000264706049564746
41.63,0.000265192930046418
41.72,0.00026567949264654
41.81,0.000266165737676324
41.9,0.000266651665446578
41.99,0.000267137276267702
42.08,0.000267622570449695
42.17,0.000268107548302147
42.26,0.000268592210134249
42.35,0.000269076556254786
42.44,0.000269560586972143
42.53,0.000270044302594302
42.62,0.000270527703428845
42.71,0.000271010789782953
42.8,0.000271493561963409
42.89,0.000271976020276596
42.98,0.000272458165028498
43.07,0.000272939996524703
43.16,0.000273421515070401
43.25,0.000273902720970386
43.34,0.000274383614529056
43.43,0.000274864196050415
43.52,0.000275344465838071
43.61,0.00027582442419524
43.7,0.000276304071424743
43.79,0.000276783407829011
43.88,0.000277262433710081
43.97,0.000277741149369599
44.06,0.000278219555108821
44.15,0.000278697651228613
44.24,0.000279175438029453
44.33,0.000279652915811428
44.42,0.000280130084874237
44.51,0.000280606945517194
44.6,0.000281083498039224
44.69,0.000281559742738867
44.78,0.000282035679914277
44.87,0.000282511309863223
44.96,0.000282986632883089
45.05,0.000283461649270877
45.14,0.000283936359323205
45.23,0.000284410763336308
45.32,0.00028488486160604
45.41,0.000285358654427873
45.5,0.0002858321420969
45.59,0.000286305324907833
45.68,0.000286778203155003
45.77,0.000287250777132365
45.86,0.000287723047133494
45.95,0.000288195013451588
46.04,0.000288666676379469
46.13,0.00028913803620958
46.22,0.000289609093233992
46.31,0.000290079847744398
46.4,0.000290550300032117
46.49,0.000291020450388095
46.58,0.000291490299102903
46.67,0.000291959846466742
46.76,0.000292429092769438
46.85,0.000292898038300447
46.94,0.000293366683348854
47.03,0.000293835028203373
47.12,0.000294303073152349
47.21,0.000294770818483757
47.3,0.000295238264485203
47.39,0.000295705411443928
47.48,0.000296172259646802
47.57,0.000296638809380331
47.66,0.000297105060930652
47.75,0.000297571014583538
47.84,0.000298036670624397
47.93,0.000298502029338273
48.02,0.000298967091009845
48.11,0.000299431855923428
48.2,0.000299896324362977
48.29,0.000300360496612082
48.38,0.000300824372953974
48.47,0.00030128795367152
48.56,0.000301751239047229
48.65,0.000302214229363249
48.74,0.00030267692490137
48.83,0.000303139325943021
48.92,0.000303601432769275
49.01,0.000304063245660847
49.1,0.000304524764898095
49.19,0.000304985990761018
49.28,0.000305446923529264
49.37,0.000305907563482122
49.46,0.000306367910898527
49.55,0.00030682796605706
49.64,0.00030728772923595
49.73,0.00030774720071307
49.82,0.000308206380765943
49.91,0.000308665269671738
50,0.000309123867707275
