"ResDensity","N_TraitValue"
4.3,0.000424374324810456
4.4654,0.00043964425293717
4.6308,0.000454841336453167
4.7962,0.000469966095371759
4.9616,0.000485019044768405
5.127,0.000500000694839184
5.2924,0.000514911550958436
5.4578,0.000529752113735592
5.6232,0.000544522879071196
5.7886,0.000559224338212141
5.954,0.000573856977806136
6.1194,0.000588421279955397
6.2848,0.000602917722269596
6.4502,0.000617346777918074
6.6156,0.000631708915681317
6.781,0.00064600460000173
6.9464,0.000660234291033698
7.1118,0.000674398444692962
7.2772,0.000688497512705306
7.4426,0.000702531942654588
7.608,0.000716502178030096
7.7734,0.000730408658273268
7.9388,0.000744251818823768
8.1042,0.000758032091164934
8.2696,0.000771749902868611
8.435,0.000785405677639373
8.6004,0.000798999835358149
8.7658,0.000812532792125255
8.9312,0.00082600496030285
9.0966,0.000839416748556826
9.262,0.000852768561898121
9.4274,0.000866060801723497
9.5928,0.000879293865855759
9.7582,0.000892468148583447
9.9236,0.000905584040699997
10.089,0.000918641929542381
10.2544,0.000931642199029237
10.4198,0.000944585229698499
10.5852,0.000957471398744523
10.7506,0.00097030108005473
10.916,0.000983074644245771
11.0814,0.00099579245869921
11.2468,0.00100845488759675
11.4122,0.00102106229195499
11.5776,0.00103361502965974
11.743,0.0010461134554999
11.9084,0.00105855792120083
12.0738,0.00107094877545744
12.2392,0.00108328636396666
12.4046,0.00109557102945965
12.57,0.00110780311173353
12.7354,0.00111998294768268
12.9008,0.00113211087132971
13.0662,0.00114418721385596
13.2316,0.00115621230363167
13.397,0.00116818646624574
13.5624,0.0011801100245351
13.7278,0.00119198329861373
13.8932,0.00120380660590133
14.0586,0.00121558026115157
14.224,0.00122730457648005
14.3894,0.00123897986139188
14.5548,0.00125060642280888
14.7202,0.00126218456509654
14.8856,0.00127371459009049
15.051,0.00128519679712283
15.2164,0.00129663148304795
15.3818,0.00130801894226817
15.5472,0.00131935946675898
15.7126,0.00133065334609398
15.878,0.00134190086746956
16.0434,0.00135310231572923
16.2088,0.00136425797338768
16.3742,0.00137536812065448
16.5396,0.00138643303545762
16.705,0.00139745299346662
16.8704,0.00140842826811546
17.0358,0.00141935913062517
17.2012,0.00143024585002621
17.3666,0.0014410886931805
17.532,0.00145188792480325
17.6974,0.00146264380748448
17.8628,0.00147335660171036
18.0282,0.00148402656588414
18.1936,0.00149465395634704
18.359,0.0015052390273987
18.5244,0.00151578203131747
18.6898,0.0015262832183805
18.8552,0.0015367428368835
19.0206,0.00154716113316032
19.186,0.00155753835160231
19.3514,0.00156787473467739
19.5168,0.00157817052294897
19.6822,0.00158842595509461
19.8476,0.00159864126792443
20.013,0.00160881669639938
20.1784,0.00161895247364922
20.3438,0.00162904883099036
20.5092,0.00163910599794343
20.6746,0.00164912420225068
20.84,0.00165910366989316
21.0054,0.00166904462510774
21.1708,0.00167894729040387
21.3362,0.00168881188658022
21.5016,0.00169863863274107
21.667,0.00170842774631251
21.8324,0.00171817944305851
21.9978,0.00172789393709678
22.1632,0.00173757144091441
22.3286,0.00174721216538336
22.494,0.00175681631977581
22.6594,0.00176638411177929
22.8248,0.00177591574751163
22.9902,0.00178541143153578
23.1556,0.00179487136687445
23.321,0.00180429575502457
23.4864,0.00181368479597159
23.6518,0.00182303868820364
23.8172,0.00183235762872551
23.9826,0.00184164181307247
24.148,0.00185089143532396
24.3134,0.00186010668811713
24.4788,0.00186928776266019
24.6442,0.0018784348487456
24.8096,0.00188754813476325
24.975,0.00189662780771329
25.1404,0.00190567405321896
25.3058,0.00191468705553927
25.4712,0.00192366699758146
25.6366,0.0019326140609134
25.802,0.00194152842577582
25.9674,0.00195041027109443
26.1328,0.00195925977449186
26.2982,0.00196807711229952
26.4636,0.00197686245956932
26.629,0.00198561599008524
26.7944,0.00199433787637479
26.9598,0.00200302828972035
27.1252,0.00201168740017039
27.2906,0.00202031537655053
27.456,0.00202891238647455
27.6214,0.00203747859635523
27.7868,0.00204601417141508
27.9522,0.00205451927569698
28.1176,0.00206299407207465
28.283,0.0020714387222631
28.4484,0.0020798533868289
28.6138,0.00208823822520031
28.7792,0.00209659339567742
28.9446,0.00210491905544207
29.11,0.0021132153605677
29.2754,0.00212148246602914
29.4408,0.00212972052571223
29.6062,0.00213792969242338
29.7716,0.002146110117899
29.937,0.00215426195281487
30.1024,0.00216238534679541
30.2678,0.00217048044842276
30.4332,0.00217854740524593
30.5986,0.0021865863637897
30.764,0.00219459746956354
30.9294,0.00220258086707032
31.0948,0.00221053669981509
31.2602,0.00221846511031359
31.4256,0.00222636624010083
31.591,0.00223424022973948
31.7564,0.00224208721882818
31.9218,0.00224990734600985
32.0872,0.00225770074897982
32.2526,0.00226546756449389
32.418,0.00227320792837639
32.5834,0.00228092197552804
32.7488,0.00228860983993381
32.9142,0.00229627165467069
33.0796,0.00230390755191534
33.245,0.00231151766295172
33.4104,0.00231910211817858
33.5758,0.00232666104711696
33.7412,0.00233419457841751
33.9066,0.0023417028398678
34.072,0.00234918595839958
34.2374,0.00235664406009589
34.4028,0.00236407727019817
34.5682,0.00237148571311326
34.7336,0.00237886951242034
34.899,0.00238622879087778
35.0644,0.00239356367043
35.2298,0.00240087427221416
35.3952,0.00240816071656682
35.5606,0.00241542312303059
35.726,0.00242266161036062
35.8914,0.00242987629653109
36.0568,0.00243706729874166
36.2222,0.00244423473342372
36.3876,0.00245137871624678
36.553,0.00245849936212462
36.7184,0.0024655967852215
36.8838,0.00247267109895819
37.0492,0.00247972241601812
37.2146,0.00248675084835326
37.38,0.0024937565071901
37.5454,0.00250073950303551
37.7108,0.00250769994568253
37.8762,0.00251463794421617
38.0416,0.00252155360701903
38.207,0.00252844704177704
38.3724,0.00253531835548498
38.5378,0.00254216765445202
38.7032,0.00254899504430726
38.8686,0.00255580063000508
39.034,0.00256258451583058
39.1994,0.00256934680540488
39.3648,0.0025760876016904
39.5302,0.00258280700699609
39.6956,0.00258950512298259
39.861,0.00259618205066737
40.0264,0.00260283789042983
40.1918,0.00260947274201629
40.3572,0.00261608670454499
40.5226,0.00262267987651102
40.688,0.00262925235579124
40.8534,0.00263580423964907
41.0188,0.00264233562473935
41.1842,0.00264884660711303
41.3496,0.00265533728222191
41.515,0.00266180774492333
41.6804,0.00266825808948474
41.8458,0.00267468840958831
42.0112,0.00268109879833546
42.1766,0.00268748934825134
42.342,0.00269386015128931
42.5074,0.0027002112988353
42.6728,0.00270654288171226
42.8382,0.0027128549901844
43.0036,0.00271914771396155
43.169,0.00272542114220335
43.3344,0.00273167536352353
43.4998,0.00273791046599401
43.6652,0.00274412653714908
43.8306,0.00275032366398951
43.996,0.00275650193298654
44.1614,0.00276266143008598
44.3268,0.00276880224071215
44.4922,0.00277492444977182
44.6576,0.00278102814165819
44.823,0.00278711340025467
44.9884,0.00279318030893882
45.1538,0.00279922895058607
45.3192,0.00280525940757357
45.4846,0.00281127176178387
45.65,0.00281726609460868
45.8154,0.00282324248695248
45.9808,0.00282920101923622
46.1462,0.0028351417714009
46.3116,0.00284106482291112
46.477,0.0028469702527587
46.6424,0.00285285813946608
46.8078,0.00285872856108992
46.9732,0.00286458159522445
47.1386,0.00287041731900494
47.304,0.0028762358091111
47.4694,0.00288203714177039
47.6348,0.00288782139276138
47.8002,0.00289358863741705
47.9656,0.00289933895062807
48.131,0.00290507240684601
48.2964,0.00291078908008656
48.4618,0.00291648904393276
48.6272,0.00292217237153808
48.7926,0.00292783913562964
48.958,0.00293348940851122
49.1234,0.00293912326206641
49.2888,0.00294474076776162
49.4542,0.0029503419966491
49.6196,0.00295592701936995
49.785,0.00296149590615709
49.9504,0.00296704872683821
50.1158,0.00297258555083865
50.2812,0.00297810644718435
50.4466,0.00298361148450467
50.612,0.00298910073103526
50.7774,0.00299457425462088
50.9428,0.00300003212271817
51.1082,0.00300547440239846
51.2736,0.00301090116035048
51.439,0.00301631246288312
51.6044,0.00302170837592808
51.7698,0.00302708896504262
51.9352,0.00303245429541213
52.1006,0.00303780443185285
52.266,0.00304313943881441
52.4314,0.00304845938038244
52.5968,0.00305376432028116
52.7622,0.00305905432187589
52.9276,0.0030643294481756
53.093,0.00306958976183539
53.2584,0.00307483532515898
53.4238,0.00308006620010118
53.5892,0.00308528244827031
53.7546,0.00309048413093063
53.92,0.00309567130900474
54.0854,0.00310084404307595
54.2508,0.00310600239339064
54.4162,0.00311114641986062
54.5816,0.00311627618206541
54.747,0.00312139173925458
54.9124,0.00312649315035
55.0778,0.00313158047394812
55.2432,0.00313665376832221
55.4086,0.00314171309142459
55.574,0.00314675850088883
55.7394,0.00315179005403192
55.9048,0.00315680780785648
56.0702,0.00316181181905289
56.2356,0.00316680214400143
56.401,0.00317177883877437
56.5664,0.00317674195913814
56.7318,0.00318169156055532
56.8972,0.00318662769818678
57.0626,0.0031915504268937
57.228,0.00319645980123961
57.3934,0.0032013558754924
57.5588,0.0032062387036263
57.7242,0.00321110833932392
57.8896,0.00321596483597815
58.055,0.00322080824669417
58.2204,0.00322563862429133
58.3858,0.00323045602130513
58.5512,0.00323526048998906
58.7166,0.00324005208231656
58.882,0.00324483084998283
59.0474,0.00324959684440672
59.2128,0.00325435011673259
59.3782,0.00325909071783209
59.5436,0.00326381869830602
59.709,0.00326853410848613
59.8744,0.00327323699843685
60.0398,0.00327792741795715
60.2052,0.00328260541658222
60.3706,0.00328727104358526
60.536,0.00329192434797918
60.7014,0.00329656537851834
60.8668,0.00330119418370025
61.0322,0.00330581081176723
61.1976,0.00331041531070814
61.363,0.00331500772825999
61.5284,0.00331958811190961
61.6938,0.0033241565088953
61.8592,0.00332871296620844
62.0246,0.00333325753059509
62.19,0.00333779024855762
62.3554,0.00334231116635627
62.5208,0.00334682033001073
62.6862,0.0033513177853017
62.8516,0.00335580357777246
63.017,0.00336027775273036
63.1824,0.0033647403552484
63.3478,0.00336919143016671
63.5132,0.00337363102209406
63.6786,0.00337805917540936
63.844,0.00338247593426311
64.0094,0.00338688134257892
64.1748,0.00339127544405489
64.3402,0.00339565828216513
64.5056,0.00340002990016116
64.671,0.00340439034107331
64.8364,0.00340873964771218
65.0018,0.00341307786267002
65.1672,0.00341740502832209
65.3326,0.00342172118682809
65.498,0.00342602638013351
65.6634,0.00343032064997098
65.8288,0.0034346040378616
65.9942,0.00343887658511634
66.1596,0.0034431383328373
66.325,0.00344738932191909
66.4904,0.00345162959305007
66.6558,0.00345585918671371
66.8212,0.00346007814318985
66.9866,0.00346428650255596
67.152,0.00346848430468846
67.3174,0.00347267158926393
67.4828,0.00347684839576039
67.6482,0.00348101476345852
67.8136,0.00348517073144293
67.979,0.00348931633860331
68.1444,0.00349345162363572
68.3098,0.00349757662504376
68.4752,0.00350169138113975
68.6406,0.00350579593004595
68.806,0.0035098903096957
68.9714,0.00351397455783462
69.1368,0.00351804871202177
69.3022,0.00352211280963077
69.4676,0.00352616688785097
69.633,0.00353021098368859
69.7984,0.0035342451339678
69.9638,0.0035382693753319
70.1292,0.00354228374424439
70.2946,0.00354628827699008
70.46,0.00355028300967619
70.6254,0.00355426797823342
70.7908,0.00355824321841706
70.9562,0.003562208765808
71.1216,0.00356616465581386
71.287,0.00357011092367
71.4524,0.00357404760444056
71.6178,0.00357797473301956
71.7832,0.00358189234413185
71.9486,0.00358580047233418
72.114,0.00358969915201621
72.2794,0.00359358841740153
72.4448,0.00359746830254862
72.6102,0.00360133884135188
72.7756,0.00360520006754263
72.941,0.00360905201469003
73.1064,0.00361289471620214
73.2718,0.00361672820532678
73.4372,0.0036205525151526
73.6026,0.00362436767860994
73.768,0.00362817372847183
73.9334,0.00363197069735491
74.0988,0.00363575861772036
74.2642,0.00363953752187483
74.4296,0.00364330744197135
74.595,0.00364706841001026
74.7604,0.0036508204578401
74.9258,0.00365456361715852
75.0912,0.00365829791951314
75.2566,0.0036620233963025
75.422,0.00366574007877687
75.5874,0.00366944799803917
75.7528,0.00367314718504582
75.9182,0.00367683767060761
76.0836,0.00368051948539055
76.249,0.00368419265991671
76.4144,0.00368785722456508
76.5798,0.00369151320957241
76.7452,0.00369516064503402
76.9106,0.00369879956090463
77.076,0.00370242998699921
77.2414,0.00370605195299376
77.4068,0.00370966548842614
77.5722,0.00371327062269684
77.7376,0.00371686738506983
77.903,0.00372045580467331
78.0684,0.00372403591050051
78.2338,0.00372760773141048
78.3992,0.00373117129612883
78.5646,0.00373472663324855
78.73,0.00373827377123076
78.8954,0.00374181273840542
79.0608,0.00374534356297216
79.2262,0.00374886627300098
79.3916,0.00375238089643301
79.557,0.00375588746108125
79.7224,0.00375938599463128
79.8878,0.00376287652464203
80.0532,0.00376635907854648
80.2186,0.00376983368365237
80.384,0.00377330036714293
80.5494,0.00377675915607757
80.7148,0.00378021007739263
80.8802,0.00378365315790202
81.0456,0.00378708842429793
81.211,0.00379051590315158
81.3764,0.00379393562091379
81.5418,0.00379734760391578
81.7072,0.00380075187836977
81.8726,0.00380414847036967
82.038,0.00380753740589175
82.2034,0.00381091871079533
82.3688,0.00381429241082336
82.5342,0.00381765853160317
82.6996,0.00382101709864704
82.865,0.0038243681373529
83.0304,0.00382771167300494
83.1958,0.00383104773077423
83.3612,0.00383437633571942
83.5266,0.00383769751278727
83.692,0.00384101128681337
83.8574,0.00384431768252268
84.0228,0.00384761672453021
84.1882,0.00385090843734157
84.3536,0.00385419284535364
84.519,0.0038574699728551
84.6844,0.0038607398440271
84.8498,0.00386400248294381
85.0152,0.00386725791357303
85.1806,0.00387050615977676
85.346,0.0038737472453118
85.5114,0.00387698119383032
85.6768,0.00388020802888046
85.8422,0.00388342777390684
86.0076,0.00388664045225119
86.173,0.00388984608715291
86.3384,0.00389304470174957
86.5038,0.00389623631907754
86.6692,0.00389942096207251
86.8346,0.00390259865357003
87,0.00390576941630606
