"ResDensity","N_TraitValue"
1,8.11687730072411e-06
1.038,8.38872674319321e-06
1.076,8.65822506502487e-06
1.114,8.92540263579069e-06
1.152,9.19028930425721e-06
1.19,9.45291440950223e-06
1.228,9.71330679174773e-06
1.266,9.97149480291756e-06
1.304,1.02275063169283e-05
1.342,1.04813687397207e-05
1.38,1.07331090190399e-05
1.418,1.0982753653971e-05
1.456,1.12303287042377e-05
1.494,1.14758597992709e-05
1.532,1.17193721470529e-05
1.57,1.1960890542745e-05
1.608,1.22004393771039e-05
1.646,1.24380426446926e-05
1.684,1.26737239518927e-05
1.722,1.29075065247226e-05
1.76,1.31394132164677e-05
1.798,1.33694665151272e-05
1.836,1.35976885506842e-05
1.874,1.38241011022012e-05
1.912,1.40487256047494e-05
1.95,1.42715831561727e-05
1.988,1.44926945236937e-05
2.026,1.47120801503653e-05
2.064,1.49297601613707e-05
2.102,1.5145754370178e-05
2.14,1.5360082284552e-05
2.178,1.55727631124275e-05
2.216,1.57838157676475e-05
2.254,1.59932588755705e-05
2.292,1.62011107785494e-05
2.33,1.64073895412868e-05
2.368,1.66121129560684e-05
2.406,1.68152985478789e-05
2.444,1.70169635794031e-05
2.482,1.72171250559147e-05
2.52,1.74157997300566e-05
2.558,1.76130041065147e-05
2.596,1.78087544465889e-05
2.634,1.80030667726627e-05
2.672,1.8195956872575e-05
2.71,1.83874403038962e-05
2.748,1.8577532398111e-05
2.786,1.87662482647106e-05
2.824,1.89536027951962e-05
2.862,1.91396106669957e-05
2.9,1.93242863472974e-05
2.938,1.95076440968003e-05
2.976,1.96896979733855e-05
3.014,1.98704618357085e-05
3.052,2.00499493467166e-05
3.09,2.02281739770909e-05
3.128,2.04051490086168e-05
3.166,2.05808875374831e-05
3.204,2.0755402477513e-05
3.242,2.09287065633271e-05
3.28,2.11008123534412e-05
3.318,2.12717322332999e-05
3.356,2.1441478418248e-05
3.394,2.16100629564403e-05
3.432,2.17774977316926e-05
3.47,2.19437944662738e-05
3.508,2.21089647236422e-05
3.546,2.22730199111251e-05
3.584,2.24359712825459e-05
3.622,2.25978299407968e-05
3.66,2.27586068403609e-05
3.698,2.29183127897838e-05
3.736,2.30769584540953e-05
3.774,2.32345543571841e-05
3.812,2.33911108841244e-05
3.85,2.35466382834576e-05
3.888,2.37011466694283e-05
3.926,2.38546460241773e-05
3.964,2.4007146199891e-05
4.002,2.41586569209095e-05
4.04,2.43091877857938e-05
4.078,2.44587482693524e-05
4.116,2.46073477246299e-05
4.154,2.47549953848562e-05
4.192,2.49017003653591e-05
4.23,2.50474716654407e-05
4.268,2.51923181702167e-05
4.306,2.53362486524227e-05
4.344,2.54792717741846e-05
4.382,2.56213960887567e-05
4.42,2.57626300422269e-05
4.458,2.59029819751895e-05
4.496,2.60424601243876e-05
4.534,2.61810726243241e-05
4.572,2.6318827508843e-05
4.61,2.64557327126823e-05
4.648,2.65917960729965e-05
4.686,2.6727025330853e-05
4.724,2.68614281326998e-05
4.762,2.69950120318068e-05
4.8,2.71277844896807e-05
4.838,2.72597528774546e-05
4.876,2.73909244772519e-05
4.914,2.75213064835257e-05
4.952,2.76509060043747e-05
4.99,2.7779730062834e-05
5.028,2.7907785598145e-05
5.066,2.80350794670001e-05
5.104,2.81616184447676e-05
5.142,2.82874092266934e-05
5.18,2.84124584290816e-05
5.218,2.85367725904551e-05
5.256,2.8660358172695e-05
5.294,2.878322156216e-05
5.332,2.89053690707871e-05
5.37,2.90268069371719e-05
5.408,2.91475413276312e-05
5.446,2.92675783372465e-05
5.484,2.93869239908898e-05
5.522,2.95055842442316e-05
5.56,2.96235649847316e-05
5.598,2.97408720326125e-05
5.636,2.98575111418169e-05
5.674,2.99734880009485e-05
5.712,3.00888082341965e-05
5.75,3.02034774022451e-05
5.788,3.03175010031672e-05
5.826,3.04308844733029e-05
5.864,3.05436331881239e-05
5.902,3.06557524630827e-05
5.94,3.07672475544482e-05
5.978,3.0878123660127e-05
6.016,3.09883859204711e-05
6.054,3.10980394190723e-05
6.092,3.12070891835438e-05
6.13,3.13155401862881e-05
6.168,3.14233973452533e-05
6.206,3.15306655246761e-05
6.244,3.16373495358132e-05
6.282,3.17434541376608e-05
6.32,3.18489840376621e-05
6.358,3.19539438924035e-05
6.396,3.20583383082994e-05
6.434,3.21621718422665e-05
6.472,3.22654490023864e-05
6.51,3.23681742485585e-05
6.548,3.24703519931415e-05
6.586,3.25719866015856e-05
6.624,3.26730823930539e-05
6.662,3.27736436410346e-05
6.7,3.28736745739427e-05
6.738,3.29731793757131e-05
6.776,3.30721621863837e-05
6.814,3.31706271026699e-05
6.852,3.32685781785294e-05
6.89,3.33660194257186e-05
6.928,3.34629548143408e-05
6.966,3.35593882733848e-05
7.004,3.36553236912561e-05
7.042,3.37507649162996e-05
7.08,3.38457157573138e-05
7.118,3.39401799840578e-05
7.156,3.40341613277503e-05
7.194,3.41276634815604e-05
7.232,3.42206901010919e-05
7.27,3.43132448048595e-05
7.308,3.44053311747578e-05
7.346,3.44969527565236e-05
7.384,3.45881130601912e-05
7.422,3.46788155605402e-05
7.46,3.47690636975371e-05
7.498,3.48588608767706e-05
7.536,3.49482104698795e-05
7.574,3.50371158149748e-05
7.612,3.51255802170558e-05
7.65,3.5213606948419e-05
7.688,3.53011992490623e-05
7.726,3.53883603270818e-05
7.764,3.5475093359064e-05
7.802,3.55614014904716e-05
7.84,3.56472878360236e-05
7.878,3.57327554800701e-05
7.916,3.58178074769615e-05
7.954,3.59024468514124e-05
7.992,3.59866765988601e-05
8.03,3.60704996858181e-05
8.068,3.61539190502241e-05
8.106,3.62369376017836e-05
8.144,3.6319558222308e-05
8.182,3.64017837660479e-05
8.22,3.64836170600224e-05
8.258,3.65650609043424e-05
8.296,3.66461180725303e-05
8.334,3.67267913118348e-05
8.372,3.68070833435414e-05
8.41,3.68869968632782e-05
8.448,3.69665345413177e-05
8.486,3.7045699022874e-05
8.524,3.71244929283966e-05
8.562,3.72029188538589e-05
8.6,3.72809793710435e-05
8.638,3.73586770278236e-05
8.676,3.74360143484399e-05
8.714,3.75129938337741e-05
8.752,3.75896179616184e-05
8.79,3.76658891869416e-05
8.828,3.77418099421508e-05
8.866,3.78173826373504e-05
8.904,3.7892609660597e-05
8.942,3.79674933781511e-05
8.98,3.80420361347248e-05
9.018,3.8116240253727e-05
9.056,3.81901080375044e-05
9.094,3.826364176758e-05
9.132,3.83368437048876e-05
9.17,3.8409716090004e-05
9.208,3.8482261143377e-05
9.246,3.85544810655515e-05
9.284,3.86263780373918e-05
9.322,3.86979542203009e-05
9.36,3.87692117564374e-05
9.398,3.88401527689293e-05
9.436,3.89107793620842e-05
9.474,3.89810936215984e-05
9.512,3.90510976147612e-05
9.55,3.91207933906581e-05
9.588,3.91901829803708e-05
9.626,3.9259268397174e-05
9.664,3.93280516367305e-05
9.702,3.93965346772834e-05
9.74,3.94647194798455e-05
9.778,3.95326079883867e-05
9.816,3.96002021300184e-05
9.854,3.96675038151766e-05
9.892,3.97345149378009e-05
9.93,3.9801237375513e-05
9.968,3.98676729897916e-05
10.006,3.99338236261455e-05
10.044,3.99996911142849e-05
10.082,4.00652772682897e-05
10.12,4.01305838867761e-05
10.158,4.01956127530613e-05
10.196,4.02603656353255e-05
10.234,4.03248442867721e-05
10.272,4.03890504457866e-05
10.31,4.04529858360918e-05
10.348,4.05166521669029e-05
10.386,4.05800511330796e-05
10.424,4.06431844152761e-05
10.462,4.07060536800903e-05
10.5,4.07686605802097e-05
10.538,4.0831006754557e-05
10.576,4.08930938284323e-05
10.614,4.0954923413655e-05
10.652,4.1016497108703e-05
10.69,4.10778164988506e-05
10.728,4.11388831563041e-05
10.766,4.11996986403368e-05
10.804,4.12602644974213e-05
10.842,4.13205822613608e-05
10.88,4.13806534534183e-05
10.918,4.1440479582445e-05
10.956,4.15000621450061e-05
10.994,4.15594026255057e-05
11.032,4.16185024963104e-05
11.07,4.16773632178708e-05
11.108,4.17359862388417e-05
11.146,4.17943729962014e-05
11.184,4.18525249153686e-05
11.222,4.19104434103186e-05
11.26,4.19681298836981e-05
11.298,4.20255857269381e-05
11.336,4.20828123203661e-05
11.374,4.21398110333162e-05
11.412,4.21965832242389e-05
11.45,4.22531302408084e-05
11.488,4.23094534200299e-05
11.526,4.23655540883444e-05
11.564,4.2421433561733e-05
11.602,4.24770931458201e-05
11.64,4.25325341359747e-05
11.678,4.25877578174109e-05
11.716,4.26427654652878e-05
11.754,4.26975583448066e-05
11.792,4.27521377113088e-05
11.83,4.28065048103709e-05
11.868,4.28606608779003e-05
11.906,4.29146071402279e-05
11.944,4.29683448142015e-05
11.982,4.30218751072767e-05
12.02,4.30751992176076e-05
12.058,4.31283183341364e-05
12.096,4.31812336366814e-05
12.134,4.32339462960243e-05
12.172,4.32864574739971e-05
12.21,4.33387683235669e-05
12.248,4.33908799889204e-05
12.286,4.34427936055476e-05
12.324,4.3494510300324e-05
12.362,4.35460311915921e-05
12.4,4.35973573892424e-05
12.438,4.36484899947927e-05
12.476,4.36994301014669e-05
12.514,4.37501787942732e-05
12.552,4.38007371500809e-05
12.59,4.38511062376968e-05
12.628,4.39012871179403e-05
12.666,4.39512808437178e-05
12.704,4.40010884600966e-05
12.742,4.40507110043776e-05
12.78,4.41001495061674e-05
12.818,4.41494049874492e-05
12.856,4.41984784626537e-05
12.894,4.42473709387284e-05
12.932,4.42960834152065e-05
12.97,4.43446168842752e-05
13.008,4.43929723308427e-05
13.046,4.44411507326055e-05
13.084,4.44891530601134e-05
13.122,4.45369802768353e-05
13.16,4.45846333392238e-05
13.198,4.46321131967782e-05
13.236,4.46794207921082e-05
13.274,4.47265570609962e-05
13.312,4.47735229324588e-05
13.35,4.4820319328808e-05
13.388,4.48669471657113e-05
13.426,4.49134073522519e-05
13.464,4.49597007909874e-05
13.502,4.50058283780084e-05
13.54,4.50517910029962e-05
13.578,4.50975895492802e-05
13.616,4.51432248938943e-05
13.654,4.51886979076329e-05
13.692,4.52340094551063e-05
13.73,4.52791603947959e-05
13.768,4.53241515791075e-05
13.806,4.5368983854426e-05
13.844,4.54136580611676e-05
13.882,4.5458175033833e-05
13.92,4.55025356010588e-05
13.958,4.55467405856692e-05
13.996,4.55907908047271e-05
14.034,4.56346870695838e-05
14.072,4.56784301859294e-05
14.11,4.5722020953842e-05
14.148,4.57654601678361e-05
14.186,4.58087486169113e-05
14.224,4.58518870845999e-05
14.262,4.58948763490142e-05
14.3,4.59377171828932e-05
14.338,4.5980410353649e-05
14.376,4.60229566234126e-05
14.414,4.60653567490793e-05
14.452,4.61076114823534e-05
14.49,4.61497215697928e-05
14.528,4.61916877528531e-05
14.566,4.62335107679306e-05
14.604,4.6275191346406e-05
14.642,4.63167302146866e-05
14.68,4.63581280942487e-05
14.718,4.63993857016793e-05
14.756,4.64405037487174e-05
14.794,4.64814829422951e-05
14.832,4.6522323984578e-05
14.87,4.65630275730051e-05
14.908,4.6603594400329e-05
14.946,4.66440251546547e-05
14.984,4.66843205194789e-05
15.022,4.67244811737282e-05
15.06,4.67645077917973e-05
15.098,4.68044010435871e-05
15.136,4.68441615945414e-05
15.174,4.68837901056846e-05
15.212,4.69232872336579e-05
15.25,4.69626536307557e-05
15.288,4.70018899449614e-05
15.326,4.70409968199833e-05
15.364,4.70799748952893e-05
15.402,4.71188248061421e-05
15.44,4.71575471836337e-05
15.478,4.71961426547194e-05
15.516,4.72346118422517e-05
15.554,4.72729553650139e-05
15.592,4.73111738377533e-05
15.63,4.73492678712139e-05
15.668,4.73872380721688e-05
15.706,4.74250850434529e-05
15.744,4.74628093839944e-05
15.782,4.75004116888466e-05
15.82,4.75378925492189e-05
15.858,4.75752525525083e-05
15.896,4.76124922823294e-05
15.934,4.76496123185456e-05
15.972,4.76866132372983e-05
16.01,4.77234956110375e-05
16.048,4.77602600085509e-05
16.086,4.77969069949931e-05
16.124,4.7833437131915e-05
16.162,4.78698509772917e-05
16.2,4.7906149085552e-05
16.238,4.79423320076053e-05
16.276,4.79784002908705e-05
16.314,4.8014354479303e-05
16.352,4.80501951134224e-05
16.39,4.80859227303393e-05
16.428,4.81215378637823e-05
16.466,4.81570410441246e-05
16.504,4.81924327984101e-05
16.542,4.82277136503799e-05
16.58,4.82628841204977e-05
16.618,4.82979447259757e-05
16.656,4.83328959807996e-05
16.694,4.83677383957542e-05
16.732,4.84024724784479e-05
16.77,4.84370987333376e-05
16.808,4.84716176617528e-05
16.846,4.85060297619202e-05
16.884,4.85403355289873e-05
16.922,4.85745354550465e-05
16.96,4.86086300291582e-05
16.998,4.86426197373747e-05
17.036,4.86765050627626e-05
17.074,4.87102864854262e-05
17.112,4.87439644825301e-05
17.15,4.87775395283215e-05
17.188,4.88110120941525e-05
17.226,4.88443826485022e-05
17.264,4.88776516569986e-05
17.302,4.89108195824403e-05
17.34,4.89438868848177e-05
17.378,4.89768540213345e-05
17.416,4.90097214464289e-05
17.454,4.90424896117939e-05
17.492,4.90751589663988e-05
17.53,4.91077299565089e-05
17.568,4.91402030257066e-05
17.606,4.91725786149109e-05
17.644,4.92048571623975e-05
17.682,4.9237039103819e-05
17.72,4.9269124872224e-05
17.758,4.93011148980767e-05
17.796,4.93330096092761e-05
17.834,4.93648094311753e-05
17.872,4.93965147866e-05
17.91,4.94281260958678e-05
17.948,4.94596437768061e-05
17.986,4.94910682447713e-05
18.024,4.95223999126661e-05
18.062,4.95536391909584e-05
18.1,4.9584786487699e-05
18.138,4.9615842208539e-05
18.176,4.9646806756748e-05
18.214,4.9677680533231e-05
18.252,4.97084639365461e-05
18.29,4.97391573629216e-05
18.328,4.97697612062725e-05
18.366,4.98002758582183e-05
18.404,4.98307017080988e-05
18.442,4.98610391429911e-05
18.48,4.9891288547726e-05
18.518,4.99214503049041e-05
18.556,4.99515247949121e-05
18.594,4.99815123959388e-05
18.632,5.00114134839908e-05
18.67,5.00412284329083e-05
18.708,5.00709576143807e-05
18.746,5.0100601397962e-05
18.784,5.01301601510861e-05
18.822,5.01596342390822e-05
18.86,5.01890240251895e-05
18.898,5.02183298705722e-05
18.936,5.02475521343347e-05
18.974,5.02766911735357e-05
19.012,5.0305747343203e-05
19.05,5.03347209963481e-05
19.088,5.03636124839801e-05
19.126,5.03924221551201e-05
19.164,5.04211503568156e-05
19.202,5.04497974341535e-05
19.24,5.04783637302749e-05
19.278,5.05068495863884e-05
19.316,5.05352553417834e-05
19.354,5.0563581333844e-05
19.392,5.05918278980623e-05
19.43,5.06199953680515e-05
19.468,5.06480840755591e-05
19.506,5.06760943504797e-05
19.544,5.07040265208684e-05
19.582,5.07318809129532e-05
19.62,5.07596578511479e-05
19.658,5.07873576580646e-05
19.696,5.08149806545262e-05
19.734,5.08425271595789e-05
19.772,5.08699974905042e-05
19.81,5.08973919628314e-05
19.848,5.09247108903496e-05
19.886,5.09519545851195e-05
19.924,5.09791233574855e-05
19.962,5.10062175160874e-05
20,5.1033237367872e-05
