"ResDensity","N_TraitValue"
5,0.00370741784676485
5.29,0.00388797664753092
5.58,0.00406538950569153
5.87,0.00423973793054155
6.16,0.00441110063968349
6.45,0.00457955367753211
6.74,0.00474517052783335
7.03,0.00490802222054733
7.32,0.00506817743342214
7.61,0.00522570258856351
7.9,0.0053806619442856
8.19,0.00553311768250985
8.48,0.00568312999196152
8.77,0.0058307571473979
9.06,0.00597605558508712
9.35,0.00611907997474308
9.64,0.00625988328810908
9.93,0.00639851686437085
10.22,0.00653503047256874
10.51,0.00666947237116846
10.8,0.00680188936494007
11.09,0.00693232685928619
11.38,0.0070608289121518
11.67,0.00718743828364031
11.96,0.00731219648345336
12.25,0.00743514381626477
12.54,0.00755631942513303
12.83,0.0076757613330503
13.12,0.00779350648272083
13.41,0.00790959077465603
13.7,0.00802404910366878
13.99,0.00813691539384493
14.28,0.00824822263206556
14.57,0.00835800290014962
14.86,0.00846628740568279
15.15,0.00857310651159462
15.44,0.00867848976454304
15.73,0.00878246592216186
16.02,0.00888506297922408
16.31,0.00898630819277094
16.6,0.00908622810625424
16.89,0.00918484857273668
17.18,0.00928219477719296
17.47,0.00937829125795192
17.76,0.00947316192731814
18.05,0.00956683009140948
18.34,0.00965931846924486
18.63,0.00975064921111547
18.92,0.00984084391627036
19.21,0.00992992364994615
19.5,0.0100179089597691
19.79,0.0101048198915562
20.08,0.0101906760045412
20.37,0.0102754963860495
20.66,0.0103592996656446
20.95,0.0104421040287697
21.24,0.0105239272299037
21.53,0.0106047866052522
21.82,0.0106846990849929
22.11,0.0107636812050937
22.4,0.0108417491187194
22.69,0.0109189186072457
22.98,0.010995205090894
23.27,0.0110706236390047
23.56,0.01114518897996
23.85,0.0112189155107736
24.14,0.0112918173063571
24.43,0.0113639081284783
24.72,0.0114352014344214
25.01,0.0115057103853618
25.3,0.0115754478544659
25.59,0.0116444264347264
25.88,0.0117126584465432
26.17,0.0117801559450596
26.46,0.0118469307272626
26.75,0.0119129943388567
27.04,0.0119783580809188
27.33,0.0120430330163434
27.62,0.012107029976084
27.91,0.0121703595652004
28.2,0.012233032168717
28.49,0.0122950579573004
28.78,0.0123564468927612
29.07,0.0124172087333881
29.36,0.012477353039119
29.65,0.0125368891765547
29.94,0.0125958263238227
30.23,0.012654173475293
30.52,0.0127119394461548
30.81,0.012769132876856
31.1,0.0128257622374116
31.39,0.0128818358315854
31.68,0.0129373618009492
31.97,0.0129923481288232
32.26,0.013046802644103
32.55,0.013100733024975
32.84,0.0131541468025256
33.13,0.0132070513642474
33.42,0.013259453957445
33.71,0.013311361692545
34,0.0133627815463117
34.29,0.0134137203649737
34.58,0.0134641848672625
34.87,0.0135141816473663
35.16,0.0135637171778032
35.45,0.0136127978122138
35.74,0.0136614297880782
36.03,0.0137096192293587
36.32,0.0137573721490704
36.61,0.0138046944517824
36.9,0.0138515919360515
37.19,0.013898070296791
37.48,0.0139441351275762
37.77,0.0139897919228878
38.06,0.0140350460802975
38.35,0.0140799029025947
38.64,0.0141243675998579
38.93,0.014168445291472
39.22,0.0142121410080936
39.51,0.0142554596935642
39.8,0.0142984062067756
40.09,0.0143409853234864
40.38,0.0143832017380924
40.67,0.0144250600653519
40.96,0.0144665648420674
41.25,0.0145077205287248
41.54,0.0145485315110913
41.83,0.0145890021017735
42.12,0.0146291365417365
42.41,0.0146689390017855
42.7,0.0147084135840107
42.99,0.0147475643231963
43.28,0.0147863951881958
43.57,0.0148249100832727
43.86,0.0148631128494095
44.15,0.0149010072655844
44.44,0.0149385970500174
44.73,0.0149758858613867
45.02,0.0150128773000157
45.31,0.0150495749090315
45.6,0.0150859821754968
45.89,0.015122102531514
46.18,0.0151579393553039
46.47,0.0151934959722589
46.76,0.0152287756559717
47.05,0.0152637816292399
47.34,0.0152985170650475
47.63,0.0153329850875236
47.92,0.015367188772879
48.21,0.0154011311503217
48.5,0.0154348152029506
48.79,0.0154682438686304
49.08,0.0155014200408447
49.37,0.0155343465695317
49.66,0.0155670262619
49.95,0.0155994618832264
50.24,0.0156316561576361
50.53,0.0156636117688651
50.82,0.0156953313610061
51.11,0.0157268175392378
51.4,0.0157580728705382
51.69,0.0157890998843823
51.98,0.0158199010734243
52.27,0.0158504788941652
52.56,0.015880835767606
52.85,0.0159109740798866
53.14,0.0159408961829111
53.43,0.0159706043949595
53.72,0.0160001010012865
54.01,0.0160293882547075
54.3,0.0160584683761722
54.59,0.0160873435553259
54.88,0.0161160159510592
55.17,0.0161444876920462
55.46,0.0161727608772711
55.75,0.016200837576544
56.04,0.0162287198310063
56.33,0.016256409653625
56.62,0.0162839090296774
56.91,0.0163112199172255
57.2,0.0163383442475806
57.49,0.0163652839257591
57.78,0.0163920408309277
58.07,0.0164186168168411
58.36,0.0164450137122696
58.65,0.0164712333214188
58.94,0.0164972774243409
59.23,0.0165231477773371
59.52,0.0165488461133526
59.81,0.0165743741423639
60.1,0.0165997335517573
60.39,0.0166249260067017
60.68,0.016649953150512
60.97,0.0166748166050075
61.26,0.0166995179708615
61.55,0.016724058827945
61.84,0.0167484407356635
62.13,0.0167726652332878
62.42,0.016796733840277
62.71,0.0168206480565971
63,0.0168444093630321
63.29,0.0168680192214897
63.58,0.0168914790753015
63.87,0.0169147903495165
64.16,0.0169379544511902
64.45,0.0169609727696674
64.74,0.0169838466768601
65.03,0.0170065775275203
65.32,0.0170291666595067
65.61,0.0170516153940482
65.9,0.0170739250360007
66.19,0.0170960968741005
66.48,0.0171181321812118
66.77,0.0171400322145712
67.06,0.0171617982160258
67.35,0.0171834314122688
67.64,0.0172049330150694
67.93,0.0172263042214994
68.22,0.0172475462141551
68.51,0.0172686601613756
68.8,0.0172896472174571
69.09,0.0173105085228629
69.38,0.0173312452044305
69.67,0.0173518583755738
69.96,0.0173723491364832
70.25,0.0173927185743208
70.54,0.0174129677634128
70.83,0.0174330977654383
71.12,0.0174531096296152
71.41,0.0174730043928819
71.7,0.0174927830800772
71.99,0.0175124467041154
72.28,0.0175319962661599
72.57,0.0175514327557929
72.86,0.0175707571511821
73.15,0.0175899704192454
73.44,0.0176090735158115
73.73,0.017628067385779
74.02,0.0176469529632717
74.31,0.0176657311717921
74.6,0.0176844029243719
74.89,0.0177029691237196
75.18,0.0177214306623666
75.47,0.0177397884228095
75.76,0.0177580432776516
76.05,0.0177761960897403
76.34,0.0177942477123035
76.63,0.0178121989890834
76.92,0.0178300507544675
77.21,0.0178478038336184
77.5,0.0178654590426005
77.79,0.0178830171885054
78.08,0.0179004790695746
78.37,0.0179178454753207
78.66,0.0179351171866463
78.95,0.0179522949759609
79.24,0.0179693796072964
79.53,0.0179863718364199
79.82,0.0180032724109457
80.11,0.0180200820704446
80.4,0.0180368015465516
80.69,0.0180534315630725
80.98,0.0180699728360883
81.27,0.0180864260740575
81.56,0.0181027919779177
81.85,0.0181190712411851
82.14,0.0181352645500523
82.43,0.0181513725834849
82.72,0.018167396013316
83.01,0.0181833355043403
83.3,0.0181991917144054
83.59,0.0182149652945025
83.88,0.0182306568888556
84.17,0.0182462671350093
84.46,0.0182617966639147
84.75,0.018277246100015
85.04,0.0182926160613285
85.33,0.0183079071595319
85.62,0.0183231200000405
85.91,0.0183382551820889
86.2,0.018353313298809
86.49,0.0183682949373082
86.78,0.0183832006787451
87.07,0.0183980310984047
87.36,0.018412786765773
87.65,0.0184274682446092
87.94,0.0184420760930178
88.23,0.0184566108635194
88.52,0.0184710731031201
88.81,0.0184854633533806
89.1,0.018499782150483
89.39,0.0185140300252984
89.68,0.0185282075034516
89.97,0.0185423151053863
90.26,0.0185563533464286
90.55,0.0185703227368498
90.84,0.018584223781928
91.13,0.0185980569820095
91.42,0.0186118228325683
91.71,0.0186255218242656
92,0.0186391544430081
92.29,0.018652721170005
92.58,0.0186662224818255
92.87,0.0186796588504535
93.16,0.0186930307433436
93.45,0.0187063386234747
93.74,0.0187195829494038
94.03,0.0187327641753181
94.32,0.0187458827510878
94.61,0.0187589391223163
94.9,0.0187719337303917
95.19,0.0187848670125354
95.48,0.0187977394018522
95.77,0.0188105513273778
96.06,0.0188233032141271
96.35,0.0188359954831409
96.64,0.0188486285515321
96.93,0.0188612028325318
97.22,0.0188737187355339
97.51,0.0188861766661399
97.8,0.0188985770262025
98.09,0.018910920213869
98.38,0.0189232066236237
98.67,0.01893543664633
98.96,0.0189476106692719
99.25,0.0189597290761948
99.54,0.0189717922473461
99.83,0.0189838005595144
100.12,0.0189957543860693
100.41,0.0190076540969997
100.7,0.0190195000589525
100.99,0.0190312926352695
101.28,0.0190430321860251
101.57,0.0190547190680628
101.86,0.0190663536350315
102.15,0.0190779362374207
102.44,0.0190894672225964
102.73,0.0191009469348352
103.02,0.0191123757153589
103.31,0.0191237539023682
103.6,0.019135081831076
103.89,0.0191463598337407
104.18,0.019157588239698
104.47,0.0191687673753936
104.76,0.0191798975644146
105.05,0.0191909791275205
105.34,0.0192020123826745
105.63,0.0192129976450733
105.92,0.0192239352271777
106.21,0.0192348254387419
106.5,0.0192456685868429
106.79,0.019256464975909
107.08,0.0192672149077489
107.37,0.0192779186815793
107.66,0.0192885765940529
107.95,0.0192991889392858
108.24,0.0193097560088844
108.53,0.0193202780919723
108.82,0.0193307554752167
109.11,0.0193411884428541
109.4,0.0193515772767165
109.69,0.0193619222562562
109.98,0.0193722236585714
110.27,0.0193824817584306
110.56,0.0193926968282973
110.85,0.0194028691383537
111.14,0.0194129989565251
111.43,0.0194230865485027
111.72,0.0194331321777676
112.01,0.0194431361056132
112.3,0.0194530985911681
112.59,0.0194630198914184
112.88,0.0194729002612297
113.17,0.0194827399533691
113.46,0.0194925392185267
113.75,0.019502298305337
114.04,0.0195120174603994
114.33,0.0195216969282998
114.62,0.0195313369516305
114.91,0.0195409377710106
115.2,0.0195504996251063
115.49,0.0195600227506501
115.78,0.0195695073824611
116.07,0.0195789537534635
116.36,0.0195883620947063
116.65,0.0195977326353819
116.94,0.0196070656028445
117.23,0.0196163612226291
117.52,0.0196256197184687
117.81,0.0196348413123134
118.1,0.019644026224347
118.39,0.0196531746730056
118.68,0.0196622868749939
118.97,0.0196713630453031
119.26,0.0196804033972275
119.55,0.0196894081423811
119.84,0.0196983774907142
120.13,0.0197073116505301
120.42,0.0197162108285003
120.71,0.0197250752296815
121,0.0197339050575306
121.29,0.0197427005139206
121.58,0.0197514617991559
121.87,0.0197601891119875
122.16,0.0197688826496282
122.45,0.019777542607767
122.74,0.0197861691805843
123.03,0.0197947625607662
123.32,0.0198033229395188
123.61,0.0198118505065823
123.9,0.0198203454502453
124.19,0.0198288079573586
124.48,0.0198372382133484
124.77,0.0198456364022308
125.06,0.0198540027066241
125.35,0.0198623373077629
125.64,0.0198706403855108
125.93,0.0198789121183734
126.22,0.019887152683511
126.51,0.0198953622567514
126.8,0.0199035410126023
127.09,0.0199116891242638
127.38,0.0199198067636404
127.67,0.0199278941013535
127.96,0.0199359513067526
128.25,0.0199439785479281
128.54,0.0199519759917222
128.83,0.0199599438037408
129.12,0.0199678821483649
129.41,0.0199757911887618
129.7,0.0199836710868965
129.99,0.0199915220035426
130.28,0.0199993440982931
130.57,0.0200071375295715
130.86,0.0200149024546424
131.15,0.020022639029622
131.44,0.0200303474094884
131.73,0.0200380277480924
132.02,0.0200456801981676
132.31,0.0200533049113399
132.6,0.0200609020381386
132.89,0.0200684717280054
133.18,0.0200760141293046
133.47,0.0200835293893328
133.76,0.0200910176543283
134.05,0.0200984790694808
134.34,0.0201059137789405
134.63,0.0201133219258279
134.92,0.0201207036522423
135.21,0.0201280590992714
135.5,0.0201353884070002
135.79,0.0201426917145197
136.08,0.0201499691599357
136.37,0.0201572208803779
136.66,0.0201644470120081
136.95,0.0201716476900288
137.24,0.0201788230486917
137.53,0.0201859732213062
137.82,0.0201930983402472
138.11,0.0202001985369639
138.4,0.0202072739419873
138.69,0.0202143246849384
138.98,0.0202213508945364
139.27,0.020228352698606
139.56,0.0202353302240857
139.85,0.0202422835970351
140.14,0.0202492129426426
140.43,0.0202561183852329
140.72,0.0202630000482744
141.01,0.0202698580543868
141.3,0.020276692525348
141.59,0.0202835035821016
141.88,0.0202902913447639
142.17,0.020297055932631
142.46,0.0203037974641859
142.75,0.0203105160571051
143.04,0.0203172118282658
143.33,0.0203238848937524
143.62,0.0203305353688635
143.91,0.0203371633681183
144.2,0.0203437690052632
144.49,0.0203503523932784
144.78,0.0203569136443844
145.07,0.020363452870048
145.36,0.0203699701809892
145.65,0.020376465687187
145.94,0.0203829394978856
146.23,0.020389391721601
146.52,0.0203958224661262
146.81,0.0204022318385382
147.1,0.0204086199452032
147.39,0.0204149868917828
147.68,0.0204213327832397
147.97,0.0204276577238437
148.26,0.0204339618171771
148.55,0.0204402451661404
148.84,0.0204465078729584
149.13,0.0204527500391849
149.42,0.0204589717657089
149.71,0.0204651731527596
150,0.020471354299912
