"ResDensity","N_TraitValue"
6,0.0271090870740787
7.588,0.0338187566133023
9.176,0.0403487756076546
10.764,0.0467062639210003
12.352,0.0528979700924853
13.94,0.0589302952322585
15.528,0.0648093150953397
17.116,0.0705408004936508
18.704,0.0761302361903655
20.292,0.0815828384066167
21.88,0.0869035710580204
23.468,0.0920971608272471
25.056,0.0971681111688411
26.644,0.102120715333502
28.232,0.106959068491001
29.82,0.111687079023677
31.408,0.11630847905597
32.996,0.12082683427962
34.584,0.125245553128878
36.172,0.129567895355358
37.76,0.133796980047867
39.348,0.137935793138672
40.936,0.141987194434171
42.524,0.145953924204754
44.112,0.149838609365766
45.7,0.15364376927887
47.288,0.157371821200738
48.876,0.161025085403813
50.464,0.164605789991968
52.052,0.168116075432033
53.64,0.17155799882058
55.228,0.174933537903822
56.816,0.178244594867143
58.404,0.181492999909505
59.992,0.184680514616859
61.58,0.187808835147611
63.168,0.190879595242255
64.756,0.193894369068391
66.344,0.196854673911536
67.932,0.19976197272139
69.52,0.202617676522549
71.108,0.205423146697986
72.696,0.20817969715309
74.284,0.210888596367475
75.872,0.213551069341291
77.46,0.216168299442323
79.048,0.218741430159714
80.636,0.221271566769785
82.224,0.223759777919038
83.812,0.226207097129122
85.4,0.2286145242282
86.988,0.23098302671288
88.576,0.233313541044629
90.164,0.235606973884288
91.752,0.237864203268139
93.34,0.2400860797287
94.928,0.242273427363278
96.516,0.244427044853079
98.104,0.246547706435541
99.692,0.248636162832366
101.28,0.250693142135587
102.868,0.252719350653875
104.456,0.254715473721142
106.044,0.256682176469401
107.632,0.258620104567689
109.22,0.260529884928805
110.808,0.262412126385466
112.396,0.264267420337428
113.984,0.266096341371003
115.572,0.267899447852354
117.16,0.269677282495834
118.748,0.2714303729086
120.336,0.27315923211264
121.924,0.274864359045304
123.512,0.276546239039366
125.1,0.278205344283579
126.688,0.27984213426465
128.276,0.281457056191496
129.864,0.283050545402615
131.452,0.284623025757337
133.04,0.286174910011707
134.628,0.287706600179691
136.216,0.289218487880376
137.804,0.290710954671783
139.392,0.292184372371908
140.98,0.293639103367541
142.568,0.295075500911408
144.156,0.29649390940816
145.744,0.297894664689668
147.332,0.299278094280116
148.92,0.300644517651312
150.508,0.301994246468639
152.096,0.303327584828053
153.684,0.304644829484491
155.272,0.305946270072065
156.86,0.307232189316372
158.448,0.308502863239254
160.036,0.309758561356324
161.624,0.310999546867541
163.212,0.312226076841128
164.8,0.313438402391104
166.388,0.314636768848677
167.976,0.315821415927756
169.564,0.316992577884809
171.152,0.31815048367329
172.74,0.319295357092858
174.328,0.320427416933576
175.916,0.321546877115309
177.504,0.322653946822477
179.092,0.323748830634374
180.68,0.324831728651197
182.268,0.325902836615958
183.856,0.326962346032447
185.444,0.328010444279366
187.032,0.329047314720813
188.62,0.33007313681322
190.208,0.3310880862089
191.796,0.332092334856313
193.384,0.333086051097181
194.972,0.334069399760562
196.56,0.335042542253994
198.148,0.336005636651816
199.736,0.336958837780771
201.324,0.337902297302975
202.912,0.338836163796368
204.5,0.339760582832712
206.088,0.340675697053242
207.676,0.341581646242035
209.264,0.342478567397198
210.852,0.343366594799924
212.44,0.344245860081516
214.028,0.345116492288432
215.616,0.34597861794542
217.204,0.346832361116818
218.792,0.347677843466068
220.38,0.348515184313518
221.968,0.349344500692556
223.556,0.350165907404139
225.144,0.350979517069774
226.732,0.351785440182991
228.32,0.352583785159366
229.908,0.353374658385142
231.496,0.354158164264488
233.084,0.354934405265449
234.672,0.355703481964612
236.26,0.356465493090554
237.848,0.357220535566092
239.436,0.357968704549379
241.024,0.358710093473882
242.612,0.35944479408728
244.2,0.360172896489315
245.788,0.360894489168626
247.376,0.361609659038596
248.964,0.362318491472253
250.552,0.363021070336245
252.14,0.363717478023915
253.728,0.364407795487514
255.316,0.365092102269569
256.904,0.36577047653344
258.492,0.366442995093077
260.08,0.36710973344202
261.668,0.367770765781647
263.256,0.368426165048703
264.844,0.369076002942125
266.432,0.369720349949195
268.02,0.370359275371022
269.608,0.370992847347392
271.196,0.371621132880992
272.784,0.372244197861029
274.372,0.372862107086269
275.96,0.373474924287499
277.548,0.374082712149437
279.136,0.374685532332113
280.724,0.375283445491715
282.312,0.37587651130094
283.9,0.376464788468844
285.488,0.377048334760214
287.076,0.377627207014481
288.664,0.378201461164172
290.252,0.378771152252928
291.84,0.37933633445309
293.428,0.379897061082873
295.016,0.38045338462313
296.604,0.381005356733733
298.192,0.381553028269555
299.78,0.382096449296099
301.368,0.382635669104745
302.956,0.383170736227662
304.544,0.383701698452365
306.132,0.384228602835945
307.72,0.384751495718967
309.308,0.385270422739064
310.896,0.385785428844205
312.484,0.386296558305682
314.072,0.386803854730791
315.66,0.387307361075239
317.248,0.387807119655262
318.836,0.388303172159487
320.424,0.38879555966052
322.012,0.389284322626285
323.6,0.389769500931112
325.188,0.390251133866575
326.776,0.390729260152109
328.364,0.391203917945376
329.952,0.391675144852425
331.54,0.392142977937619
333.128,0.392607453733351
334.716,0.393068608249564
336.304,0.393526476983043
337.892,0.393981094926537
339.48,0.394432496577663
341.068,0.394880715947639
342.656,0.395325786569826
344.244,0.395767741508085
345.832,0.396206613364973
347.42,0.396642434289757
349.008,0.39707523598626
350.596,0.397505049720559
352.184,0.397931906328505
353.772,0.398355836223101
355.36,0.398776869401728
356.948,0.399195035453216
358.536,0.399610363564779
360.124,0.400022882528804
361.712,0.400432620749507
363.3,0.400839606249449
364.888,0.40124386667593
366.476,0.401645429307242
368.064,0.402044321058814
369.652,0.402440568489219
371.24,0.402834197806069
372.828,0.403225234871799
374.416,0.403613705209324
376.004,0.403999634007595
377.592,0.404383046127047
379.18,0.40476396610493
380.768,0.405142418160552
382.356,0.405518426200404
383.944,0.405892013823201
385.532,0.406263204324815
387.12,0.406632020703118
388.708,0.406998485662735
390.296,0.407362621619697
391.884,0.407724450706018
393.472,0.408083994774175
395.06,0.408441275401509
396.648,0.408796313894543
398.236,0.409149131293214
399.824,0.409499748375032
401.412,0.409848185659158
403,0.410194463410408
404.588,0.410538601643179
406.176,0.410880620125309
407.764,0.411220538381858
409.352,0.411558375698827
410.94,0.411894151126806
412.528,0.412227883484549
414.116,0.412559591362499
415.704,0.412889293126232
417.292,0.41321700691985
418.88,0.413542750669311
420.468,0.413866542085695
422.056,0.414188398668413
423.644,0.414508337708366
425.232,0.414826376291032
426.82,0.415142531299516
428.408,0.415456819417533
429.996,0.415769257132343
431.584,0.416079860737636
433.172,0.416388646336364
434.76,0.416695629843522
436.348,0.417000826988884
437.936,0.417304253319691
439.524,0.417605924203287
441.112,0.417905854829719
442.7,0.418204060214279
444.288,0.41850055520002
445.876,0.418795354460209
447.464,0.419088472500754
449.052,0.419379923662578
450.64,0.419669722123965
452.228,0.419957881902853
453.816,0.420244416859096
455.404,0.420529340696688
456.992,0.420812666965944
458.58,0.421094409065655
460.168,0.42137458024519
461.756,0.421653193606583
463.344,0.421930262106569
464.932,0.422205798558597
466.52,0.422479815634799
468.108,0.422752325867941
469.696,0.423023341653327
471.284,0.423292875250681
472.872,0.423560938785997
474.46,0.423827544253355
476.048,0.42409270351671
477.636,0.424356428311656
479.224,0.42461873024715
480.812,0.424879620807224
482.4,0.425139111352653
483.988,0.42539721312261
485.576,0.425653937236287
487.164,0.42590929469449
488.752,0.426163296381211
490.34,0.426415953065176
491.928,0.426667275401367
493.516,0.426917273932516
495.104,0.427165959090586
496.692,0.427413341198215
498.28,0.427659430470147
499.868,0.42790423701464
501.456,0.428147770834849
503.044,0.428390041830186
504.632,0.428631059797664
506.22,0.428870834433217
507.808,0.429109375333
509.396,0.429346691994671
510.984,0.429582793818646
512.572,0.429817690109348
514.16,0.430051390076424
515.748,0.43028390283595
517.336,0.430515237411615
518.924,0.430745402735893
520.512,0.430974407651187
522.1,0.431202260910965
523.688,0.431428971180873
525.276,0.431654547039837
526.864,0.43187899698114
528.452,0.432102329413494
530.04,0.432324552662085
531.628,0.432545674969609
533.216,0.432765704497295
534.804,0.432984649325902
536.392,0.433202517456714
537.98,0.433419316812513
539.568,0.433635055238537
541.156,0.433849740503431
542.744,0.434063380300175
544.332,0.434275982247006
545.92,0.434487553888322
547.508,0.434698102695576
549.096,0.434907636068153
550.684,0.435116161334238
552.272,0.435323685751671
553.86,0.435530216508788
555.448,0.435735760725255
557.036,0.435940325452877
558.624,0.436143917676415
560.212,0.436346544314373
561.8,0.436548212219787
563.388,0.436748928180995
564.976,0.436948698922398
566.564,0.437147531105213
568.152,0.437345431328213
569.74,0.437542406128456
571.328,0.437738461982004
572.916,0.437933605304637
574.504,0.438127842452548
576.092,0.438321179723034
577.68,0.43851362335518
579.268,0.438705179530527
580.856,0.438895854373734
582.444,0.439085653953231
584.032,0.439274584281864
585.62,0.439462651317529
587.208,0.439649860963798
588.796,0.439836219070538
590.384,0.44002173143452
591.972,0.440206403800017
593.56,0.440390241859401
595.148,0.440573251253728
596.736,0.44075543757331
598.324,0.440936806358289
599.912,0.441117363099199
601.5,0.441297113237516
603.088,0.441476062166207
604.676,0.44165421523027
606.264,0.441831577727265
607.852,0.442008154907839
609.44,0.442183951976246
611.028,0.442358974090855
612.616,0.442533226364659
614.204,0.442706713865767
615.792,0.442879441617901
617.38,0.44305141460088
618.968,0.443222637751094
620.556,0.443393115961981
622.144,0.443562854084491
623.732,0.44373185692755
625.32,0.443900129258506
626.908,0.444067675803587
628.496,0.444234501248336
630.084,0.44440061023805
631.672,0.444566007378214
633.26,0.444730697234924
634.848,0.444894684335306
636.436,0.445057973167934
638.024,0.445220568183236
639.612,0.445382473793903
641.2,0.445543694375283
642.788,0.445704234265779
644.376,0.445864097767236
645.964,0.446023289145327
647.552,0.44618181262993
649.14,0.446339672415505
650.728,0.446496872661464
652.316,0.446653417492532
653.904,0.446809310999115
655.492,0.446964557237651
657.08,0.447119160230961
658.668,0.447273123968602
660.256,0.447426452407205
661.844,0.447579149470816
663.432,0.447731219051232
665.02,0.447882665008328
666.608,0.448033491170387
668.196,0.448183701334421
669.784,0.448333299266491
671.372,0.448482288702019
672.96,0.448630673346102
674.548,0.448778456873818
676.136,0.448925642930527
677.724,0.449072235132177
679.312,0.449218237065592
680.9,0.44936365228877
682.488,0.449508484331172
684.076,0.449652736694004
685.664,0.449796412850503
687.252,0.449939516246214
688.84,0.450082050299264
690.428,0.450224018400637
692.016,0.450365423914442
693.604,0.450506270178177
695.192,0.450646560502993
696.78,0.450786298173955
698.368,0.450925486450295
699.956,0.451064128565668
701.544,0.451202227728401
703.132,0.451339787121743
704.72,0.451476809904104
706.308,0.451613299209305
707.896,0.451749258146809
709.484,0.451884689801961
711.072,0.452019597236221
712.66,0.452153983487396
714.248,0.452287851569866
715.836,0.452421204474807
717.424,0.452554045170421
719.012,0.452686376602149
720.6,0.452818201692894
722.188,0.452949523343231
723.776,0.453080344431624
725.364,0.453210667814637
726.952,0.453340496327136
728.54,0.453469832782502
730.128,0.453598679972827
731.716,0.453727040669122
733.304,0.45385491762151
734.892,0.453982313559426
736.48,0.454109231191807
738.068,0.454235673207291
739.656,0.454361642274399
741.244,0.454487141041729
742.832,0.454612172138137
744.42,0.454736738172924
746.008,0.454860841736015
747.596,0.45498448539814
749.184,0.455107671711013
750.772,0.455230403207501
752.36,0.455352682401807
753.948,0.455474511789635
755.536,0.455595893848362
757.124,0.455716831037204
758.712,0.455837325797386
760.3,0.455957380552303
761.888,0.456076997707683
763.476,0.45619617965175
765.064,0.456314928755378
766.652,0.456433247372255
768.24,0.456551137839031
769.828,0.456668602475479
771.416,0.456785643584642
773.004,0.456902263452985
774.592,0.457018464350545
776.18,0.457134248531078
777.768,0.457249618232203
779.356,0.457364575675547
780.944,0.45747912306689
782.532,0.457593262596302
784.12,0.457706996438287
785.708,0.457820326751915
787.296,0.457933255680966
788.884,0.458045785354059
790.472,0.45815791788479
792.06,0.458269655371862
793.648,0.458380999899216
795.236,0.458491953536161
796.824,0.458602518337503
798.412,0.458712696343671
800,0.458822489580842
