"ResDensity","N_TraitValue"
1.776,0.912742938755377
1.8020052,0.924316627486358
1.8280104,0.93584563264225
1.8540156,0.947330212495299
1.8800208,0.958770623331149
1.906026,0.970167119467908
1.9320312,0.981519953274996
1.9580364,0.992829375191769
1.9840416,1.00409563374594
2.0100468,1.01531897557178
2.036052,1.02649964542811
2.0620572,1.03763788621611
2.0880624,1.0487339389969
2.1140676,1.05978804300892
2.1400728,1.07080043568516
2.166078,1.08177135267009
2.1920832,1.09270102783656
2.2180884,1.10358969330235
2.2440936,1.11443757944661
2.2700988,1.12524491492615
2.296104,1.13601192669146
2.3221092,1.14673884000261
2.3481144,1.15742587844499
2.3741196,1.16807326394478
2.4001248,1.17868121678438
2.42613,1.18924995561756
2.4521352,1.19977969748448
2.4781404,1.2102706578266
2.5041456,1.22072305050131
2.5301508,1.23113708779647
2.556156,1.24151298044484
2.5821612,1.25185093763822
2.6081664,1.26215116704156
2.6341716,1.27241387480685
2.6601768,1.28263926558685
2.686182,1.29282754254875
2.7121872,1.30297890738756
2.7381924,1.31309356033946
2.7641976,1.32317170019496
2.7902028,1.33321352431192
2.816208,1.34321922862842
2.8422132,1.35318900767554
2.8682184,1.36312305458993
2.8942236,1.3730215611263
2.9202288,1.38288471766974
2.946234,1.39271271324795
2.9722392,1.40250573554333
2.9982444,1.41226397090485
3.0242496,1.42198760435998
3.0502548,1.43167681962628
3.07626,1.44133179912305
3.1022652,1.45095272398274
3.1282704,1.46053977406228
3.1542756,1.47009312795429
3.1802808,1.47961296299817
3.206286,1.48909945529108
3.2322912,1.49855277969881
3.2582964,1.50797310986646
3.2843016,1.51736061822918
3.3103068,1.52671547602258
3.336312,1.53603785329323
3.3623172,1.5453279189089
3.3883224,1.55458584056881
3.4143276,1.56381178481366
3.4403328,1.57300591703567
3.466338,1.58216840148846
3.4923432,1.59129940129678
3.5183484,1.60039907846625
3.5443536,1.60946759389291
3.5703588,1.61850510737271
3.596364,1.62751177761089
3.6223692,1.6364877622313
3.6483744,1.64543321778554
3.6743796,1.65434829976211
3.7003848,1.6632331625954
3.72639,1.67208795967461
3.7523952,1.68091284335257
3.7784004,1.6897079649545
3.8044056,1.69847347478664
3.8304108,1.7072095221448
3.856416,1.71591625532286
3.8824212,1.72459382162118
3.9084264,1.73324236735484
3.9344316,1.74186203786194
3.9604368,1.75045297751168
3.986442,1.75901532971246
4.0124472,1.76754923691984
4.0384524,1.77605484064444
4.0644576,1.7845322814598
4.0904628,1.79298169901004
4.116468,1.80140323201764
4.1424732,1.80979701829091
4.1684784,1.81816319473163
4.1944836,1.82650189734237
4.2204888,1.83481326123399
4.246494,1.8430974206328
4.2724992,1.85135450888791
4.2985044,1.8595846584783
4.3245096,1.86778800101995
4.3505148,1.87596466727282
4.37652,1.88411478714785
4.4025252,1.89223848971378
4.4285304,1.90033590320401
4.4545356,1.90840715502332
4.4805408,1.91645237175457
4.506546,1.92447167916531
4.5325512,1.93246520221432
4.5585564,1.94043306505812
4.5845616,1.94837539105741
4.6105668,1.95629230278338
4.636572,1.96418392202409
4.6625772,1.97205036979066
4.6885824,1.97989176632347
4.7145876,1.98770823109831
4.7405928,1.99549988283241
4.766598,2.00326683949046
4.7926032,2.01100921829061
4.8186084,2.01872713571029
4.8446136,2.02642070749211
4.8706188,2.03409004864961
4.896624,2.04173527347303
4.9226292,2.04935649553496
4.9486344,2.05695382769593
4.9746396,2.06452738211008
5.0006448,2.07207727023058
5.02665,2.07960360281513
5.0526552,2.08710648993141
5.0786604,2.0945860409624
5.1046656,2.10204236461171
5.1306708,2.10947556890885
5.156676,2.11688576121447
5.1826812,2.12427304822547
5.2086864,2.13163753598018
5.2346916,2.13897932986341
5.2606968,2.14629853461145
5.286702,2.15359525431711
5.3127072,2.1608695924346
5.3387124,2.16812165178446
5.3647176,2.17535153455838
5.3907228,2.18255934232398
5.416728,2.18974517602964
5.4427332,2.19690913600913
5.4687384,2.20405132198632
5.4947436,2.21117183307981
5.5207488,2.2182707678075
5.546754,2.22534822409116
5.5727592,2.23240429926088
5.5987644,2.23943909005959
5.6247696,2.24645269264746
5.6507748,2.25344520260625
5.67678,2.26041671494372
5.7027852,2.26736732409785
5.7287904,2.27429712394119
5.7547956,2.281206207785
5.7808008,2.28809466838352
5.806806,2.29496259793806
5.8328112,2.30181008810115
5.8588164,2.30863722998058
5.8848216,2.3154441141435
5.9108268,2.32223083062035
5.936832,2.32899746890889
5.9628372,2.33574411797812
5.9888424,2.34247086627215
6.0148476,2.34917780171409
6.0408528,2.3558650117099
6.066858,2.36253258315214
6.0928632,2.36918060242376
6.1188684,2.37580915540184
6.1448736,2.38241832746127
6.1708788,2.38900820347842
6.196884,2.39557886783476
6.2228892,2.40213040442052
6.2488944,2.40866289663817
6.2748996,2.41517642740603
6.3009048,2.42167107916175
6.32691,2.42814693386578
6.3529152,2.43460407300486
6.3789204,2.44104257759537
6.4049256,2.44746252818679
6.4309308,2.45386400486499
6.456936,2.46024708725564
6.4829412,2.46661185452742
6.5089464,2.47295838539536
6.5349516,2.47928675812409
6.5609568,2.48559705053099
6.586962,2.49188933998944
6.6129672,2.49816370343197
6.6389724,2.50442021735338
6.6649776,2.51065895781386
6.6909828,2.51688000044208
6.716988,2.52308342043823
6.7429932,2.52926929257704
6.7689984,2.53543769121083
6.7950036,2.54158869027244
6.8210088,2.54772236327822
6.847014,2.55383878333092
6.8730192,2.55993802312263
6.8990244,2.56602015493765
6.9250296,2.57208525065535
6.9510348,2.57813338175297
6.97704,2.58416461930846
7.0030452,2.59017903400327
7.0290504,2.59617669612508
7.0550556,2.60215767557058
7.0810608,2.60812204184812
7.107066,2.61406986408049
7.1330712,2.6200012110075
7.1590764,2.62591615098871
7.1850816,2.63181475200599
7.2110868,2.63769708166616
7.237092,2.64356320720358
7.2630972,2.64941319548268
7.2891024,2.65524711300053
7.3151076,2.66106502588932
7.3411128,2.66686699991893
7.367118,2.67265310049932
7.3931232,2.67842339268307
7.4191284,2.68417794116775
7.4451336,2.68991681029839
7.4711388,2.69564006406984
7.497144,2.70134776612919
7.5231492,2.70703997977807
7.5491544,2.71271676797506
7.5751596,2.71837819333795
7.6011648,2.72402431814608
7.62717,2.72965520434261
7.6531752,2.73527091353679
7.6791804,2.7408715070062
7.7051856,2.74645704569899
7.7311908,2.75202759023608
7.757196,2.75758320091336
7.7832012,2.76312393770385
7.8092064,2.7686498602599
7.8352116,2.77416102791527
7.8612168,2.7796574996873
7.887222,2.785139334279
7.9132272,2.79060659008115
7.9392324,2.79605932517435
7.9652376,2.80149759733111
7.9912428,2.80692146401785
8.017248,2.81233098239696
8.0432532,2.8177262093288
8.0692584,2.82310720137367
8.0952636,2.82847401479382
8.1212688,2.83382670555538
8.147274,2.83916532933034
8.1732792,2.84448994149843
8.1992844,2.84980059714909
8.2252896,2.85509735108333
8.2512948,2.86038025781564
8.2773,2.86564937157585
8.3033052,2.87090474631096
8.3293104,2.87614643568704
8.3553156,2.88137449309101
8.3813208,2.88658897163247
8.407326,2.89178992414547
8.4333312,2.89697740319036
8.4593364,2.90215146105549
8.4853416,2.90731214975899
8.5113468,2.91245952105055
8.537352,2.91759362641309
8.5633572,2.92271451706452
8.5893624,2.92782224395943
8.6153676,2.93291685779077
8.6413728,2.93799840899154
8.667378,2.94306694773644
8.6933832,2.94812252394356
8.7193884,2.95316518727596
8.7453936,2.95819498714334
8.7713988,2.96321197270363
8.797404,2.96821619286461
8.8234092,2.9732076962855
8.8494144,2.97818653137852
8.8754196,2.98315274631044
8.9014248,2.98810638900419
8.92743,2.99304750714036
8.9534352,2.99797614815872
8.9794404,3.00289235925978
9.0054456,3.00779618740626
9.0314508,3.01268767932459
9.057456,3.01756688150642
9.0834612,3.02243384021007
9.1094664,3.02728860146199
9.1354716,3.03213121105821
9.1614768,3.03696171456582
9.187482,3.04178015732434
9.2134872,3.04658658444717
9.2394924,3.051381040823
9.2654976,3.05616357111719
9.2915028,3.06093421977319
9.317508,3.06569303101387
9.3435132,3.07044004884293
9.3695184,3.07517531704623
9.3955236,3.07989887919314
9.4215288,3.08461077863789
9.447534,3.08931105852087
9.4735392,3.09399976176998
9.4995444,3.09867693110192
9.5255496,3.10334260902348
9.5515548,3.10799683783284
9.57756,3.11263965962083
9.6035652,3.11727111627223
9.6295704,3.12189124946699
9.6555756,3.12650010068154
9.6815808,3.13109771118996
9.707586,3.13568412206524
9.7335912,3.14025937418054
9.7595964,3.14482350821035
9.7856016,3.14937656463173
9.8116068,3.15391858372547
9.837612,3.15844960557734
9.8636172,3.1629696700792
9.8896224,3.16747881693021
9.9156276,3.17197708563801
9.9416328,3.1764645155198
9.967638,3.18094114570358
9.9936432,3.18540701512921
10.0196484,3.1898621625496
10.0456536,3.19430662653176
10.0716588,3.198740445458
10.097664,3.20316365752695
10.1236692,3.20757630075472
10.1496744,3.21197841297597
10.1756796,3.21637003184495
10.2016848,3.22075119483665
10.22769,3.22512193924781
10.2536952,3.22948230219799
10.2797004,3.23383232063063
10.3057056,3.2381720313141
10.3317108,3.2425014708427
10.357716,3.24682067563773
10.3837212,3.25112968194849
10.4097264,3.25542852585331
10.4357316,3.25971724326052
10.4617368,3.26399586990949
10.487742,3.26826444137163
10.5137472,3.2725229930513
10.5397524,3.2767715601869
10.5657576,3.28101017785175
10.5917628,3.28523888095509
10.617768,3.28945770424307
10.6437732,3.29366668229962
10.6697784,3.2978658495475
10.6957836,3.30205524024913
10.7217888,3.30623488850761
10.747794,3.3104048282676
10.7737992,3.31456509331625
10.7998044,3.31871571728412
10.8258096,3.32285673364606
10.8518148,3.32698817572214
10.87782,3.33111007667854
10.9038252,3.3352224695284
10.9298304,3.33932538713277
10.9558356,3.34341886220141
10.9818408,3.34750292729373
11.007846,3.35157761481958
11.0338512,3.35564295704017
11.0598564,3.35969898606891
11.0858616,3.3637457338722
11.1118668,3.36778323227036
11.137872,3.37181151293838
11.1638772,3.37583060740681
11.1898824,3.37984054706254
11.2158876,3.38384136314964
11.2418928,3.38783308677017
11.267898,3.39181574888499
11.2939032,3.39578938031453
11.3199084,3.39975401173962
11.3459136,3.40370967370228
11.3719188,3.40765639660647
11.397924,3.41159421071891
11.4239292,3.4155231461698
11.4499344,3.41944323295367
11.4759396,3.42335450093006
11.5019448,3.42725697982433
11.52795,3.43115069922839
11.5539552,3.43503568860147
11.5799604,3.43891197727082
11.6059656,3.44277959443251
11.6319708,3.4466385691521
11.657976,3.45048893036541
11.6839812,3.45433070687923
11.7099864,3.45816392737205
11.7359916,3.46198862039473
11.7619968,3.46580481437128
11.788002,3.46961253759949
11.8140072,3.4734118182517
11.8400124,3.47720268437543
11.8660176,3.48098516389412
11.8920228,3.48475928460777
11.918028,3.48852507419369
11.9440332,3.49228256020708
11.9700384,3.49603177008179
11.9960436,3.49977273113096
12.0220488,3.50350547054764
12.048054,3.50723001540552
12.0740592,3.51094639265952
12.1000644,3.5146546291465
12.1260696,3.51835475158586
12.1520748,3.52204678658018
12.17808,3.52573076061592
12.2040852,3.52940670006396
12.2300904,3.53307463118032
12.2560956,3.5367345801067
12.2821008,3.54038657287118
12.308106,3.54403063538879
12.3341112,3.54766679346212
12.3601164,3.55129507278196
12.3861216,3.55491549892788
12.4121268,3.55852809736885
12.438132,3.56213289346381
12.4641372,3.56572991246228
12.4901424,3.56931917950497
12.5161476,3.57290071962432
12.5421528,3.57647455774513
12.568158,3.58004071868509
12.5941632,3.5835992271554
12.6201684,3.58715010776131
12.6461736,3.59069338500271
12.6721788,3.59422908327465
12.698184,3.59775722686798
12.7241892,3.60127783996981
12.7501944,3.60479094666413
12.7761996,3.60829657093234
12.8022048,3.6117947366538
12.82821,3.61528546760635
12.8542152,3.61876878746688
12.8802204,3.62224471981184
12.9062256,3.6257132881178
12.9322308,3.62917451576193
12.958236,3.6326284260226
12.9842412,3.63607504207982
13.0102464,3.63951438701582
13.0362516,3.64294648381552
13.0622568,3.64637135536709
13.088262,3.64978902446242
13.1142672,3.65319951379764
13.1402724,3.65660284597362
13.1662776,3.65999904349647
13.1922828,3.66338812877804
13.218288,3.66677012413641
13.2442932,3.67014505179637
13.2702984,3.67351293388992
13.2963036,3.67687379245676
13.3223088,3.68022764944476
13.348314,3.68357452671041
13.3743192,3.68691444601936
13.4003244,3.69024742904684
13.4263296,3.69357349737815
13.4523348,3.69689267250909
13.47834,3.7002049758465
13.5043452,3.70351042870865
13.5303504,3.7068090523257
13.5563556,3.71010086784022
13.5823608,3.71338589630755
13.608366,3.71666415869634
13.6343712,3.71993567588892
13.6603764,3.72320046868178
13.6863816,3.72645855778603
13.7123868,3.72970996382777
13.738392,3.73295470734862
13.7643972,3.73619280880606
13.7904024,3.73942428857393
13.8164076,3.7426491669428
13.8424128,3.74586746412046
13.868418,3.74907920023227
13.8944232,3.75228439532165
13.9204284,3.75548306935043
13.9464336,3.75867524219932
13.9724388,3.76186093366828
13.998444,3.76504016347696
14.0244492,3.76821295126511
14.0504544,3.77137931659292
14.0764596,3.77453927894153
14.1024648,3.77769285771333
14.12847,3.78084007223242
14.1544752,3.78398094174496
14.1804804,3.78711548541961
14.2064856,3.79024372234788
14.2324908,3.79336567154454
14.258496,3.79648135194798
14.2845012,3.79959078242064
14.3105064,3.80269398174934
14.3365116,3.80579096864569
14.3625168,3.80888176174644
14.388522,3.81196637961389
14.4145272,3.81504484073622
14.4405324,3.8181171635279
14.4665376,3.82118336633004
14.4925428,3.82424346741072
14.518548,3.82729748496543
14.5445532,3.83034543711735
14.5705584,3.83338734191776
14.5965636,3.83642321734639
14.6225688,3.83945308131175
14.648574,3.84247695165149
14.6745792,3.84549484613279
14.7005844,3.84850678245264
14.7265896,3.85151277823824
14.7525948,3.85451285104732
14.7786,3.8575070183685
