"ResDensity","N_TraitValue"
10,0.00055470646192553
10.3,0.000570351702965402
10.6,0.000585942494469485
10.9,0.000601479120191973
11.2,0.000616961861918834
11.5,0.000632390999484843
11.8,0.000647766810790443
12.1,0.000663089571818428
12.4,0.000678359556650459
12.7,0.000693577037483401
13,0.000708742284645501
13.3,0.000723855566612393
13.6,0.000738917150022943
13.9,0.000753927299694929
14.2,0.00076888627864056
14.5,0.000783794348081842
14.8,0.00079865176746578
15.1,0.00081345879447943
15.4,0.000828215685064798
15.7,0.000842922693433586
16,0.000857580072081788
16.3,0.000872188071804141
16.6,0.000886746941708433
16.9,0.000901256929229655
17.2,0.000915718280144028
17.5,0.000930131238582872
17.8,0.000944496047046351
18.1,0.000958812946417066
18.4,0.000973082175973526
18.7,0.000987303973403477
19,0.0010014785748171
19.3,0.00101560621476006
19.6,0.00102968712622649
19.9,0.00104372154067174
20.2,0.0010577096880251
20.5,0.00107165179670235
20.8,0.00108554809361816
21.1,0.00109939880419848
21.4,0.00111320415239262
21.7,0.00112696436068541
22,0.00114067965010911
22.3,0.00115435024025527
22.6,0.00116797634928641
22.9,0.00118155819394767
23.2,0.00119509598957826
23.5,0.00120858995012289
23.8,0.00122204028814299
24.1,0.00123544721482791
24.4,0.00124881094000595
24.7,0.0012621316721553
25,0.00127540961841493
25.3,0.00128864498459527
25.6,0.00130183797518886
25.9,0.00131498879338089
26.2,0.00132809764105966
26.5,0.00134116471882684
26.8,0.00135419022600776
27.1,0.00136717436066152
27.4,0.00138011731959106
27.7,0.00139301929835305
28,0.00140588049126778
28.3,0.00141870109142892
28.6,0.00143148129071314
28.9,0.00144422127978974
29.2,0.00145692124813008
29.5,0.00146958138401701
29.8,0.00148220187455415
30.1,0.00149478290567513
30.4,0.00150732466215269
30.7,0.00151982732760777
31,0.00153229108451844
31.3,0.00154471611422875
31.6,0.00155710259695761
31.9,0.00156945071180742
32.2,0.00158176063677274
32.5,0.00159403254874884
32.8,0.00160626662354018
33.1,0.00161846303586877
33.4,0.00163062195938255
33.7,0.00164274356666356
34,0.00165482802923617
34.3,0.00166687551757511
34.6,0.00167888620111354
34.9,0.00169086024825097
35.2,0.00170279782636112
35.5,0.00171469910179972
35.8,0.00172656423991228
36.1,0.00173839340504169
36.4,0.00175018676053582
36.7,0.00176194446875509
37,0.00177366669107983
37.3,0.00178535358791777
37.6,0.00179700531871125
37.9,0.00180862204194456
38.2,0.00182020391515107
38.5,0.00183175109492038
38.8,0.00184326373690535
39.1,0.00185474199582914
39.4,0.00186618602549207
39.7,0.00187759597877856
40,0.00188897200766391
40.3,0.00190031426322104
40.6,0.00191162289562718
40.9,0.00192289805417051
41.2,0.00193413988725672
41.5,0.00194534854241551
41.8,0.00195652416630708
42.1,0.00196766690472849
42.4,0.00197877690262002
42.7,0.00198985430407143
43,0.00200089925232824
43.3,0.00201191188979783
43.6,0.00202289235805565
43.9,0.0020338407978512
44.2,0.0020447573491141
44.5,0.00205564215096003
44.8,0.00206649534169665
45.1,0.00207731705882945
45.4,0.00208810743906756
45.7,0.0020988666183295
46,0.0021095947317489
46.3,0.00212029191368014
46.6,0.00213095829770399
46.9,0.00214159401663312
47.2,0.00215219920251768
47.5,0.00216277398665069
47.8,0.00217331849957351
48.1,0.00218383287108121
48.4,0.00219431723022786
48.7,0.00220477170533186
49,0.00221519642398111
49.3,0.00222559151303827
49.6,0.00223595709864586
49.9,0.00224629330623139
50.2,0.00225660026051238
50.5,0.00226687808550143
50.8,0.00227712690451115
51.1,0.0022873468401591
51.4,0.00229753801437272
51.7,0.00230770054839411
52,0.00231783456278489
52.3,0.00232794017743095
52.6,0.00233801751154718
52.9,0.00234806668368217
53.2,0.00235808781172282
53.5,0.00236808101289899
53.8,0.00237804640378807
54.1,0.00238798410031947
54.4,0.00239789421777917
54.7,0.00240777687081415
55,0.00241763217343681
55.3,0.00242746023902936
55.6,0.00243726118034817
55.9,0.00244703510952809
56.2,0.00245678213808668
56.5,0.00246650237692853
56.8,0.0024761959363494
57.1,0.00248586292604043
57.4,0.00249550345509226
57.7,0.00250511763199911
58,0.00251470556466293
58.3,0.00252426736039733
58.6,0.00253380312593167
58.9,0.00254331296741498
59.2,0.00255279699041995
59.5,0.00256225529994676
59.8,0.00257168800042702
60.1,0.0025810951957276
60.4,0.00259047698915443
60.7,0.00259983348345628
61,0.00260916478082851
61.3,0.00261847098291682
61.6,0.00262775219082092
61.9,0.00263700850509815
62.2,0.0026462400257672
62.5,0.00265544685231165
62.8,0.00266462908368353
63.1,0.00267378681830694
63.4,0.00268292015408148
63.7,0.00269202918838579
64,0.00270111401808102
64.3,0.00271017473951421
64.6,0.00271921144852175
64.9,0.00272822424043272
65.2,0.00273721321007229
65.5,0.00274617845176499
65.8,0.00275512005933803
66.1,0.00276403812612459
66.4,0.00277293274496706
66.7,0.00278180400822024
67,0.00279065200775457
67.3,0.00279947683495928
67.6,0.00280827858074552
67.9,0.00281705733554955
68.2,0.00282581318933574
68.5,0.00283454623159973
68.8,0.00284325655137141
69.1,0.00285194423721802
69.4,0.00286060937724708
69.7,0.00286925205910939
70,0.00287787237000204
70.3,0.00288647039667124
70.6,0.00289504622541532
70.9,0.00290359994208759
71.2,0.00291213163209917
71.5,0.00292064138042188
71.8,0.00292912927159104
72.1,0.00293759538970828
72.4,0.0029460398184443
72.7,0.00295446264104162
73,0.00296286394031737
73.3,0.00297124379866592
73.6,0.00297960229806167
73.9,0.00298793952006162
74.2,0.0029962555458081
74.5,0.0030045504560314
74.8,0.00301282433105231
75.1,0.0030210772507848
75.4,0.00302930929473854
75.7,0.00303752054202147
76,0.00304571107134234
76.3,0.0030538809610132
76.6,0.00306203028895193
76.9,0.00307015913268469
77.2,0.00307826756934841
77.5,0.00308635567569316
77.8,0.00309442352808468
78.1,0.00310247120250668
78.4,0.00311049877456329
78.7,0.00311850631948139
79,0.003126493912113
79.3,0.00313446162693757
79.6,0.00314240953806432
79.9,0.00315033771923453
80.2,0.00315824624382382
80.5,0.00316613518484442
80.8,0.00317400461494742
81.1,0.00318185460642497
81.4,0.00318968523121254
81.7,0.00319749656089108
82,0.00320528866668922
82.3,0.00321306161948543
82.6,0.00322081548981016
82.9,0.003228550347848
83.2,0.00323626626343976
83.5,0.00324396330608461
83.8,0.00325164154494215
84.1,0.00325930104883445
84.4,0.00326694188624817
84.7,0.00327456412533655
85,0.00328216783392146
85.3,0.0032897530794954
85.6,0.00329731992922352
85.9,0.00330486844994556
86.2,0.00331239870817786
86.5,0.00331991077011528
86.8,0.00332740470163318
87.1,0.00333488056828931
87.4,0.00334233843532572
87.7,0.0033497783676707
88,0.00335720042994061
88.3,0.00336460468644178
88.6,0.00337199120117239
88.9,0.00337936003782425
89.2,0.0033867112597847
89.5,0.00339404493013838
89.8,0.00340136111166904
90.1,0.00340865986686137
90.4,0.00341594125790272
90.7,0.00342320534668493
91,0.00343045219480602
91.3,0.00343768186357197
91.6,0.00344489441399846
91.9,0.00345208990681254
92.2,0.00345926840245439
92.5,0.00346642996107895
92.8,0.00347357464255765
93.1,0.00348070250648008
93.4,0.00348781361215561
93.7,0.00349490801861505
94,0.00350198578461229
94.3,0.00350904696862594
94.6,0.00351609162886089
94.9,0.00352311982324996
95.2,0.00353013160945547
95.5,0.00353712704487079
95.8,0.00354410618662195
96.1,0.00355106909156918
96.4,0.00355801581630843
96.7,0.00356494641717294
97,0.00357186095023475
97.3,0.00357875947130617
97.6,0.00358564203594138
97.9,0.0035925086994378
98.2,0.00359935951683768
98.5,0.00360619454292949
98.8,0.00361301383224943
99.1,0.00361981743908285
99.4,0.00362660541746573
99.7,0.00363337782118606
100,0.00364013470378529
100.3,0.00364687611855975
100.6,0.00365360211856201
100.9,0.00366031275660232
101.2,0.00366700808524998
101.5,0.00367368815683468
101.8,0.0036803530234479
102.1,0.00368700273694426
102.4,0.00369363734894284
102.7,0.00370025691082854
103,0.0037068614737534
103.3,0.00371345108863791
103.6,0.00372002580617233
103.9,0.00372658567681799
104.2,0.00373313075080856
104.5,0.00373966107815137
104.8,0.00374617670862863
105.1,0.00375267769179876
105.4,0.00375916407699759
105.7,0.00376563591333965
106,0.00377209324971937
106.3,0.00377853613481234
106.6,0.00378496461707654
106.9,0.00379137874475351
107.2,0.00379777856586962
107.5,0.00380416412823721
107.8,0.00381053547945581
108.1,0.00381689266691333
108.4,0.00382323573778722
108.7,0.00382956473904564
109,0.00383587971744861
109.3,0.00384218071954918
109.6,0.00384846779169457
109.9,0.0038547409800273
110.2,0.0038610003304863
110.5,0.00386724588880809
110.8,0.00387347770052783
111.1,0.00387969581098045
111.4,0.00388590026530176
111.7,0.00389209110842955
112,0.00389826838510463
112.3,0.00390443213987196
112.6,0.00391058241708168
112.9,0.0039167192608902
113.2,0.00392284271526125
113.5,0.00392895282396692
113.8,0.00393504963058872
114.1,0.00394113317851861
114.4,0.00394720351096001
114.7,0.00395326067092886
115,0.00395930470125459
115.3,0.00396533564458117
115.6,0.00397135354336811
115.9,0.00397735843989142
116.2,0.00398335037624464
116.5,0.0039893293943398
116.8,0.00399529553590842
117.1,0.00400124884250243
117.4,0.00400718935549521
117.7,0.00401311711608249
118,0.00401903216528332
118.3,0.00402493454394103
118.6,0.00403082429272414
118.9,0.00403670145212732
119.2,0.00404256606247232
119.5,0.00404841816390886
119.8,0.00405425779641558
120.1,0.00406008499980095
120.4,0.00406589981370413
120.7,0.00407170227759595
121,0.0040774924307797
121.3,0.00408327031239211
121.6,0.00408903596140419
121.9,0.00409478941662209
122.2,0.00410053071668801
122.5,0.00410625990008104
122.8,0.00411197700511803
123.1,0.00411768206995442
123.4,0.00412337513258514
123.7,0.0041290562308454
124,0.00413472540241156
124.3,0.00414038268480193
124.6,0.00414602811537766
124.9,0.0041516617313435
125.2,0.00415728356974864
125.5,0.00416289366748753
125.8,0.00416849206130067
126.1,0.00417407878777543
126.4,0.00417965388334683
126.7,0.00418521738429836
127,0.00419076932676273
127.3,0.00419630974672268
127.6,0.00420183868001173
127.9,0.004207356162315
128.2,0.00421286222916992
128.5,0.00421835691596704
128.8,0.00422384025795075
129.1,0.00422931229022008
129.4,0.0042347730477294
129.7,0.00424022256528919
130,0.00424566087756678
130.3,0.00425108801908707
130.6,0.00425650402423329
130.9,0.0042619089272477
131.2,0.0042673027622323
131.5,0.00427268556314959
131.8,0.00427805736382325
132.1,0.00428341819793887
132.4,0.00428876809904462
132.7,0.00429410710055198
133,0.00429943523573643
133.3,0.00430475253773815
133.6,0.00431005903956266
133.9,0.00431535477408158
134.2,0.00432063977403325
134.5,0.00432591407202341
134.8,0.0043311777005259
135.1,0.00433643069188329
135.4,0.00434167307830758
135.7,0.00434690489188083
136,0.00435212616455584
136.3,0.00435733692815675
136.6,0.00436253721437975
136.9,0.00436772705479369
137.2,0.00437290648084071
137.5,0.0043780755238369
137.8,0.00438323421497293
138.1,0.00438838258531462
138.4,0.00439352066580367
138.7,0.00439864848725817
139,0.00440376608037329
139.3,0.00440887347572187
139.6,0.00441397070375502
139.9,0.00441905779480274
140.2,0.00442413477907449
140.5,0.00442920168665984
140.8,0.00443425854752902
141.1,0.00443930539153355
141.4,0.00444434224840676
141.7,0.00444936914776446
142,0.00445438611910546
142.3,0.00445939319181218
142.6,0.00446439039515119
142.9,0.00446937775827381
143.2,0.00447435531021667
143.5,0.00447932307990226
143.8,0.00448428109613951
144.1,0.00448922938762434
144.4,0.00449416798294019
144.7,0.00449909691055862
145,0.00450401619883981
145.3,0.00450892587603312
145.6,0.00451382597027764
145.9,0.00451871650960273
146.2,0.00452359752192853
146.5,0.0045284690350665
146.8,0.00453333107671998
147.1,0.00453818367448467
147.4,0.00454302685584917
147.7,0.00454786064819552
148,0.00455268507879968
148.3,0.00455750017483207
148.6,0.00456230596335806
148.9,0.00456710247133849
149.2,0.00457188972563018
149.5,0.00457666775298641
149.8,0.00458143658005743
150.1,0.00458619623339098
150.4,0.00459094673943274
150.7,0.00459568812452683
151,0.00460042041491632
151.3,0.0046051436367437
151.6,0.00460985781605137
151.9,0.00461456297878208
152.2,0.00461925915077946
152.5,0.00462394635778846
152.8,0.00462862462545584
153.1,0.00463329397933063
153.4,0.00463795444486456
153.7,0.00464260604741259
154,0.00464724881223332
154.3,0.00465188276448947
154.6,0.00465650792924831
154.9,0.00466112433148215
155.2,0.00466573199606875
155.5,0.00467033094779179
155.8,0.00467492121134132
156.1,0.00467950281131417
156.4,0.00468407577221443
156.7,0.00468864011845386
157,0.00469319587435232
157.3,0.00469774306413824
157.6,0.00470228171194899
157.9,0.00470681184183138
158.2,0.004711333477742
158.5,0.00471584664354772
158.8,0.00472035136302606
159.1,0.00472484765986564
159.4,0.00472933555766656
159.7,0.00473381507994086
160,0.00473828625011287
