"ResDensity","N_TraitValue"
12.81853282,16.0223747593597
14.07474903616,17.2365615985787
15.33096525232,18.4025821959859
16.58718146848,19.5232469082785
17.84339768464,20.6011516286694
19.0996139008,21.6386978615315
20.35583011696,22.6381105835999
21.61204633312,23.6014541713233
22.86826254928,24.5306466343117
24.12447876544,25.427472361396
25.3806949816,26.2935935575303
26.63691119776,27.1305605257726
27.89312741392,27.9398209281558
29.14934363008,28.7227281418308
30.40555984624,29.4805488119473
31.6617760624,30.2144696899356
32.91799227856,30.9256038348466
34.17420849472,31.6149962459033
35.43042471088,32.2836289862146
36.68664092704,32.9324258504828
37.9428571432,33.562256623363
39.19907335936,34.1739409697509
40.45528957552,34.7682519935908
41.71150579168,35.3459194976924
42.96772200784,35.9076329734595
44.223938224,36.4540443462806
45.48015444016,36.985770499567
46.73637065632,37.5033955979828
47.99258687248,38.0074732282613
49.24880308864,38.4985283741026
50.5050193048,38.9770592399626
51.76123552096,39.4435389370526
53.01745173712,39.8984170435445
54.27366795328,40.3421210497962
55.52988416944,40.7750576983624
56.7861003856,41.1976142276224
58.04231660176,41.6101595270143
59.29853281792,42.0130452111215
60.55474903408,42.4066066191839
61.81096525024,42.7911637460061
63.0671814664,43.1670221096927
64.32339768256,43.5344735611583
65.57961389872,43.8937970399178
66.83583011488,44.2452592802718
68.09204633104,44.5891154716439
69.3482625472,44.9256098765057
70.60447876336,45.2549764090338
71.86069497952,45.5774391773789
73.11691119568,45.8932129921908
74.37312741184,46.2025038438212
75.629343628,46.5055093504349
76.88555984416,46.802419179076
78.14177606032,47.0934154415746
79.39799227648,47.3786730670318
80.65420849264,47.6583601524817
81.9104247088,47.93263829321
83.16664092496,48.2016628940908
84.42285714112,48.4655834632036
85.67907335728,48.7245438888953
86.93528957344,48.9786827013661
88.1915057896,49.2281333197793
89.44772200576,49.4730242858195
90.70393822192,49.7134794845602
91.96015443808,49.949618353437
93.21637065424,50.181556080067
94.4725868704,50.4094037896033
95.72880308656,50.633268722265
96.98501930272,50.8532544016372
98.24123551888,51.069460794298
99.49745173504,51.2819844612883
100.7536679512,51.490918701906
102.00988416736,51.6963536902769
103.26610038352,51.8983766051189
104.52231659968,52.0970717530955
105.77853281584,52.2925206861214
107.034749032,52.4848023129675
108.29096524816,52.6739930054812
109.54718146432,52.8601666997274
110.80339768048,53.0433949923275
112.05961389664,53.2237472322623
113.3158301128,53.4012906083863
114.57204632896,53.5760902328834
115.82826254512,53.7482092208843
117.08447876128,53.9177087664478
118.34069497744,54.0846482151002
119.5969111936,54.249085133112
120.85312740976,54.4110753736821
122.10934362592,54.57067314019
123.36555984208,54.7279310466655
124.62177605824,54.8829001756186
125.8779922744,55.0356301333622
127.13420849056,55.1861691029541
128.39042470672,55.3345638948769
129.64664092288,55.4808599955671
130.90285713904,55.6251016139008
132.1590733552,55.7673317257333
133.41528957136,55.9075921165891
134.67150578752,56.0459234225903
135.92772200368,56.1823651697074
137.18393821984,56.3169558114133
138.440154436,56.4497327648143
139.69637065216,56.5807324453307
140.95258686832,56.709990299994
142.20880308448,56.8375408394242
143.46501930064,56.963417668549
144.7212355168,57.0876535161211
145.97745173296,57.2102802630885
147.23366794912,57.3313289698701
148.48988416528,57.4508299025847
149.74610038144,57.5688125582796
151.0023165976,57.6853056892051
152.25853281376,57.8003373261744
153.51474902992,57.9139348010495
154.77096524608,58.0261247683924
156.02718146224,58.1369332263153
157.2833976784,58.2463855365663
158.53961389456,58.3545064438809
159.79583011072,58.461320094633
161.05204632688,58.5668500548121
162.30826254304,58.6711193273575
163.5644787592,58.7741503688736
164.82069497536,58.8759651057544
166.07691119152,58.9765849497397
167.33312740768,59.0760308129269
168.58934362384,59.1743231222602
169.84555984,59.2714818335192
171.10177605616,59.367526444825
172.35799227232,59.462476009686
173.61420848848,59.5563491495984
174.87042470464,59.6491640662217
176.1266409208,59.7409385531441
177.38285713696,59.8316900072548
178.63907335312,59.9214354397381
179.89528956928,60.0101914867035
181.15150578544,60.0979744194664
182.4077220016,60.1848001544931
183.66393821776,60.2706842630207
184.92015443392,60.3556419803677
186.17637065008,60.439688214943
187.43258686624,60.5228375569679
188.6888030824,60.6051042869197
189.94501929856,60.6865023837079
191.20123551472,60.767045532593
192.45745173088,60.8467471328567
193.71366794704,60.9256203052333
194.9698841632,61.0036778991104
196.22610037936,61.0809324995072
197.48231659552,61.1573964338391
198.73853281168,61.2330817784749
199.99474902784,61.3080003650954
201.250965244,61.3821637868592
202.50718146016,61.4555834043834
203.76339767632,61.5282703515449
205.01961389248,61.600235541109
206.27583010864,61.6714896701915
207.5320463248,61.7420432255589
208.78826254096,61.8119064887741
210.04447875712,61.8810895411907
211.30069497328,61.9496022688028
212.55691118944,62.0174543669547
213.8131274056,62.084655344914
215.06934362176,62.1512145303151
216.32555983792,62.2171410734746
217.58177605408,62.2824439515852
218.83799227024,62.3471319727907
220.0942084864,62.4112137801467
221.35042470256,62.4746978554699
222.60664091872,62.5375925230811
223.86285713488,62.5999059534437
225.11907335104,62.6616461667019
226.3752895672,62.7228210361219
227.63150578336,62.783438291439
228.88772199952,62.8435055221135
230.14393821568,62.903030180498
231.40015443184,62.9620195849202
232.656370648,63.0204809226821
233.91258686416,63.078421252979
235.16880308032,63.1358475097414
236.42501929648,63.1927665044013
237.68123551264,63.2491849285849
238.9374517288,63.3051093567358
240.19366794496,63.3605462486687
241.44988416112,63.4155019520565
242.70610037728,63.4699827048538
243.96231659344,63.5239946376567
245.2185328096,63.5775437760032
246.47474902576,63.6306360426132
247.73096524192,63.6832772595732
248.98718145808,63.7354731504636
250.24339767424,63.7872293424342
251.4996138904,63.8385513682259
252.75583010656,63.8894446681424
254.01204632272,63.939914591973
255.26826253888,63.9899664008668
256.52447875504,64.0396052691612
257.7806949712,64.0888362861651
259.03691118736,64.1376644578985
260.29312740352,64.1860947087886
261.54934361968,64.2341318833267
262.80555983584,64.2817807476822
264.061776052,64.3290459912801
265.31799226816,64.3759322283389
266.57420848432,64.4224439993724
267.83042470048,64.4685857726556
269.08664091664,64.5143619456555
270.3428571328,64.5597768464281
271.59907334896,64.6048347349827
272.85528956512,64.6495398046138
274.11150578128,64.6938961832022
275.36772199744,64.7379079344856
276.6239382136,64.7815790592992
277.88015442976,64.8249134967888
279.13637064592,64.8679151255948
280.39258686208,64.9105877650093
281.64880307824,64.9529351761075
282.9050192944,64.9949610628522
284.16123551056,65.0366690731739
285.41745172672,65.0780628000265
286.67366794288,65.1191457824191
287.92988415904,65.1599215064241
289.1861003752,65.2003934061642
290.44231659136,65.2405648647758
291.69853280752,65.2804392153519
292.95474902368,65.3200197418641
294.21096523984,65.3593096800643
295.467181456,65.398312218366
296.72339767216,65.4370304987075
297.97961388832,65.475467617395
299.23583010448,65.5136266259287
300.49204632064,65.5515105318095
301.7482625368,65.58912229933
303.00447875296,65.6264648503473
304.26069496912,65.6635410650394
305.51691118528,65.7003537826463
306.77312740144,65.7369058021944
308.0293436176,65.773199883206
309.28555983376,65.8092387463938
310.54177604992,65.8450250743408
311.79799226608,65.8805615121659
313.05420848224,65.9158506681758
314.3104246984,65.9508951145028
315.56664091456,65.9856973877301
316.82285713072,66.0202599895038
318.07907334688,66.054585387132
319.33528956304,66.0886760141726
320.5915057792,66.1225342710076
321.84772199536,66.1561625254074
323.10393821152,66.1895631130818
324.36015442768,66.2227383382216
325.61637064384,66.2556904740283
326.87258686,66.288421763233
328.12880307616,66.3209344186054
329.38501929232,66.3532306234526
330.64123550848,66.385312532108
331.89745172464,66.4171822704096
333.1536679408,66.4488419361703
334.40988415696,66.4802935996381
335.66610037312,66.511539303947
336.92231658928,66.5425810655598
338.17853280544,66.5734208747017
339.4347490216,66.6040606957858
340.69096523776,66.63450246783
341.94718145392,66.6647481048664
343.20339767008,66.694799496342
344.45961388624,66.7246585075127
345.7158301024,66.7543269798285
346.97204631856,66.7838067313131
348.22826253472,66.8130995569341
349.48447875088,66.8422072289684
350.74069496704,66.8711314973587
351.9969111832,66.8998740900649
353.25312739936,66.9284367134078
354.50934361552,66.9568210524072
355.76555983168,66.9850287711125
357.02177604784,67.0130615129288
358.277992264,67.0409209009354
359.53420848016,67.0686085381995
360.79042469632,67.0961260080833
362.04664091248,67.1234748745462
363.30285712864,67.1506566824408
364.5590733448,67.1776729578041
365.81528956096,67.2045252081426
367.07150577712,67.2312149227135
368.32772199328,67.257743572799
369.58393820944,67.2841126119777
370.8401544256,67.3103234763894
372.09637064176,67.336377584996
373.35258685792,67.3622763398377
374.60880307408,67.3880211262843
375.86501929024,67.4136133132825
377.1212355064,67.4390542535983
378.37745172256,67.4643452840554
379.63366793872,67.4894877257695
380.88988415488,67.5144828843781
382.14610037104,67.5393320502669
383.4023165872,67.5640364987914
384.65853280336,67.5885974904954
385.91474901952,67.6130162713254
387.17096523568,67.637294072841
388.42718145184,67.6614321124224
389.683397668,67.6854315934735
390.93961388416,67.7092937056222
392.19583010032,67.7330196249166
393.45204631648,67.7566105140186
394.70826253264,67.7800675223936
395.9644787488,67.8033917864972
397.22069496496,67.8265844299588
398.47691118112,67.8496465637621
399.73312739728,67.8725792864223
400.98934361344,67.8953836841607
402.2455598296,67.9180608310763
403.50177604576,67.9406117893141
404.75799226192,67.9630376092312
406.01420847808,67.9853393295597
407.27042469424,68.0075179775674
408.5266409104,68.0295745692151
409.78285712656,68.0515101093122
411.03907334272,68.0733255916687
412.29528955888,68.0950219992461
413.55150577504,68.116600304304
414.8077219912,68.1380614685465
416.06393820736,68.1594064432639
417.32015442352,68.1806361694744
418.57637063968,68.2017515780613
419.83258685584,68.2227535899101
421.088803072,68.2436431160415
422.34501928816,68.2644210577437
423.60123550432,68.2850883067016
424.85745172048,68.3056457451249
426.11366793664,68.326094245873
427.3698841528,68.3464346725792
428.62610036896,68.3666678797716
429.88231658512,68.3867947129933
431.13853280128,68.40681600892
432.39474901744,68.426732595476
433.6509652336,68.446545291948
434.90718144976,68.466254909098
436.16339766592,68.4858622492734
437.41961388208,68.5053681065163
438.67583009824,68.5247732666702
439.9320463144,68.544078507486
441.18826253056,68.5632845987256
442.44447874672,68.5823923022646
443.70069496288,68.6014023721923
444.95691117904,68.6203155549118
446.2131273952,68.6391325892371
447.46934361136,68.6578542064894
448.72555982752,68.676481130592
449.98177604368,68.6950140781635
451.23799225984,68.7134537586098
452.494208476,68.7318008742146
453.75042469216,68.7500561202281
455.00664090832,68.7682201849558
456.26285712448,68.786293749844
457.51907334064,68.8042774895657
458.7752895568,68.8221720721042
460.03150577296,68.8399781588359
461.28772198912,68.8576964046119
462.54393820528,68.875327457838
463.80015442144,68.8928719605543
465.0563706376,68.9103305485124
466.31258685376,68.9277038512529
467.56880306992,68.9449924921807
468.82501928608,68.9621970886395
470.08123550224,68.9793182519857
471.3374517184,68.9963565876602
472.59366793456,69.0133126952605
473.84988415072,69.0301871686103
475.10610036688,69.0469805958293
476.36231658304,69.0636935594015
477.6185327992,69.0803266362422
478.87474901536,69.0968803977648
480.13096523152,69.113355409946
481.38718144768,69.1297522333905
482.64339766384,69.1460714233942
483.89961388,69.1623135300073
485.15583009616,69.1784790980959
486.41204631232,69.1945686674031
487.66826252848,69.2105827726086
488.92447874464,69.2265219433887
490.1806949608,69.242386704474
491.43691117696,69.2581775757072
492.69312739312,69.2738950721002
493.94934360928,69.2895397038896
495.20555982544,69.3051119765922
496.4617760416,69.3206123910593
497.71799225776,69.3360414435308
498.97420847392,69.3513996256874
500.23042469008,69.3666874247036
501.48664090624,69.3819053232988
502.7428571224,69.397053799788
503.99907333856,69.4121333281325
505.25528955472,69.4271443779885
506.51150577088,69.4420874147566
507.76772198704,69.4569628996294
509.0239382032,69.4717712896395
510.28015441936,69.4865130377054
511.53637063552,69.5011885926787
512.79258685168,69.515798399389
514.04880306784,69.5303428986889
515.305019284,69.5448225274987
516.56123550016,69.5592377188498
517.81745171632,69.5735889019281
519.07366793248,69.5878765021162
520.32988414864,69.6021009410362
521.5861003648,69.6162626365901
522.84231658096,69.6303620030018
524.09853279712,69.6443994508569
525.35474901328,69.6583753871424
526.61096522944,69.6722902152867
527.8671814456,69.6861443351975
529.12339766176,69.6999381433012
530.37961387792,69.7136720325796
531.63583009408,69.7273463926082
532.89204631024,69.7409616095923
534.1482625264,69.7545180664037
535.40447874256,69.7680161426167
536.66069495872,69.7814562145432
537.91691117488,69.7948386552679
539.17312739104,69.8081638346828
540.4293436072,69.8214321195211
541.68555982336,69.8346438733911
542.94177603952,69.8477994568093
544.19799225568,69.8608992272332
545.45420847184,69.8739435390937
546.710424688,69.8869327438268
547.96664090416,69.8998671899058
549.22285712032,69.9127472228717
550.47907333648,69.9255731853646
551.73528955264,69.9383454171535
552.9915057688,69.9510642551669
554.24772198496,69.9637300335221
555.50393820112,69.9763430835545
556.76015441728,69.9889037338463
558.01637063344,70.0014123102554
559.2725868496,70.0138691359435
560.52880306576,70.0262745314037
561.78501928192,70.0386288144881
563.04123549808,70.0509323004351
564.29745171424,70.0631853018959
565.5536679304,70.0753881289614
566.80988414656,70.087541089188
568.06610036272,70.0996444876236
569.32231657888,70.1116986268329
570.57853279504,70.1237038069233
571.8347490112,70.1356603255687
573.09096522736,70.147568478035
574.34718144352,70.1594285572044
575.60339765968,70.1712408535985
576.85961387584,70.1830056554033
578.115830092,70.1947232484915
579.37204630816,70.2063939164464
580.62826252432,70.2180179405844
581.88447874048,70.2295955999779
583.14069495664,70.2411271714773
584.3969111728,70.2526129297332
585.65312738896,70.2640531472184
586.90934360512,70.2754480942491
588.16555982128,70.2867980390066
589.42177603744,70.2981032475578
590.6779922536,70.3093639838765
591.93420846976,70.3205805098638
593.19042468592,70.3317530853681
594.44664090208,70.3428819682058
595.70285711824,70.3539674141803
596.9590733344,70.3650096771024
598.21528955056,70.3760090088092
599.47150576672,70.3869656591833
600.72772198288,70.3978798761718
601.98393819904,70.4087519058052
603.2401544152,70.4195819922153
604.49637063136,70.4303703776543
605.75258684752,70.441117302512
607.00880306368,70.4518230053343
608.26501927984,70.4624877228406
609.521235496,70.4731116899412
610.77745171216,70.4836951397547
612.03366792832,70.4942383036248
613.28988414448,70.5047414111376
614.54610036064,70.5152046901377
615.8023165768,70.5256283667452
617.05853279296,70.5360126653716
618.31474900912,70.5463578087361
619.57096522528,70.5566640178815
620.82718144144,70.5669315121899
622.0833976576,70.5771605093983
623.33961387376,70.587351225614
624.59583008992,70.5975038753298
625.85204630608,70.607618671439
627.10826252224,70.6176958252503
628.3644787384,70.6277355465028
629.62069495456,70.6377380433799
630.87691117072,70.6477035225245
632.13312738688,70.6576321890525
633.38934360304,70.6675242465673
634.6455598192,70.6773798971737
635.90177603536,70.6871993414914
637.15799225152,70.6969827786689
638.41420846768,70.7067304063969
639.67042468384,70.7164424209214
640.9266409,70.7261190170571
