"ResDensity","N_TraitValue"
19.9323,0.000513583302551967
20.2931054,0.000522069209217868
20.6539108,0.000530528841224092
21.0147162,0.000538962320412179
21.3755216,0.00054736976787149
21.736327,0.000555751303945001
22.0971324,0.000564107048235046
22.4579378,0.000572437119609006
22.8187432,0.000580741636204946
23.1795486,0.000589020715437199
23.540354,0.000597274474001897
23.9011594,0.000605503027882462
24.2619648,0.00061370649235503
24.6227702,0.000621884981993839
24.9835756,0.000630038610676562
25.344381,0.000638167491589593
25.7051864,0.000646271737233282
26.0659918,0.000654351459427129
26.4267972,0.000662406769314924
26.7876026,0.000670437777369842
27.148408,0.000678444593399499
27.5092134,0.00068642732655095
27.8700188,0.000694386085315652
28.2308242,0.00070232097753438
28.5916296,0.000710232110402095
28.952435,0.000718119590472773
29.3132404,0.000725983523664187
29.6740458,0.000733824015262653
30.0348512,0.000741641169927722
30.3956566,0.000749435091696842
30.756462,0.00075720588398997
31.1172674,0.000764953649614151
31.4780728,0.000772678490768046
31.8388782,0.000780380509046431
32.1996836,0.000788059805444646
32.560489,0.000795716480363014
32.9212944,0.000803350633611213
33.2820998,0.000810962364412614
33.6429052,0.000818551771408582
34.0037106,0.000826118952662735
34.364516,0.000833664005665167
34.7253214,0.000841187027336635
35.0861268,0.000848688114032711
35.4469322,0.000856167361547895
35.8077376,0.000863624865119691
36.168543,0.000871060719432651
36.5293484,0.000878475018622384
36.8901538,0.000885867856279523
37.2509592,0.00089323932545367
37.6117646,0.000900589518657295
37.97257,0.000907918527869607
38.3333754,0.000915226444540392
38.6941808,0.000922513359593817
39.0549862,0.000929779363432199
39.4157916,0.000937024545939744
39.776597,0.000944248996486255
40.1374024,0.000951452803930804
40.4982078,0.000958636056625379
40.8590132,0.000965798842418492
41.2198186,0.000972941248658761
41.580624,0.000980063362198465
41.9414294,0.000987165269397058
42.3022348,0.000994247056124664
42.6630402,0.00100130880776554
43.0238456,0.00100835060922149
43.384651,0.0010153725449153
43.7454564,0.00102237469879409
44.1062618,0.00102935715433265
44.4670672,0.00103631999453678
44.8278726,0.00104326330194657
45.188678,0.00105018715863966
45.5494834,0.00105709164623447
45.9102888,0.00106397684589341
46.2710942,0.00107084283832608
46.6318996,0.00107768970379238
46.992705,0.00108451752210569
47.3535104,0.00109132637263592
47.7143158,0.00109811633431262
48.0751212,0.00110488748562803
48.4359266,0.00111163990464007
48.796732,0.0011183736689754
49.1575374,0.00112508885583233
49.5183428,0.0011317855419838
49.8791482,0.00113846380378031
50.2399536,0.00114512371715283
50.600759,0.00115176535761565
50.9615644,0.00115838880026924
51.3223698,0.0011649941198031
51.6831752,0.00117158139049857
52.0439806,0.00117815068623157
52.404786,0.00118470208047542
52.7655914,0.00119123564630353
53.1263968,0.00119775145639216
53.4872022,0.00120424958302307
53.8480076,0.00121073009808624
54.208813,0.00121719307308248
54.5696184,0.00122363857912609
54.9304238,0.00123006668694744
55.2912292,0.00123647746689558
55.6520346,0.0012428709889408
56.01284,0.00124924732267719
56.3736454,0.00125560653732511
56.7344508,0.00126194870173378
57.0952562,0.00126827388438368
57.4560616,0.00127458215338909
57.816867,0.00128087357650046
58.1776724,0.00128714822110691
58.5384778,0.00129340615423858
58.8992832,0.00129964744256905
59.2600886,0.00130587215241767
59.620894,0.00131208034975198
59.9816994,0.00131827210018995
60.3425048,0.00132444746900235
60.7033102,0.00133060652111505
61.0641156,0.00133674932111126
61.424921,0.00134287593323378
61.7857264,0.00134898642138732
62.1465318,0.0013550808491406
62.5073372,0.00136115927972866
62.8681426,0.001367221776055
63.228948,0.00137326840069374
63.5897534,0.00137929921589181
63.9505588,0.00138531428357105
64.3113642,0.00139131366533034
64.6721696,0.00139729742244773
65.032975,0.00140326561588247
65.3937804,0.00140921830627715
65.7545858,0.00141515555395968
66.1153912,0.00142107741894539
66.4761966,0.00142698396093903
66.837002,0.00143287523933675
67.1978074,0.00143875131322813
67.5586128,0.00144461224139815
67.9194182,0.00145045808232913
68.2802236,0.00145628889420267
68.641029,0.00146210473490163
69.0018344,0.00146790566201199
69.3626398,0.00147369173282477
69.7234452,0.00147946300433792
70.0842506,0.00148521953325821
70.445056,0.00149096137600304
70.8058614,0.00149668858870232
71.1666668,0.00150240122720029
71.5274722,0.00150809934705735
71.8882776,0.00151378300355181
72.249083,0.00151945225168175
72.6098884,0.00152510714616672
72.9706938,0.00153074774144958
73.3314992,0.00153637409169818
73.6923046,0.00154198625080711
74.05311,0.00154758427239944
74.4139154,0.00155316820982844
74.7747208,0.00155873811617921
75.1355262,0.00156429404427043
75.4963316,0.00156983604665601
75.857137,0.00157536417562673
76.2179424,0.00158087848321189
76.5787478,0.00158637902118096
76.9395532,0.00159186584104518
77.3003586,0.00159733899405919
77.661164,0.0016027985312226
78.0219694,0.00160824450328159
78.3827748,0.00161367696073047
78.7435802,0.00161909595381326
79.1043856,0.00162450153252524
79.465191,0.00162989374661444
79.8259964,0.00163527264558324
80.1868018,0.00164063827868983
80.5476072,0.00164599069494972
80.9084126,0.00165132994313725
81.269218,0.00165665607178709
81.6300234,0.00166196912919565
81.9908288,0.00166726916342258
82.3516342,0.00167255622229224
82.7124396,0.00167783035339508
83.073245,0.00168309160408912
83.4340504,0.00168834002150135
83.7948558,0.00169357565252913
84.1556612,0.00169879854384157
84.5164666,0.00170400874188098
84.877272,0.00170920629286418
85.2380774,0.00171439124278389
85.5988828,0.0017195636374101
85.9596882,0.00172472352229139
86.3204936,0.0017298709427563
86.681299,0.00173500594391463
87.0421044,0.00174012857065877
87.4029098,0.001745238867665
87.7637152,0.00175033687939479
88.1245206,0.00175542265009612
88.485326,0.0017604962238047
88.8461314,0.0017655576443453
89.2069368,0.00177060695533297
89.5677422,0.00177564420017433
89.9285476,0.00178066942206876
90.289353,0.0017856826640097
90.6501584,0.00179068396878584
91.0109638,0.00179567337898232
91.3717692,0.00180065093698198
91.7325746,0.00180561668496653
92.09338,0.00181057066491778
92.4541854,0.00181551291861874
92.8149908,0.00182044348765491
93.1757962,0.00182536241341534
93.5366016,0.00183026973709387
93.897407,0.00183516549969021
94.2582124,0.00184004974201115
94.6190178,0.00184492250467163
94.9798232,0.00184978382809592
95.3406286,0.0018546337525187
95.701434,0.00185947231798617
96.0622394,0.00186429956435721
96.4230448,0.00186911553130439
96.7838502,0.0018739202583151
97.1446556,0.00187871378469265
97.505461,0.0018834961495573
97.8662664,0.00188826739184734
98.2270718,0.00189302755032016
98.5878772,0.00189777666355328
98.9486826,0.00190251476994542
99.309488,0.00190724190771748
99.6702934,0.00191195811491364
100.0310988,0.00191666342940231
100.3919042,0.00192135788887721
100.7527096,0.00192604153085831
101.113515,0.00193071439269291
101.4743204,0.00193537651155653
101.8351258,0.001940027924454
102.1959312,0.00194466866822037
102.5567366,0.0019492987795219
102.917542,0.00195391829485703
103.2783474,0.00195852725055735
103.6391528,0.00196312568278852
103.9999582,0.00196771362755128
104.3607636,0.00197229112068228
104.721569,0.00197685819785514
105.0823744,0.00198141489458129
105.4431798,0.00198596124621091
105.8039852,0.00199049728793386
106.1647906,0.00199502305478057
106.525596,0.00199953858162297
106.8864014,0.00200404390317534
107.2472068,0.00200853905399525
107.6080122,0.00201302406848441
107.9688176,0.00201749898088953
108.329623,0.00202196382530327
108.6904284,0.00202641863566501
109.0512338,0.00203086344576178
109.4120392,0.00203529828922907
109.7728446,0.0020397231995517
110.13365,0.00204413821006468
110.4944554,0.00204854335395401
110.8552608,0.00205293866425752
111.2160662,0.00205732417386571
111.5768716,0.00206169991552258
111.937677,0.00206606592182641
112.2984824,0.0020704222252306
112.6592878,0.00207476885804446
113.0200932,0.00207910585243399
113.3808986,0.00208343324042275
113.741704,0.00208775105389253
114.1025094,0.00209205932458423
114.4633148,0.00209635808409862
114.8241202,0.00210064736389705
115.1849256,0.0021049271953023
115.545731,0.0021091976094993
115.9065364,0.00211345863753589
116.2673418,0.00211771031032357
116.6281472,0.00212195265863828
116.9889526,0.00212618571312108
117.349758,0.00213040950427894
117.7105634,0.00213462406248548
118.0713688,0.00213882941798164
118.4321742,0.00214302560087646
118.7929796,0.00214721264114776
119.153785,0.0021513905686429
119.5145904,0.00215555941307942
119.8753958,0.00215971920404583
120.2362012,0.00216386997100223
120.5970066,0.00216801174328105
120.957812,0.00217214455008773
121.3186174,0.00217626842050143
121.6794228,0.00218038338347566
122.0402282,0.00218448946783899
122.4010336,0.00218858670229574
122.761839,0.00219267511542662
123.1226444,0.0021967547356894
123.4834498,0.00220082559141957
123.8442552,0.00220488771083102
124.2050606,0.00220894112201665
124.565866,0.00221298585294906
124.9266714,0.00221702193148115
125.2874768,0.0022210493853468
125.6482822,0.00222506824216149
126.0090876,0.00222907852942292
126.369893,0.00223308027451165
126.7306984,0.00223707350469171
127.0915038,0.00224105824711124
127.4523092,0.00224503452880309
127.8131146,0.00224900237668544
128.17392,0.0022529618175624
128.5347254,0.00225691287812461
128.8955308,0.00226085558494984
129.2563362,0.00226478996450362
129.6171416,0.00226871604313977
129.977947,0.00227263384710105
130.3387524,0.00227654340251969
130.6995578,0.00228044473541803
131.0603632,0.00228433787170904
131.4211686,0.00228822283719693
131.781974,0.0022920996575777
132.1427794,0.00229596835843973
132.5035848,0.00229982896526432
132.8643902,0.00230368150342626
133.2251956,0.00230752599819438
133.586001,0.00231136247473212
133.9468064,0.00231519095809804
134.3076118,0.00231901147324642
134.6684172,0.00232282404502776
135.0292226,0.00232662869818933
135.390028,0.00233042545737572
135.7508334,0.00233421434712933
136.1116388,0.00233799539189097
136.4724442,0.00234176861600031
136.8332496,0.00234553404369646
137.194055,0.00234929169911844
137.5548604,0.00235304160630575
137.9156658,0.00235678378919884
138.2764712,0.00236051827163962
138.6372766,0.00236424507737201
138.998082,0.00236796423004239
139.3588874,0.00237167575320013
139.7196928,0.00237537967029807
140.0804982,0.00237907600469305
140.4413036,0.00238276477964635
140.802109,0.00238644601832421
141.1629144,0.00239011974379831
141.5237198,0.00239378597904625
141.8845252,0.00239744474695203
142.2453306,0.00240109607030653
142.606136,0.00240473997180796
142.9669414,0.00240837647406237
143.3277468,0.00241200559958408
143.6885522,0.00241562737079618
144.0493576,0.00241924181003095
144.410163,0.00242284893953035
144.7709684,0.00242644878144647
145.1317738,0.00243004135784199
145.4925792,0.00243362669069062
145.8533846,0.00243720480187752
146.21419,0.00244077571319982
146.5749954,0.00244433944636699
146.9358008,0.00244789602300131
147.2966062,0.00245144546463832
147.6574116,0.00245498779272722
148.018217,0.00245852302863134
148.3790224,0.00246205119362854
148.7398278,0.00246557230891166
149.1006332,0.00246908639558891
149.4614386,0.00247259347468434
149.822244,0.00247609356713822
150.1830494,0.00247958669380747
150.5438548,0.00248307287546609
150.9046602,0.00248655213280553
151.2654656,0.00249002448643515
151.626271,0.00249348995688259
151.9870764,0.00249694856459419
152.3478818,0.0025004003299354
152.7086872,0.00250384527319115
153.0694926,0.00250728341456629
153.430298,0.00251071477418593
153.7911034,0.00251413937209589
154.1519088,0.00251755722826306
154.5127142,0.0025209683625758
154.8735196,0.00252437279484429
155.234325,0.00252777054480097
155.5951304,0.00253116163210088
155.9559358,0.00253454607632206
156.3167412,0.00253792389696592
156.6775466,0.0025412951134576
157.038352,0.00254465974514637
157.3991574,0.00254801781130598
157.7599628,0.00255136933113504
158.1207682,0.00255471432375736
158.4815736,0.00255805280822236
158.842379,0.0025613848035054
159.2031844,0.00256471032850813
159.5639898,0.00256802940205887
159.9247952,0.00257134204291297
160.2856006,0.00257464826975313
160.646406,0.00257794810118978
161.0072114,0.00258124155576143
161.3680168,0.00258452865193501
161.7288222,0.00258780940810619
162.0896276,0.00259108384259977
162.450433,0.00259435197367
162.8112384,0.00259761381950089
163.1720438,0.0026008693982066
163.5328492,0.00260411872783175
163.8936546,0.00260736182635173
164.25446,0.00261059871167308
164.6152654,0.00261382940163379
164.9760708,0.00261705391400362
165.3368762,0.00262027226648443
165.6976816,0.00262348447671055
166.058487,0.00262669056224902
166.4192924,0.00262989054059999
166.7800978,0.00263308442919697
167.1409032,0.0026362722454072
167.5017086,0.00263945400653194
167.862514,0.00264262972980679
168.2233194,0.00264579943240198
168.5841248,0.00264896313142272
168.9449302,0.00265212084390947
169.3057356,0.00265527258683827
169.666541,0.00265841837712103
170.0273464,0.00266155823160584
170.3881518,0.00266469216707727
170.7489572,0.00266782020025666
171.1097626,0.00267094234780244
171.470568,0.0026740586263104
171.8313734,0.00267716905231398
172.1921788,0.00268027364228461
172.5529842,0.00268337241263195
172.9137896,0.0026864653797042
173.274595,0.00268955255978837
173.6354004,0.0026926339691106
173.9962058,0.00269570962383643
174.3570112,0.00269877954007105
174.7178166,0.00270184373385962
175.078622,0.00270490222118756
175.4394274,0.00270795501798078
175.8002328,0.00271100214010599
176.1610382,0.00271404360337097
176.5218436,0.00271707942352483
176.882649,0.00272010961625831
177.2434544,0.00272313419720402
177.6042598,0.00272615318193673
177.9650652,0.00272916658597362
178.3258706,0.00273217442477456
178.686676,0.00273517671374237
179.0474814,0.00273817346822309
179.4082868,0.0027411647035062
179.7690922,0.00274415043482497
180.1298976,0.00274713067735661
180.490703,0.0027501054462226
180.8515084,0.00275307475648894
181.2123138,0.00275603862316636
181.5731192,0.00275899706121062
181.9339246,0.00276195008552275
182.29473,0.00276489771094927
182.6555354,0.0027678399522825
183.0163408,0.00277077682426073
183.3771462,0.00277370834156854
183.7379516,0.00277663451883699
184.098757,0.00277955537064389
184.4595624,0.00278247091151404
184.8203678,0.00278538115591947
185.1811732,0.00278828611827967
185.5419786,0.00279118581296184
185.902784,0.00279408025428111
186.2635894,0.00279696945650082
186.6243948,0.00279985343383268
186.9852002,0.00280273220043707
187.3460056,0.00280560577042324
187.706811,0.00280847415784956
188.0676164,0.00281133737672371
188.4284218,0.00281419544100296
188.7892272,0.00281704836459436
189.1500326,0.00281989616135497
189.510838,0.0028227388450921
189.8716434,0.00282557642956354
190.2324488,0.00282840892847772
190.5932542,0.00283123635549403
190.9540596,0.00283405872422296
191.314865,0.00283687604822634
191.6756704,0.00283968834101757
192.0364758,0.00284249561606184
192.3972812,0.0028452978867763
192.7580866,0.00284809516653035
193.118892,0.00285088746864578
193.4796974,0.00285367480639702
193.8405028,0.00285645719301134
194.2013082,0.00285923464166906
194.5621136,0.00286200716550376
194.922919,0.00286477477760249
195.2837244,0.00286753749100596
195.6445298,0.00287029531870877
196.0053352,0.00287304827365958
196.3661406,0.00287579636876137
196.726946,0.00287853961687156
197.0877514,0.00288127803080229
197.4485568,0.00288401162332056
197.8093622,0.00288674040714847
198.1701676,0.0028894643949634
198.530973,0.00289218359939818
198.8917784,0.00289489803304135
199.2525838,0.0028976077084373
199.6133892,0.00290031263808646
199.9741946,0.00290301283444554
200.335,0.00290570830992768
